     6364.387369         0.016630         0.001000   0   0  -1
     6364.389199         0.021750         0.002000   0   0  -1
     6364.391029         0.017510         0.003000   0   0  -1
     6364.435281         0.019230         0.001000   0   0  -1
     6364.437109         0.021900         0.001000   0   0  -1
     6364.438939         0.020090         0.001000   0   0  -1
     6364.487099         0.019640         0.001000   0   0  -1
     6364.585729         0.017740         0.004000   0   0  -1
     6364.587559         0.016750         0.004000   0   0  -1
     6364.589390         0.019810         0.005000   0   0  -1
     6365.426185        -0.005430         0.001000   0   0  -1
     6365.428015        -0.004160         0.002000   0   0  -1
     6365.429846        -0.004640         0.002000   0   0  -1
     6365.472948        -0.004920         0.001000   0   0  -1
     6365.474778        -0.006130         0.001000   0   0  -1
     6365.476607        -0.002520         0.001000   0   0  -1
     6366.383839        -0.015500         0.004000   0   0  -1
     6366.385669        -0.015200         0.004000   0   0  -1
     6366.387499        -0.017740         0.003000   0   0  -1
     6366.431138        -0.020520         0.003000   0   0  -1
     6366.432967        -0.014880         0.009000   0   0  -1
     6367.590778        -0.034350         0.005000   0   0  -1
     6367.592607        -0.031820         0.002000   0   0  -1
     6371.395450         0.011840         0.002000   0   0  -1
     6371.397279         0.011320         0.002000   0   0  -1
     6371.399109         0.013190         0.002000   0   0  -1
     6371.442979         0.014120         0.002000   0   0  -1
     6371.444809         0.016760         0.002000   0   0  -1
     6371.446639         0.012950         0.002000   0   0  -1
     6371.492615         0.027500         0.002000   0   0  -1
     6371.494444         0.019960         0.002000   0   0  -1
     6371.537310         0.016430         0.002000   0   0  -1
     6371.539141         0.013220         0.002000   0   0  -1
     6371.540971         0.015030         0.002000   0   0  -1
     6371.583774         0.015460         0.002000   0   0  -1
     6371.585603         0.016790         0.002000   0   0  -1
     6371.587433         0.018440         0.002000   0   0  -1
     6372.385500         0.018010         0.004000   0   0  -1
     6372.387330         0.020810         0.004000   0   0  -1
     6372.389161         0.016890         0.004000   0   0  -1
     6372.431917         0.012970         0.004000   0   0  -1
     6372.433747         0.013540         0.004000   0   0  -1
     6372.435576         0.012280         0.004000   0   0  -1
     6372.478513         0.011160         0.003000   0   0  -1
     6372.480342         0.008720         0.003000   0   0  -1
     6372.482172         0.008550         0.003000   0   0  -1
     6372.525008         0.010120         0.003000   0   0  -1
     6372.526838         0.011600         0.003000   0   0  -1
     6372.528667         0.009810         0.003000   0   0  -1
     6372.574564         0.008780         0.003000   0   0  -1
     6372.576393         0.011910         0.003000   0   0  -1
     6372.578223         0.010160         0.003000   0   0  -1
     6379.386756         0.019390         0.003000   0   0  -1
     6379.388586         0.018240         0.003000   0   0  -1
     6379.390415         0.020730         0.003000   0   0  -1
     6379.433897         0.019870         0.004000   0   0  -1
     6379.435727         0.016790         0.003000   0   0  -1
     6379.437556         0.017560         0.003000   0   0  -1
     6379.480939         0.018730         0.004000   0   0  -1
     6379.482769         0.022350         0.004000   0   0  -1
     6379.484598         0.015810         0.004000   0   0  -1
     6379.566579         0.016800         0.005000   0   0  -1
     6379.568408         0.022430         0.005000   0   0  -1
     6379.570237         0.019160         0.006000   0   0  -1
     6380.396651         0.018770         0.002000   0   0  -1
     6380.398481         0.016200         0.002000   0   0  -1
     6380.400310         0.013720         0.002000   0   0  -1
     6380.443517         0.014050         0.003000   0   0  -1
     6380.445347         0.014830         0.003000   0   0  -1
     6380.447176         0.015310         0.002000   0   0  -1
     6380.490638         0.014080         0.003000   0   0  -1
     6380.492467         0.011870         0.003000   0   0  -1
     6380.494296         0.011400         0.003000   0   0  -1
     6380.562104         0.011940         0.004000   0   0  -1
     6380.563933         0.013390         0.004000   0   0  -1
     6380.565765         0.013790         0.004000   0   0  -1
     6381.442965        -0.010320         0.002000   0   0  -1
     6381.444795         0.000010         0.002000   0   0  -1
     6381.446624        -0.003840         0.002000   0   0  -1
     6381.489692        -0.010960         0.002000   0   0  -1
     6381.491522        -0.012690         0.002000   0   0  -1
     6381.493351        -0.010060         0.002000   0   0  -1
     6381.560983        -0.008390         0.003000   0   0  -1
     6381.562811        -0.010490         0.003000   0   0  -1
     6381.564641        -0.010760         0.003000   0   0  -1
     6382.392785        -0.022790         0.001000   0   0  -1
     6382.394615        -0.016530         0.001000   0   0  -1
     6382.396445        -0.018360         0.001000   0   0  -1
     6382.439880        -0.023070         0.001000   0   0  -1
     6382.441710        -0.022740         0.001000   0   0  -1
     6382.443539        -0.023460         0.001000   0   0  -1
     6388.394312         0.019480         0.001000   0   0  -1
     6388.396141         0.017320         0.001000   0   0  -1
     6388.397971         0.019750         0.001000   0   0  -1
     6388.441054         0.016490         0.001000   0   0  -1
     6388.442883         0.016700         0.001000   0   0  -1
     6388.444713         0.017720         0.001000   0   0  -1
     6388.487703         0.017260         0.001000   0   0  -1
     6388.489533         0.014990         0.001000   0   0  -1
     6388.491363         0.015580         0.001000   0   0  -1
     6389.395042        -0.003720         0.001000   0   0  -1
     6389.396871        -0.006370         0.001000   0   0  -1
     6389.398702        -0.004690         0.001000   0   0  -1
     6389.441819        -0.009540         0.001000   0   0  -1
     6389.443649        -0.008050         0.001000   0   0  -1
     6389.445479        -0.007790         0.001000   0   0  -1
     6389.488297        -0.008200         0.001000   0   0  -1
     6389.490125        -0.008500         0.001000   0   0  -1
     6389.491955        -0.011410         0.001000   0   0  -1
     6390.481858        -0.026220         0.001000   0   0  -1
     6390.483688        -0.025750         0.001000   0   0  -1
     6390.485519        -0.025520         0.001000   0   0  -1
     6392.386530        -0.029420         0.001000   0   0  -1
     6392.388360        -0.029030         0.001000   0   0  -1
     6392.390190        -0.028970         0.001000   0   0  -1
     6392.434318        -0.031270         0.001000   0   0  -1
     6392.436149        -0.030250         0.001000   0   0  -1
     6392.437978        -0.032900         0.001000   0   0  -1
     6392.480895        -0.032590         0.001000   0   0  -1
     6392.482725        -0.029270         0.001000   0   0  -1
     6392.484554        -0.034240         0.001000   0   0  -1
     6394.386406        -0.000800         0.004000   0   0  -1
     6394.388236         0.001220         0.003000   0   0  -1
     6394.390066        -0.001100         0.002000   0   0  -1
     6394.433059         0.004240         0.005000   0   0  -1
     6394.434889        -0.000010         0.003000   0   0  -1
     6394.436719        -0.008350         0.005000   0   0  -1
     6396.444061         0.020250         0.001000   0   0  -1
     6396.445890         0.019520         0.001000   0   0  -1
     6396.447719         0.023770         0.001000   0   0  -1
     6396.490383         0.021790         0.001000   0   0  -1
     6396.492213         0.019240         0.001000   0   0  -1
     6396.494042         0.020780         0.001000   0   0  -1
     6397.443700        -0.004880         0.001000   0   0  -1
     6397.445529        -0.004630         0.001000   0   0  -1
     6397.447359        -0.003440         0.001000   0   0  -1
     6397.487318        -0.007910         0.001000   0   0  -1
     6397.489150        -0.003400         0.001000   0   0  -1
     6397.490981        -0.003930         0.001000   0   0  -1
     6398.433417        -0.020490         0.001000   0   0  -1
     6398.435247        -0.021500         0.001000   0   0  -1
     6398.437077        -0.016480         0.001000   0   0  -1
     6398.477187        -0.020730         0.001000   0   0  -1
     6398.479017        -0.019450         0.001000   0   0  -1
     6398.480847        -0.022030         0.001000   0   0  -1
     6398.520849        -0.016820         0.001000   0   0  -1
     6398.522679        -0.010150         0.001000   0   0  -1
     6398.524508        -0.023090         0.001000   0   0  -1
     6399.432012        -0.031800         0.002000   0   0  -1
     6399.433840        -0.032320         0.002000   0   0  -1
     6399.435670        -0.032150         0.002000   0   0  -1
     6399.475659        -0.028020         0.002000   0   0  -1
     6399.477489        -0.030480         0.002000   0   0  -1
     6399.479319        -0.030180         0.002000   0   0  -1
     6399.518696        -0.030960         0.001000   0   0  -1
     6399.520526        -0.030620         0.002000   0   0  -1
     6399.522356        -0.028530         0.001000   0   0  -1
     6400.433162        -0.032610         0.002000   0   0  -1
     6400.434991        -0.029910         0.002000   0   0  -1
     6400.436821        -0.029160         0.002000   0   0  -1
     6400.477075        -0.029290         0.002000   0   0  -1
     6400.478905        -0.030020         0.002000   0   0  -1
     6400.480736        -0.027460         0.002000   0   0  -1
     6737.563598        -0.010795         0.001800   1   1  -1
     6737.564558        -0.011035         0.001700   1   1  -1
     6737.565531        -0.002795         0.001800   1   1  -1
     6738.416378        -0.027365         0.002500   1   1  -1
     6738.417350        -0.015795         0.002300   1   1  -1
     6738.418311        -0.015145         0.002000   1   1  -1
     6739.559273        -0.024135         0.001700   1   1  -1
     6739.560234        -0.026955         0.001600   1   1  -1
     6739.561206        -0.029355         0.001600   1   1  -1
     6740.555293         0.002795         0.001800   1   1  -1
     6740.556253         0.007705         0.001900   1   1  -1
     6740.557214         0.007685         0.002100   1   1  -1
     6741.548661         0.020405         0.001600   1   1  -1
     6741.549621         0.031585         0.001700   1   1  -1
     6741.550582         0.023515         0.001600   1   1  -1
     6742.549007         0.032915         0.001700   1   1  -1
     6742.549968         0.027155         0.001800   1   1  -1
     6742.550940         0.033495         0.001800   1   1  -1
     6743.542477         0.020265         0.001500   1   1  -1
     6743.543438         0.019875         0.001500   1   1  -1
     6743.544399         0.026065         0.001600   1   1  -1
     6744.543817         0.004895         0.002100   1   1  -1
     6744.544778         0.011145         0.002000   1   1  -1
     6744.545750         0.016025         0.002000   1   1  -1
     6751.533425         0.019745         0.002400   1   1  -1
     6751.534397         0.029635         0.002500   1   1  -1
     6751.535358         0.024665         0.002300   1   1  -1
     6753.520327        -0.005625         0.001600   1   1  -1
     6753.521288        -0.016915         0.001600   1   1  -1
     6753.522260         0.002505         0.001700   1   1  -1
     6759.517060         0.008235         0.006400   1   1  -1
     6759.518032         0.022525         0.003400   1   1  -1
     6759.519004         0.017795         0.003700   1   1  -1
     6763.503797        -0.023175         0.002300   1   1  -1
     6763.504757        -0.023415         0.002400   1   1  -1
     6763.505730        -0.028545         0.002400   1   1  -1
     6768.476601        -0.000215         0.002300   1   1  -1
     6768.477573         0.001515         0.002600   1   1  -1
     6768.478545        -0.000625         0.002500   1   1  -1
     6770.466093        -0.015805         0.001500   1   1  -1
     6770.467066        -0.026835         0.001500   1   1  -1
     6770.468026        -0.023605         0.001500   1   1  -1
     6772.496368         0.000675         0.001600   1   1  -1
     6772.497329        -0.005235         0.001600   1   1  -1
     6772.498301        -0.003815         0.001600   1   1  -1
     6774.478488         0.031465         0.001600   1   1  -1
     6774.479447         0.037895         0.001600   1   1  -1
     6774.480408         0.029495         0.001700   1   1  -1
     6776.471427         0.010925         0.001600   1   1  -1
     6776.472388         0.011225         0.001600   1   1  -1
     6776.473349         0.005655         0.001500   1   1  -1
     6778.446336        -0.018345         0.001900   1   1  -1
     6778.447309        -0.010615         0.001900   1   1  -1
     6778.448269        -0.013935         0.001900   1   1  -1
     6780.438976         0.001085         0.001500   1   1  -1
     6780.439937        -0.000685         0.001600   1   1  -1
     6780.440896        -0.002545         0.001500   1   1  -1
     6786.376254        -0.014905         0.001900   1   1  -1
     6786.377215        -0.017615         0.001900   1   1  -1
     6786.378187        -0.013535         0.001900   1   1  -1
     6789.425288        -0.010985         0.003000   1   1  -1
     6793.429108        -0.022175         0.002800   1   1  -1
     6793.430069        -0.045075         0.002500   1   1  -1
     6793.431029        -0.012295         0.002700   1   1  -1
     6795.381761        -0.016275         0.001400   1   1  -1
     6795.382744        -0.018735         0.001400   1   1  -1
     6795.383728        -0.013035         0.001400   1   1  -1
     6796.420622         0.011515         0.001500   1   1  -1
     6796.421606         0.007335         0.001500   1   1  -1
     6796.422578         0.020155         0.001500   1   1  -1
     6800.403301         0.000215         0.001900   1   1  -1
     6800.404285         0.006665         0.002000   1   1  -1
     6800.405257        -0.008095         0.001900   1   1  -1
     6737.567417        -0.006105         0.001200   2   2  -1
     6737.570241        -0.008585         0.001200   2   2  -1
     6737.573054        -0.007445         0.001300   2   2  -1
     6738.420209        -0.005675         0.001200   2   2  -1
     6738.423033        -0.010725         0.001200   2   2  -1
     6738.425846        -0.006335         0.001200   2   2  -1
     6739.563093        -0.024905         0.001100   2   2  -1
     6739.565917        -0.022235         0.001100   2   2  -1
     6739.568741        -0.024625         0.001200   2   2  -1
     6740.559101         0.000975         0.001200   2   2  -1
     6740.561913         0.000955         0.001100   2   2  -1
     6740.564726         0.001015         0.001200   2   2  -1
     6741.552480         0.026125         0.001100   2   2  -1
     6741.555293         0.025215         0.001100   2   2  -1
     6741.558105         0.027095         0.001100   2   2  -1
     6742.552827         0.030965         0.001200   2   2  -1
     6742.555639         0.030035         0.001200   2   2  -1
     6742.558452         0.028845         0.001200   2   2  -1
     6743.546297         0.023615         0.001100   2   2  -1
     6743.549109         0.022635         0.001100   2   2  -1
     6743.551922         0.021455         0.001100   2   2  -1
     6744.547636         0.000315         0.001100   2   2  -1
     6744.550449         0.001825         0.001100   2   2  -1
     6744.553260        -0.000405         0.001100   2   2  -1
     6751.537256         0.020355         0.001200   2   2  -1
     6751.540068         0.022325         0.001200   2   2  -1
     6751.542891         0.020525         0.001200   2   2  -1
     6753.524147        -0.006395         0.001100   2   2  -1
     6753.526959        -0.003085         0.001100   2   2  -1
     6753.529783        -0.012465         0.001200   2   2  -1
     6759.520891         0.021725         0.001900   2   2  -1
     6759.523715         0.020225         0.002000   2   2  -1
     6759.526527         0.014905         0.003100   2   2  -1
     6763.507616        -0.022325         0.001400   2   2  -1
     6763.510440        -0.028015         0.002000   2   2  -1
     6763.513252        -0.025055         0.001500   2   2  -1
     6765.506405         0.017395         0.003700   2   2  -1
     6765.509228        -0.016675         0.007600   2   2  -1
     6768.480432         0.003765         0.001200   2   2  -1
     6768.483255         0.001275         0.001200   2   2  -1
     6768.486068         0.004105         0.001100   2   2  -1
     6770.469924        -0.014925         0.001100   2   2  -1
     6770.472736        -0.014855         0.001100   2   2  -1
     6770.475560        -0.018105         0.001100   2   2  -1
     6772.500187        -0.005745         0.001100   2   2  -1
     6772.503011        -0.008015         0.001100   2   2  -1
     6772.505823        -0.008295         0.001100   2   2  -1
     6774.482295         0.030345         0.001100   2   2  -1
     6774.485107         0.029375         0.001200   2   2  -1
     6774.487931         0.030275         0.001200   2   2  -1
     6776.475235         0.010205         0.001100   2   2  -1
     6776.478058         0.006925         0.001100   2   2  -1
     6776.480871         0.008405         0.001100   2   2  -1
     6778.450156        -0.015975         0.001100   2   2  -1
     6778.452968        -0.018395         0.001100   2   2  -1
     6778.455780        -0.017775         0.001100   2   2  -1
     6780.442784        -0.000575         0.001100   2   2  -1
     6780.445607         0.000365         0.001100   2   2  -1
     6780.448420        -0.000315         0.001100   2   2  -1
     6786.380073        -0.013565         0.001300   2   2  -1
     6786.382885        -0.015835         0.001300   2   2  -1
     6786.385709        -0.014865         0.001300   2   2  -1
     6793.432916        -0.025215         0.001400   2   2  -1
     6793.435728        -0.017045         0.001500   2   2  -1
     6793.438551        -0.008965         0.001500   2   2  -1
     6795.385638        -0.013335         0.001100   2   2  -1
     6795.388461        -0.013855         0.001100   2   2  -1
     6795.391297        -0.012655         0.001100   2   2  -1
     6796.424488         0.026105         0.001100   2   2  -1
     6796.427323         0.014385         0.001100   2   2  -1
     6796.430159         0.013145         0.001100   2   2  -1
     6800.407167         0.004505         0.001100   2   2  -1
     6800.409991         0.003745         0.001100   2   2  -1
     6800.412826         0.002175         0.001100   2   2  -1
     7065.408489         0.029375         0.001300   2   3  -1
     7065.409584         0.021425         0.001300   2   3  -1
     7065.410681         0.024125         0.001300   2   3  -1
     7065.523795         0.032375         0.001200   2   3  -1
     7065.524892         0.027950         0.001200   2   3  -1
     7065.525988         0.029950         0.001200   2   3  -1
     7065.619473         0.023125         0.001300   2   3  -1
     7065.620570         0.025900         0.001400   2   3  -1
     7065.621666         0.012875         0.001400   2   3  -1
     7066.585010         0.012475         0.001100   2   3  -1
     7066.586801         0.014225         0.001100   2   3  -1
     7066.588595         0.015675         0.001100   2   3  -1
     7067.473404        -0.000175         0.001100   2   3  -1
     7067.475200        -0.001625         0.001100   2   3  -1
     7067.476995        -0.002775         0.001100   2   3  -1
     7067.567308         0.003375         0.001100   2   3  -1
     7067.569102         0.002075         0.001100   2   3  -1
     7067.570898         0.002925         0.001100   2   3  -1
     7067.661484        -0.000625         0.001200   2   3  -1
     7067.663277        -0.000975         0.001200   2   3  -1
     7067.665072        -0.004775         0.001200   2   3  -1
     7068.399948        -0.000425         0.001100   2   3  -1
     7068.401741        -0.002175         0.001100   2   3  -1
     7068.403533        -0.000275         0.001100   2   3  -1
     7068.526891        -0.001975         0.001100   2   3  -1
     7068.528689         0.000975         0.001100   2   3  -1
     7068.530483        -0.005325         0.001100   2   3  -1
     7068.621207        -0.005150         0.001100   2   3  -1
     7068.623000        -0.001925         0.001100   2   3  -1
     7068.624792        -0.003800         0.001100   2   3  -1
     7069.406597         0.006375         0.001200   2   3  -1
     7069.408392         0.006775         0.001300   2   3  -1
     7069.410188         0.003525         0.001400   2   3  -1
     7069.614879        -0.004075         0.001100   2   3  -1
     7069.616673        -0.005375         0.001100   2   3  -1
     7069.618470        -0.007275         0.001100   2   3  -1
     7070.397987        -0.003625         0.001100   2   3  -1
     7070.399782        -0.006725         0.001100   2   3  -1
     7070.401577        -0.008025         0.001100   2   3  -1
     7070.513202        -0.006625         0.001100   2   3  -1
     7070.514997        -0.004725         0.001100   2   3  -1
     7070.516790        -0.001625         0.001100   2   3  -1
     7070.628900         0.000175         0.001100   2   3  -1
     7070.630695        -0.000425         0.001100   2   3  -1
     7070.632490         0.000375         0.001100   2   3  -1
     7071.442271        -0.003675         0.001200   2   3  -1
     7071.444066         0.002425         0.001200   2   3  -1
     7071.445862         0.002025         0.001200   2   3  -1
     7076.416102        -0.007725         0.001100   2   3  -1
     7076.417896        -0.003950         0.001100   2   3  -1
     7076.419690        -0.004125         0.001100   2   3  -1
     7076.514861        -0.009525         0.001100   2   3  -1
     7076.516647        -0.002375         0.001100   2   3  -1
     7076.518431        -0.002725         0.001100   2   3  -1
     7076.610702        -0.008725         0.001100   2   3  -1
     7076.612488        -0.008400         0.001100   2   3  -1
     7076.614273        -0.012775         0.001100   2   3  -1
     7077.384229        -0.001325         0.001400   2   3  -1
     7077.386015        -0.003125         0.001300   2   3  -1
     7077.387799        -0.006425         0.001300   2   3  -1
     7077.574365        -0.012425         0.001300   2   3  -1
     7077.576151        -0.007450         0.001300   2   3  -1
     7077.577937        -0.008075         0.001300   2   3  -1
     7080.387514         0.007775         0.001300   2   3  -1
     7080.389308         0.008075         0.001300   2   3  -1
     7080.391099         0.012975         0.001300   2   3  -1
     7080.486353         0.011375         0.001200   2   3  -1
     7080.488148         0.009300         0.001200   2   3  -1
     7080.489942         0.012775         0.001200   2   3  -1
     7080.581583         0.009600         0.001300   2   3  -1
     7080.583374         0.006625         0.001300   2   3  -1
     7080.585166         0.006175         0.001300   2   3  -1
     7081.386858         0.025875         0.001300   2   3  -1
     7081.388653         0.024300         0.001300   2   3  -1
     7081.390446         0.024575         0.001300   2   3  -1
     7081.480749         0.020825         0.001300   2   3  -1
     7081.482541         0.018300         0.001300   2   3  -1
     7081.484332         0.016375         0.001300   2   3  -1
     7081.574666         0.010950         0.001400   2   3  -1
     7081.576458         0.014300         0.001300   2   3  -1
     7081.578249         0.022525         0.001300   2   3  -1
     7087.419874         0.003475         0.001500   2   3  -1
     7087.421667         0.001875         0.001500   2   3  -1
     7087.423460         0.004175         0.001500   2   3  -1
     7087.513778        -0.001100         0.001600   2   3  -1
     7087.515556        -0.000775         0.001600   2   3  -1
     7087.517331        -0.003225         0.001600   2   3  -1
     7087.607594         0.000425         0.001700   2   3  -1
     7087.609369        -0.003075         0.001700   2   3  -1
     7087.611148        -0.000525         0.001700   2   3  -1
