# time flux flux_err zeros -ones -ones
    2763.878907   1.000293   0.000564   0  -1  -1
    2763.879602   0.999399   0.000564   0  -1  -1
    2763.880297   0.999445   0.000564   0  -1  -1
    2763.880991   0.999738   0.000564   0  -1  -1
    2763.881686   1.000074   0.000564   0  -1  -1
    2763.882381   1.001006   0.000565   0  -1  -1
    2763.883076   0.999673   0.000564   0  -1  -1
    2763.883770   0.999229   0.000564   0  -1  -1
    2763.884465   0.999668   0.000564   0  -1  -1
    2763.885160   0.998649   0.000563   0  -1  -1
    2763.885855   0.999495   0.000564   0  -1  -1
    2763.886549   0.999869   0.000564   0  -1  -1
    2763.887244   1.000492   0.000564   0  -1  -1
    2763.887939   0.999860   0.000563   0  -1  -1
    2763.888634   0.999620   0.000564   0  -1  -1
    2763.889329   1.000365   0.000563   0  -1  -1
    2763.890023   1.000438   0.000563   0  -1  -1
    2763.890718   1.000690   0.000564   0  -1  -1
    2763.891413   1.000208   0.000564   0  -1  -1
    2763.892108   1.001724   0.000565   0  -1  -1
    2763.892802   1.000426   0.000564   0  -1  -1
    2763.893497   1.000065   0.000564   0  -1  -1
    2763.894192   1.000760   0.000564   0  -1  -1
    2763.894887   0.999018   0.000562   0  -1  -1
    2763.906698   0.999491   0.000564   0  -1  -1
    2763.907393   1.000257   0.000564   0  -1  -1
    2763.908087   1.000023   0.000564   0  -1  -1
    2763.908782   1.000020   0.000564   0  -1  -1
    2763.909477   1.000377   0.000564   0  -1  -1
    2763.910172   0.999774   0.000565   0  -1  -1
    2763.937962   0.998920   0.000564   0  -1  -1
    2763.938657   0.998681   0.000563   0  -1  -1
    2763.939352   1.000043   0.000564   0  -1  -1
    2763.940047   1.000380   0.000563   0  -1  -1
    2763.940741   0.999972   0.000563   0  -1  -1
    2763.941436   0.999770   0.000563   0  -1  -1
    2763.942131   1.000055   0.000563   0  -1  -1
    2763.942826   0.999318   0.000563   0  -1  -1
    2763.943520   1.000260   0.000564   0  -1  -1
    2763.944215   1.000360   0.000563   0  -1  -1
    2763.944910   1.000254   0.000565   0  -1  -1
    2763.945605   1.000005   0.000563   0  -1  -1
    2763.946299   1.000115   0.000563   0  -1  -1
    2763.946994   0.999974   0.000564   0  -1  -1
    2763.947689   0.999580   0.000564   0  -1  -1
    2763.948384   0.999825   0.000564   0  -1  -1
    2763.949079   0.999517   0.000564   0  -1  -1
    2763.949773   1.000315   0.000565   0  -1  -1
    2763.950468   0.999933   0.000564   0  -1  -1
    2763.951163   0.999986   0.000564   0  -1  -1
    2763.951858   1.000074   0.000564   0  -1  -1
    2763.952552   0.999497   0.000564   0  -1  -1
    2763.953247   1.003845   0.000574   0  -1  -1
    2763.953942   0.999108   0.000564   0  -1  -1
    2763.954637   1.000493   0.000568   0  -1  -1
    2763.955331   1.000698   0.000564   0  -1  -1
    2763.956026   1.000198   0.000564   0  -1  -1
    2763.956721   0.999022   0.000563   0  -1  -1
    2763.957416   1.000317   0.000563   0  -1  -1
    2763.958111   0.999137   0.000564   0  -1  -1
    2763.958805   0.999200   0.000563   0  -1  -1
    2763.959500   1.000931   0.000564   0  -1  -1
    2763.960195   0.999883   0.000564   0  -1  -1
    2763.960890   0.999964   0.000564   0  -1  -1
    2763.961584   0.999623   0.000564   0  -1  -1
    2763.962279   1.001806   0.000564   0  -1  -1
    2763.962974   1.000242   0.000565   0  -1  -1
    2763.963669   0.999872   0.000562   0  -1  -1
    2763.974090   0.999443   0.000564   0  -1  -1
    2763.974785   0.998674   0.000564   0  -1  -1
    2763.975480   0.998603   0.000563   0  -1  -1
    2763.976174   0.998949   0.000563   0  -1  -1
    2763.976869   0.999218   0.000563   0  -1  -1
    2763.977564   0.998778   0.000564   0  -1  -1
    2763.978259   0.997754   0.000563   0  -1  -1
    2763.978954   0.998498   0.000565   0  -1  -1
    2764.006744   0.997531   0.000563   0  -1  -1
    2764.007439   0.998280   0.000563   0  -1  -1
    2764.008134   0.997316   0.000563   0  -1  -1
    2764.008829   0.997290   0.000563   0  -1  -1
    2764.009523   0.996757   0.000562   0  -1  -1
    2764.010218   0.997671   0.000563   0  -1  -1
    2764.010913   0.996945   0.000562   0  -1  -1
    2764.011608   0.996962   0.000563   0  -1  -1
    2764.012302   0.997276   0.000562   0  -1  -1
    2764.012997   0.996892   0.000562   0  -1  -1
    2764.013692   0.997338   0.000563   0  -1  -1
    2764.014387   0.997635   0.000563   0  -1  -1
    2764.015081   0.997864   0.000564   0  -1  -1
    2764.015776   0.996707   0.000563   0  -1  -1
    2764.016471   0.997536   0.000563   0  -1  -1
    2764.017166   0.997230   0.000563   0  -1  -1
    2764.017861   0.996480   0.000563   0  -1  -1
    2764.018555   0.996933   0.000563   0  -1  -1
    2764.019250   0.997658   0.000564   0  -1  -1
    2764.019945   0.995999   0.000563   0  -1  -1
    2764.020640   0.996279   0.000563   0  -1  -1
    2764.021334   0.997461   0.000563   0  -1  -1
    2764.022029   0.997011   0.000563   0  -1  -1
    2764.022724   0.997218   0.000564   0  -1  -1
    2764.023419   0.997708   0.000563   0  -1  -1
    2764.024113   0.998695   0.000564   0  -1  -1
    2764.024808   0.997740   0.000563   0  -1  -1
    2764.025503   0.997723   0.000563   0  -1  -1
    2764.026198   0.998177   0.000563   0  -1  -1
    2764.026893   0.997269   0.000562   0  -1  -1
    2764.027587   0.997238   0.000564   0  -1  -1
    2764.028282   0.998974   0.000564   0  -1  -1
    2764.028977   0.997246   0.000563   0  -1  -1
    2764.029672   0.998689   0.000562   0  -1  -1
    2764.030366   0.998299   0.000562   0  -1  -1
    2764.031061   0.998292   0.000563   0  -1  -1
    2764.031756   0.996642   0.000563   0  -1  -1
    2764.032451   0.998413   0.000562   0  -1  -1
    2764.033145   0.997643   0.000563   0  -1  -1
    2764.033840   0.997471   0.000563   0  -1  -1
    2764.034535   0.998941   0.000564   0  -1  -1
    2764.035230   0.996450   0.000563   0  -1  -1
    2764.035925   0.997649   0.000562   0  -1  -1
    2764.036619   0.996921   0.000562   0  -1  -1
    2764.038704   0.997273   0.000562   0  -1  -1
    2764.041483   0.998296   0.000563   0  -1  -1
    2764.042177   0.997376   0.000562   0  -1  -1
    2764.042872   0.998625   0.000563   0  -1  -1
    2764.043567   0.998341   0.000563   0  -1  -1
    2764.044262   0.997712   0.000565   0  -1  -1
    2764.044957   0.998494   0.000563   0  -1  -1
    2764.045651   0.998007   0.000564   0  -1  -1
    2764.046346   0.998930   0.000563   0  -1  -1
    2764.047041   0.998616   0.000564   0  -1  -1
    2764.075526   0.999759   0.000565   0  -1  -1
    2764.076221   1.000794   0.000564   0  -1  -1
    2764.076916   1.000050   0.000564   0  -1  -1
    2764.077611   1.000244   0.000563   0  -1  -1
    2764.079000   0.999744   0.000563   0  -1  -1
    2764.079695   0.999442   0.000563   0  -1  -1
    2764.080390   0.999341   0.000563   0  -1  -1
    2764.081084   0.999695   0.000563   0  -1  -1
    2764.081779   0.999179   0.000563   0  -1  -1
    2764.082474   0.998904   0.000563   0  -1  -1
    2764.083169   1.000543   0.000563   0  -1  -1
    2764.083864   1.000005   0.000564   0  -1  -1
    2764.084558   1.000774   0.000564   0  -1  -1
    2764.085253   1.000132   0.000563   0  -1  -1
    2764.085948   0.999747   0.000564   0  -1  -1
    2764.086643   1.000252   0.000564   0  -1  -1
    2764.087337   0.998569   0.000563   0  -1  -1
    2764.088032   1.001119   0.000566   0  -1  -1
    2764.088727   0.999958   0.000565   0  -1  -1
    2764.089422   1.000323   0.000564   0  -1  -1
    2764.090116   1.000135   0.000564   0  -1  -1
    2764.090811   1.000459   0.000564   0  -1  -1
    2764.091506   1.000077   0.000564   0  -1  -1
    2764.092201   1.001040   0.000564   0  -1  -1
    2764.092895   0.999537   0.000564   0  -1  -1
    2764.093590   0.999712   0.000563   0  -1  -1
    2764.094285   0.999295   0.000563   0  -1  -1
    2764.094980   1.000665   0.000566   0  -1  -1
    2764.095675   1.000975   0.000564   0  -1  -1
    2764.096369   1.000386   0.000564   0  -1  -1
    2764.097064   1.000922   0.000565   0  -1  -1
    2764.097759   1.000112   0.000563   0  -1  -1
    2764.098454   0.999172   0.000563   0  -1  -1
    2764.099148   1.000331   0.000563   0  -1  -1
    2764.099843   1.001151   0.000564   0  -1  -1
    2764.100538   0.999520   0.000563   0  -1  -1
    2764.101233   0.999493   0.000562   0  -1  -1
    2764.101927   1.000076   0.000563   0  -1  -1
    2764.102622   1.000172   0.000564   0  -1  -1
    2764.103317   1.000313   0.000563   0  -1  -1
    2764.104012   0.999664   0.000563   0  -1  -1
    2764.104707   1.000998   0.000563   0  -1  -1
    2764.105401   1.000403   0.000563   0  -1  -1
    2764.106096   0.999150   0.000562   0  -1  -1
    2764.106791   0.999170   0.000563   0  -1  -1
    2764.107486   0.999864   0.000563   0  -1  -1
    2764.108180   0.999637   0.000563   0  -1  -1
    2764.108875   0.999704   0.000562   0  -1  -1
    2764.109570   0.999839   0.000563   0  -1  -1
    2764.110265   1.000975   0.000563   0  -1  -1
    2764.110959   1.000084   0.000562   0  -1  -1
    2764.111654   0.998509   0.000564   0  -1  -1
    2764.113044   0.999571   0.000565   0  -1  -1
    2764.113739   0.999966   0.000563   0  -1  -1
    2764.114433   1.000544   0.000564   0  -1  -1
    2764.115128   0.999078   0.000564   0  -1  -1
    2764.115823   0.999976   0.000565   0  -1  -1
    2764.144308   1.000792   0.000564   0  -1  -1
    2764.145003   1.000369   0.000564   0  -1  -1
    2764.145698   0.999954   0.000563   0  -1  -1
    2764.146393   0.999866   0.000564   0  -1  -1
    2764.147087   1.001123   0.000564   0  -1  -1
    2764.147782   1.000889   0.000563   0  -1  -1
    2764.148477   0.999583   0.000563   0  -1  -1
    2764.149172   1.000675   0.000563   0  -1  -1
    2764.149866   1.001204   0.000564   0  -1  -1
    2764.150561   0.999566   0.000563   0  -1  -1
    2764.151256   1.000041   0.000564   0  -1  -1
    2764.151951   0.999628   0.000563   0  -1  -1
    2764.152645   0.999601   0.000564   0  -1  -1
    2764.153340   1.000341   0.000564   0  -1  -1
    2764.154035   1.000115   0.000563   0  -1  -1
    2764.154730   1.000075   0.000564   0  -1  -1
    2764.155425   1.000237   0.000563   0  -1  -1
    2764.156119   0.999592   0.000564   0  -1  -1
    2764.156814   1.000076   0.000564   0  -1  -1
    2764.157509   1.001482   0.000566   0  -1  -1
    2764.158204   0.999809   0.000564   0  -1  -1
    2764.158898   0.999435   0.000563   0  -1  -1
    2764.159593   1.000399   0.000564   0  -1  -1
    2764.160288   1.001102   0.000564   0  -1  -1
    2764.160983   1.000281   0.000564   0  -1  -1
    2764.161677   0.999067   0.000565   0  -1  -1
    2764.162372   0.999184   0.000563   0  -1  -1
    2764.163067   1.000853   0.000564   0  -1  -1
    2764.163762   1.000435   0.000564   0  -1  -1
    2764.164457   0.999327   0.000564   0  -1  -1
    2764.165151   1.000170   0.000563   0  -1  -1
    2764.165846   0.999140   0.000563   0  -1  -1
    2764.166541   0.999735   0.000563   0  -1  -1
    2764.167236   1.002533   0.000565   0  -1  -1
    2764.167930   0.999454   0.000563   0  -1  -1
    2764.168625   1.000868   0.000564   0  -1  -1
    2764.169320   1.000175   0.000563   0  -1  -1
    2764.170015   0.999908   0.000563   0  -1  -1
    2764.170709   0.999577   0.000563   0  -1  -1
    2764.171404   1.000509   0.000564   0  -1  -1
    2764.172099   0.999081   0.000564   0  -1  -1
    2764.172794   1.000128   0.000564   0  -1  -1
    2764.173489   0.998491   0.000563   0  -1  -1
    2764.174183   0.999387   0.000563   0  -1  -1
    2764.174878   0.999320   0.000562   0  -1  -1
    2764.175573   1.000064   0.000563   0  -1  -1
    2764.176268   1.000225   0.000563   0  -1  -1
    2764.176962   0.999636   0.000563   0  -1  -1
    2764.177657   1.000351   0.000563   0  -1  -1
    2764.178352   0.999494   0.000563   0  -1  -1
    2764.179047   1.000213   0.000563   0  -1  -1
    2764.179741   0.998304   0.000562   0  -1  -1
    2764.180436   0.999295   0.000563   0  -1  -1
