# time flux flux_err zeros -ones -ones
    2723.014804   0.998535   0.000557   0  -1  -1
    2723.015499   1.000244   0.000557   0  -1  -1
    2723.016194   1.000599   0.000559   0  -1  -1
    2723.016888   1.000761   0.000558   0  -1  -1
    2723.017583   1.000092   0.000557   0  -1  -1
    2723.018278   0.999332   0.000556   0  -1  -1
    2723.018973   1.000366   0.000556   0  -1  -1
    2723.019668   1.000240   0.000556   0  -1  -1
    2723.020362   1.000085   0.000556   0  -1  -1
    2723.021057   0.999050   0.000556   0  -1  -1
    2723.021752   0.999418   0.000556   0  -1  -1
    2723.022447   0.999545   0.000556   0  -1  -1
    2723.023142   1.000307   0.000556   0  -1  -1
    2723.023837   1.000069   0.000556   0  -1  -1
    2723.024531   0.999296   0.000557   0  -1  -1
    2723.025226   1.000456   0.000556   0  -1  -1
    2723.025921   0.999904   0.000556   0  -1  -1
    2723.026616   0.999454   0.000556   0  -1  -1
    2723.027311   0.999810   0.000557   0  -1  -1
    2723.028005   0.999829   0.000556   0  -1  -1
    2723.028700   0.999606   0.000556   0  -1  -1
    2723.029395   1.000028   0.000556   0  -1  -1
    2723.030090   1.000412   0.000558   0  -1  -1
    2723.030785   0.999968   0.000556   0  -1  -1
    2723.031479   1.000397   0.000557   0  -1  -1
    2723.032174   0.999264   0.000557   0  -1  -1
    2723.032869   1.001828   0.000557   0  -1  -1
    2723.033564   1.000174   0.000556   0  -1  -1
    2723.034259   1.000697   0.000556   0  -1  -1
    2723.034953   1.001216   0.000557   0  -1  -1
    2723.035648   1.000507   0.000556   0  -1  -1
    2723.036343   0.999848   0.000556   0  -1  -1
    2723.037733   1.000667   0.000558   0  -1  -1
    2723.038427   0.999363   0.000556   0  -1  -1
    2723.041207   1.000782   0.000557   0  -1  -1
    2723.041902   1.000683   0.000558   0  -1  -1
    2723.042596   0.999995   0.000557   0  -1  -1
    2723.043291   0.999440   0.000556   0  -1  -1
    2723.043986   1.000241   0.000557   0  -1  -1
    2723.044681   0.999622   0.000557   0  -1  -1
    2723.045376   1.000075   0.000557   0  -1  -1
    2723.046070   1.000226   0.000557   0  -1  -1
    2723.046765   0.999494   0.000557   0  -1  -1
    2723.047460   0.999745   0.000556   0  -1  -1
    2723.048155   0.999821   0.000558   0  -1  -1
    2723.048850   1.000314   0.000557   0  -1  -1
    2723.049544   0.999941   0.000558   0  -1  -1
    2723.082200   0.999293   0.000557   0  -1  -1
    2723.082895   1.000474   0.000558   0  -1  -1
    2723.083590   1.000415   0.000558   0  -1  -1
    2723.084285   0.999574   0.000557   0  -1  -1
    2723.084980   1.000910   0.000557   0  -1  -1
    2723.085674   0.999513   0.000557   0  -1  -1
    2723.086369   0.999638   0.000557   0  -1  -1
    2723.087064   0.999223   0.000557   0  -1  -1
    2723.087759   0.999316   0.000556   0  -1  -1
    2723.088454   1.000802   0.000557   0  -1  -1
    2723.089149   1.000527   0.000557   0  -1  -1
    2723.089843   0.999469   0.000556   0  -1  -1
    2723.090538   0.999080   0.000556   0  -1  -1
    2723.091233   0.999612   0.000556   0  -1  -1
    2723.091928   0.999413   0.000556   0  -1  -1
    2723.092623   1.000245   0.000556   0  -1  -1
    2723.093317   1.000378   0.000557   0  -1  -1
    2723.094012   1.001469   0.000558   0  -1  -1
    2723.094707   1.000119   0.000556   0  -1  -1
    2723.095402   1.000995   0.000556   0  -1  -1
    2723.096097   1.000879   0.000557   0  -1  -1
    2723.096791   0.999273   0.000556   0  -1  -1
    2723.097486   1.000337   0.000556   0  -1  -1
    2723.098181   0.999874   0.000557   0  -1  -1
    2723.098876   1.000394   0.000556   0  -1  -1
    2723.099571   1.000054   0.000556   0  -1  -1
    2723.100265   1.000089   0.000556   0  -1  -1
    2723.100960   0.999840   0.000556   0  -1  -1
    2723.101655   1.000785   0.000556   0  -1  -1
    2723.102350   1.000192   0.000556   0  -1  -1
    2723.103045   0.999101   0.000556   0  -1  -1
    2723.103739   0.999786   0.000557   0  -1  -1
    2723.104434   0.999716   0.000556   0  -1  -1
    2723.105129   0.999675   0.000557   0  -1  -1
    2723.105824   0.999669   0.000556   0  -1  -1
    2723.106519   0.998919   0.000557   0  -1  -1
    2723.107214   1.000510   0.000557   0  -1  -1
    2723.107908   0.999382   0.000557   0  -1  -1
    2723.108603   1.000442   0.000557   0  -1  -1
    2723.109298   0.999621   0.000556   0  -1  -1
    2723.109993   0.999281   0.000556   0  -1  -1
    2723.110688   1.000187   0.000557   0  -1  -1
    2723.111382   0.999610   0.000556   0  -1  -1
    2723.112077   0.999969   0.000557   0  -1  -1
    2723.112772   1.000234   0.000558   0  -1  -1
    2723.113467   1.000467   0.000557   0  -1  -1
    2723.114162   0.998655   0.000556   0  -1  -1
    2723.114856   1.000565   0.000557   0  -1  -1
    2723.115551   0.999778   0.000557   0  -1  -1
    2723.116246   0.999636   0.000557   0  -1  -1
    2723.116941   0.999493   0.000558   0  -1  -1
    2723.117636   0.999937   0.000557   0  -1  -1
    2723.118330   1.001667   0.000558   0  -1  -1
    2723.150986   1.001380   0.000558   0  -1  -1
    2723.151681   1.000169   0.000558   0  -1  -1
    2723.152376   1.000828   0.000558   0  -1  -1
    2723.153071   1.001025   0.000557   0  -1  -1
    2723.153766   1.000439   0.000558   0  -1  -1
    2723.154460   1.001408   0.000558   0  -1  -1
    2723.155155   0.999491   0.000557   0  -1  -1
    2723.155850   0.999721   0.000557   0  -1  -1
    2723.156545   1.000448   0.000557   0  -1  -1
    2723.157240   0.999363   0.000557   0  -1  -1
    2723.157935   1.000021   0.000557   0  -1  -1
    2723.158629   0.999428   0.000559   0  -1  -1
    2723.159324   0.999551   0.000556   0  -1  -1
    2723.160019   0.999626   0.000557   0  -1  -1
    2723.160714   1.000755   0.000556   0  -1  -1
    2723.161409   0.999737   0.000556   0  -1  -1
    2723.162103   0.999266   0.000557   0  -1  -1
    2723.162798   1.000661   0.000557   0  -1  -1
    2723.163493   1.000024   0.000556   0  -1  -1
    2723.164188   1.000344   0.000556   0  -1  -1
    2723.164883   0.999108   0.000557   0  -1  -1
    2723.165577   0.999994   0.000556   0  -1  -1
    2723.166272   0.999010   0.000555   0  -1  -1
    2723.166967   1.000221   0.000556   0  -1  -1
    2723.167662   1.000962   0.000556   0  -1  -1
    2723.168357   0.999587   0.000557   0  -1  -1
    2723.169051   1.000082   0.000556   0  -1  -1
    2723.169746   1.001291   0.000557   0  -1  -1
    2723.170441   1.000036   0.000556   0  -1  -1
    2723.171136   0.999771   0.000556   0  -1  -1
    2723.171831   1.001035   0.000556   0  -1  -1
    2723.172525   1.000004   0.000556   0  -1  -1
    2723.173220   1.000219   0.000556   0  -1  -1
    2723.173915   0.999890   0.000556   0  -1  -1
    2723.174610   0.998980   0.000555   0  -1  -1
    2723.175305   0.999999   0.000557   0  -1  -1
    2723.176000   0.998933   0.000556   0  -1  -1
    2723.176694   0.997919   0.000556   0  -1  -1
    2723.177389   0.999060   0.000557   0  -1  -1
    2723.178084   0.998324   0.000556   0  -1  -1
    2723.178779   0.998245   0.000556   0  -1  -1
    2723.179474   0.998776   0.000556   0  -1  -1
    2723.180168   0.997978   0.000556   0  -1  -1
    2723.180863   0.998797   0.000556   0  -1  -1
    2723.181558   0.997475   0.000556   0  -1  -1
    2723.182253   0.997027   0.000556   0  -1  -1
    2723.182948   0.998248   0.000557   0  -1  -1
    2723.183642   0.999165   0.000557   0  -1  -1
    2723.184337   0.997775   0.000556   0  -1  -1
    2723.185032   0.998069   0.000557   0  -1  -1
    2723.185727   0.998354   0.000557   0  -1  -1
    2723.186422   0.998117   0.000557   0  -1  -1
    2723.187116   0.997707   0.000557   0  -1  -1
    2723.221857   0.997788   0.000557   0  -1  -1
    2723.222552   0.998064   0.000557   0  -1  -1
    2723.223246   0.998041   0.000557   0  -1  -1
    2723.223941   0.996873   0.000556   0  -1  -1
    2723.224636   0.997356   0.000556   0  -1  -1
    2723.225331   0.997936   0.000556   0  -1  -1
    2723.226026   0.997164   0.000556   0  -1  -1
    2723.226721   0.997522   0.000556   0  -1  -1
    2723.227415   0.998374   0.000556   0  -1  -1
    2723.228110   0.997453   0.000556   0  -1  -1
    2723.228805   0.997884   0.000556   0  -1  -1
    2723.229500   0.996533   0.000555   0  -1  -1
    2723.230195   0.997157   0.000555   0  -1  -1
    2723.230889   0.997996   0.000556   0  -1  -1
    2723.231584   0.998338   0.000556   0  -1  -1
    2723.232279   0.997499   0.000556   0  -1  -1
    2723.232974   0.997716   0.000556   0  -1  -1
    2723.233669   0.997732   0.000556   0  -1  -1
    2723.234363   0.997466   0.000556   0  -1  -1
    2723.235058   0.998513   0.000556   0  -1  -1
    2723.235753   0.998553   0.000556   0  -1  -1
    2723.237143   0.997555   0.000556   0  -1  -1
    2723.237837   0.997809   0.000556   0  -1  -1
    2723.238532   0.997491   0.000556   0  -1  -1
    2723.239227   0.997819   0.000556   0  -1  -1
    2723.239922   0.999010   0.000556   0  -1  -1
    2723.240617   0.997666   0.000555   0  -1  -1
    2723.241312   0.996744   0.000555   0  -1  -1
    2723.242006   0.997721   0.000556   0  -1  -1
    2723.242701   0.997277   0.000556   0  -1  -1
    2723.243396   0.998026   0.000556   0  -1  -1
    2723.244091   0.998429   0.000556   0  -1  -1
    2723.244786   0.997677   0.000556   0  -1  -1
    2723.245480   0.999330   0.000557   0  -1  -1
    2723.246175   0.998419   0.000557   0  -1  -1
    2723.246870   0.998343   0.000557   0  -1  -1
    2723.247565   1.000379   0.000558   0  -1  -1
    2723.248260   0.998124   0.000556   0  -1  -1
    2723.248954   0.999801   0.000556   0  -1  -1
    2723.249649   1.000728   0.000556   0  -1  -1
    2723.250344   0.999070   0.000557   0  -1  -1
    2723.251039   0.998742   0.000556   0  -1  -1
    2723.251734   0.999627   0.000557   0  -1  -1
    2723.252428   1.000607   0.000558   0  -1  -1
    2723.253123   1.000846   0.000557   0  -1  -1
    2723.253818   0.999358   0.000557   0  -1  -1
    2723.254513   1.000595   0.000558   0  -1  -1
    2723.255208   1.000371   0.000557   0  -1  -1
    2723.255902   1.000962   0.000558   0  -1  -1
    2723.291338   1.000537   0.000558   0  -1  -1
    2723.292033   1.000628   0.000558   0  -1  -1
    2723.292728   1.001172   0.000559   0  -1  -1
    2723.293423   1.000247   0.000557   0  -1  -1
    2723.294118   1.000216   0.000557   0  -1  -1
    2723.294812   0.999870   0.000557   0  -1  -1
    2723.295507   0.999346   0.000557   0  -1  -1
    2723.296202   0.999996   0.000557   0  -1  -1
    2723.296897   0.999940   0.000558   0  -1  -1
    2723.297592   0.999607   0.000556   0  -1  -1
    2723.298286   1.000132   0.000556   0  -1  -1
    2723.298981   1.000085   0.000556   0  -1  -1
    2723.299676   0.998677   0.000556   0  -1  -1
    2723.300371   1.000405   0.000557   0  -1  -1
    2723.301066   0.999374   0.000556   0  -1  -1
    2723.301761   0.998920   0.000556   0  -1  -1
    2723.302455   1.000324   0.000556   0  -1  -1
    2723.303150   0.999646   0.000556   0  -1  -1
    2723.303845   0.999361   0.000556   0  -1  -1
    2723.304540   1.000692   0.000556   0  -1  -1
    2723.305235   0.999688   0.000556   0  -1  -1
    2723.305929   1.000061   0.000557   0  -1  -1
    2723.306624   1.000182   0.000556   0  -1  -1
    2723.307319   0.999384   0.000556   0  -1  -1
    2723.308014   0.999013   0.000556   0  -1  -1
    2723.308709   0.999940   0.000556   0  -1  -1
    2723.309403   0.999609   0.000556   0  -1  -1
    2723.310098   1.000017   0.000557   0  -1  -1
    2723.310793   1.000582   0.000556   0  -1  -1
    2723.311488   1.000148   0.000556   0  -1  -1
    2723.312183   0.999986   0.000557   0  -1  -1
    2723.312877   1.000725   0.000557   0  -1  -1
    2723.313572   1.000187   0.000556   0  -1  -1
    2723.314267   0.999230   0.000557   0  -1  -1
    2723.314962   1.000009   0.000557   0  -1  -1
    2723.315657   0.999984   0.000557   0  -1  -1
    2723.316351   1.000545   0.000558   0  -1  -1
    2723.317046   0.999722   0.000557   0  -1  -1
    2723.317741   1.000623   0.000557   0  -1  -1
    2723.318436   0.999808   0.000557   0  -1  -1
    2723.319131   0.999549   0.000558   0  -1  -1
    2723.319826   0.999846   0.000557   0  -1  -1
    2723.320520   1.000167   0.000557   0  -1  -1
    2723.321215   0.999765   0.000557   0  -1  -1
    2723.321910   0.999287   0.000557   0  -1  -1
    2723.322605   0.999919   0.000557   0  -1  -1
    2723.323300   1.000617   0.000558   0  -1  -1
    2723.323994   0.999876   0.000558   0  -1  -1
    2723.361514   1.000258   0.000558   0  -1  -1
    2723.362209   1.001362   0.000558   0  -1  -1
    2723.362904   0.999909   0.000557   0  -1  -1
    2723.363598   1.000170   0.000556   0  -1  -1
    2723.364293   0.999931   0.000557   0  -1  -1
    2723.364988   1.000083   0.000557   0  -1  -1
    2723.365683   1.001177   0.000559   0  -1  -1
    2723.366378   0.999090   0.000557   0  -1  -1
    2723.367073   1.000452   0.000557   0  -1  -1
    2723.367767   0.999695   0.000557   0  -1  -1
    2723.368462   1.000554   0.000557   0  -1  -1
    2723.369157   0.998908   0.000557   0  -1  -1
    2723.369852   0.999097   0.000556   0  -1  -1
    2723.370547   1.000329   0.000557   0  -1  -1
    2723.371241   1.000276   0.000557   0  -1  -1
    2723.371936   0.999857   0.000558   0  -1  -1
    2723.372631   0.999719   0.000557   0  -1  -1
    2723.373326   0.999853   0.000557   0  -1  -1
    2723.374021   0.999451   0.000556   0  -1  -1
    2723.374715   1.000046   0.000557   0  -1  -1
    2723.375410   0.999848   0.000556   0  -1  -1
    2723.376105   1.000411   0.000556   0  -1  -1
    2723.376800   1.001334   0.000557   0  -1  -1
    2723.377495   1.000363   0.000557   0  -1  -1
    2723.378189   1.000109   0.000557   0  -1  -1
