# time flux flux_err zeros -ones -ones
    2388.539684   0.999814   0.000560   0  -1  -1
    2388.540379   1.000257   0.000559   0  -1  -1
    2388.541073   0.999610   0.000559   0  -1  -1
    2388.541768   0.999639   0.000559   0  -1  -1
    2388.542463   1.000267   0.000558   0  -1  -1
    2388.543158   0.999526   0.000558   0  -1  -1
    2388.543852   1.000271   0.000558   0  -1  -1
    2388.544547   1.000178   0.000558   0  -1  -1
    2388.545242   1.000183   0.000558   0  -1  -1
    2388.545937   1.000160   0.000559   0  -1  -1
    2388.546632   0.999454   0.000559   0  -1  -1
    2388.547326   0.999974   0.000559   0  -1  -1
    2388.548021   0.999914   0.000559   0  -1  -1
    2388.548716   0.998849   0.000558   0  -1  -1
    2388.549411   1.000735   0.000559   0  -1  -1
    2388.550106   1.000824   0.000560   0  -1  -1
    2388.550800   0.999644   0.000559   0  -1  -1
    2388.551495   0.999445   0.000559   0  -1  -1
    2388.552190   0.999071   0.000558   0  -1  -1
    2388.552885   1.001315   0.000564   0  -1  -1
    2388.553579   1.000752   0.000559   0  -1  -1
    2388.554274   1.000362   0.000559   0  -1  -1
    2388.554969   0.999088   0.000558   0  -1  -1
    2388.555664   0.998732   0.000558   0  -1  -1
    2388.556359   1.000749   0.000558   0  -1  -1
    2388.557053   0.999946   0.000559   0  -1  -1
    2388.557748   0.999353   0.000558   0  -1  -1
    2388.558443   1.000256   0.000558   0  -1  -1
    2388.559138   0.999807   0.000558   0  -1  -1
    2388.559832   0.999755   0.000559   0  -1  -1
    2388.560527   0.999952   0.000559   0  -1  -1
    2388.561222   1.000342   0.000558   0  -1  -1
    2388.561917   1.000772   0.000558   0  -1  -1
    2388.562612   1.000045   0.000558   0  -1  -1
    2388.563306   0.999089   0.000558   0  -1  -1
    2388.564001   1.000292   0.000558   0  -1  -1
    2388.564696   0.998146   0.000558   0  -1  -1
    2388.565391   0.999885   0.000558   0  -1  -1
    2388.566085   0.999890   0.000557   0  -1  -1
    2388.566780   1.000265   0.000558   0  -1  -1
    2388.567475   0.999289   0.000558   0  -1  -1
    2388.568170   0.999611   0.000558   0  -1  -1
    2388.568865   1.000828   0.000558   0  -1  -1
    2388.569559   1.000070   0.000558   0  -1  -1
    2388.570254   0.999607   0.000558   0  -1  -1
    2388.570949   1.000735   0.000558   0  -1  -1
    2388.571644   1.000035   0.000558   0  -1  -1
    2388.572338   0.999642   0.000558   0  -1  -1
    2388.573033   1.000515   0.000559   0  -1  -1
    2388.573728   1.000853   0.000560   0  -1  -1
    2388.574423   0.999782   0.000558   0  -1  -1
    2388.575118   1.000457   0.000558   0  -1  -1
    2388.575812   0.998918   0.000558   0  -1  -1
    2388.576507   1.000205   0.000559   0  -1  -1
    2388.577202   0.999862   0.000558   0  -1  -1
    2388.577897   1.000554   0.000558   0  -1  -1
    2388.578591   1.000303   0.000560   0  -1  -1
    2388.579286   0.999863   0.000559   0  -1  -1
    2388.579981   1.000043   0.000560   0  -1  -1
    2388.608467   1.000420   0.000560   0  -1  -1
    2388.609162   1.000647   0.000559   0  -1  -1
    2388.609857   1.000360   0.000559   0  -1  -1
    2388.610551   0.999500   0.000559   0  -1  -1
    2388.611246   0.999843   0.000559   0  -1  -1
    2388.611941   1.000538   0.000559   0  -1  -1
    2388.612636   1.000338   0.000559   0  -1  -1
    2388.613330   1.000056   0.000558   0  -1  -1
    2388.614025   1.000584   0.000558   0  -1  -1
    2388.614720   0.999774   0.000559   0  -1  -1
    2388.615415   1.000616   0.000559   0  -1  -1
    2388.616110   0.999468   0.000559   0  -1  -1
    2388.616804   1.000007   0.000559   0  -1  -1
    2388.617499   1.000149   0.000559   0  -1  -1
    2388.618194   0.999792   0.000559   0  -1  -1
    2388.618889   0.999868   0.000558   0  -1  -1
    2388.619583   1.000408   0.000558   0  -1  -1
    2388.620278   0.999345   0.000558   0  -1  -1
    2388.620973   0.999772   0.000559   0  -1  -1
    2388.621668   0.999898   0.000558   0  -1  -1
    2388.622363   1.000120   0.000559   0  -1  -1
    2388.623057   0.999885   0.000558   0  -1  -1
    2388.623752   0.999920   0.000558   0  -1  -1
    2388.624447   0.999789   0.000558   0  -1  -1
    2388.625142   1.000015   0.000558   0  -1  -1
    2388.625836   0.998968   0.000558   0  -1  -1
    2388.626531   1.000760   0.000560   0  -1  -1
    2388.627226   0.999878   0.000557   0  -1  -1
    2388.627921   0.999872   0.000557   0  -1  -1
    2388.628616   1.000923   0.000559   0  -1  -1
    2388.629310   0.999688   0.000559   0  -1  -1
    2388.630005   1.000005   0.000558   0  -1  -1
    2388.630700   0.999860   0.000558   0  -1  -1
    2388.631395   0.999515   0.000558   0  -1  -1
    2388.632089   1.000063   0.000558   0  -1  -1
    2388.632784   0.999358   0.000557   0  -1  -1
    2388.633479   1.000417   0.000559   0  -1  -1
    2388.634174   1.000295   0.000558   0  -1  -1
    2388.634869   1.000471   0.000559   0  -1  -1
    2388.635563   1.000023   0.000558   0  -1  -1
    2388.636258   0.999420   0.000558   0  -1  -1
    2388.636953   0.999876   0.000557   0  -1  -1
    2388.637648   0.999525   0.000557   0  -1  -1
    2388.638342   1.000530   0.000558   0  -1  -1
    2388.639037   1.000072   0.000558   0  -1  -1
    2388.639732   1.000184   0.000559   0  -1  -1
    2388.640427   1.000371   0.000558   0  -1  -1
    2388.641122   1.000795   0.000558   0  -1  -1
    2388.641816   1.000291   0.000559   0  -1  -1
    2388.642511   0.999605   0.000559   0  -1  -1
    2388.643206   1.000013   0.000558   0  -1  -1
    2388.643901   1.000021   0.000558   0  -1  -1
    2388.644595   0.999442   0.000558   0  -1  -1
    2388.645290   1.000219   0.000558   0  -1  -1
    2388.645985   1.000384   0.000559   0  -1  -1
    2388.646680   1.000685   0.000559   0  -1  -1
    2388.647375   0.999680   0.000559   0  -1  -1
    2388.648069   1.000310   0.000559   0  -1  -1
    2388.648764   1.000590   0.000561   0  -1  -1
    2388.677250   1.000263   0.000559   0  -1  -1
    2388.677945   1.000697   0.000559   0  -1  -1
    2388.678640   0.999616   0.000558   0  -1  -1
    2388.679334   0.999812   0.000558   0  -1  -1
    2388.680029   1.000508   0.000558   0  -1  -1
    2388.680724   1.000372   0.000558   0  -1  -1
    2388.681419   1.000130   0.000558   0  -1  -1
    2388.682113   1.000946   0.000559   0  -1  -1
    2388.682808   0.999474   0.000559   0  -1  -1
    2388.683503   1.000841   0.000560   0  -1  -1
    2388.684198   1.000062   0.000558   0  -1  -1
    2388.684893   0.999794   0.000559   0  -1  -1
    2388.685587   0.999274   0.000558   0  -1  -1
    2388.686282   0.999517   0.000559   0  -1  -1
    2388.686977   1.000069   0.000559   0  -1  -1
    2388.687672   1.000701   0.000559   0  -1  -1
    2388.688367   1.000810   0.000562   0  -1  -1
    2388.689061   1.000159   0.000558   0  -1  -1
    2388.689756   1.000175   0.000559   0  -1  -1
    2388.690451   1.000394   0.000559   0  -1  -1
    2388.691146   0.999722   0.000558   0  -1  -1
    2388.691840   1.000694   0.000558   0  -1  -1
    2388.692535   1.001340   0.000559   0  -1  -1
    2388.693230   1.000860   0.000558   0  -1  -1
    2388.693925   0.999752   0.000558   0  -1  -1
    2388.694620   1.000580   0.000559   0  -1  -1
    2388.695314   1.000134   0.000558   0  -1  -1
    2388.696009   0.999784   0.000557   0  -1  -1
    2388.696704   0.998608   0.000559   0  -1  -1
    2388.697399   0.998666   0.000557   0  -1  -1
    2388.698093   0.997827   0.000557   0  -1  -1
    2388.698788   0.999488   0.000558   0  -1  -1
    2388.699483   0.998827   0.000559   0  -1  -1
    2388.700178   0.997879   0.000558   0  -1  -1
    2388.700873   0.997362   0.000557   0  -1  -1
    2388.701567   0.998543   0.000558   0  -1  -1
    2388.702262   0.998170   0.000557   0  -1  -1
    2388.702957   0.997867   0.000558   0  -1  -1
    2388.703652   0.997866   0.000557   0  -1  -1
    2388.704346   0.996977   0.000557   0  -1  -1
    2388.705041   0.998797   0.000558   0  -1  -1
    2388.708515   0.997471   0.000557   0  -1  -1
    2388.709210   0.997873   0.000557   0  -1  -1
    2388.709905   0.997448   0.000558   0  -1  -1
    2388.710599   0.996969   0.000558   0  -1  -1
    2388.711294   0.997300   0.000558   0  -1  -1
    2388.711989   0.998234   0.000557   0  -1  -1
    2388.712684   0.996931   0.000557   0  -1  -1
    2388.713379   0.997459   0.000558   0  -1  -1
    2388.714073   0.997347   0.000557   0  -1  -1
    2388.714768   0.998684   0.000558   0  -1  -1
    2388.715463   0.997518   0.000558   0  -1  -1
    2388.716158   0.996487   0.000559   0  -1  -1
    2388.716852   0.997949   0.000559   0  -1  -1
    2388.717547   0.997338   0.000560   0  -1  -1
    2388.746033   0.997911   0.000558   0  -1  -1
    2388.746728   0.998310   0.000559   0  -1  -1
    2388.747423   0.997088   0.000557   0  -1  -1
    2388.748117   0.998045   0.000557   0  -1  -1
    2388.748812   0.998024   0.000557   0  -1  -1
    2388.749507   0.997981   0.000558   0  -1  -1
    2388.750202   0.997670   0.000557   0  -1  -1
    2388.750897   0.996472   0.000559   0  -1  -1
    2388.751591   0.996650   0.000558   0  -1  -1
    2388.752286   0.997602   0.000558   0  -1  -1
    2388.752981   0.997349   0.000558   0  -1  -1
    2388.753676   0.997294   0.000558   0  -1  -1
    2388.754370   0.998208   0.000558   0  -1  -1
    2388.755065   0.998634   0.000558   0  -1  -1
    2388.755760   0.998297   0.000558   0  -1  -1
    2388.756455   0.996786   0.000558   0  -1  -1
    2388.757150   0.997566   0.000557   0  -1  -1
    2388.757844   0.997482   0.000558   0  -1  -1
    2388.758539   0.998482   0.000559   0  -1  -1
    2388.759234   0.997095   0.000558   0  -1  -1
    2388.759929   0.997923   0.000558   0  -1  -1
    2388.760624   0.998034   0.000558   0  -1  -1
    2388.761318   0.997526   0.000557   0  -1  -1
    2388.762013   0.998194   0.000558   0  -1  -1
    2388.762708   0.997186   0.000558   0  -1  -1
    2388.763403   0.996891   0.000557   0  -1  -1
    2388.764792   0.998172   0.000558   0  -1  -1
    2388.765487   0.997514   0.000557   0  -1  -1
    2388.766182   0.998272   0.000557   0  -1  -1
    2388.766877   0.999087   0.000560   0  -1  -1
    2388.767571   0.997991   0.000558   0  -1  -1
    2388.768266   0.998804   0.000559   0  -1  -1
    2388.768961   0.998716   0.000558   0  -1  -1
    2388.769656   0.998295   0.000558   0  -1  -1
    2388.770350   0.998719   0.000558   0  -1  -1
    2388.771045   0.999826   0.000558   0  -1  -1
    2388.771740   0.999086   0.000558   0  -1  -1
    2388.777993   1.000958   0.000559   0  -1  -1
    2388.778688   1.000561   0.000558   0  -1  -1
    2388.779383   0.999750   0.000559   0  -1  -1
    2388.780077   0.999872   0.000559   0  -1  -1
    2388.780772   0.999261   0.000558   0  -1  -1
    2388.781467   0.999045   0.000558   0  -1  -1
    2388.782162   0.998800   0.000558   0  -1  -1
    2388.782856   0.999528   0.000559   0  -1  -1
    2388.783551   0.999035   0.000558   0  -1  -1
    2388.784246   1.000235   0.000558   0  -1  -1
    2388.784941   0.999697   0.000558   0  -1  -1
    2388.785636   1.000032   0.000559   0  -1  -1
    2388.814121   1.000607   0.000559   0  -1  -1
    2388.814816   1.000069   0.000558   0  -1  -1
    2388.815511   0.999522   0.000559   0  -1  -1
    2388.816206   1.000485   0.000558   0  -1  -1
    2388.816901   1.001041   0.000559   0  -1  -1
    2388.817595   0.999422   0.000558   0  -1  -1
    2388.818290   1.000454   0.000559   0  -1  -1
    2388.818985   0.999145   0.000558   0  -1  -1
    2388.819680   0.999490   0.000558   0  -1  -1
    2388.820374   0.999087   0.000558   0  -1  -1
    2388.821069   0.999661   0.000559   0  -1  -1
    2388.821764   0.998723   0.000558   0  -1  -1
    2388.822459   1.000178   0.000559   0  -1  -1
    2388.823154   1.000940   0.000559   0  -1  -1
    2388.823848   0.999874   0.000559   0  -1  -1
    2388.824543   0.999605   0.000559   0  -1  -1
    2388.825238   1.000572   0.000558   0  -1  -1
    2388.825933   0.999852   0.000559   0  -1  -1
    2388.826627   1.000847   0.000559   0  -1  -1
    2388.827322   0.998912   0.000558   0  -1  -1
    2388.828017   0.999350   0.000558   0  -1  -1
    2388.828712   0.999593   0.000558   0  -1  -1
    2388.829407   1.000829   0.000559   0  -1  -1
    2388.830101   1.000292   0.000558   0  -1  -1
    2388.830796   0.999796   0.000558   0  -1  -1
    2388.831491   1.000131   0.000558   0  -1  -1
    2388.832186   1.000252   0.000558   0  -1  -1
    2388.832880   0.998960   0.000559   0  -1  -1
    2388.833575   0.999219   0.000558   0  -1  -1
    2388.834270   0.999672   0.000558   0  -1  -1
    2388.834965   1.001052   0.000561   0  -1  -1
    2388.835660   1.000634   0.000559   0  -1  -1
    2388.836354   1.000880   0.000558   0  -1  -1
    2388.837049   0.999486   0.000558   0  -1  -1
    2388.837744   0.999559   0.000557   0  -1  -1
    2388.838439   1.000663   0.000557   0  -1  -1
    2388.839134   1.000933   0.000558   0  -1  -1
    2388.850250   1.001723   0.000561   0  -1  -1
    2388.850945   0.999073   0.000558   0  -1  -1
    2388.851640   1.000196   0.000559   0  -1  -1
    2388.852334   1.000499   0.000559   0  -1  -1
    2388.853029   1.000295   0.000558   0  -1  -1
    2388.853724   0.999555   0.000559   0  -1  -1
    2388.854419   0.999384   0.000559   0  -1  -1
    2388.882905   0.999773   0.000560   0  -1  -1
    2388.883599   0.999124   0.000558   0  -1  -1
    2388.884294   0.999427   0.000558   0  -1  -1
    2388.884989   0.999197   0.000558   0  -1  -1
    2388.885684   1.000648   0.000558   0  -1  -1
    2388.886378   0.998925   0.000558   0  -1  -1
    2388.887073   1.000610   0.000558   0  -1  -1
    2388.887768   0.999303   0.000558   0  -1  -1
    2388.888463   1.000629   0.000558   0  -1  -1
    2388.889158   1.000002   0.000558   0  -1  -1
    2388.889852   0.999605   0.000558   0  -1  -1
    2388.890547   1.000181   0.000559   0  -1  -1
    2388.891242   1.000936   0.000559   0  -1  -1
    2388.891937   0.999163   0.000557   0  -1  -1
    2388.892631   0.999944   0.000558   0  -1  -1
    2388.893326   1.000114   0.000558   0  -1  -1
    2388.894021   1.000184   0.000558   0  -1  -1
    2388.894716   1.001007   0.000559   0  -1  -1
    2388.895411   0.999606   0.000558   0  -1  -1
    2388.896105   0.999955   0.000559   0  -1  -1
    2388.896800   1.000163   0.000558   0  -1  -1
    2388.897495   0.999890   0.000558   0  -1  -1
    2388.898190   0.999761   0.000558   0  -1  -1
    2388.898884   1.000112   0.000560   0  -1  -1
    2388.899579   1.000442   0.000558   0  -1  -1
