# epoch flux flux_err dx dy fwhm fwhmx fwhmy sky airmass
  3119.00922  1.01272  0.00120  2.83072 -2.82692 10.54893 10.54893 10.54893    554.26327  1.42448
  3119.00955  1.00639  0.00127 -0.10555  2.67353  9.63084  9.63084  9.63084    560.77434  1.42373
  3119.00989  1.00788  0.00127  0.00756  2.43946  9.64960  9.64960  9.64960    564.30973  1.42300
  3119.01022  1.00581  0.00127 -0.02855  1.97936  9.60409  9.60409  9.60409    572.74115  1.42223
  3119.01055  1.00828  0.00127  0.54624  1.31446  9.71394  9.71394  9.71394    578.16814  1.42145
  3119.01088  1.00528  0.00126  0.57046  1.25959 10.31088 10.31088 10.31088    578.51991  1.42068
  3119.01121  1.00654  0.00127  0.56049  1.00636  9.65219  9.65219  9.65219    574.55973  1.41992
  3119.01155  1.00612  0.00128 -0.23611  1.75234  9.42152  9.42152  9.42152    579.38496  1.41919
  3119.01188  1.00474  0.00128 -0.39397  1.18833  9.69475  9.69475  9.69475    586.62611  1.41844
  3119.01221  1.00677  0.00128  1.02532  1.36916  8.84142  8.84142  8.84142    597.61283  1.41762
  3119.01254  1.00968  0.00127  0.28301  2.13806  9.77929  9.77929  9.77929    605.28097  1.41690
  3119.01287  1.00510  0.00127  0.22976  1.69223  9.69687  9.69687  9.69687    606.88274  1.41615
  3119.01320  1.00794  0.00127  0.29421  1.89624 10.08368 10.08368 10.08368    593.04425  1.41538
  3119.01353  1.00766  0.00127 -0.03483  1.38989  9.49987  9.49987  9.49987    577.09956  1.41463
  3119.01386  1.00547  0.00129  0.26945  1.45826  8.22291  8.22291  8.22291    572.60177  1.41387
  3119.01419  1.00690  0.00129  0.32047  0.52405  8.78793  8.78793  8.78793    569.80973  1.41316
  3119.01452  1.00469  0.00129  0.04630  1.46031  8.70257  8.70257  8.70257    567.24779  1.41240
  3119.01485  1.00249  0.00128 -0.02093  1.75198  8.79522  8.79522  8.79522    571.11062  1.41166
  3119.01518  1.00679  0.00129  0.13342  0.94911  8.76084  8.76084  8.76084    577.79867  1.41095
  3119.01551  1.00605  0.00130  0.25349  1.10395  7.95980  7.95980  7.95980    580.61947  1.41018
  3119.01584  1.00593  0.00130  0.39450  0.77558  8.66213  8.66213  8.66213    578.06637  1.40941
  3119.01617  1.00141  0.00129  0.46925 -0.28951  8.71696  8.71696  8.71696    572.02434  1.40870
  3119.01650  1.00561  0.00129  0.73001  1.69131  8.45781  8.45781  8.45781    566.75000  1.40793
  3119.01683  1.00494  0.00129  0.34533  0.23435  8.65780  8.65780  8.65780    569.09735  1.40724
  3119.01716  1.00400  0.00128 -0.02164  1.43802  8.50944  8.50944  8.50944    574.29867  1.40648
  3119.01749  1.00640  0.00127  0.11478  1.08113  9.87112  9.87112  9.87112    581.53097  1.40575
  3119.01782  1.00553  0.00128  0.11650  1.38948  9.03332  9.03332  9.03332    583.76991  1.40500
  3119.01815  1.00674  0.00129  0.30946  0.84908  7.30338  7.30338  7.30338    583.72788  1.40428
  3119.01848  1.00612  0.00130 -0.40500  0.60491  7.96079  7.96079  7.96079    580.01991  1.40358
  3119.01881  1.00540  0.00129  1.05914 -0.74378  8.05324  8.05324  8.05324    575.15487  1.40284
  3119.01914  1.00645  0.00129  0.78526  1.60780  8.67166  8.67166  8.67166    570.04646  1.40209
  3119.01947  1.00549  0.00129 -0.61343  1.49948  8.10540  8.10540  8.10540    564.23451  1.40142
  3119.01979  1.00672  0.00128 -0.45129  1.62504  9.52934  9.52934  9.52934    561.41814  1.40066
  3119.02012  1.00197  0.00129  0.13024  1.22550  8.78490  8.78490  8.78490    560.67478  1.39995
  3119.02045  1.00620  0.00128  1.07408  1.70099  8.66828  8.66828  8.66828    561.35841  1.39921
  3119.02078  1.00617  0.00128  0.15851  1.05131  9.21822  9.21822  9.21822    563.33186  1.39854
  3119.02111  1.00734  0.00128 -0.22601  0.79989  9.23518  9.23518  9.23518    560.86283  1.39777
  3119.02144  1.00820  0.00128  0.02392  1.26584  9.23445  9.23445  9.23445    559.03319  1.39708
  3119.02177  1.00652  0.00127  0.51984  1.15564  9.55815  9.55815  9.55815    556.19690  1.39635
  3119.02210  1.00939  0.00127  0.57017  1.11964  9.74468  9.74468  9.74468    558.56195  1.39561
  3119.02243  1.00853  0.00126  0.18892  1.50800  9.63482  9.63482  9.63482    558.55752  1.39490
  3119.02277  1.00857  0.00126  0.04799  1.00008  9.90602  9.90602  9.90602    555.13274  1.39420
  3119.02310  1.00753  0.00125  0.13165  1.19443 10.24163 10.24163 10.24163    552.37168  1.39346
  3119.02343  1.00761  0.00125 -0.07481  1.22005 10.15419 10.15419 10.15419    552.32080  1.39279
  3119.02376  1.00481  0.00125  0.07568  1.45662 10.28276 10.28276 10.28276    552.95354  1.39203
  3119.02409  1.00965  0.00125  0.57970  1.10950 10.35223 10.35223 10.35223    558.70133  1.39133
  3119.02443  1.00803  0.00125  0.90816  1.78957 10.35557 10.35557 10.35557    562.29204  1.39064
  3119.02476  1.00566  0.00126  0.38260  1.17384 10.36791 10.36791 10.36791    559.13053  1.38989
  3119.02509  1.00636  0.00125  0.20285  1.33191 10.04910 10.04910 10.04910    550.82965  1.38923
  3119.02542  1.00899  0.00126  0.35396  1.35888  9.96605  9.96605  9.96605    540.69027  1.38853
  3119.02575  1.00475  0.00124  0.40425  0.62429 10.37731 10.37731 10.37731    528.59292  1.38782
  3119.02608  1.00759  0.00126  0.21783  1.31698  9.37864  9.37864  9.37864    516.61726  1.38708
  3119.02642  1.00463  0.00126  0.38136  0.43377  9.18933  9.18933  9.18933    507.51770  1.38643
  3119.02674  1.00804  0.00125  0.65056  0.96289  9.74037  9.74037  9.74037    504.85177  1.38573
  3119.02708  1.00688  0.00125  0.47164  1.36859  9.98423  9.98423  9.98423    506.57965  1.38501
  3119.02741  1.00691  0.00126  0.61711  1.31398  9.75516  9.75516  9.75516    516.66372  1.38432
  3119.02774  1.00723  0.00124  0.61517  1.24592 10.34201 10.34201 10.34201    536.45133  1.38362
  3119.02807  1.00531  0.00126 -0.16643  1.46342  9.96006  9.96006  9.96006    549.75664  1.38295
  3119.02840  1.00616  0.00127  0.00151  0.92373  9.37972  9.37972  9.37972    561.02655  1.38225
  3119.02874  1.00328  0.00127  0.09084  1.26992  9.70034  9.70034  9.70034    555.07301  1.38157
  3119.02907  1.00662  0.00126  0.81830  1.36585  9.54290  9.54290  9.54290    543.56195  1.38086
  3119.02940  1.00710  0.00126  0.86696  0.99708  9.93502  9.93502  9.93502    529.67699  1.38020
  3119.02973  1.00280  0.00126  0.38134  0.38807  9.14677  9.14677  9.14677    518.50442  1.37952
  3119.03006  1.00422  0.00125  0.35845  0.66166  9.74002  9.74002  9.74002    514.37832  1.37882
  3119.03039  1.00614  0.00127 -0.19006  0.92345  9.33191  9.33191  9.33191    517.80531  1.37815
  3119.03072  1.00576  0.00127 -0.01742  1.39940  8.65673  8.65673  8.65673    530.44469  1.37745
  3119.03105  1.00402  0.00128  0.00979  0.05671  8.76806  8.76806  8.76806    542.92478  1.37681
  3119.03138  1.00531  0.00127  0.21586  1.37812  8.49603  8.49603  8.49603    552.86947  1.37614
  3119.03171  1.00751  0.00127  0.18055  1.46821  8.96598  8.96598  8.96598    548.40708  1.37547
  3119.03204  1.00445  0.00126  0.74280  1.46403  9.71520  9.71520  9.71520    537.67699  1.37474
  3119.03237  1.00988  0.00126  0.93847  1.10372  9.63252  9.63252  9.63252    521.56637  1.37407
  3119.03270  1.00509  0.00125  1.07088  1.05374  9.86235  9.86235  9.86235    511.34735  1.37342
  3119.03303  1.00784  0.00125  0.48520  1.44959  9.80724  9.80724  9.80724    507.56637  1.37273
  3119.03336  1.00571  0.00126  0.24861  1.01327  9.70032  9.70032  9.70032    512.81858  1.37208
  3119.03369  1.00820  0.00127  0.35735  1.11073  9.41123  9.41123  9.41123    523.64823  1.37141
  3119.03402  1.00229  0.00125  0.36935  0.92190 10.01090 10.01090 10.01090    542.61947  1.37077
  3119.03435  1.00296  0.00127  0.46649  1.21756  9.31286  9.31286  9.31286    554.13496  1.37007
  3119.03468  1.00599  0.00128 -0.84464  1.19697  9.52593  9.52593  9.52593    560.23673  1.36948
  3119.03501  1.00584  0.00128  0.37606  0.81432  9.11806  9.11806  9.11806    559.37168  1.36876
  3119.03534  1.00519  0.00128  0.98519  0.50546  9.07694  9.07694  9.07694    555.19469  1.36811
  3119.03567  1.00437  0.00127  0.79237  0.62974  9.45345  9.45345  9.45345    551.98451  1.36745
  3119.03601  1.00578  0.00127  0.45496  1.17319  9.43144  9.43144  9.43144    546.45354  1.36678
  3119.03634  1.00300  0.00128 -0.22557  0.94748  9.05430  9.05430  9.05430    543.24115  1.36615
  3119.03667  1.00401  0.00127 -0.09815  1.13509  9.54226  9.54226  9.54226    539.04204  1.36551
  3119.03700  1.00499  0.00128  0.40592  1.14745  9.39212  9.39212  9.39212    536.54646  1.36483
  3119.03733  1.00371  0.00128  0.96780  1.15685  8.84718  8.84718  8.84718    544.40044  1.36414
  3119.03766  1.00370  0.00128  0.17169  0.84137  8.42955  8.42955  8.42955    552.62389  1.36353
  3119.03799  1.00295  0.00129  0.04294  0.92396  8.58294  8.58294  8.58294    559.03982  1.36288
  3119.03832  1.00505  0.00129 -0.03843  0.81154  8.02244  8.02244  8.02244    560.58186  1.36222
  3119.03865  1.00175  0.00129  0.00187  1.26048  7.90068  7.90068  7.90068    553.66150  1.36158
  3119.03897  1.00413  0.00129 -0.29752  1.26957  7.58705  7.58705  7.58705    556.66150  1.36098
  3119.03930  1.00279  0.00130 -0.10750  0.03866  7.16002  7.16002  7.16002    560.95354  1.36031
  3119.03963  1.00510  0.00130  0.49922  0.69192  9.27883  9.27883  9.27883    568.17478  1.35967
  3119.03996  1.00330  0.00130  0.62183  0.32953  9.34707  9.34707  9.34707    575.66150  1.35902
  3119.04029  1.00165  0.00130  0.63539 -0.80139  8.43648  8.43648  8.43648    574.12832  1.35840
  3119.04062  1.00493  0.00130  0.71536  0.51349  8.33882  8.33882  8.33882    567.42920  1.35775
  3119.04095  1.00374  0.00130  0.33955  0.82172  8.21788  8.21788  8.21788    563.89381  1.35712
  3119.04128  1.00403  0.00130 -0.01705 -0.12895  8.10306  8.10306  8.10306    564.29867  1.35652
  3119.04161  1.00360  0.00130  0.20837  0.24812  8.82854  8.82854  8.82854    572.61062  1.35587
  3119.04194  1.00386  0.00130  0.27226 -0.68553  8.19729  8.19729  8.19729    581.10177  1.35525
  3119.04226  1.00389  0.00130  0.45092  0.98055  8.10525  8.10525  8.10525    579.30310  1.35460
  3119.04259  1.00477  0.00130  0.50471 -0.27152  9.28105  9.28105  9.28105    564.05088  1.35398
  3119.04292  1.00308  0.00130  0.49896  0.77306  8.82382  8.82382  8.82382    551.55310  1.35335
  3119.04325  1.00359  0.00129  0.24795  0.38349  7.87172  7.87172  7.87172    548.40929  1.35273
  3119.04358  1.00728  0.00129  0.20680  0.61274  8.54891  8.54891  8.54891    554.59956  1.35211
  3119.04391  1.00629  0.00129  0.23512  0.55481  8.01736  8.01736  8.01736    557.36062  1.35150
  3119.04424  1.00287  0.00129  0.19761  1.58927  7.44158  7.44158  7.44158    566.76991  1.35085
  3119.04457  1.00462  0.00129  0.02561  0.68038  8.20962  8.20962  8.20962    563.79425  1.35024
  3119.04490  1.00353  0.00129  0.05320  0.57666  7.87867  7.87867  7.87867    564.57965  1.34961
  3119.04523  1.00306  0.00129  0.40032 -0.50255  8.77928  8.77928  8.77928    558.86283  1.34900
  3119.04556  1.00226  0.00129  0.41990 -0.13246  8.17576  8.17576  8.17576    550.02212  1.34838
  3119.04589  1.00150  0.00130  0.37762  0.29592  7.90144  7.90144  7.90144    555.42257  1.34777
  3119.04621  1.00100  0.00129  0.48129  0.82856  8.47871  8.47871  8.47871    560.33628  1.34716
  3119.04654  1.00445  0.00130 -0.02816  1.18619  8.68753  8.68753  8.68753    556.95575  1.34655
  3119.04687  1.00717  0.00129 -0.27512  1.24176  8.22224  8.22224  8.22224    553.17699  1.34596
  3119.04720  0.99945  0.00129 -0.15986  1.10185  8.41014  8.41014  8.41014    549.77434  1.34532
  3119.04753  1.00197  0.00130  0.52565 -1.90277  8.84189  8.84189  8.84189    553.65708  1.34476
  3119.04786  1.00282  0.00128  1.19283  0.39831  8.08878  8.08878  8.08878    557.42699  1.34410
  3119.04819  1.00035  0.00128 -0.10158  0.90339  8.42191  8.42191  8.42191    548.09956  1.34350
  3119.04852  1.00070  0.00129 -0.02133 -0.16430  7.80429  7.80429  7.80429    541.69690  1.34292
  3119.04885  1.00308  0.00129  0.18893  0.34442  8.80081  8.80081  8.80081    537.01106  1.34231
  3119.04918  1.00001  0.00129  0.85122 -1.56963  7.85264  7.85264  7.85264    528.91150  1.34174
  3119.04951  0.99866  0.00127  0.84970  1.26853  8.71227  8.71227  8.71227    524.02876  1.34108
  3119.04984  1.00204  0.00128 -0.08489  0.55223  7.84036  7.84036  7.84036    511.22124  1.34051
  3119.05017  1.00245  0.00129  0.06285 -0.37465  8.33045  8.33045  8.33045    510.22345  1.33991
  3119.05050  1.00267  0.00128  0.13957  0.33749  8.62146  8.62146  8.62146    506.14159  1.33933
  3119.05083  1.00025  0.00128  0.15628  0.36889  8.49450  8.49450  8.49450    497.44690  1.33874
  3119.05116  1.00063  0.00127  0.07098  1.37027  8.63275  8.63275  8.63275    490.17257  1.33813
  3119.05149  1.00180  0.00126  0.09486  0.70123  8.61987  8.61987  8.61987    485.44248  1.33754
  3119.05182  1.00035  0.00128  0.38489 -0.23355  7.97400  7.97400  7.97400    477.20796  1.33697
  3119.05214  0.99944  0.00127  0.32309  1.60535  8.11882  8.11882  8.11882    467.42920  1.33637
  3119.05247  0.99807  0.00127  0.36658  0.30576  8.18702  8.18702  8.18702    461.53761  1.33578
  3119.05280  0.99800  0.00127  0.19630  0.33908  8.48921  8.48921  8.48921    460.14602  1.33520
  3119.05313  0.99454  0.00127  0.14640 -0.29280  8.39696  8.39696  8.39696    464.90265  1.33461
  3119.05346  1.00048  0.00128  0.33313 -0.51455  7.84068  7.84068  7.84068    471.68142  1.33405
  3119.05379  1.00001  0.00128  0.12627  1.19592  8.16367  8.16367  8.16367    481.27212  1.33340
  3119.05412  0.99837  0.00128 -0.10814  0.56001  8.09559  8.09559  8.09559    482.65708  1.33287
  3119.05445  0.99909  0.00128  0.01562 -0.38552  8.34991  8.34991  8.34991    486.92035  1.33230
  3119.05478  1.00031  0.00128  0.12331 -0.40031  8.10840  8.10840  8.10840    488.13274  1.33171
  3119.05511  0.99656  0.00128  0.68909 -1.05615  8.29218  8.29218  8.29218    489.40044  1.33114
  3119.05544  0.99765  0.00127  1.36237  0.46599  8.24102  8.24102  8.24102    495.25442  1.33053
  3119.05577  0.99590  0.00128 -0.17731  0.30914  7.81698  7.81698  7.81698    507.52434  1.32999
  3119.05609  0.99982  0.00129 -0.00690  0.46322  8.25008  8.25008  8.25008    521.16814  1.32941
  3119.05643  0.99501  0.00128 -0.12310  1.16332  8.64108  8.64108  8.64108    530.62832  1.32884
  3119.05675  0.99596  0.00128 -0.11024  0.87738  8.26963  8.26963  8.26963    534.94912  1.32829
  3119.05708  0.99540  0.00129  0.07442  1.24314  8.25993  8.25993  8.25993    530.34735  1.32771
  3119.05741  0.99662  0.00129  0.03223  1.37815  8.78215  8.78215  8.78215    521.32522  1.32714
  3119.05774  0.99654  0.00128  0.00660  0.58593  7.59469  7.59469  7.59469    514.93805  1.32657
  3119.05807  0.99737  0.00128  0.05444  1.43276  8.96315  8.96315  8.96315    508.31858  1.32602
  3119.05840  0.99547  0.00128  0.18555 -0.20787  8.31655  8.31655  8.31655    505.53982  1.32546
  3119.05873  0.99501  0.00128  0.97632 -1.36128  7.89060  7.89060  7.89060    504.49558  1.32488
  3119.05906  0.99310  0.00128  0.77539  1.48328  7.95069  7.95069  7.95069    507.40265  1.32430
  3119.05939  0.99502  0.00128  0.09600 -1.18630  8.43551  8.43551  8.43551    507.48451  1.32378
  3119.05972  0.99334  0.00128  0.23505  1.02703  8.82158  8.82158  8.82158    510.59513  1.32320
  3119.06005  0.99405  0.00128  0.29073 -0.31088  8.29725  8.29725  8.29725    508.10619  1.32266
  3119.06037  0.99531  0.00128  0.33314  1.24314  8.90602  8.90602  8.90602    503.87168  1.32210
  3119.06070  0.99330  0.00128  0.37094 -0.44985  8.56799  8.56799  8.56799    501.08628  1.32154
  3119.06103  0.99424  0.00128  0.14724  0.09011  8.92591  8.92591  8.92591    496.65929  1.32101
  3119.06136  0.99560  0.00128  0.14204 -0.55443  8.34590  8.34590  8.34590    496.55973  1.32045
  3119.06169  0.99462  0.00128  0.38707 -0.45582  7.85302  7.85302  7.85302    493.89823  1.31992
  3119.06202  0.99445  0.00128  0.88484  0.55959  8.13594  8.13594  8.13594    490.86504  1.31932
  3119.06235  0.99057  0.00128  0.76230 -1.87271  7.78081  7.78081  7.78081    489.12611  1.31882
  3119.06268  0.99406  0.00128 -0.09827  0.95360  7.75645  7.75645  7.75645    487.77434  1.31825
  3119.06301  0.98946  0.00128 -0.23961  0.77119  8.35335  8.35335  8.35335    484.69469  1.31771
  3119.06334  0.99379  0.00128 -0.09452  0.96328  8.25004  8.25004  8.25004    482.36726  1.31718
  3119.06367  0.99308  0.00127  0.97016  0.26451  8.73054  8.73054  8.73054    480.28982  1.31661
  3119.06400  0.98917  0.00127  0.12164  0.98501  8.05427  8.05427  8.05427    478.25221  1.31608
  3119.06433  0.98875  0.00127  0.03780 -0.73509  7.89567  7.89567  7.89567    477.39381  1.31556
  3119.06466  0.99256  0.00127  0.41431 -0.04545  7.84612  7.84612  7.84612    480.49115  1.31500
  3119.06498  0.99278  0.00128  1.06434 -1.35886  7.93825  7.93825  7.93825    483.04867  1.31446
  3119.06531  0.99087  0.00126  0.08749  1.08192  9.11262  9.11262  9.11262    486.56416  1.31394
  3119.06564  0.99024  0.00127 -0.04740 -0.13717  8.20199  8.20199  8.20199    483.78761  1.31340
  3119.06597  0.98942  0.00127  0.04668  0.76373  7.81500  7.81500  7.81500    484.18363  1.31286
  3119.06630  0.99263  0.00128  0.33005 -0.57751  7.99375  7.99375  7.99375    484.92920  1.31233
  3119.06663  0.98937  0.00127  0.74414  1.13024  8.06898  8.06898  8.06898    483.03540  1.31179
  3119.06696  0.98939  0.00127  0.08076  0.02156  7.30946  7.30946  7.30946    478.77212  1.31129
  3119.06729  0.98938  0.00127  0.18601  0.40269  7.93271  7.93271  7.93271    474.16150  1.31077
  3119.06762  0.99018  0.00127  0.14974  0.43361  8.04006  8.04006  8.04006    473.66150  1.31023
  3119.06795  0.99038  0.00127  0.22067  0.87202  8.13690  8.13690  8.13690    474.94690  1.30971
  3119.06828  0.98727  0.00127  0.27478  0.35605  7.73628  7.73628  7.73628    477.64602  1.30916
  3119.06861  0.98915  0.00127  0.49387  0.65460  8.16828  8.16828  8.16828    476.62389  1.30865
  3119.06894  0.98827  0.00127  0.14334  0.70737  7.53552  7.53552  7.53552    478.67035  1.30812
  3119.06927  0.99146  0.00125 -0.43282  0.64111  8.84569  8.84569  8.84569    482.39602  1.30764
  3119.06960  0.98770  0.00127 -0.13523  0.97044  7.89508  7.89508  7.89508    480.60619  1.30710
  3119.06993  0.98782  0.00127 -0.15651  0.56183  8.21930  8.21930  8.21930    481.80973  1.30661
  3119.07026  0.98736  0.00127 -0.08792  0.99620  7.93944  7.93944  7.93944    481.41150  1.30607
  3119.07059  0.98767  0.00127 -0.05400  0.37680  8.13967  8.13967  8.13967    484.28982  1.30556
  3119.07091  0.98603  0.00127 -0.05794  1.35437  8.79299  8.79299  8.79299    481.63938  1.30505
  3119.07124  0.98377  0.00127  0.03434  0.20786  7.65922  7.65922  7.65922    482.80310  1.30456
  3119.07157  0.99078  0.00127  0.17249  0.07049  8.02477  8.02477  8.02477    482.42920  1.30404
  3119.07190  0.98759  0.00127  0.24599  0.45899  7.78768  7.78768  7.78768    478.01770  1.30353
  3119.07223  0.98875  0.00127  0.38705  0.63654  8.26908  8.26908  8.26908    477.09292  1.30300
  3119.07289  0.98786  0.00127 -0.11099 -0.10091  8.63088  8.63088  8.63088    471.86283  1.30202
  3119.07322  0.98891  0.00127  0.04142  0.15677  7.95303  7.95303  7.95303    472.67035  1.30151
  3119.07355  0.99151  0.00126  0.06240  1.16125  7.80824  7.80824  7.80824    480.62168  1.30097
  3119.07388  0.98596  0.00127 -0.11161  0.13512  8.43735  8.43735  8.43735    490.71681  1.30050
  3119.07421  0.98690  0.00127 -0.08743 -0.34999  7.91859  7.91859  7.91859    502.77876  1.30003
  3119.07453  0.98453  0.00128  0.43934 -0.81109  8.74803  8.74803  8.74803    507.40044  1.29950
  3119.07486  0.98676  0.00128  0.61385  0.64479  8.84678  8.84678  8.84678    505.84956  1.29898
  3119.07519  0.98669  0.00128  0.00308  0.57939  7.53489  7.53489  7.53489    501.40487  1.29853
  3119.07552  0.98989  0.00128 -0.13670 -0.04961  8.26080  8.26080  8.26080    498.82522  1.29804
  3119.07585  0.98527  0.00126 -0.01381  1.32996  8.04093  8.04093  8.04093    497.98673  1.29753
  3119.07651  0.98658  0.00127  0.19973  0.19206  8.44480  8.44480  8.44480    503.18363  1.29655
  3119.07684  0.98662  0.00128  0.22043 -0.12845  8.34643  8.34643  8.34643    508.36062  1.29608
  3119.07716  0.98637  0.00128  0.13801  0.70436  8.78282  8.78282  8.78282    512.56416  1.29557
  3119.07749  0.98751  0.00127 -0.22485  0.00287  7.61570  7.61570  7.61570    515.57965  1.29509
  3119.07782  0.98875  0.00127 -0.10606  1.02023  8.16968  8.16968  8.16968    518.92920  1.29461
  3119.07815  0.98608  0.00127 -0.06649  0.84191  7.24604  7.24604  7.24604    527.69690  1.29414
  3119.07848  0.98670  0.00127  0.06419  1.28279  8.16681  8.16681  8.16681    534.59292  1.29363
  3119.07881  0.98632  0.00127  0.13512  0.64549  7.95210  7.95210  7.95210    534.57965  1.29316
  3119.07914  0.98802  0.00128  0.18346  0.73381  7.49610  7.49610  7.49610    534.15929  1.29268
  3119.07947  0.98880  0.00128  0.18435  0.84678  7.91743  7.91743  7.91743    529.98673  1.29221
  3119.07980  0.98573  0.00128 -0.22778  0.77304  7.59949  7.59949  7.59949    525.69027  1.29173
  3119.08013  0.98830  0.00128 -0.12353  0.86987  7.97351  7.97351  7.97351    524.76770  1.29124
  3119.08046  0.98499  0.00128 -0.13412  0.15905  7.97060  7.97060  7.97060    523.91593  1.29081
  3119.08079  0.98598  0.00128  0.22363 -0.23193  8.04195  8.04195  8.04195    528.63053  1.29030
  3119.08112  0.98551  0.00128  0.62211  0.09303  8.50980  8.50980  8.50980    528.46903  1.28982
  3119.08145  0.98519  0.00128  0.11046  0.06121  8.47783  8.47783  8.47783    528.12168  1.28937
  3119.08178  0.98619  0.00128  0.06630  0.29768  8.50680  8.50680  8.50680    527.08407  1.28889
  3119.08212  0.98411  0.00128  0.02706 -0.36116  7.77218  7.77218  7.77218    530.14602  1.28841
  3119.08244  0.98785  0.00128  0.11706  1.26497  7.56436  7.56436  7.56436    531.33186  1.28796
  3119.08277  0.98591  0.00128  0.14080  1.10547  7.28794  7.28794  7.28794    529.75442  1.28749
  3119.08310  0.98585  0.00128  0.00416 -0.06174  7.43865  7.43865  7.43865    526.17478  1.28704
  3119.08343  0.98537  0.00128  0.07041  0.60739  7.06888  7.06888  7.06888    522.00664  1.28655
  3119.08376  0.98804  0.00128 -0.00690  1.23821  7.14288  7.14288  7.14288    523.96681  1.28611
  3119.08409  0.98936  0.00128 -0.18436  0.66773  7.54482  7.54482  7.54482    526.45133  1.28565
  3119.08442  0.98465  0.00128 -0.00884 -0.40742  8.36457  8.36457  8.36457    525.96903  1.28520
  3119.08475  0.98744  0.00128  0.01235 -0.37548  8.02617  8.02617  8.02617    529.67478  1.28475
  3119.08508  0.98797  0.00128  0.03228  1.21281  8.80005  8.80005  8.80005    533.07743  1.28429
  3119.08540  0.98739  0.00128  0.34613  0.16424  8.52586  8.52586  8.52586    537.54204  1.28384
  3119.08574  0.98776  0.00128  0.28912  0.29684  7.81216  7.81216  7.81216    540.98230  1.28337
  3119.08607  0.98634  0.00128  0.34067  1.15043  7.39981  7.39981  7.39981    544.74558  1.28291
  3119.08640  0.98658  0.00128  0.47346  0.58293  7.83126  7.83126  7.83126    545.92035  1.28245
  3119.08673  0.98464  0.00128  0.50508 -0.49273  7.63223  7.63223  7.63223    546.22788  1.28203
  3119.08705  0.99074  0.00128  0.63077 -1.35133  7.77481  7.77481  7.77481    546.57522  1.28157
  3119.08738  0.98798  0.00128  0.70940 -1.36109  7.74250  7.74250  7.74250    546.52434  1.28112
  3119.08771  0.98682  0.00128  0.64404 -1.75685  8.70680  8.70680  8.70680    544.60177  1.28070
  3119.08804  0.99069  0.00129  0.83588  0.29928  8.04931  8.04931  8.04931    543.06637  1.28023
  3119.08837  0.98777  0.00129  0.86742 -1.46502  7.23396  7.23396  7.23396    542.15044  1.27979
  3119.08870  0.98825  0.00128  0.38718  1.20169  8.11970  8.11970  8.11970    539.03761  1.27936
  3119.08903  0.98565  0.00127 -0.15258  1.33751  7.59514  7.59514  7.59514    536.29867  1.27891
  3119.08936  0.98737  0.00128  0.00284  0.53893  7.39454  7.39454  7.39454    538.49115  1.27848
  3119.08969  0.98559  0.00128  0.05330  0.34877  7.73297  7.73297  7.73297    548.33186  1.27806
  3119.09002  0.98439  0.00128  0.10915  0.31978  7.23010  7.23010  7.23010    559.58850  1.27761
  3119.09035  0.98947  0.00128  0.37784  1.07791  8.19637  8.19637  8.19637    568.90487  1.27718
  3119.09067  0.98792  0.00127  0.58457  1.45312  9.02013  9.02013  9.02013    564.66593  1.27674
  3119.09100  0.98876  0.00128  0.85396  0.52337  7.32808  7.32808  7.32808    554.56195  1.27629
  3119.09133  0.98614  0.00128  0.16353  0.89340  6.97785  6.97785  6.97785    545.55310  1.27588
  3119.09166  0.98708  0.00128  0.08573  0.12604  7.67051  7.67051  7.67051    537.42035  1.27545
  3119.09199  0.98658  0.00128  0.14420  0.26158  7.01350  7.01350  7.01350    532.14159  1.27504
  3119.09232  0.98860  0.00128  0.90268  0.11988  7.30177  7.30177  7.30177    528.57080  1.27459
  3119.09265  0.98445  0.00127  0.60066  0.61409  7.90801  7.90801  7.90801    527.27876  1.27418
  3119.09298  0.98682  0.00128  0.19336  0.26906  7.14033  7.14033  7.14033    525.93363  1.27375
  3119.09331  0.98719  0.00128  0.30518  0.41341  7.62714  7.62714  7.62714    524.48009  1.27331
  3119.09364  0.98761  0.00128  0.41535  0.03875  8.25857  8.25857  8.25857    522.86062  1.27290
  3119.09397  0.98812  0.00128  0.49665 -0.66677  7.97453  7.97453  7.97453    521.59513  1.27249
  3119.09429  0.98457  0.00127  1.10166 -0.62236  6.98846  6.98846  6.98846    521.71239  1.27206
  3119.09463  0.98777  0.00127  1.07300  0.74806  7.16683  7.16683  7.16683    517.97566  1.27162
  3119.09495  0.98990  0.00127  0.17267  1.25139  7.87024  7.87024  7.87024    510.05752  1.27122
  3119.09529  0.98857  0.00127  0.20440  1.21391  7.09864  7.09864  7.09864    499.82965  1.27081
  3119.09561  0.98902  0.00127  0.30705  0.73177  7.23855  7.23855  7.23855    486.96239  1.27041
  3119.09594  0.98874  0.00127  0.43283  0.58428  8.02599  8.02599  8.02599    478.24115  1.26999
  3119.09627  0.98693  0.00126  0.69473 -1.46703  7.37128  7.37128  7.37128    477.74115  1.26960
  3119.09660  0.99164  0.00127  1.02845 -1.33692  6.87245  6.87245  6.87245    485.63274  1.26918
  3119.09693  0.98818  0.00126  1.29920 -0.43142  6.87419  6.87419  6.87419    494.49336  1.26875
  3119.09726  0.98749  0.00126  1.02384  0.28572  7.40929  7.40929  7.40929    500.76770  1.26835
  3119.09759  0.98547  0.00127  0.97068 -0.60389  6.95188  6.95188  6.95188    502.21239  1.26796
  3119.09792  0.98872  0.00127  0.59792  0.72337  7.19352  7.19352  7.19352    513.09956  1.26755
  3119.09825  0.99154  0.00127  0.25410  0.85595  7.66885  7.66885  7.66885    527.70354  1.26715
  3119.09858  0.98838  0.00127  0.29653  0.64018  7.15306  7.15306  7.15306    528.87832  1.26675
  3119.09891  0.98970  0.00127  0.39773 -0.08144  7.06971  7.06971  7.06971    520.52876  1.26633
  3119.09924  0.99036  0.00127  0.66234  1.08735  7.25107  7.25107  7.25107    513.56637  1.26594
  3119.09956  0.99100  0.00127  0.57752  0.95612  7.54120  7.54120  7.54120    508.80088  1.26553
  3119.09989  0.99283  0.00127  0.58578  0.33935  7.56399  7.56399  7.56399    517.76106  1.26513
  3119.10022  0.99191  0.00127  0.74313  0.80546  7.89848  7.89848  7.89848    528.32743  1.26475
  3119.10055  0.99002  0.00126  0.75927  0.79184  8.34943  8.34943  8.34943    526.00442  1.26437
  3119.10088  0.99076  0.00126  0.64920  0.85756  8.05333  8.05333  8.05333    509.03761  1.26396
  3119.10121  0.99188  0.00127  0.25476  0.62054  7.21361  7.21361  7.21361    488.11062  1.26359
  3119.10154  0.99150  0.00126  0.19480  0.21507  7.58345  7.58345  7.58345    486.65265  1.26317
  3119.10187  0.99012  0.00126  0.28737  1.34400  7.73352  7.73352  7.73352    488.64381  1.26278
  3119.10220  0.99122  0.00127  0.27413  0.69375  6.84492  6.84492  6.84492    486.77212  1.26241
  3119.10253  0.99015  0.00127  0.37381  0.38033  6.96374  6.96374  6.96374    475.21681  1.26202
  3119.10285  0.99004  0.00126  1.03167  0.42321  7.17365  7.17365  7.17365    469.16372  1.26161
  3119.10318  0.99111  0.00126  0.90637  0.88114  8.11823  8.11823  8.11823    470.57522  1.26123
  3119.10351  0.99020  0.00123  0.37721  0.83596  8.92912  8.92912  8.92912    471.90487  1.26085
  3119.10384  0.99278  0.00125  0.75210  0.57319  7.83834  7.83834  7.83834    469.06416  1.26046
  3119.10418  0.99415  0.00125  0.73646  0.78695  7.91254  7.91254  7.91254    465.12389  1.26009
  3119.10450  0.99350  0.00124  0.39621  0.65035  8.77884  8.77884  8.77884    463.81637  1.25972
  3119.10484  0.99326  0.00123  0.61656  0.82216  8.97080  8.97080  8.97080    465.20796  1.25933
  3119.10517  0.99484  0.00117  0.63739  1.00362 10.12871 10.12871 10.12871    466.45796  1.25898
  3119.10548  0.99524  0.00118  0.79859 -0.35731 10.39305 10.39305 10.39305    465.10177  1.25863
  3119.10578  0.99331  0.00122  0.67944 -0.01161  9.08490  9.08490  9.08490    464.55531  1.25828
  3119.10612  0.99520  0.00123  0.85328  1.30077  8.68369  8.68369  8.68369    454.60619  1.25785
  3119.10645  0.99382  0.00123  0.77885  0.84555  8.54571  8.54571  8.54571    441.38274  1.25751
  3119.10678  0.99544  0.00123  1.05864  0.61053  8.24330  8.24330  8.24330    429.90487  1.25713
  3119.10711  0.99627  0.00124  1.23998  0.00489  7.68045  7.68045  7.68045    418.46903  1.25674
  3119.10744  0.99363  0.00125  0.44959  0.35961  8.02438  8.02438  8.02438    413.02876  1.25639
  3119.10777  0.99764  0.00126  0.00779  0.29272  6.88393  6.88393  6.88393    417.34071  1.25603
  3119.10810  0.99677  0.00126  0.02611  0.29837  6.69849  6.69849  6.69849    427.59735  1.25567
  3119.10843  0.99672  0.00126  0.13416  0.41048  6.94643  6.94643  6.94643    433.28319  1.25532
  3119.10876  0.99534  0.00125  0.48526  0.66029  7.01824  7.01824  7.01824    434.31416  1.25495
  3119.10909  0.99633  0.00125  0.56005  0.41382  7.39671  7.39671  7.39671    431.68363  1.25458
  3119.10942  0.99365  0.00125  0.74261  0.74343  6.73844  6.73844  6.73844    428.20796  1.25422
  3119.10975  0.99756  0.00125  0.89640  0.53852  6.79704  6.79704  6.79704    420.95796  1.25387
  3119.11007  0.99625  0.00125  1.00599  0.35677  7.02641  7.02641  7.02641    415.11947  1.25351
  3119.11040  0.99730  0.00124  0.97017 -1.12976  7.01060  7.01060  7.01060    411.48230  1.25316
  3119.11073  0.99762  0.00124  1.01314 -1.44522  6.82939  6.82939  6.82939    412.86283  1.25281
  3119.11106  0.99574  0.00124  1.40802 -1.26248  7.22685  7.22685  7.22685    417.31858  1.25245
  3119.11139  0.99594  0.00124  1.30812  0.04325  7.34239  7.34239  7.34239    420.15929  1.25209
  3119.11171  0.99560  0.00125  0.23315  0.79246  6.56597  6.56597  6.56597    426.00000  1.25176
  3119.11204  0.99607  0.00126  0.13924 -0.64026  7.01154  7.01154  7.01154    429.98673  1.25143
  3119.11237  0.99734  0.00125  0.54665 -0.21669  7.64734  7.64734  7.64734    430.47566  1.25106
  3119.11270  0.99937  0.00125  1.32437  0.22697  7.27823  7.27823  7.27823    432.39381  1.25070
  3119.11303  0.99712  0.00126  0.80600  0.16203  6.99581  6.99581  6.99581    431.35841  1.25038
  3119.11336  0.99606  0.00126  0.40332  0.52600  7.20939  7.20939  7.20939    431.86726  1.25002
  3119.11369  0.99871  0.00126  0.53806  0.84283  7.42316  7.42316  7.42316    436.84735  1.24969
  3119.11401  0.99687  0.00126  0.35731  0.19692  7.97548  7.97548  7.97548    444.78319  1.24933
  3119.11434  1.00055  0.00127  0.38769  0.73134  8.35996  8.35996  8.35996    450.16814  1.24898
  3119.11467  0.99800  0.00127  0.12499  0.25786  7.57196  7.57196  7.57196    460.05973  1.24866
  3119.11500  0.99951  0.00127  0.08985 -0.03731  7.85048  7.85048  7.85048    464.28319  1.24833
  3119.11533  0.99889  0.00127  0.77656 -1.06714  7.01869  7.01869  7.01869    466.25664  1.24799
  3119.11566  0.99897  0.00126  1.13114  0.31984  6.81503  6.81503  6.81503    463.70575  1.24765
  3119.11598  1.00007  0.00126  0.64497  0.14656  7.31462  7.31462  7.31462    457.61504  1.24732
  3119.11631  0.99870  0.00126  0.22755  0.45423  6.81487  6.81487  6.81487    452.95575  1.24699
  3119.11664  1.00106  0.00126  0.26864  0.19764  6.91528  6.91528  6.91528    452.43142  1.24667
  3119.11697  1.00228  0.00126  0.46507  0.44806  7.14101  7.14101  7.14101    457.07522  1.24634
  3119.11730  1.00337  0.00126  0.33561  0.58795  7.49270  7.49270  7.49270    465.07080  1.24600
  3119.11762  0.99899  0.00127  0.49093  0.19601  7.44556  7.44556  7.44556    470.42478  1.24567
  3119.11795  0.99801  0.00127  0.57065  0.34861  7.76809  7.76809  7.76809    472.20796  1.24536
  3119.11828  0.99994  0.00127  0.62083  0.85881  7.42635  7.42635  7.42635    469.74336  1.24500
  3119.11861  1.00068  0.00127  0.57264  0.55536  7.57021  7.57021  7.57021    469.19690  1.24468
  3119.11894  1.00200  0.00127  0.71909  0.59206  7.31750  7.31750  7.31750    463.73009  1.24437
  3119.11927  1.00048  0.00126  0.80132 -0.10086  7.02084  7.02084  7.02084    462.84956  1.24403
  3119.11960  1.00080  0.00127  0.79480  0.74374  6.78734  6.78734  6.78734    461.40929  1.24372
  3119.11993  0.99908  0.00126  0.65312 -0.34270  7.45858  7.45858  7.45858    465.46018  1.24342
  3119.12026  1.00084  0.00126  0.68498 -0.15920  7.47114  7.47114  7.47114    466.01991  1.24310
  3119.12058  1.00226  0.00125  0.12042  0.31320  7.99355  7.99355  7.99355    462.23673  1.24277
  3119.12091  1.00290  0.00126  0.19165  0.30316  7.14221  7.14221  7.14221    452.45575  1.24246
  3119.12124  1.00342  0.00126  0.16360  0.47736  7.09141  7.09141  7.09141    449.06858  1.24215
  3119.12157  1.00189  0.00126  0.09163  0.65712  6.85021  6.85021  6.85021    448.65708  1.24185
  3119.12190  0.99972  0.00126  0.68721  0.50555  7.35390  7.35390  7.35390    450.06637  1.24151
  3119.12223  1.00273  0.00126  0.86798  0.83499  6.88212  6.88212  6.88212    452.11504  1.24120
  3119.12256  1.00132  0.00126  0.49104  0.68531  7.05907  7.05907  7.05907    450.08628  1.24091
  3119.12289  1.00346  0.00126  0.10015  0.42401  6.75210  6.75210  6.75210    442.26991  1.24060
  3119.12321  1.00125  0.00126  0.11201  0.23599  7.02284  7.02284  7.02284    438.78761  1.24029
  3119.12354  1.00285  0.00126  0.12075  0.24053  7.02239  7.02239  7.02239    437.73451  1.23999
  3119.12387  1.00373  0.00126  0.14712  0.41148  7.01549  7.01549  7.01549    438.38717  1.23968
  3119.12420  1.00469  0.00126  0.08954 -0.01442  7.50590  7.50590  7.50590    434.10177  1.23937
  3119.12453  1.00085  0.00126  0.17862  0.03503  7.84951  7.84951  7.84951    434.93142  1.23908
  3119.12486  1.00344  0.00125 -0.02779 -0.26268  7.16327  7.16327  7.16327    432.12832  1.23877
  3119.12519  1.00435  0.00125  0.06172  0.16819  6.91060  6.91060  6.91060    429.76327  1.23847
  3119.12552  1.00374  0.00124  0.17665  0.41960  7.15564  7.15564  7.15564    426.61726  1.23816
  3119.12585  1.00196  0.00124  0.29955  0.57881  7.70614  7.70614  7.70614    422.55531  1.23788
  3119.12618  1.00334  0.00124  0.31697  0.28318  7.84094  7.84094  7.84094    419.19690  1.23758
  3119.12650  1.00470  0.00125  0.16648  0.52851  6.78316  6.78316  6.78316    421.13496  1.23729
  3119.12683  1.00270  0.00125  0.31137  0.63396  7.65125  7.65125  7.65125    419.01770  1.23701
  3119.12716  1.00363  0.00125  0.26754  0.28837  7.94804  7.94804  7.94804    419.71018  1.23671
  3119.12749  1.00332  0.00126  0.03949 -0.20293  7.68803  7.68803  7.68803    422.13274  1.23640
  3119.12782  1.00204  0.00126 -0.00797  0.33327  7.73343  7.73343  7.73343    422.56416  1.23613
  3119.12815  1.00609  0.00126  0.03338  0.57245  6.73645  6.73645  6.73645    425.31858  1.23585
  3119.12848  1.00082  0.00126 -0.05429 -0.51232  7.12876  7.12876  7.12876    428.46460  1.23556
  3119.12881  1.00274  0.00126  0.09262  0.38702  7.20922  7.20922  7.20922    441.92035  1.23528
  3119.12914  1.00223  0.00126  0.15870  0.53984  7.00660  7.00660  7.00660    444.83628  1.23500
  3119.12946  1.00156  0.00125  0.24631  0.91288  6.93988  6.93988  6.93988    447.29204  1.23470
  3119.12979  1.00385  0.00125  0.37484  0.63798  7.11103  7.11103  7.11103    452.58850  1.23443
  3119.13012  1.00165  0.00125  0.68567  0.23842  7.17144  7.17144  7.17144    451.78097  1.23412
  3119.13045  1.00449  0.00126  0.67302  0.90292  6.90627  6.90627  6.90627    447.86062  1.23385
  3119.13078  1.00400  0.00126  0.19753  0.50003  7.47917  7.47917  7.47917    448.89381  1.23358
  3119.13111  1.00472  0.00127  0.11417 -0.14477  7.52526  7.52526  7.52526    451.84956  1.23332
  3119.13144  1.00074  0.00126  0.27546 -0.11956  7.97426  7.97426  7.97426    459.81195  1.23304
  3119.13177  1.00302  0.00126  0.16305  0.55812  7.48845  7.48845  7.48845    462.99558  1.23276
  3119.13210  1.00320  0.00126  0.01888  0.27960  6.58594  6.58594  6.58594    460.44690  1.23249
  3119.13243  1.00412  0.00126  0.98548 -0.05368  6.96050  6.96050  6.96050    455.21903  1.23221
  3119.13276  1.00318  0.00126  1.08084  0.32822  7.02693  7.02693  7.02693    449.85398  1.23193
  3119.13309  1.00223  0.00126  0.31678  0.15304  7.66215  7.66215  7.66215    448.41372  1.23168
  3119.13341  1.00314  0.00126  0.05413  0.88193  6.87892  6.87892  6.87892    450.62389  1.23140
  3119.13374  1.00482  0.00126  0.10317  0.42768  7.15866  7.15866  7.15866    449.61283  1.23114
  3119.13407  1.00371  0.00126  0.14962  0.07178  7.40049  7.40049  7.40049    446.65265  1.23089
  3119.13440  1.00397  0.00125  0.21101  1.17778  7.06702  7.06702  7.06702    441.30973  1.23061
  3119.13473  1.00282  0.00125  0.60684  0.22367  6.86480  6.86480  6.86480    435.86062  1.23033
  3119.13506  1.00318  0.00125  0.55963  0.55097  7.08693  7.08693  7.08693    435.37389  1.23008
  3119.13539  1.00258  0.00124  0.50003 -0.07939  6.99151  6.99151  6.99151    439.94248  1.22983
  3119.13571  1.00582  0.00124  0.59367  0.06656  7.70725  7.70725  7.70725    443.84071  1.22957
  3119.13605  1.00271  0.00125  0.72290  0.01276  6.63009  6.63009  6.63009    448.31637  1.22930
  3119.13637  1.00317  0.00124  0.56590 -0.10432  7.06945  7.06945  7.06945    455.36504  1.22905
  3119.13670  1.00508  0.00124  0.46918  0.07716  7.57199  7.57199  7.57199    460.83628  1.22879
  3119.13703  1.00376  0.00124  0.42889  0.61776  7.53526  7.53526  7.53526    469.70133  1.22853
  3119.13736  1.00512  0.00125  0.59990  0.24668  7.55518  7.55518  7.55518    465.40487  1.22827
  3119.13770  1.00451  0.00125  0.64342  0.48632  7.33048  7.33048  7.33048    458.61947  1.22801
  3119.13803  1.00365  0.00126  0.78220  0.81471  6.60292  6.60292  6.60292    464.94912  1.22776
  3119.13836  1.00492  0.00126  0.22481  0.46864  7.33479  7.33479  7.33479    471.91372  1.22753
  3119.13869  1.00134  0.00126 -0.08911  0.22265  6.91931  6.91931  6.91931    470.21681  1.22727
  3119.13902  1.00274  0.00127 -0.04413  0.21697  7.03285  7.03285  7.03285    473.62611  1.22704
  3119.13935  1.00274  0.00126 -0.03453  0.35785  7.55520  7.55520  7.55520    474.26991  1.22678
  3119.13968  1.00335  0.00126  0.62272 -0.02113  7.11420  7.11420  7.11420    474.48673  1.22652
  3119.14001  1.00095  0.00126  1.15282 -0.40348  7.09404  7.09404  7.09404    473.10398  1.22628
  3119.14034  1.00304  0.00126  0.80859 -0.01097  7.08232  7.08232  7.08232    470.08850  1.22605
  3119.14066  1.00388  0.00127  0.16203  0.55102  7.49150  7.49150  7.49150    468.40265  1.22581
  3119.14099  1.00087  0.00126  0.06135  0.19866  7.12350  7.12350  7.12350    463.53982  1.22558
  3119.14132  0.99976  0.00126  0.07051  0.08191  7.55167  7.55167  7.55167    462.84071  1.22534
  3119.14165  0.99966  0.00127  0.08776 -0.04788  6.55733  6.55733  6.55733    464.15929  1.22510
  3119.14198  1.00035  0.00127  0.11989  0.39302  6.57976  6.57976  6.57976    464.27876  1.22485
  3119.14231  1.00006  0.00127  0.37834 -0.43001  7.35926  7.35926  7.35926    457.22788  1.22463
  3119.14264  1.00348  0.00126  0.44075  0.03119  6.69063  6.69063  6.69063    456.62168  1.22439
  3119.14297  1.00241  0.00126  0.35968 -0.00274  7.72025  7.72025  7.72025    449.35841  1.22416
  3119.14330  1.00232  0.00126  0.35475 -0.15692  7.65052  7.65052  7.65052    445.33850  1.22394
  3119.14363  1.00044  0.00126  0.35332  0.44008  7.17903  7.17903  7.17903    442.97788  1.22371
  3119.14395  1.00101  0.00125  0.37258 -0.00564  7.07106  7.07106  7.07106    445.39381  1.22348
  3119.14428  1.00222  0.00125  0.57107 -0.07823  7.35851  7.35851  7.35851    449.53540  1.22323
  3119.14461  1.00267  0.00125  0.62895  0.49260  6.88696  6.88696  6.88696    452.82965  1.22301
  3119.14494  1.00242  0.00126  0.66060  0.28148  6.50027  6.50027  6.50027    450.38938  1.22280
  3119.14527  1.00190  0.00125  0.70408 -0.00875  6.88634  6.88634  6.88634    448.03982  1.22256
  3119.14560  1.00355  0.00126  0.73118  0.64507  7.29344  7.29344  7.29344    447.28761  1.22233
  3119.14593  1.00416  0.00126  0.23367 -0.05594  6.98621  6.98621  6.98621    449.60619  1.22214
  3119.14626  1.00431  0.00126 -0.00277  0.11164  7.18897  7.18897  7.18897    446.69690  1.22191
  3119.14658  1.00426  0.00126 -0.10374 -0.31275  6.90845  6.90845  6.90845    440.73673  1.22171
  3119.14691  1.00374  0.00126  0.50100 -0.49623  6.35810  6.35810  6.35810    442.28982  1.22148
  3119.14724  1.00326  0.00126  0.90495 -0.35842  6.42425  6.42425  6.42425    447.44690  1.22125
  3119.14757  1.00295  0.00125  0.88840  0.32524  6.86734  6.86734  6.86734    447.24558  1.22105
  3119.14790  1.00252  0.00125  0.60373  0.00428  7.01696  7.01696  7.01696    445.75885  1.22084
  3119.14823  1.00218  0.00124  0.14265  0.17755  8.16901  8.16901  8.16901    445.21903  1.22062
  3119.14857  1.00246  0.00126  0.41913  0.41014  6.63449  6.63449  6.63449    446.39602  1.22039
  3119.14890  1.00243  0.00125  0.38247  0.17751  6.88957  6.88957  6.88957    451.01770  1.22020
  3119.14922  1.00290  0.00126  0.49234  0.24532  6.67906  6.67906  6.67906    459.12611  1.21998
  3119.14956  1.00351  0.00126  0.57604  0.07139  7.22938  7.22938  7.22938    473.19027  1.21976
  3119.14988  1.00054  0.00127  0.60030  0.45303  6.84468  6.84468  6.84468    483.30973  1.21956
  3119.15021  1.00207  0.00126  0.33994  0.59574  7.51260  7.51260  7.51260    490.61283  1.21937
  3119.15054  1.00120  0.00127  0.24863 -0.24810  7.43145  7.43145  7.43145    491.00664  1.21915
  3119.15087  1.00229  0.00127  0.31660 -0.58688  7.39503  7.39503  7.39503    486.32965  1.21895
  3119.15120  1.00098  0.00127  0.24489 -0.19137  6.68566  6.68566  6.68566    480.06637  1.21875
  3119.15153  1.00130  0.00127  0.28411 -0.32554  7.04354  7.04354  7.04354    474.01991  1.21856
  3119.15186  1.00376  0.00127  0.28833 -0.52314  7.20522  7.20522  7.20522    470.48673  1.21835
  3119.15219  1.00157  0.00127  0.23441 -0.27418  7.47483  7.47483  7.47483    467.33850  1.21817
  3119.15251  1.00128  0.00126  0.16007  0.25772  6.87205  6.87205  6.87205    466.72788  1.21796
  3119.15284  1.00155  0.00126  0.18443  0.24861  6.74206  6.74206  6.74206    464.97345  1.21777
  3119.15317  1.00379  0.00126  0.18817 -0.14021  6.78638  6.78638  6.78638    465.92035  1.21758
  3119.15350  1.00036  0.00126  0.21786 -0.20234  6.82459  6.82459  6.82459    467.44690  1.21739
  3119.15383  1.00153  0.00126  0.34301  0.32289  7.44290  7.44290  7.44290    472.42699  1.21720
  3119.15416  1.00352  0.00126  0.14075  0.09894  7.18978  7.18978  7.18978    475.71239  1.21700
  3119.15448  1.00357  0.00126 -0.02707 -0.55786  7.02473  7.02473  7.02473    473.80531  1.21682
  3119.15481  1.00137  0.00126 -0.12470 -0.36812  6.64498  6.64498  6.64498    470.82080  1.21663
  3119.15514  1.00107  0.00126  0.01757  0.01165  6.91299  6.91299  6.91299    467.69469  1.21643
  3119.15547  1.00087  0.00126  0.21199  0.01255  7.84044  7.84044  7.84044    466.97788  1.21624
  3119.15580  1.00146  0.00126  0.28050 -0.54800  7.36479  7.36479  7.36479    464.11062  1.21606
  3119.15613  1.00066  0.00127  0.47339 -0.12754  7.18129  7.18129  7.18129    463.68584  1.21588
  3119.15646  0.99990  0.00126  0.11122  0.30596  7.07577  7.07577  7.07577    466.05310  1.21570
  3119.15679  1.00393  0.00127  0.08814 -0.16285  6.54166  6.54166  6.54166    468.70354  1.21552
  3119.15712  1.00247  0.00126 -0.05395  0.22196  7.10953  7.10953  7.10953    472.41593  1.21533
  3119.15745  0.99996  0.00126 -0.08264  0.37139  7.31427  7.31427  7.31427    475.96460  1.21516
  3119.15778  1.00024  0.00126 -0.20153 -0.07592  6.88806  6.88806  6.88806    475.59735  1.21498
  3119.15811  1.00238  0.00126 -0.17807 -0.26581  6.83592  6.83592  6.83592    471.98673  1.21480
  3119.15844  1.00199  0.00125 -0.12768 -0.77238  7.26611  7.26611  7.26611    468.57301  1.21464
  3119.15877  1.00209  0.00126  0.19244  0.58348  6.96315  6.96315  6.96315    464.23009  1.21445
  3119.15910  1.00441  0.00127  0.71930 -0.53873  7.21780  7.21780  7.21780    460.50885  1.21427
  3119.15943  1.00150  0.00126  0.70121 -0.28982  6.24798  6.24798  6.24798    461.28097  1.21410
  3119.15976  1.00549  0.00126  0.11644 -0.54166  7.46387  7.46387  7.46387    460.74115  1.21395
  3119.16009  1.00338  0.00126 -0.01420 -0.52094  6.38657  6.38657  6.38657    461.40265  1.21377
  3119.16042  1.00244  0.00126  0.00918  0.31607  7.26712  7.26712  7.26712    461.78761  1.21360
  3119.16076  1.00323  0.00126 -0.00409 -0.07987  7.51456  7.51456  7.51456    460.99115  1.21344
  3119.16108  1.00187  0.00126  0.10188 -0.31544  7.04899  7.04899  7.04899    462.37832  1.21327
  3119.16141  1.00080  0.00126  0.09567  0.58400  7.25653  7.25653  7.25653    461.44469  1.21311
  3119.16174  1.00139  0.00126  0.06151 -0.00589  7.21988  7.21988  7.21988    461.18584  1.21294
  3119.16207  1.00304  0.00126 -0.19828 -0.36653  6.81783  6.81783  6.81783    455.84956  1.21277
  3119.16240  1.00377  0.00126 -0.12998 -0.57580  6.88651  6.88651  6.88651    449.52212  1.21263
  3119.16273  1.00549  0.00124 -0.21101  0.67323  7.50740  7.50740  7.50740    447.55752  1.21246
  3119.16306  1.00611  0.00124 -0.17960  0.05791  7.98873  7.98873  7.98873    441.36726  1.21230
  3119.16339  1.00468  0.00124  0.24912  0.33670  7.89495  7.89495  7.89495    438.71018  1.21216
  3119.16372  1.00465  0.00123  0.68189  0.34930  8.27428  8.27428  8.27428    438.09513  1.21197
  3119.16405  1.00549  0.00125  0.68657  0.61209  6.56050  6.56050  6.56050    440.63274  1.21181
  3119.16439  1.00375  0.00126  0.05136  0.14030  7.08180  7.08180  7.08180    442.04204  1.21169
  3119.16471  1.00161  0.00126 -0.15916  0.48260  6.92728  6.92728  6.92728    446.27655  1.21154
  3119.16504  1.00347  0.00126 -0.23581  0.15888  7.49464  7.49464  7.49464    448.04425  1.21137
  3119.16537  1.00363  0.00126 -0.14775  0.47247  6.88043  6.88043  6.88043    449.22566  1.21123
  3119.16570  1.00353  0.00126 -0.13829  0.39388  6.68082  6.68082  6.68082    451.41814  1.21107
  3119.16603  1.00319  0.00126  0.07927 -0.36949  7.12333  7.12333  7.12333    453.86726  1.21094
  3119.16636  0.99985  0.00126  0.09832 -0.87534  7.44734  7.44734  7.44734    457.10177  1.21079
  3119.16669  1.00400  0.00126 -0.19946 -0.09300  6.73570  6.73570  6.73570    461.72345  1.21065
  3119.16702  1.00499  0.00125 -0.27655  0.24307  7.64802  7.64802  7.64802    465.65487  1.21051
  3119.16735  1.00107  0.00126 -0.05738 -0.47714  6.68573  6.68573  6.68573    466.64823  1.21035
  3119.16768  1.00253  0.00126  0.12679  0.26792  6.79293  6.79293  6.79293    465.88938  1.21023
  3119.16801  1.00508  0.00126  0.25401  0.01921  7.07059  7.07059  7.07059    467.10619  1.21009
  3119.16833  1.00232  0.00126  0.34244  0.42376  6.68486  6.68486  6.68486    466.47345  1.20995
  3119.16866  1.00140  0.00125  0.45035 -0.36096  7.37886  7.37886  7.37886    466.32965  1.20979
  3119.16899  1.00328  0.00126  0.12183  0.34171  6.98435  6.98435  6.98435    466.10398  1.20966
  3119.16932  1.00246  0.00126 -0.12779 -0.01406  6.89446  6.89446  6.89446    465.34956  1.20953
  3119.16965  1.00247  0.00126  0.00115  0.16442  6.85247  6.85247  6.85247    466.21903  1.20940
  3119.16998  1.00139  0.00125  0.02864  0.30000  6.29051  6.29051  6.29051    468.67257  1.20927
  3119.17031  1.00508  0.00126  0.01655  0.23197  6.69010  6.69010  6.69010    473.42920  1.20912
  3119.17064  1.00375  0.00126  0.03814 -0.28114  6.52327  6.52327  6.52327    473.86062  1.20902
  3119.17097  1.00026  0.00125  0.03961  0.67176  7.21942  7.21942  7.21942    473.89602  1.20887
  3119.17130  1.00080  0.00125 -0.38815 -0.48471  6.86342  6.86342  6.86342    471.03761  1.20875
  3119.17163  1.00415  0.00125 -0.22880 -0.20636  7.42681  7.42681  7.42681    464.68805  1.20863
  3119.17196  1.00031  0.00125 -0.15017 -0.30067  6.46403  6.46403  6.46403    458.12389  1.20850
  3119.17229  1.00344  0.00125  0.08622  0.02303  6.68558  6.68558  6.68558    452.87168  1.20837
  3119.17262  1.00397  0.00125  0.39543 -0.08913  7.34640  7.34640  7.34640    452.11062  1.20826
  3119.17295  1.00080  0.00125  0.39262  0.28900  7.46997  7.46997  7.46997    450.52212  1.20813
  3119.17328  1.00248  0.00125  0.39081  0.46834  6.66594  6.66594  6.66594    452.54867  1.20801
  3119.17361  1.00190  0.00125  0.36611  0.43217  7.29866  7.29866  7.29866    457.19690  1.20788
  3119.17394  1.00585  0.00127 -0.03384 -0.19001  6.45388  6.45388  6.45388    460.50664  1.20777
  3119.17427  1.00048  0.00126 -0.08617 -0.17189  7.73270  7.73270  7.73270    471.85841  1.20766
  3119.17459  1.00120  0.00127 -0.10640 -0.50641  6.69051  6.69051  6.69051    482.87389  1.20755
  3119.17493  1.00174  0.00127 -0.05837  0.25082  7.58135  7.58135  7.58135    496.37611  1.20744
  3119.17526  1.00316  0.00126 -0.06248  0.09408  7.03038  7.03038  7.03038    507.65929  1.20731
  3119.17559  1.00472  0.00126 -0.03682  0.03158  7.75236  7.75236  7.75236    513.37611  1.20721
  3119.17592  1.00105  0.00127 -0.07538  0.22805  7.31579  7.31579  7.31579    507.75885  1.20709
  3119.17625  1.00429  0.00127  0.02398  0.31533  6.93275  6.93275  6.93275    499.12611  1.20699
  3119.17658  1.00394  0.00127  0.00000  0.00000  7.32283  7.32283  7.32283    489.85841  1.20687
  3119.17691  1.00414  0.00126 -0.02590  0.38611  6.89983  6.89983  6.89983    479.91814  1.20677
  3119.17723  1.00182  0.00124  0.08209  0.29091  7.31523  7.31523  7.31523    476.72345  1.20666
  3119.17756  1.00193  0.00125  0.21233  0.14057  6.84724  6.84724  6.84724    474.34735  1.20655
  3119.17789  1.00269  0.00125  0.20671 -0.30884  6.99246  6.99246  6.99246    473.03319  1.20646
  3119.17822  1.00408  0.00127  0.32307 -0.07374  7.26805  7.26805  7.26805    474.30531  1.20636
  3119.17855  1.00251  0.00126  0.37124  0.03681  7.64677  7.64677  7.64677    477.83628  1.20625
  3119.17888  1.00503  0.00126  0.45095  0.66710  7.85126  7.85126  7.85126    482.09071  1.20614
  3119.17921  1.00275  0.00127  0.40552 -0.74641  6.67776  6.67776  6.67776    478.73451  1.20604
  3119.17954  1.00225  0.00127 -0.06421  0.33954  6.31296  6.31296  6.31296    470.99336  1.20596
  3119.17986  1.00410  0.00127 -0.16707  0.35547  7.40434  7.40434  7.40434    457.61504  1.20585
  3119.18019  1.00345  0.00126 -0.29399  0.31565  7.24167  7.24167  7.24167    442.61504  1.20576
  3119.18052  1.00604  0.00126 -0.22223  0.37946  6.32596  6.32596  6.32596    430.67920  1.20567
  3119.18085  1.00322  0.00125  0.01324 -0.06492  7.11510  7.11510  7.11510    427.59735  1.20558
  3119.18118  1.00454  0.00122  0.26406  0.30680  8.24905  8.24905  8.24905    431.17257  1.20549
  3119.18151  1.00440  0.00121  0.99538  0.22689  8.88056  8.88056  8.88056    435.75221  1.20540
  3119.18184  1.00405  0.00125  0.86243 -0.23092  6.88212  6.88212  6.88212    444.53982  1.20527
  3119.18217  1.00466  0.00126 -0.07600  0.11133  7.27430  7.27430  7.27430    449.46681  1.20522
  3119.18250  1.00182  0.00127 -0.19507  0.33045  7.54851  7.54851  7.54851    456.40044  1.20513
  3119.18283  1.00471  0.00126 -0.26449  0.59681  7.81472  7.81472  7.81472    460.09513  1.20506
  3119.18316  1.00313  0.00126 -0.25505 -0.64089  7.76617  7.76617  7.76617    464.84956  1.20498
  3119.18349  1.00013  0.00127  0.07831  0.16758  7.21985  7.21985  7.21985    465.66814  1.20488
  3119.18382  1.00368  0.00127  0.39502 -0.19152  7.41681  7.41681  7.41681    464.31416  1.20480
  3119.18415  1.00194  0.00126  0.42412  0.74483  6.11940  6.11940  6.11940    460.06416  1.20471
  3119.18448  1.00476  0.00127  0.41342 -0.26066  7.30220  7.30220  7.30220    454.79425  1.20463
  3119.18481  1.00404  0.00126  0.35448  0.31178  7.38303  7.38303  7.38303    450.97788  1.20455
  3119.18514  1.00453  0.00123  0.11350  1.21516  8.55594  8.55594  8.55594    446.43142  1.20448
  3119.18547  1.00576  0.00122 -0.05956  1.16360  8.76692  8.76692  8.76692    444.16372  1.20442
  3119.18580  1.00527  0.00126  0.04412  0.07367  7.06758  7.06758  7.06758    437.55088  1.20433
  3119.18613  1.00327  0.00125  0.01625 -0.30949  6.84608  6.84608  6.84608    437.80752  1.20427
  3119.18646  1.00279  0.00126 -0.06709  0.31321  7.52399  7.52399  7.52399    438.06637  1.20419
  3119.18679  1.00119  0.00126 -0.06325  0.18082  6.65395  6.65395  6.65395    441.68363  1.20412
  3119.18712  1.00340  0.00126  0.25697  0.36391  6.95130  6.95130  6.95130    443.72345  1.20405
  3119.18745  1.00181  0.00126  0.44812 -0.13843  7.53466  7.53466  7.53466    445.65929  1.20398
  3119.18778  1.00324  0.00126  0.46482  0.19559  6.60363  6.60363  6.60363    447.08850  1.20390
  3119.18810  1.00489  0.00126  0.37908 -0.02324  6.80088  6.80088  6.80088    449.20796  1.20385
  3119.18843  1.00378  0.00126  0.04757 -0.08472  6.97635  6.97635  6.97635    444.37832  1.20378
  3119.18876  1.00443  0.00126  0.00307  0.15882  6.81381  6.81381  6.81381    439.31858  1.20373
  3119.18909  1.00197  0.00126 -0.07655  0.32478  6.90099  6.90099  6.90099    436.63717  1.20366
  3119.18942  1.00398  0.00126 -0.08364 -0.23524  6.86138  6.86138  6.86138    439.56858  1.20361
  3119.18975  1.00236  0.00126  0.02539 -0.22534  6.84252  6.84252  6.84252    444.43805  1.20355
  3119.19008  1.00070  0.00126 -0.06779 -0.21678  6.33421  6.33421  6.33421    448.00000  1.20347
  3119.19041  1.00471  0.00126  0.05146  0.06865  6.96593  6.96593  6.96593    455.55531  1.20343
  3119.19073  1.00322  0.00126  0.43888 -0.70198  6.71041  6.71041  6.71041    464.13496  1.20337
  3119.19106  1.00525  0.00126  0.47908  0.30100  6.83693  6.83693  6.83693    472.01549  1.20331
  3119.19139  1.00446  0.00127  0.45029  0.06601  6.90207  6.90207  6.90207    477.27434  1.20325
  3119.19172  1.00321  0.00126  0.40383  0.21752  7.18298  7.18298  7.18298    476.45133  1.20319
  3119.19205  1.00320  0.00124  0.32579  0.43513  8.05654  8.05654  8.05654    468.45354  1.20314
  3119.19238  1.00319  0.00126  0.42903  0.61823  6.90400  6.90400  6.90400    457.11062  1.20309
  3119.19271  1.00225  0.00126  0.23881  0.02321  6.96815  6.96815  6.96815    443.70133  1.20304
  3119.19304  1.00486  0.00124 -0.28560  0.75556  7.39883  7.39883  7.39883    441.36726  1.20301
  3119.19337  1.00186  0.00125 -0.17972  0.06370  7.12383  7.12383  7.12383    441.53097  1.20295
  3119.19370  1.00480  0.00124 -0.17141 -0.00025  7.67644  7.67644  7.67644    445.05531  1.20291
  3119.19403  1.00216  0.00126  0.51391 -0.06861  6.17043  6.17043  6.17043    443.94912  1.20286
  3119.19436  1.00289  0.00126  0.71701  0.06576  6.41730  6.41730  6.41730    442.05310  1.20281
  3119.19469  1.00137  0.00126  0.68031 -0.30766  6.64791  6.64791  6.64791    443.06416  1.20277
  3119.19501  0.99981  0.00126  0.11929  0.04859  6.69935  6.69935  6.69935    443.03982  1.20274
  3119.19534  1.00376  0.00122  0.05894  0.65615  8.02683  8.02683  8.02683    445.73894  1.20271
  3119.19568  1.00183  0.00125  0.35461  0.50150  6.80987  6.80987  6.80987    443.18805  1.20265
  3119.19600  1.00403  0.00126  0.41055  0.74472  6.73284  6.73284  6.73284    443.96460  1.20262
  3119.19634  1.00194  0.00126  0.31756  0.09277  7.12225  7.12225  7.12225    445.75221  1.20258
  3119.19666  1.00167  0.00126  0.38552 -0.15273  6.76898  6.76898  6.76898    445.49558  1.20254
  3119.19699  1.00280  0.00126  0.29069 -0.00442  7.24912  7.24912  7.24912    443.66593  1.20252
  3119.19732  1.00254  0.00126  0.32297 -0.63982  6.26747  6.26747  6.26747    442.78540  1.20249
  3119.19765  1.00208  0.00126  0.28736 -0.72385  6.39361  6.39361  6.39361    442.76770  1.20246
  3119.19798  1.00405  0.00126  0.39452 -0.33894  6.25759  6.25759  6.25759    439.53540  1.20243
  3119.19831  1.00240  0.00126  0.32165  0.36445  6.00061  6.00061  6.00061    435.87389  1.20240
  3119.19864  1.00169  0.00126  0.41356 -0.36155  7.23681  7.23681  7.23681    434.80310  1.20236
  3119.19896  1.00054  0.00126  0.31861 -0.16670  6.45379  6.45379  6.45379    433.50664  1.20234
  3119.19929  1.00488  0.00126  0.38719  0.37331  7.06093  7.06093  7.06093    430.89381  1.20231
  3119.19962  1.00353  0.00126  0.37922 -0.00219  6.45734  6.45734  6.45734    429.65044  1.20229
  3119.19995  1.00218  0.00126  0.41971 -0.15749  6.63560  6.63560  6.63560    430.89159  1.20228
  3119.20028  1.00357  0.00125  0.48103 -0.10322  7.38175  7.38175  7.38175    432.70796  1.20224
  3119.20061  1.00488  0.00125  0.52218  0.19714  6.57367  6.57367  6.57367    433.73230  1.20223
  3119.20094  1.00316  0.00125  0.50377  0.06409  6.42268  6.42268  6.42268    433.03761  1.20221
  3119.20127  1.00300  0.00125  0.46777 -0.01547  7.31308  7.31308  7.31308    435.28097  1.20219
  3119.20160  1.00233  0.00125  0.08271 -0.15608  7.62884  7.62884  7.62884    437.75000  1.20217
  3119.20193  1.00222  0.00125  0.00538  0.10143  6.29145  6.29145  6.29145    439.07965  1.20216
  3119.20226  1.00415  0.00125  0.05337 -0.56633  6.35320  6.35320  6.35320    441.29204  1.20215
  3119.20259  1.00274  0.00126  0.15812 -0.54960  7.24029  7.24029  7.24029    443.25221  1.20214
  3119.20292  1.00640  0.00126  0.14425  0.29681  7.28007  7.28007  7.28007    447.06416  1.20212
  3119.20324  1.00244  0.00126  0.25053 -0.05998  6.35487  6.35487  6.35487    446.13717  1.20211
  3119.20357  1.00432  0.00126  0.21806  0.03543  6.28625  6.28625  6.28625    445.67035  1.20210
  3119.20390  1.00555  0.00126  0.37707  0.27697  7.13432  7.13432  7.13432    445.24115  1.20210
  3119.20423  1.00411  0.00126  0.35498  0.02441  6.84206  6.84206  6.84206    445.07080  1.20209
  3119.20456  1.00575  0.00126  0.55884  0.14436  6.11220  6.11220  6.11220    445.09292  1.20207
  3119.20489  1.00320  0.00125  0.76903  0.00059  5.90673  5.90673  5.90673    448.70133  1.20207
  3119.20521  1.00261  0.00126  0.85584 -0.42917  6.76612  6.76612  6.76612    448.79646  1.20207
  3119.20554  1.00459  0.00126  0.25592  0.01996  7.29018  7.29018  7.29018    446.35398  1.20207
  3119.20587  1.00161  0.00126  0.21638  0.06936  6.30058  6.30058  6.30058    445.56858  1.20207
  3119.20620  1.00351  0.00126  0.24676 -0.36426  6.01690  6.01690  6.01690    442.63053  1.20206
  3119.20653  1.00615  0.00126  0.30559 -0.33412  6.23998  6.23998  6.23998    441.50221  1.20206
  3119.20686  1.00368  0.00125  0.25052  0.30586  6.89377  6.89377  6.89377    440.82080  1.20207
  3119.20719  1.00110  0.00125  0.31310  0.34203  6.92265  6.92265  6.92265    440.40708  1.20208
  3119.20752  1.00360  0.00126  0.40457  0.14839  6.27761  6.27761  6.27761    445.77655  1.20207
  3119.20784  1.00397  0.00126  0.35629  0.00059  6.21207  6.21207  6.21207    448.99115  1.20209
  3119.20817  1.00277  0.00125  0.34163  0.58379  6.63191  6.63191  6.63191    452.05752  1.20209
  3119.20850  1.00239  0.00126  0.56901  0.46196  5.98923  5.98923  5.98923    453.23673  1.20209
  3119.20883  1.00159  0.00125  0.22645 -0.12959  6.74114  6.74114  6.74114    451.63496  1.20210
  3119.20916  1.00215  0.00125  0.20421 -0.27326  6.93523  6.93523  6.93523    452.09513  1.20212
  3119.20949  1.00858  0.00125  0.24041 -0.18086  6.93755  6.93755  6.93755    453.65265  1.20214
  3119.20982  1.00184  0.00125  0.43168  0.50736  6.48453  6.48453  6.48453    451.64381  1.20215
  3119.21015  1.00187  0.00124  0.66736  0.37570  7.02066  7.02066  7.02066    452.17478  1.20215
  3119.21048  1.00253  0.00124  0.75614  0.59232  6.30498  6.30498  6.30498    455.28761  1.20216
  3119.21081  1.00393  0.00125  0.87419  0.61362  6.44790  6.44790  6.44790    456.59735  1.20218
  3119.21114  1.00223  0.00124  0.58928  0.75971  6.70146  6.70146  6.70146    460.12168  1.20220
  3119.21146  1.00208  0.00125  0.60517  0.36204  6.34468  6.34468  6.34468    466.77434  1.20222
  3119.21179  1.00343  0.00125  0.60165  0.07229  6.88247  6.88247  6.88247    472.97566  1.20225
  3119.21212  1.00138  0.00124  0.29870  0.34035  7.38724  7.38724  7.38724    477.28982  1.20227
  3119.21245  1.00536  0.00124  0.33461  0.19225  7.37164  7.37164  7.37164    475.49779  1.20229
  3119.21278  1.00430  0.00125  0.42233 -0.01088  7.01685  7.01685  7.01685    474.46460  1.20231
  3119.21311  1.00393  0.00125  0.40210  0.06236  6.80636  6.80636  6.80636    471.66814  1.20232
  3119.21344  1.00509  0.00125  0.47402 -0.04887  7.21322  7.21322  7.21322    468.79867  1.20236
  3119.21377  1.00379  0.00124  0.52209  0.87333  7.57943  7.57943  7.57943    464.32743  1.20238
  3119.21410  1.00164  0.00124  0.78784  0.67473  7.33979  7.33979  7.33979    464.19469  1.20240
  3119.21443  1.00389  0.00124  0.59022  0.10710  6.99513  6.99513  6.99513    460.49779  1.20245
  3119.21476  1.00593  0.00124  0.59840  0.30888  7.36982  7.36982  7.36982    460.25664  1.20246
  3119.21510  1.00556  0.00123  0.52899  1.18938  8.08714  8.08714  8.08714    460.98230  1.20250
  3119.21543  1.00385  0.00125  0.66505  0.59832  6.83606  6.83606  6.83606    462.90265  1.20255
  3119.21576  1.00273  0.00124  0.75076  0.48949  7.17849  7.17849  7.17849    464.97124  1.20257
  3119.21609  1.00661  0.00123  0.61179  0.96996  8.01002  8.01002  8.01002    467.82301  1.20261
  3119.21642  1.00393  0.00123  0.66949  0.86965  8.28764  8.28764  8.28764    467.35619  1.20264
  3119.21675  1.00371  0.00123  0.45619 -0.05448  8.35410  8.35410  8.35410    467.65929  1.20268
  3119.21708  1.00514  0.00122  0.33262  0.15302  8.55079  8.55079  8.55079    470.50442  1.20273
  3119.21741  1.00606  0.00121  0.54547  0.90507  8.67246  8.67246  8.67246    469.52434  1.20274
  3119.21775  1.00529  0.00120  1.13368  0.42217  7.47323  7.47323  7.47323    466.81858  1.20277
  3119.21808  1.00251  0.00123  0.06643  0.93011  7.73149  7.73149  7.73149    465.94912  1.20283
  3119.21841  1.00581  0.00124 -0.08600  0.68627  7.00860  7.00860  7.00860    463.86283  1.20290
  3119.21874  1.00381  0.00124  1.03189  0.34086  7.34105  7.34105  7.34105    464.56637  1.20293
  3119.21907  1.00588  0.00124  0.86420  0.90801  6.83257  6.83257  6.83257    466.90929  1.20300
  3119.21940  1.00366  0.00125  1.01963  0.22702  6.66339  6.66339  6.66339    465.72124  1.20302
  3119.21973  1.00533  0.00125  0.45138  0.51524  6.62421  6.62421  6.62421    464.64823  1.20309
  3119.22006  1.00078  0.00125  0.57615  0.25788  6.46982  6.46982  6.46982    459.83850  1.20314
  3119.22039  1.00398  0.00125  0.17824  0.15559  6.51350  6.51350  6.51350    455.88496  1.20318
  3119.22072  1.00606  0.00124  0.14592  0.35426  6.91917  6.91917  6.91917    453.89159  1.20325
  3119.22106  1.00648  0.00124  0.54821  0.28067  7.06468  7.06468  7.06468    451.05088  1.20330
  3119.22139  1.00628  0.00124  0.62714  0.58485  6.53696  6.53696  6.53696    450.35177  1.20334
  3119.22172  1.00431  0.00123  0.71284 -0.10254  7.49908  7.49908  7.49908    445.00664  1.20341
  3119.22205  1.00635  0.00123  0.69983  0.36926  7.42981  7.42981  7.42981    438.45133  1.20346
  3119.22238  1.00295  0.00123  0.65794  0.41356  7.12325  7.12325  7.12325    432.99336  1.20353
  3119.22271  1.00425  0.00124  0.79025 -0.07319  6.31873  6.31873  6.31873    430.34071  1.20358
  3119.22305  1.00237  0.00124  0.59833  0.83977  6.80879  6.80879  6.80879    428.21239  1.20364
  3119.22337  1.00279  0.00124  0.18979  0.38405  6.44192  6.44192  6.44192    429.03097  1.20372
  3119.22370  1.00471  0.00125  0.01737 -0.00831  6.05648  6.05648  6.05648    430.06416  1.20378
  3119.22403  1.00370  0.00124  0.12973  0.22581  6.11664  6.11664  6.11664    433.70133  1.20384
  3119.22436  1.00457  0.00125  0.26388  0.13452  7.41830  7.41830  7.41830    437.73230  1.20391
  3119.22469  1.00347  0.00125  0.20742 -0.16676  6.16238  6.16238  6.16238    440.50221  1.20398
  3119.22502  1.00443  0.00125  0.21992 -0.07186  6.35283  6.35283  6.35283    442.74336  1.20405
  3119.22535  1.00284  0.00125  0.24870 -0.36127  5.80827  5.80827  5.80827    442.71239  1.20411
  3119.22568  1.00432  0.00125  0.51357  0.42120  5.93377  5.93377  5.93377    438.14381  1.20418
  3119.22601  1.00427  0.00125  0.47801 -0.09985  6.07363  6.07363  6.07363    435.98230  1.20425
  3119.22633  1.00111  0.00124  0.50528 -0.00399  6.06569  6.06569  6.06569    433.20796  1.20432
  3119.22666  1.00451  0.00125  0.60171  0.07804  6.15851  6.15851  6.15851    434.61504  1.20440
  3119.22699  1.00070  0.00124  0.76582  0.25411  6.07954  6.07954  6.07954    436.93142  1.20447
  3119.22732  1.00285  0.00125  0.74172  0.00505  5.95481  5.95481  5.95481    438.58850  1.20454
  3119.22765  1.00402  0.00124  0.45626  0.30299  7.01757  7.01757  7.01757    441.64159  1.20463
  3119.22798  1.00420  0.00124  0.23394 -0.42434  5.77428  5.77428  5.77428    442.47124  1.20471
  3119.22831  1.00371  0.00124  0.07003  0.18844  6.04212  6.04212  6.04212    446.00885  1.20479
  3119.22863  1.00222  0.00124  0.11188  0.00311  6.76564  6.76564  6.76564    451.78761  1.20487
  3119.22896  1.00386  0.00124  0.12887 -0.33902  5.91434  5.91434  5.91434    460.17920  1.20495
  3119.22929  1.00015  0.00124  0.32379 -0.11928  6.02604  6.02604  6.02604    465.40487  1.20504
  3119.22962  1.00256  0.00124  0.41018 -0.19260  6.65127  6.65127  6.65127    468.73673  1.20511
  3119.22995  1.00066  0.00124  0.38944 -0.17963  6.83257  6.83257  6.83257    468.13274  1.20520
  3119.23027  1.00393  0.00124  0.50317  0.65545  6.44870  6.44870  6.44870    465.96903  1.20529
  3119.23060  1.00478  0.00124  0.60144  0.67910  6.10947  6.10947  6.10947    462.02876  1.20538
  3119.23093  1.00377  0.00124  0.58617  0.52703  5.95702  5.95702  5.95702    458.92257  1.20548
  3119.23126  1.00067  0.00124  0.77503  0.68914  6.14716  6.14716  6.14716    457.58186  1.20555
  3119.23159  1.00350  0.00124  0.67220  0.65662  6.48842  6.48842  6.48842    457.65487  1.20565
  3119.23192  1.00575  0.00123  0.42132  1.21028  7.74059  7.74059  7.74059    457.98894  1.20575
  3119.23225  1.00537  0.00122  0.39799  0.25836  7.54966  7.54966  7.54966    457.30973  1.20583
  3119.23258  1.00472  0.00123  0.36116  0.17376  6.56961  6.56961  6.56961    457.01991  1.20593
  3119.23291  1.00502  0.00123  0.55470  0.79995  7.02555  7.02555  7.02555    455.41372  1.20603
  3119.23324  1.00636  0.00123  0.60930  0.89205  7.15568  7.15568  7.15568    449.34513  1.20611
  3119.23358  1.00456  0.00123  0.82497  0.23411  6.70614  6.70614  6.70614    445.00885  1.20622
  3119.23391  1.00029  0.00122  0.62191  0.55884  7.51551  7.51551  7.51551    441.46460  1.20632
  3119.23424  1.00197  0.00122  0.43196  0.87062  7.89639  7.89639  7.89639    437.53540  1.20643
  3119.23457  1.00555  0.00122  0.30239  1.23233  7.66295  7.66295  7.66295    437.98673  1.20654
  3119.23490  1.00581  0.00123  0.52690  0.33436  6.99290  6.99290  6.99290    440.22566  1.20664
  3119.23523  1.00437  0.00123  0.48757  0.56482  6.41099  6.41099  6.41099    441.41150  1.20674
