# time flux flux_err jitter_flag offset_flag subset
    2054.081540   0.995364   0.002440   0  -1   -1
    2054.081770   1.000843   0.002442   0  -1   -1
    2054.082000   1.004195   0.002445   0  -1   -1
    2054.082230   1.002085   0.002442   0  -1   -1
    2054.082470   0.998268   0.002442   0  -1   -1
    2054.082700   1.000817   0.002439   0  -1   -1
    2054.082930   0.999266   0.002441   0  -1   -1
    2054.083160   1.001405   0.002443   0  -1   -1
    2054.083390   1.000074   0.002442   0  -1   -1
    2054.083620   1.001505   0.002443   0  -1   -1
    2054.083850   1.004918   0.002448   0  -1   -1
    2054.084090   0.998031   0.002441   0  -1   -1
    2054.084320   1.001348   0.002439   0  -1   -1
    2054.084550   0.998752   0.002439   0  -1   -1
    2054.084780   1.004014   0.002444   0  -1   -1
    2054.085010   0.995731   0.002440   0  -1   -1
    2054.085240   1.000842   0.002442   0  -1   -1
    2054.085470   1.002004   0.002444   0  -1   -1
    2054.085710   0.997738   0.002438   0  -1   -1
    2054.085940   1.005510   0.002444   0  -1   -1
    2054.086170   1.004353   0.002446   0  -1   -1
    2054.086400   0.994898   0.002438   0  -1   -1
    2054.086630   0.999386   0.002442   0  -1   -1
    2054.086860   0.999240   0.002439   0  -1   -1
    2054.087100   1.000382   0.002441   0  -1   -1
    2054.087330   0.997772   0.002439   0  -1   -1
    2054.087560   1.001668   0.002444   0  -1   -1
    2054.087790   1.001843   0.002440   0  -1   -1
    2054.088020   0.996200   0.002438   0  -1   -1
    2054.088250   1.000846   0.002441   0  -1   -1
    2054.088480   0.995961   0.002440   0  -1   -1
    2054.088720   0.999598   0.002441   0  -1   -1
    2054.088950   0.996247   0.002437   0  -1   -1
    2054.089180   1.001216   0.002443   0  -1   -1
    2054.089410   1.001709   0.002443   0  -1   -1
    2054.089640   0.998097   0.002438   0  -1   -1
    2054.089870   1.001494   0.002443   0  -1   -1
    2054.090100   1.003054   0.002444   0  -1   -1
    2054.090340   1.003497   0.002444   0  -1   -1
    2054.090570   1.002490   0.002444   0  -1   -1
    2054.090800   0.998580   0.002440   0  -1   -1
    2054.091030   0.998957   0.002442   0  -1   -1
    2054.091260   1.002660   0.002441   0  -1   -1
    2054.091490   0.997444   0.002440   0  -1   -1
    2054.091720   0.995526   0.002437   0  -1   -1
    2054.091960   0.996089   0.002438   0  -1   -1
    2054.092190   1.001269   0.002440   0  -1   -1
    2054.092420   1.003844   0.002440   0  -1   -1
    2054.092650   0.997456   0.002439   0  -1   -1
    2054.092880   1.003854   0.002444   0  -1   -1
    2054.093110   0.996439   0.002440   0  -1   -1
    2054.093340   0.999796   0.002443   0  -1   -1
    2054.093580   1.003674   0.002443   0  -1   -1
    2054.093810   1.000211   0.002440   0  -1   -1
    2054.094040   0.997321   0.002437   0  -1   -1
    2054.094270   0.999812   0.002440   0  -1   -1
    2054.094730   1.000437   0.002439   0  -1   -1
    2054.094970   0.997181   0.002438   0  -1   -1
    2054.095200   0.994725   0.002432   0  -1   -1
    2054.095430   0.995450   0.002434   0  -1   -1
    2054.095660   1.000331   0.002441   0  -1   -1
    2054.095890   1.000757   0.002441   0  -1   -1
    2054.096120   1.000733   0.002442   0  -1   -1
    2054.096350   0.999293   0.002440   0  -1   -1
    2054.096590   1.003200   0.002446   0  -1   -1
    2054.096820   1.000586   0.002439   0  -1   -1
    2054.097050   0.999783   0.002439   0  -1   -1
    2054.097280   1.002402   0.002443   0  -1   -1
    2054.097510   1.003650   0.002443   0  -1   -1
    2054.097740   1.001928   0.002442   0  -1   -1
    2054.097970   0.996396   0.002441   0  -1   -1
    2054.098210   0.998144   0.002437   0  -1   -1
    2054.098440   1.000783   0.002440   0  -1   -1
    2054.098670   0.998273   0.002437   0  -1   -1
    2054.098900   0.998955   0.002440   0  -1   -1
    2054.099130   1.000510   0.002441   0  -1   -1
    2054.099360   0.997661   0.002439   0  -1   -1
    2054.099590   0.999960   0.002445   0  -1   -1
    2054.099830   1.004826   0.002445   0  -1   -1
    2054.100060   1.003341   0.002444   0  -1   -1
    2054.100290   1.001751   0.002443   0  -1   -1
    2054.100520   1.000205   0.002441   0  -1   -1
    2054.100750   0.998978   0.002441   0  -1   -1
    2054.100980   0.999498   0.002441   0  -1   -1
    2054.101220   1.001603   0.002442   0  -1   -1
    2054.101450   0.996588   0.002438   0  -1   -1
    2054.101680   0.996210   0.002435   0  -1   -1
    2054.101910   0.994978   0.002434   0  -1   -1
    2054.102140   1.003635   0.002445   0  -1   -1
    2054.102370   0.999281   0.002454   0  -1   -1
    2054.102600   0.998854   0.002439   0  -1   -1
    2054.103070   1.004031   0.002445   0  -1   -1
    2054.103300   1.002642   0.002444   0  -1   -1
    2054.103530   1.005754   0.002444   0  -1   -1
    2054.103760   0.999419   0.002444   0  -1   -1
    2054.103990   1.000652   0.002441   0  -1   -1
    2054.104220   0.997714   0.002439   0  -1   -1
    2054.104460   1.003216   0.002443   0  -1   -1
    2054.104690   0.994450   0.002438   0  -1   -1
    2054.104920   0.999015   0.002458   0  -1   -1
    2054.105150   0.998670   0.002440   0  -1   -1
    2054.105380   0.995745   0.002438   0  -1   -1
    2054.105610   1.003808   0.002444   0  -1   -1
    2054.105840   1.000827   0.002442   0  -1   -1
    2054.106080   1.002836   0.002444   0  -1   -1
    2054.106310   0.997193   0.002438   0  -1   -1
    2054.106540   1.000057   0.002443   0  -1   -1
    2054.106770   1.002268   0.002442   0  -1   -1
    2054.107000   1.001755   0.002441   0  -1   -1
    2054.107230   1.000217   0.002450   0  -1   -1
    2054.107460   1.002606   0.002442   0  -1   -1
    2054.107700   1.001085   0.002442   0  -1   -1
    2054.107930   0.995252   0.002439   0  -1   -1
    2054.108160   0.999365   0.002441   0  -1   -1
    2054.108390   0.996650   0.002438   0  -1   -1
    2054.108620   0.994501   0.002436   0  -1   -1
    2054.108850   0.998069   0.002440   0  -1   -1
    2054.109090   0.998625   0.002439   0  -1   -1
    2054.109320   1.001274   0.002441   0  -1   -1
    2054.109550   0.996962   0.002436   0  -1   -1
    2054.109780   0.999797   0.002440   0  -1   -1
    2054.110010   1.002458   0.002444   0  -1   -1
    2054.110240   0.997496   0.002439   0  -1   -1
    2054.110470   1.001085   0.002441   0  -1   -1
    2054.110710   0.995051   0.002438   0  -1   -1
    2054.110940   0.997402   0.002439   0  -1   -1
    2054.111170   0.997936   0.002439   0  -1   -1
    2054.111400   1.001541   0.002441   0  -1   -1
    2054.111630   0.999940   0.002444   0  -1   -1
    2054.111860   0.995820   0.002440   0  -1   -1
    2054.112090   1.000346   0.002438   0  -1   -1
    2054.112330   1.001491   0.002443   0  -1   -1
    2054.112560   0.996438   0.002440   0  -1   -1
    2054.112790   1.002395   0.002441   0  -1   -1
    2054.113020   1.003885   0.002443   0  -1   -1
    2054.113250   1.001099   0.002442   0  -1   -1
    2054.113480   0.997811   0.002439   0  -1   -1
    2054.113710   0.998869   0.002441   0  -1   -1
    2054.113950   1.000920   0.002441   0  -1   -1
    2054.114180   1.002203   0.002443   0  -1   -1
    2054.114410   1.000761   0.002441   0  -1   -1
    2054.114640   1.002094   0.002445   0  -1   -1
    2054.114870   0.996198   0.002437   0  -1   -1
    2054.115100   1.001033   0.002442   0  -1   -1
    2054.115340   0.998545   0.002440   0  -1   -1
    2054.115570   1.003934   0.002446   0  -1   -1
    2054.115800   0.999707   0.002440   0  -1   -1
    2054.116030   1.000392   0.002444   0  -1   -1
    2054.116260   0.998936   0.002442   0  -1   -1
    2054.116490   0.999069   0.002441   0  -1   -1
    2054.116720   0.999187   0.002439   0  -1   -1
    2054.116960   1.001935   0.002439   0  -1   -1
    2054.117190   1.001822   0.002441   0  -1   -1
    2054.117420   0.996155   0.002437   0  -1   -1
    2054.117650   1.001526   0.002442   0  -1   -1
    2054.117880   1.004148   0.002444   0  -1   -1
    2054.118110   0.997085   0.002445   0  -1   -1
    2054.118340   1.001650   0.002444   0  -1   -1
    2054.118580   0.999748   0.002442   0  -1   -1
    2054.118810   1.006268   0.002446   0  -1   -1
    2054.119040   1.000539   0.002440   0  -1   -1
    2054.119270   0.999555   0.002440   0  -1   -1
    2054.119500   0.997633   0.002439   0  -1   -1
    2054.119730   1.000058   0.002441   0  -1   -1
    2054.119960   0.997294   0.002438   0  -1   -1
    2054.120200   1.000200   0.002442   0  -1   -1
    2054.120660   1.004270   0.002445   0  -1   -1
    2054.120890   1.001589   0.002439   0  -1   -1
    2054.121120   1.002105   0.002441   0  -1   -1
    2054.121350   1.001868   0.002444   0  -1   -1
    2054.121580   0.997471   0.002440   0  -1   -1
    2054.121820   0.993435   0.002436   0  -1   -1
    2054.122050   1.002904   0.002442   0  -1   -1
    2054.122280   0.999337   0.002442   0  -1   -1
    2054.122740   1.000947   0.002443   0  -1   -1
    2054.122970   0.998140   0.002439   0  -1   -1
    2054.123210   1.000672   0.002444   0  -1   -1
    2054.123440   0.996576   0.002436   0  -1   -1
    2054.123670   0.997632   0.002441   0  -1   -1
    2054.123900   0.997018   0.002437   0  -1   -1
    2054.124130   0.995737   0.002435   0  -1   -1
    2054.124360   0.999136   0.002441   0  -1   -1
    2054.124590   1.001128   0.002441   0  -1   -1
    2054.124830   0.997923   0.002437   0  -1   -1
    2054.125060   1.001481   0.002444   0  -1   -1
    2054.125290   1.002868   0.002443   0  -1   -1
    2054.125520   0.999403   0.002441   0  -1   -1
    2054.125750   1.000458   0.002440   0  -1   -1
    2054.125980   1.001206   0.002443   0  -1   -1
    2054.126450   0.999774   0.002439   0  -1   -1
    2054.126680   0.996939   0.002438   0  -1   -1
    2054.126910   0.998499   0.002443   0  -1   -1
    2054.127140   1.000580   0.002443   0  -1   -1
    2054.127370   0.998059   0.002441   0  -1   -1
    2054.127600   1.000070   0.002459   0  -1   -1
    2054.127830   0.999522   0.002441   0  -1   -1
    2054.128070   0.995501   0.002436   0  -1   -1
    2054.128300   1.000770   0.002443   0  -1   -1
    2054.128530   0.999132   0.002440   0  -1   -1
    2054.128760   1.001873   0.002444   0  -1   -1
    2054.128990   1.001681   0.002442   0  -1   -1
    2054.129220   0.996995   0.002441   0  -1   -1
    2054.129690   0.997879   0.002443   0  -1   -1
    2054.129920   1.005524   0.002445   0  -1   -1
    2054.130150   0.999889   0.002442   0  -1   -1
    2054.130380   1.000282   0.002441   0  -1   -1
    2054.130610   1.001159   0.002442   0  -1   -1
    2054.130840   1.002002   0.002442   0  -1   -1
    2054.131080   0.999852   0.002441   0  -1   -1
    2054.131310   1.003610   0.002445   0  -1   -1
    2054.131540   1.001504   0.002443   0  -1   -1
    2054.131770   0.998061   0.002441   0  -1   -1
    2054.132000   0.999812   0.002440   0  -1   -1
    2054.132230   0.999372   0.002442   0  -1   -1
    2054.132700   1.000649   0.002441   0  -1   -1
    2054.132930   1.001112   0.002442   0  -1   -1
    2054.133160   0.998574   0.002438   0  -1   -1
    2054.133390   1.000412   0.002443   0  -1   -1
    2054.133620   1.000327   0.002442   0  -1   -1
    2054.133850   0.999731   0.002442   0  -1   -1
    2054.134080   0.996621   0.002439   0  -1   -1
    2054.134320   0.998702   0.002439   0  -1   -1
    2054.134550   0.997604   0.002440   0  -1   -1
    2054.134780   1.001493   0.002441   0  -1   -1
    2054.135010   0.999242   0.002441   0  -1   -1
    2054.135240   0.999611   0.002450   0  -1   -1
    2054.135470   0.998755   0.002441   0  -1   -1
    2054.135700   0.998622   0.002444   0  -1   -1
    2054.135940   1.000672   0.002477   0  -1   -1
    2054.136170   1.000231   0.002441   0  -1   -1
    2054.136400   1.002290   0.002443   0  -1   -1
    2054.136630   0.998930   0.002440   0  -1   -1
    2054.136860   1.000501   0.002442   0  -1   -1
    2054.137090   0.998607   0.002447   0  -1   -1
    2054.137330   0.997713   0.002441   0  -1   -1
    2054.137560   0.996404   0.002438   0  -1   -1
    2054.137790   0.997181   0.002442   0  -1   -1
    2054.138020   0.996538   0.002440   0  -1   -1
    2054.138250   1.002676   0.002443   0  -1   -1
    2054.138480   0.998761   0.002443   0  -1   -1
    2054.138710   1.000666   0.002440   0  -1   -1
    2054.138950   0.996045   0.002438   0  -1   -1
    2054.139180   1.003490   0.002447   0  -1   -1
    2054.139410   1.000222   0.002439   0  -1   -1
    2054.139640   1.002946   0.002446   0  -1   -1
    2054.139870   1.001233   0.002445   0  -1   -1
    2054.140100   0.998924   0.002440   0  -1   -1
    2054.140330   0.997452   0.002441   0  -1   -1
    2054.140570   0.999452   0.002442   0  -1   -1
    2054.140800   0.998852   0.002441   0  -1   -1
    2054.141030   0.999351   0.002441   0  -1   -1
    2054.141260   1.002037   0.002442   0  -1   -1
    2054.141490   1.000660   0.002447   0  -1   -1
    2054.141720   0.996240   0.002438   0  -1   -1
    2054.141950   0.999930   0.002440   0  -1   -1
    2054.142190   1.000878   0.002443   0  -1   -1
    2054.142420   0.996285   0.002438   0  -1   -1
    2054.142650   0.997986   0.002441   0  -1   -1
    2054.142880   0.997460   0.002442   0  -1   -1
    2054.143110   1.000921   0.002440   0  -1   -1
    2054.143340   0.995638   0.002439   0  -1   -1
    2054.143570   1.000538   0.002443   0  -1   -1
    2054.143810   0.999764   0.002439   0  -1   -1
    2054.144040   0.998350   0.002441   0  -1   -1
    2054.144270   0.996971   0.002437   0  -1   -1
    2054.144500   1.002377   0.002444   0  -1   -1
    2054.144730   0.999558   0.002443   0  -1   -1
    2054.144960   1.000447   0.002441   0  -1   -1
    2054.145200   0.998988   0.002442   0  -1   -1
    2054.145430   0.999430   0.002442   0  -1   -1
    2054.145660   1.005367   0.002445   0  -1   -1
    2054.145890   1.002769   0.002442   0  -1   -1
    2054.146120   1.003636   0.002443   0  -1   -1
    2054.146350   0.998712   0.002441   0  -1   -1
    2054.146580   1.001667   0.002442   0  -1   -1
    2054.146820   0.997944   0.002441   0  -1   -1
    2054.147050   1.000081   0.002440   0  -1   -1
    2054.147280   1.002819   0.002443   0  -1   -1
    2054.147510   1.002620   0.002444   0  -1   -1
    2054.147740   0.997263   0.002440   0  -1   -1
    2054.147970   1.002163   0.002444   0  -1   -1
    2054.148200   0.997708   0.002441   0  -1   -1
    2054.148440   0.997257   0.002439   0  -1   -1
    2054.148670   0.997487   0.002440   0  -1   -1
    2054.148900   1.002436   0.002442   0  -1   -1
    2054.149130   1.004165   0.002443   0  -1   -1
    2054.149360   0.999041   0.002441   0  -1   -1
    2054.149590   1.001289   0.002442   0  -1   -1
    2054.149820   1.001229   0.002443   0  -1   -1
    2054.150060   1.000639   0.002442   0  -1   -1
    2054.150290   0.997267   0.002438   0  -1   -1
    2054.150750   0.999981   0.002443   0  -1   -1
    2054.150980   1.001374   0.002443   0  -1   -1
    2054.151210   0.997744   0.002439   0  -1   -1
    2054.151450   0.995593   0.002442   0  -1   -1
    2054.151680   1.000631   0.002444   0  -1   -1
    2054.151910   1.001793   0.002465   0  -1   -1
    2054.152140   1.000980   0.002441   0  -1   -1
    2054.152370   1.005315   0.002446   0  -1   -1
    2054.152600   0.998291   0.002440   0  -1   -1
    2054.152830   1.002369   0.002442   0  -1   -1
    2054.153070   1.003549   0.002443   0  -1   -1
    2054.153300   0.997369   0.002439   0  -1   -1
    2054.153530   0.997534   0.002440   0  -1   -1
    2054.153760   1.003153   0.002442   0  -1   -1
    2054.153990   1.004145   0.002445   0  -1   -1
    2054.154220   0.998605   0.002439   0  -1   -1
    2054.154690   1.000458   0.002443   0  -1   -1
    2054.154920   0.998808   0.002441   0  -1   -1
    2054.155150   0.997352   0.002440   0  -1   -1
    2054.155380   0.999093   0.002443   0  -1   -1
    2054.155610   0.999480   0.002439   0  -1   -1
    2054.156070   0.998852   0.002441   0  -1   -1
    2054.156310   0.998575   0.002442   0  -1   -1
    2054.156540   1.002406   0.002443   0  -1   -1
    2054.156770   1.000540   0.002440   0  -1   -1
    2054.157000   0.997080   0.002440   0  -1   -1
    2054.157230   1.003537   0.002445   0  -1   -1
    2054.157460   1.003976   0.002447   0  -1   -1
    2054.157690   0.999693   0.002450   0  -1   -1
    2054.157930   1.001220   0.002442   0  -1   -1
    2054.158160   1.000320   0.002442   0  -1   -1
    2054.158390   1.001862   0.002447   0  -1   -1
    2054.158620   1.003892   0.002445   0  -1   -1
    2054.158850   1.003676   0.002444   0  -1   -1
    2054.159320   0.996497   0.002441   0  -1   -1
    2054.159550   0.999692   0.002441   0  -1   -1
    2054.159780   0.995790   0.002443   0  -1   -1
    2054.160010   0.995761   0.002437   0  -1   -1
    2054.160240   1.002320   0.002444   0  -1   -1
    2054.160470   1.000145   0.002443   0  -1   -1
    2054.160700   0.998233   0.002442   0  -1   -1
    2054.160940   0.998759   0.002439   0  -1   -1
    2054.161170   1.002716   0.002444   0  -1   -1
    2054.161400   0.999011   0.002439   0  -1   -1
    2054.161630   1.006230   0.002449   0  -1   -1
    2054.162090   1.001440   0.002447   0  -1   -1
    2054.162560   1.001141   0.002443   0  -1   -1
    2054.162790   0.999540   0.002440   0  -1   -1
    2054.163020   1.003090   0.002442   0  -1   -1
    2054.163250   1.000556   0.002443   0  -1   -1
    2054.163480   0.998759   0.002440   0  -1   -1
    2054.163710   0.999933   0.002448   0  -1   -1
    2054.163940   1.001342   0.002441   0  -1   -1
    2054.164180   1.000686   0.002443   0  -1   -1
    2054.164410   0.996451   0.002445   0  -1   -1
    2054.164640   0.994527   0.002435   0  -1   -1
    2054.164870   0.998024   0.002440   0  -1   -1
    2054.165100   0.999806   0.002439   0  -1   -1
    2054.165330   1.004220   0.002446   0  -1   -1
    2054.165570   0.998633   0.002439   0  -1   -1
    2054.165800   0.997029   0.002441   0  -1   -1
    2054.166030   1.001165   0.002444   0  -1   -1
    2054.166260   0.998573   0.002441   0  -1   -1
    2054.166490   1.002791   0.002446   0  -1   -1
    2054.166950   1.003508   0.002445   0  -1   -1
    2054.167190   0.995924   0.002443   0  -1   -1
    2054.167420   0.994861   0.002436   0  -1   -1
    2054.167650   1.001935   0.002442   0  -1   -1
    2054.167880   0.997701   0.002441   0  -1   -1
    2054.168110   0.998304   0.002442   0  -1   -1
    2054.168340   0.997362   0.002440   0  -1   -1
    2054.168570   1.004354   0.002443   0  -1   -1
    2054.168810   0.998980   0.002441   0  -1   -1
    2054.169040   1.003030   0.002445   0  -1   -1
    2054.169270   1.004698   0.002445   0  -1   -1
    2054.169500   1.004254   0.002446   0  -1   -1
    2054.169730   1.001615   0.002443   0  -1   -1
    2054.169960   1.001732   0.002442   0  -1   -1
    2054.170190   0.994280   0.002436   0  -1   -1
    2054.170430   1.004822   0.002446   0  -1   -1
    2054.170660   0.997981   0.002442   0  -1   -1
    2054.170890   1.004426   0.002445   0  -1   -1
    2054.171120   1.002246   0.002443   0  -1   -1
    2054.171350   1.003440   0.002445   0  -1   -1
    2054.171580   1.003927   0.002445   0  -1   -1
    2054.171810   0.998011   0.002440   0  -1   -1
    2054.172050   1.001290   0.002445   0  -1   -1
    2054.172280   1.001105   0.002439   0  -1   -1
    2054.172510   0.997942   0.002442   0  -1   -1
    2054.172740   1.001700   0.002443   0  -1   -1
    2054.172970   1.002019   0.002442   0  -1   -1
    2054.173200   1.002520   0.002445   0  -1   -1
    2054.173440   0.999577   0.002442   0  -1   -1
    2054.173670   0.998307   0.002440   0  -1   -1
    2054.173900   1.001958   0.002443   0  -1   -1
    2054.174130   0.997589   0.002441   0  -1   -1
    2054.174360   1.003535   0.002443   0  -1   -1
    2054.174590   1.001315   0.002446   0  -1   -1
    2054.174820   0.997211   0.002436   0  -1   -1
    2054.175060   1.002252   0.002445   0  -1   -1
    2054.175290   0.999237   0.002442   0  -1   -1
    2054.175520   1.003885   0.002444   0  -1   -1
    2054.175980   0.998718   0.002441   0  -1   -1
    2054.176210   0.999565   0.002444   0  -1   -1
    2054.176440   1.003804   0.002445   0  -1   -1
    2054.176680   1.001685   0.002441   0  -1   -1
    2054.176910   1.000350   0.002445   0  -1   -1
    2054.177140   0.996999   0.002437   0  -1   -1
    2054.177370   0.996974   0.002437   0  -1   -1
    2054.177600   1.001609   0.002445   0  -1   -1
    2054.177830   0.998622   0.002441   0  -1   -1
    2054.178060   1.004460   0.002447   0  -1   -1
    2054.178300   0.994798   0.002439   0  -1   -1
    2054.178530   0.996514   0.002439   0  -1   -1
    2054.178760   0.996001   0.002439   0  -1   -1
    2054.178990   0.997593   0.002440   0  -1   -1
    2054.179220   0.996988   0.002440   0  -1   -1
    2054.179450   1.001527   0.002445   0  -1   -1
    2054.179680   1.003514   0.002444   0  -1   -1
    2054.179920   0.999095   0.002442   0  -1   -1
    2054.180150   1.003734   0.002445   0  -1   -1
    2054.180380   0.997698   0.002440   0  -1   -1
    2054.180610   0.997154   0.002439   0  -1   -1
    2054.180840   1.001140   0.002440   0  -1   -1
    2054.181070   0.998951   0.002438   0  -1   -1
    2054.181310   0.996099   0.002441   0  -1   -1
    2054.181540   1.002442   0.002444   0  -1   -1
    2054.181770   1.003330   0.002445   0  -1   -1
    2054.182000   0.998937   0.002440   0  -1   -1
    2054.182230   0.995012   0.002438   0  -1   -1
    2054.182460   0.995163   0.002438   0  -1   -1
    2054.182690   0.999921   0.002440   0  -1   -1
    2054.182930   1.003545   0.002444   0  -1   -1
    2054.183160   1.002325   0.002446   0  -1   -1
    2054.183390   0.999934   0.002441   0  -1   -1
    2054.184080   0.996844   0.002440   0  -1   -1
    2054.184310   0.995007   0.002439   0  -1   -1
    2054.184550   0.996775   0.002441   0  -1   -1
    2054.184780   0.995849   0.002439   0  -1   -1
    2054.185010   0.997036   0.002440   0  -1   -1
    2054.185240   0.994854   0.002439   0  -1   -1
    2054.185470   1.002978   0.002440   0  -1   -1
    2054.185700   0.998989   0.002441   0  -1   -1
    2054.185930   1.003628   0.002443   0  -1   -1
    2054.186170   1.000390   0.002443   0  -1   -1
    2054.186400   0.996730   0.002439   0  -1   -1
    2054.186630   0.995866   0.002438   0  -1   -1
    2054.186860   0.996193   0.002442   0  -1   -1
    2054.187090   0.997975   0.002441   0  -1   -1
    2054.187320   0.996327   0.002441   0  -1   -1
    2054.187560   0.996540   0.002442   0  -1   -1
    2054.187790   0.998919   0.002440   0  -1   -1
    2054.188020   0.998973   0.002442   0  -1   -1
    2054.188250   0.999619   0.002441   0  -1   -1
    2054.188480   0.997923   0.002444   0  -1   -1
    2054.188710   1.002515   0.002441   0  -1   -1
    2054.188940   1.002388   0.002445   0  -1   -1
    2054.189180   0.996173   0.002439   0  -1   -1
    2054.189410   0.998150   0.002441   0  -1   -1
    2054.189640   0.998185   0.002470   0  -1   -1
    2054.189870   0.998699   0.002441   0  -1   -1
    2054.190100   0.999652   0.002440   0  -1   -1
    2054.190330   1.000715   0.002441   0  -1   -1
    2054.190560   0.999751   0.002443   0  -1   -1
    2054.190800   1.000523   0.002442   0  -1   -1
    2054.191030   0.996575   0.002441   0  -1   -1
    2054.191260   0.999599   0.002442   0  -1   -1
    2054.191490   0.997002   0.002440   0  -1   -1
    2054.191720   1.000442   0.002441   0  -1   -1
    2054.191950   0.998874   0.002441   0  -1   -1
    2054.192180   1.000470   0.002441   0  -1   -1
    2054.192420   0.999991   0.002444   0  -1   -1
    2054.192650   0.997560   0.002440   0  -1   -1
    2054.192880   1.001488   0.002442   0  -1   -1
    2054.193110   0.999864   0.002439   0  -1   -1
    2054.193340   0.998904   0.002439   0  -1   -1
    2054.193570   0.998783   0.002442   0  -1   -1
    2054.193800   1.000219   0.002443   0  -1   -1
    2054.194040   0.995991   0.002441   0  -1   -1
    2054.194270   0.996854   0.002437   0  -1   -1
    2054.194730   0.998680   0.002441   0  -1   -1
    2054.195190   0.996161   0.002442   0  -1   -1
    2054.195430   1.003707   0.002442   0  -1   -1
    2054.195660   0.998691   0.002443   0  -1   -1
    2054.195890   0.999421   0.002440   0  -1   -1
    2054.196350   0.995509   0.002438   0  -1   -1
    2054.196580   0.997923   0.002440   0  -1   -1
    2054.196810   0.995300   0.002436   0  -1   -1
    2054.197050   1.000395   0.002443   0  -1   -1
    2054.197510   1.002002   0.002442   0  -1   -1
    2054.197740   0.993712   0.002436   0  -1   -1
    2054.197970   0.997383   0.002439   0  -1   -1
    2054.198200   1.000049   0.002442   0  -1   -1
    2054.198430   0.995394   0.002441   0  -1   -1
    2054.198670   0.998285   0.002440   0  -1   -1
    2054.198900   0.998552   0.002440   0  -1   -1
    2054.199130   0.996982   0.002440   0  -1   -1
    2054.199360   0.997627   0.002446   0  -1   -1
    2054.199590   0.999080   0.002441   0  -1   -1
    2054.199820   0.994254   0.002438   0  -1   -1
    2054.200050   0.995309   0.002438   0  -1   -1
    2054.200290   0.996590   0.002441   0  -1   -1
    2054.200520   0.994259   0.002438   0  -1   -1
    2054.200750   1.000860   0.002440   0  -1   -1
    2054.200980   0.998972   0.002442   0  -1   -1
    2054.201210   1.006000   0.002447   0  -1   -1
    2054.201440   0.997853   0.002442   0  -1   -1
    2054.201680   1.000263   0.002442   0  -1   -1
    2054.201910   0.997147   0.002441   0  -1   -1
    2054.202140   0.999010   0.002439   0  -1   -1
    2054.202370   0.996869   0.002437   0  -1   -1
    2054.202600   1.000270   0.002449   0  -1   -1
    2054.202830   0.998201   0.002438   0  -1   -1
    2054.203060   0.995503   0.002440   0  -1   -1
    2054.203300   1.000524   0.002442   0  -1   -1
    2054.203530   0.998313   0.002441   0  -1   -1
    2054.203760   1.001012   0.002444   0  -1   -1
    2054.203990   0.995154   0.002439   0  -1   -1
    2054.204220   0.996486   0.002436   0  -1   -1
    2054.204450   0.998416   0.002442   0  -1   -1
    2054.204680   0.998640   0.002441   0  -1   -1
    2054.204920   0.994769   0.002434   0  -1   -1
    2054.205380   0.998087   0.002439   0  -1   -1
    2054.205610   0.994141   0.002439   0  -1   -1
    2054.205840   0.997652   0.002438   0  -1   -1
    2054.206070   0.995691   0.002440   0  -1   -1
    2054.206300   1.000697   0.002443   0  -1   -1
    2054.206540   0.995860   0.002439   0  -1   -1
    2054.206770   0.998734   0.002440   0  -1   -1
    2054.207000   1.003349   0.002443   0  -1   -1
    2054.207230   1.000056   0.002443   0  -1   -1
    2054.207460   0.999265   0.002440   0  -1   -1
    2054.207690   0.998903   0.002442   0  -1   -1
    2054.207920   0.999571   0.002440   0  -1   -1
    2054.208160   0.998091   0.002440   0  -1   -1
    2054.208390   0.998485   0.002441   0  -1   -1
    2054.208850   0.996142   0.002438   0  -1   -1
    2054.209080   0.998381   0.002446   0  -1   -1
    2054.209310   0.998889   0.002440   0  -1   -1
    2054.209550   0.995199   0.002439   0  -1   -1
    2054.209780   0.991391   0.002436   0  -1   -1
    2054.210010   1.000355   0.002443   0  -1   -1
    2054.210240   0.994553   0.002440   0  -1   -1
    2054.210470   0.995281   0.002437   0  -1   -1
    2054.210700   1.002471   0.002446   0  -1   -1
    2054.210930   0.994689   0.002440   0  -1   -1
    2054.211170   0.997590   0.002439   0  -1   -1
    2054.211400   0.996773   0.002439   0  -1   -1
    2054.211630   1.000126   0.002440   0  -1   -1
    2054.211860   0.996161   0.002442   0  -1   -1
    2054.212090   0.998112   0.002440   0  -1   -1
    2054.212320   1.001736   0.002441   0  -1   -1
    2054.212550   1.001334   0.002444   0  -1   -1
    2054.212790   1.001439   0.002444   0  -1   -1
    2054.213020   0.997928   0.002441   0  -1   -1
    2054.213250   0.996636   0.002437   0  -1   -1
    2054.213480   0.994328   0.002437   0  -1   -1
    2054.213710   1.002615   0.002441   0  -1   -1
    2054.213940   0.994292   0.002441   0  -1   -1
    2054.214410   0.997859   0.002441   0  -1   -1
    2054.214640   0.993645   0.002437   0  -1   -1
    2054.214870   1.004145   0.002445   0  -1   -1
    2054.215100   0.993409   0.002438   0  -1   -1
    2054.215330   1.002148   0.002442   0  -1   -1
    2054.215560   1.000995   0.002442   0  -1   -1
    2054.215790   0.999761   0.002441   0  -1   -1
    2054.216030   0.998586   0.002440   0  -1   -1
    2054.216260   0.998063   0.002440   0  -1   -1
    2054.216490   0.993500   0.002437   0  -1   -1
    2054.216720   0.998400   0.002437   0  -1   -1
    2054.216950   0.996260   0.002436   0  -1   -1
    2054.217180   0.995638   0.002492   0  -1   -1
    2054.217420   0.996801   0.002442   0  -1   -1
    2054.217650   1.000955   0.002441   0  -1   -1
    2054.217880   0.996214   0.002437   0  -1   -1
    2054.218110   0.997133   0.002440   0  -1   -1
    2054.218340   0.997170   0.002439   0  -1   -1
    2054.218800   0.996526   0.002439   0  -1   -1
    2054.219040   0.997693   0.002439   0  -1   -1
    2054.219270   0.998999   0.002442   0  -1   -1
    2054.219500   0.999286   0.002442   0  -1   -1
    2054.219730   0.998198   0.002442   0  -1   -1
    2054.219960   1.008495   0.002448   0  -1   -1
    2054.220190   1.001601   0.002444   0  -1   -1
    2054.220420   0.997190   0.002440   0  -1   -1
    2054.220660   0.999361   0.002441   0  -1   -1
    2054.220890   1.003256   0.002443   0  -1   -1
    2054.221120   0.994511   0.002438   0  -1   -1
    2054.221350   0.999028   0.002440   0  -1   -1
    2054.221580   0.997491   0.002442   0  -1   -1
    2054.221810   0.995848   0.002437   0  -1   -1
    2054.222040   0.998741   0.002440   0  -1   -1
    2054.222280   1.004587   0.002444   0  -1   -1
    2054.222510   0.997412   0.002439   0  -1   -1
    2054.222740   0.996373   0.002439   0  -1   -1
    2054.222970   0.996970   0.002438   0  -1   -1
    2054.223200   0.998729   0.002444   0  -1   -1
    2054.223430   0.997521   0.002441   0  -1   -1
    2054.223670   0.994486   0.002433   0  -1   -1
    2054.223900   1.000396   0.002442   0  -1   -1
    2054.224130   0.996767   0.002439   0  -1   -1
    2054.224360   0.997081   0.002441   0  -1   -1
    2054.224820   0.997325   0.002439   0  -1   -1
    2054.225050   0.999873   0.002442   0  -1   -1
    2054.225290   1.000730   0.002443   0  -1   -1
    2054.225520   0.997234   0.002439   0  -1   -1
    2054.225750   0.998237   0.002436   0  -1   -1
    2054.225980   0.992690   0.002438   0  -1   -1
    2054.226210   0.999304   0.002439   0  -1   -1
    2054.226670   0.994215   0.002436   0  -1   -1
    2054.226910   0.998213   0.002455   0  -1   -1
    2054.227140   0.997541   0.002441   0  -1   -1
    2054.227370   0.997866   0.002437   0  -1   -1
    2054.227600   0.994039   0.002434   0  -1   -1
    2054.227830   0.996257   0.002435   0  -1   -1
    2054.228060   0.996212   0.002438   0  -1   -1
    2054.228290   0.995809   0.002442   0  -1   -1
    2054.228530   1.000728   0.002444   0  -1   -1
    2054.228760   1.003692   0.002446   0  -1   -1
    2054.228990   0.997639   0.002440   0  -1   -1
    2054.229220   0.995158   0.002439   0  -1   -1
    2054.229450   0.999742   0.002441   0  -1   -1
    2054.229680   0.997052   0.002443   0  -1   -1
    2054.229910   0.997296   0.002440   0  -1   -1
    2054.230150   0.997541   0.002442   0  -1   -1
    2054.230380   0.993923   0.002439   0  -1   -1
    2054.230610   0.997638   0.002441   0  -1   -1
    2054.230840   1.000605   0.002442   0  -1   -1
    2054.231070   0.994929   0.002435   0  -1   -1
    2054.231300   0.998702   0.002440   0  -1   -1
    2054.231540   0.995895   0.002437   0  -1   -1
    2054.231770   0.999539   0.002444   0  -1   -1
    2054.232000   0.995842   0.002437   0  -1   -1
    2054.232230   0.999389   0.002443   0  -1   -1
    2054.232460   0.998667   0.002441   0  -1   -1
    2054.232690   0.994151   0.002439   0  -1   -1
    2054.232920   0.995755   0.002439   0  -1   -1
    2054.233160   0.996035   0.002439   0  -1   -1
    2054.233390   0.995880   0.002439   0  -1   -1
    2054.233620   0.997249   0.002439   0  -1   -1
    2054.233850   0.998977   0.002443   0  -1   -1
    2054.234080   1.000860   0.002442   0  -1   -1
    2054.234310   0.998596   0.002441   0  -1   -1
    2054.234540   0.999879   0.002441   0  -1   -1
    2054.234780   0.994861   0.002440   0  -1   -1
    2054.235010   0.999832   0.002444   0  -1   -1
    2054.235240   1.000531   0.002442   0  -1   -1
    2054.235470   0.997814   0.002443   0  -1   -1
    2054.235700   1.000400   0.002442   0  -1   -1
    2054.235930   0.996514   0.002438   0  -1   -1
    2054.236160   0.996007   0.002440   0  -1   -1
    2054.236400   1.001156   0.002441   0  -1   -1
    2054.236630   0.994956   0.002439   0  -1   -1
    2054.236860   0.996571   0.002439   0  -1   -1
    2054.237090   0.998280   0.002441   0  -1   -1
    2054.237320   0.997876   0.002441   0  -1   -1
    2054.237550   1.001492   0.002443   0  -1   -1
    2054.237790   0.995341   0.002439   0  -1   -1
    2054.238020   0.999510   0.002443   0  -1   -1
    2054.238250   1.001192   0.002440   0  -1   -1
    2054.238480   0.996149   0.002439   0  -1   -1
    2054.238710   0.997143   0.002434   0  -1   -1
    2054.239170   0.995568   0.002435   0  -1   -1
    2054.239410   0.998532   0.002442   0  -1   -1
    2054.239640   0.996953   0.002441   0  -1   -1
    2054.239870   0.994880   0.002437   0  -1   -1
    2054.240100   1.001322   0.002442   0  -1   -1
    2054.240330   1.000470   0.002443   0  -1   -1
    2054.240560   0.997356   0.002439   0  -1   -1
    2054.240790   0.999613   0.002443   0  -1   -1
    2054.241030   0.998128   0.002439   0  -1   -1
    2054.241260   0.994809   0.002439   0  -1   -1
    2054.241490   0.997813   0.002441   0  -1   -1
    2054.241720   0.997042   0.002443   0  -1   -1
    2054.241950   0.998505   0.002437   0  -1   -1
    2054.242180   0.999064   0.002438   0  -1   -1
    2054.242410   1.001951   0.002445   0  -1   -1
    2054.242650   1.000509   0.002443   0  -1   -1
    2054.242880   0.998700   0.002439   0  -1   -1
    2054.243110   0.995217   0.002439   0  -1   -1
    2054.243340   0.997077   0.002439   0  -1   -1
    2054.243570   0.993318   0.002438   0  -1   -1
    2054.243800   0.993616   0.002438   0  -1   -1
    2054.244030   0.998687   0.002443   0  -1   -1
    2054.244270   1.000710   0.002443   0  -1   -1
    2054.244500   0.995860   0.002438   0  -1   -1
    2054.244730   0.996631   0.002441   0  -1   -1
    2054.244960   1.002996   0.002444   0  -1   -1
    2054.245190   0.998082   0.002441   0  -1   -1
    2054.245420   0.998412   0.002441   0  -1   -1
    2054.245660   1.000998   0.002440   0  -1   -1
    2054.245890   0.997257   0.002440   0  -1   -1
    2054.246120   0.999791   0.002441   0  -1   -1
    2054.246350   0.995195   0.002444   0  -1   -1
    2054.246810   0.997912   0.002443   0  -1   -1
    2054.247040   1.000495   0.002442   0  -1   -1
    2054.247510   0.995941   0.002439   0  -1   -1
    2054.247740   0.996179   0.002442   0  -1   -1
    2054.247970   0.999744   0.002443   0  -1   -1
    2054.248200   1.002331   0.002446   0  -1   -1
    2054.248430   0.994144   0.002436   0  -1   -1
    2054.248660   0.999576   0.002442   0  -1   -1
    2054.248900   1.000255   0.002447   0  -1   -1
    2054.249130   1.000155   0.002444   0  -1   -1
    2054.249360   0.999103   0.002440   0  -1   -1
    2054.249590   1.000512   0.002442   0  -1   -1
    2054.249820   0.998750   0.002442   0  -1   -1
    2054.250050   1.003048   0.002444   0  -1   -1
    2054.250280   0.999118   0.002442   0  -1   -1
    2054.250520   0.996650   0.002437   0  -1   -1
    2054.250750   0.997389   0.002438   0  -1   -1
    2054.251210   0.994583   0.002438   0  -1   -1
    2054.251440   0.999777   0.002441   0  -1   -1
    2054.251900   0.996238   0.002441   0  -1   -1
    2054.252140   1.000867   0.002443   0  -1   -1
    2054.252370   0.997312   0.002443   0  -1   -1
    2054.252830   0.996693   0.002438   0  -1   -1
    2054.253060   0.996979   0.002442   0  -1   -1
    2054.253290   0.998564   0.002440   0  -1   -1
    2054.253530   0.994072   0.002438   0  -1   -1
    2054.253760   0.997910   0.002438   0  -1   -1
    2054.253990   1.000123   0.002439   0  -1   -1
    2054.254220   0.998679   0.002439   0  -1   -1
    2054.254450   0.996773   0.002446   0  -1   -1
    2054.254680   1.000438   0.002443   0  -1   -1
    2054.254910   0.995338   0.002437   0  -1   -1
    2054.255150   0.998146   0.002443   0  -1   -1
    2054.255380   1.000359   0.002442   0  -1   -1
    2054.255610   0.999576   0.002440   0  -1   -1
    2054.255840   1.003111   0.002445   0  -1   -1
    2054.256070   1.000761   0.002444   0  -1   -1
    2054.256300   1.002686   0.002443   0  -1   -1
    2054.256530   1.002221   0.002443   0  -1   -1
    2054.256770   1.001743   0.002443   0  -1   -1
    2054.257000   0.999982   0.002441   0  -1   -1
    2054.257230   1.001583   0.002444   0  -1   -1
    2054.257460   1.000181   0.002441   0  -1   -1
    2054.257690   1.002353   0.002446   0  -1   -1
    2054.257920   0.997612   0.002443   0  -1   -1
    2054.258390   1.001354   0.002442   0  -1   -1
    2054.258620   0.998224   0.002441   0  -1   -1
    2054.258850   1.003100   0.002444   0  -1   -1
    2054.259080   0.999351   0.002441   0  -1   -1
    2054.259310   1.006933   0.002447   0  -1   -1
    2054.259540   1.001194   0.002442   0  -1   -1
    2054.259780   1.005475   0.002446   0  -1   -1
    2054.260010   1.003495   0.002457   0  -1   -1
    2054.260240   1.000162   0.002443   0  -1   -1
    2054.260470   1.002304   0.002444   0  -1   -1
    2054.260700   0.997592   0.002441   0  -1   -1
    2054.260930   1.001447   0.002445   0  -1   -1
    2054.261160   1.000644   0.002442   0  -1   -1
    2054.261400   1.002751   0.002443   0  -1   -1
    2054.261630   1.003178   0.002444   0  -1   -1
    2054.261860   0.999170   0.002442   0  -1   -1
    2054.262090   1.001418   0.002444   0  -1   -1
    2054.262320   1.002393   0.002445   0  -1   -1
    2054.262550   1.005405   0.002444   0  -1   -1
    2054.262780   0.997091   0.002442   0  -1   -1
    2054.263020   1.004377   0.002446   0  -1   -1
    2054.263250   0.997065   0.002441   0  -1   -1
    2054.263480   1.002765   0.002444   0  -1   -1
    2054.263710   0.996044   0.002440   0  -1   -1
    2054.263940   0.997460   0.002440   0  -1   -1
    2054.264170   0.999892   0.002442   0  -1   -1
    2054.264400   0.996635   0.002439   0  -1   -1
    2054.264640   1.001444   0.002444   0  -1   -1
    2054.264870   1.003124   0.002446   0  -1   -1
    2054.265100   1.001380   0.002442   0  -1   -1
    2054.265330   1.001805   0.002445   0  -1   -1
    2054.265560   1.002304   0.002445   0  -1   -1
    2054.265790   1.003274   0.002443   0  -1   -1
    2054.266020   1.000374   0.002443   0  -1   -1
    2054.266260   1.001273   0.002445   0  -1   -1
    2054.266490   1.005141   0.002448   0  -1   -1
    2054.267180   1.000899   0.002443   0  -1   -1
    2054.267410   1.002190   0.002445   0  -1   -1
    2054.267650   0.998819   0.002442   0  -1   -1
    2054.267880   1.001631   0.002443   0  -1   -1
    2054.268110   1.001968   0.002444   0  -1   -1
    2054.268340   1.004388   0.002445   0  -1   -1
    2054.268570   1.000277   0.002440   0  -1   -1
    2054.268800   1.003165   0.002445   0  -1   -1
    2054.269030   1.000203   0.002444   0  -1   -1
    2054.269270   1.000643   0.002442   0  -1   -1
    2054.269500   0.997951   0.002439   0  -1   -1
    2054.269730   1.003687   0.002443   0  -1   -1
    2054.269960   0.997067   0.002440   0  -1   -1
    2054.270190   1.002666   0.002443   0  -1   -1
    2054.270420   0.998549   0.002442   0  -1   -1
    2054.270650   0.998546   0.002439   0  -1   -1
    2054.270890   1.002437   0.002441   0  -1   -1
    2054.271120   0.999567   0.002442   0  -1   -1
    2054.271350   1.001922   0.002444   0  -1   -1
    2054.271580   1.001883   0.002444   0  -1   -1
    2054.271810   0.997438   0.002439   0  -1   -1
    2054.272040   1.001247   0.002444   0  -1   -1
    2054.272270   0.998351   0.002438   0  -1   -1
    2054.272510   1.003060   0.002445   0  -1   -1
    2054.272740   1.002162   0.002445   0  -1   -1
    2054.272970   0.998909   0.002441   0  -1   -1
    2054.273200   1.001712   0.002444   0  -1   -1
    2054.273430   1.001627   0.002529   0  -1   -1
    2054.273660   1.002561   0.002444   0  -1   -1
    2054.273900   1.003305   0.002444   0  -1   -1
    2054.274130   1.000413   0.002443   0  -1   -1
    2054.274360   0.997069   0.002440   0  -1   -1
    2054.274590   1.003338   0.002443   0  -1   -1
    2054.274820   0.996941   0.002459   0  -1   -1
    2054.275050   1.005123   0.002445   0  -1   -1
    2054.275280   1.001171   0.002443   0  -1   -1
    2054.275520   0.993622   0.002434   0  -1   -1
    2054.275750   0.996658   0.002440   0  -1   -1
    2054.275980   0.999837   0.002442   0  -1   -1
    2054.276210   1.003683   0.002443   0  -1   -1
    2054.276440   0.997143   0.002441   0  -1   -1
    2054.276670   1.002533   0.002444   0  -1   -1
    2054.276900   1.004659   0.002447   0  -1   -1
    2054.277140   0.997502   0.002439   0  -1   -1
    2054.277370   1.004539   0.002444   0  -1   -1
    2054.277600   0.996502   0.002438   0  -1   -1
    2054.277830   1.004290   0.002446   0  -1   -1
    2054.278060   1.000918   0.002444   0  -1   -1
    2054.278520   1.000005   0.002439   0  -1   -1
    2054.278760   0.998359   0.002442   0  -1   -1
    2054.278990   0.999962   0.002441   0  -1   -1
    2054.279220   1.003695   0.002441   0  -1   -1
    2054.279450   0.999705   0.002440   0  -1   -1
    2054.279680   0.998543   0.002444   0  -1   -1
    2054.279910   0.998429   0.002441   0  -1   -1
    2054.280140   1.003646   0.002445   0  -1   -1
    2054.280380   0.999783   0.002440   0  -1   -1
    2054.280610   0.999532   0.002443   0  -1   -1
    2054.280840   1.001329   0.002445   0  -1   -1
    2054.281070   1.001574   0.002441   0  -1   -1
    2054.281300   0.999537   0.002454   0  -1   -1
    2054.281530   0.998014   0.002438   0  -1   -1
    2054.281770   1.002954   0.002444   0  -1   -1
    2054.282000   1.001460   0.002441   0  -1   -1
    2054.282230   1.004159   0.002444   0  -1   -1
    2054.282460   1.002179   0.002442   0  -1   -1
    2054.282690   0.997015   0.002441   0  -1   -1
    2054.282920   1.001375   0.002442   0  -1   -1
    2054.283150   1.001165   0.002443   0  -1   -1
    2054.283390   0.997907   0.002440   0  -1   -1
    2054.283850   0.995189   0.002436   0  -1   -1
    2054.284080   1.006154   0.002449   0  -1   -1
    2054.284310   1.001831   0.002444   0  -1   -1
    2054.284540   1.001002   0.002443   0  -1   -1
    2054.284770   1.002805   0.002443   0  -1   -1
    2054.285010   1.001757   0.002444   0  -1   -1
    2054.285240   0.998471   0.002439   0  -1   -1
    2054.285470   0.995395   0.002437   0  -1   -1
    2054.285700   1.002654   0.002444   0  -1   -1
    2054.285930   0.999233   0.002439   0  -1   -1
    2054.286160   1.000974   0.002440   0  -1   -1
    2054.286390   1.002336   0.002442   0  -1   -1
    2054.286630   0.998762   0.002442   0  -1   -1
    2054.286860   0.997678   0.002440   0  -1   -1
    2054.287090   1.002099   0.002444   0  -1   -1
    2054.287320   1.002089   0.002443   0  -1   -1
    2054.287550   1.004470   0.002446   0  -1   -1
    2054.288020   1.002746   0.002444   0  -1   -1
    2054.288250   0.999263   0.002439   0  -1   -1
    2054.288480   1.000986   0.002444   0  -1   -1
    2054.288710   0.994549   0.002438   0  -1   -1
    2054.288940   1.002195   0.002446   0  -1   -1
    2054.289170   1.001594   0.002444   0  -1   -1
    2054.289400   1.000768   0.002440   0  -1   -1
    2054.289640   0.999413   0.002441   0  -1   -1
    2054.289870   1.004404   0.002448   0  -1   -1
    2054.290330   0.998855   0.002439   0  -1   -1
    2054.290560   1.000527   0.002442   0  -1   -1
    2054.290790   0.995229   0.002441   0  -1   -1
    2054.291020   1.003057   0.002444   0  -1   -1
    2054.291260   0.998820   0.002439   0  -1   -1
    2054.291490   0.998224   0.002443   0  -1   -1
    2054.291720   1.000269   0.002440   0  -1   -1
    2054.291950   1.001162   0.002443   0  -1   -1
    2054.292180   0.999410   0.002442   0  -1   -1
    2054.292410   0.998518   0.002441   0  -1   -1
    2054.292640   1.003794   0.002443   0  -1   -1
    2054.292880   0.996261   0.002437   0  -1   -1
    2054.293110   1.000416   0.002441   0  -1   -1
    2054.293340   1.000054   0.002441   0  -1   -1
    2054.293570   0.998528   0.002439   0  -1   -1
    2054.293800   1.002183   0.002438   0  -1   -1
    2054.294030   1.000715   0.002443   0  -1   -1
    2054.294260   0.998125   0.002437   0  -1   -1
    2054.294500   0.998212   0.002441   0  -1   -1
    2054.294730   0.999691   0.002439   0  -1   -1
    2054.294960   1.003578   0.002444   0  -1   -1
    2054.295190   0.999773   0.002440   0  -1   -1
    2054.295420   1.001566   0.002442   0  -1   -1
    2054.295650   1.000004   0.002441   0  -1   -1
    2054.295890   0.998949   0.002441   0  -1   -1
    2054.296120   1.000768   0.002440   0  -1   -1
    2054.296350   0.997108   0.002439   0  -1   -1
    2054.296580   1.000093   0.002439   0  -1   -1
    2054.296810   1.001808   0.002442   0  -1   -1
    2054.297040   0.996980   0.002438   0  -1   -1
    2054.297270   0.998051   0.002437   0  -1   -1
    2054.297510   0.995348   0.002436   0  -1   -1
    2054.297740   0.997797   0.002443   0  -1   -1
    2054.297970   0.999044   0.002441   0  -1   -1
    2054.298200   1.002718   0.002444   0  -1   -1
    2054.298430   1.002304   0.002441   0  -1   -1
    2054.298660   0.999540   0.002442   0  -1   -1
    2054.299130   0.996919   0.002441   0  -1   -1
    2054.299360   1.002294   0.002442   0  -1   -1
    2054.299590   0.997852   0.002441   0  -1   -1
    2054.299820   1.004561   0.002445   0  -1   -1
    2054.300050   1.001214   0.002442   0  -1   -1
    2054.300280   0.998978   0.002440   0  -1   -1
    2054.300510   1.004337   0.002446   0  -1   -1
    2054.300750   1.001646   0.002444   0  -1   -1
    2054.300980   0.998530   0.002441   0  -1   -1
    2054.301210   1.003582   0.002444   0  -1   -1
    2054.301440   1.000233   0.002440   0  -1   -1
    2054.301670   1.000610   0.002441   0  -1   -1
    2054.301900   0.999633   0.002441   0  -1   -1
    2054.302130   1.003495   0.002444   0  -1   -1
    2054.302370   1.003332   0.002443   0  -1   -1
    2054.302600   1.003294   0.002444   0  -1   -1
    2054.302830   0.999946   0.002440   0  -1   -1
    2054.303060   0.998757   0.002440   0  -1   -1
    2054.303290   0.996205   0.002438   0  -1   -1
    2054.303520   1.003416   0.002445   0  -1   -1
    2054.303760   1.002189   0.002445   0  -1   -1
    2054.304220   0.997648   0.002444   0  -1   -1
    2054.304450   0.996887   0.002438   0  -1   -1
    2054.304680   1.000620   0.002442   0  -1   -1
    2054.304910   1.003598   0.002444   0  -1   -1
    2054.305140   1.001963   0.002440   0  -1   -1
    2054.305610   1.000807   0.002442   0  -1   -1
    2054.305840   0.999038   0.002443   0  -1   -1
    2054.306070   0.999275   0.002442   0  -1   -1
    2054.306300   1.002208   0.002443   0  -1   -1
    2054.306530   0.998259   0.002447   0  -1   -1
    2054.306760   1.002287   0.002443   0  -1   -1
    2054.307000   0.999432   0.002440   0  -1   -1
    2054.307230   1.002760   0.002442   0  -1   -1
    2054.307460   1.001590   0.002442   0  -1   -1
    2054.307690   1.000283   0.002440   0  -1   -1
    2054.307920   0.999967   0.002441   0  -1   -1
    2054.308150   0.999967   0.002442   0  -1   -1
    2054.308380   1.003778   0.002447   0  -1   -1
    2054.308620   0.999928   0.002439   0  -1   -1
    2054.308850   1.000277   0.002443   0  -1   -1
    2054.309310   1.001906   0.002445   0  -1   -1
    2054.309540   1.000787   0.002442   0  -1   -1
    2054.309770   0.999782   0.002443   0  -1   -1
    2054.310010   0.997769   0.002439   0  -1   -1
    2054.310240   0.999085   0.002441   0  -1   -1
    2054.310470   1.001497   0.002445   0  -1   -1
    2054.310700   1.000002   0.002440   0  -1   -1
    2054.310930   1.003717   0.002441   0  -1   -1
    2054.311160   0.996195   0.002439   0  -1   -1
    2054.311630   0.999959   0.002443   0  -1   -1
    2054.311860   0.997727   0.002440   0  -1   -1
    2054.312090   0.997690   0.002439   0  -1   -1
    2054.312320   1.001815   0.002442   0  -1   -1
    2054.312550   1.002190   0.002443   0  -1   -1
    2054.312780   0.999049   0.002441   0  -1   -1
    2054.313010   1.001456   0.002441   0  -1   -1
    2054.313250   1.003793   0.002442   0  -1   -1
    2054.313480   0.999494   0.002443   0  -1   -1
    2054.313710   0.996865   0.002438   0  -1   -1
    2054.313940   0.998963   0.002440   0  -1   -1
    2054.314170   0.997304   0.002441   0  -1   -1
    2054.314400   0.998639   0.002438   0  -1   -1
    2054.314630   1.002708   0.002443   0  -1   -1
    2054.314870   1.000605   0.002442   0  -1   -1
    2054.315100   0.999358   0.002441   0  -1   -1
    2054.315330   0.999672   0.002443   0  -1   -1
    2054.315560   1.003695   0.002443   0  -1   -1
    2054.315790   0.997229   0.002439   0  -1   -1
    2054.316020   0.995651   0.002437   0  -1   -1
    2054.316250   1.005710   0.002446   0  -1   -1
    2054.316490   1.001818   0.002439   0  -1   -1
    2054.316720   0.998224   0.002442   0  -1   -1
    2054.316950   1.001593   0.002441   0  -1   -1
    2054.317180   1.000243   0.002445   0  -1   -1
    2054.317410   1.000816   0.002440   0  -1   -1
    2054.317640   0.999408   0.002442   0  -1   -1
    2054.317880   1.002560   0.002444   0  -1   -1
    2054.318110   0.999614   0.002442   0  -1   -1
    2054.318340   1.002439   0.002441   0  -1   -1
    2054.318570   1.000015   0.002443   0  -1   -1
    2054.318800   1.000499   0.002441   0  -1   -1
    2054.319030   1.002551   0.002444   0  -1   -1
    2054.319260   0.999002   0.002440   0  -1   -1
    2054.319500   0.999442   0.002443   0  -1   -1
    2054.319730   1.004971   0.002456   0  -1   -1
    2054.319960   1.000429   0.002443   0  -1   -1
    2054.320190   0.998875   0.002440   0  -1   -1
    2054.320420   0.998107   0.002439   0  -1   -1
    2054.320650   1.000730   0.002443   0  -1   -1
    2054.320880   0.998567   0.002437   0  -1   -1
    2054.321120   1.003599   0.002445   0  -1   -1
    2054.321350   1.000433   0.002442   0  -1   -1
    2054.321810   1.002537   0.002443   0  -1   -1
    2054.322040   1.001006   0.002441   0  -1   -1
    2054.322270   0.999438   0.002440   0  -1   -1
    2054.322500   1.000489   0.002441   0  -1   -1
    2054.322740   0.998769   0.002442   0  -1   -1
    2054.322970   0.995598   0.002440   0  -1   -1
    2054.323430   0.996644   0.002439   0  -1   -1
    2054.323660   0.998181   0.002441   0  -1   -1
    2054.323890   0.995664   0.002439   0  -1   -1
    2054.324130   0.999229   0.002441   0  -1   -1
    2054.324360   1.000110   0.002441   0  -1   -1
    2054.324590   1.002925   0.002444   0  -1   -1
    2054.324820   0.996694   0.002438   0  -1   -1
    2054.325050   1.000761   0.002443   0  -1   -1
    2054.325280   0.997300   0.002436   0  -1   -1
    2054.325510   1.003191   0.002445   0  -1   -1
    2054.325750   1.001243   0.002441   0  -1   -1
    2054.325980   1.000114   0.002440   0  -1   -1
    2054.326210   0.996429   0.002440   0  -1   -1
    2054.326440   1.000690   0.002442   0  -1   -1
    2054.326670   0.997810   0.002438   0  -1   -1
    2054.326900   1.001413   0.002442   0  -1   -1
    2054.327130   1.000165   0.002442   0  -1   -1
    2054.327370   0.999492   0.002441   0  -1   -1
    2054.327600   1.000006   0.002441   0  -1   -1
    2054.327830   0.998116   0.002438   0  -1   -1
    2054.328060   1.001126   0.002444   0  -1   -1
    2054.328290   1.001192   0.002444   0  -1   -1
    2054.328750   1.000761   0.002443   0  -1   -1
    2054.328990   1.000758   0.002442   0  -1   -1
    2054.329220   1.001497   0.002441   0  -1   -1
    2054.329450   0.998544   0.002439   0  -1   -1
    2054.329680   1.001662   0.002442   0  -1   -1
    2054.329910   1.000423   0.002446   0  -1   -1
    2054.330140   0.997644   0.002438   0  -1   -1
    2054.330370   0.998038   0.002438   0  -1   -1
    2054.330610   0.999079   0.002439   0  -1   -1
    2054.330840   0.998505   0.002441   0  -1   -1
    2054.331070   0.999997   0.002444   0  -1   -1
    2054.331300   0.997684   0.002439   0  -1   -1
    2054.331530   0.997318   0.002439   0  -1   -1
    2054.331760   1.003446   0.002442   0  -1   -1
    2054.332000   0.998803   0.002440   0  -1   -1
    2054.332230   1.004765   0.002444   0  -1   -1
    2054.332460   1.001190   0.002442   0  -1   -1
    2054.332690   1.006009   0.002444   0  -1   -1
    2054.332920   0.994698   0.002434   0  -1   -1
    2054.333150   0.995660   0.002438   0  -1   -1
    2054.333380   0.997576   0.002437   0  -1   -1
    2054.333620   1.006264   0.002444   0  -1   -1
    2054.333850   1.001265   0.002442   0  -1   -1
    2054.334080   1.002429   0.002442   0  -1   -1
    2054.334310   1.000543   0.002443   0  -1   -1
    2054.334540   0.994726   0.002434   0  -1   -1
    2054.334770   0.996270   0.002442   0  -1   -1
    2054.335000   0.997957   0.002441   0  -1   -1
    2054.335240   1.000480   0.002443   0  -1   -1
    2054.335470   0.998822   0.002438   0  -1   -1
    2054.335700   0.999368   0.002440   0  -1   -1
    2054.335930   1.000705   0.002442   0  -1   -1
    2054.336160   1.002834   0.002444   0  -1   -1
    2054.336390   0.998010   0.002441   0  -1   -1
    2054.336620   1.000390   0.002442   0  -1   -1
    2054.336860   0.999596   0.002441   0  -1   -1
    2054.337090   0.998133   0.002436   0  -1   -1
    2054.337320   1.001707   0.002442   0  -1   -1
    2054.337550   0.999193   0.002441   0  -1   -1
    2054.337780   1.001024   0.002441   0  -1   -1
    2054.338010   1.001797   0.002440   0  -1   -1
    2054.338240   0.993614   0.002437   0  -1   -1
    2054.338480   1.001974   0.002441   0  -1   -1
    2054.338710   1.003454   0.002442   0  -1   -1
    2054.338940   0.998920   0.002439   0  -1   -1
    2054.339170   1.001188   0.002450   0  -1   -1
    2054.339400   0.999394   0.002440   0  -1   -1
    2054.339630   1.002912   0.002442   0  -1   -1
    2054.339870   1.002518   0.002443   0  -1   -1
    2054.340100   0.998697   0.002438   0  -1   -1
    2054.340330   1.000364   0.002441   0  -1   -1
    2054.340560   0.997102   0.002440   0  -1   -1
    2054.340790   1.000744   0.002447   0  -1   -1
    2054.341020   1.000855   0.002446   0  -1   -1
    2054.341250   1.001950   0.002440   0  -1   -1
    2054.341490   0.995236   0.002437   0  -1   -1
    2054.341720   1.002223   0.002440   0  -1   -1
    2054.341950   0.999437   0.002439   0  -1   -1
    2054.342180   1.002073   0.002442   0  -1   -1
    2054.342410   1.000910   0.002444   0  -1   -1
    2054.342640   1.003343   0.002441   0  -1   -1
    2054.342870   1.000443   0.002440   0  -1   -1
    2054.343110   0.999470   0.002441   0  -1   -1
    2054.343340   0.996296   0.002438   0  -1   -1
    2054.343570   1.000730   0.002440   0  -1   -1
    2054.343800   1.002347   0.002444   0  -1   -1
    2054.344030   1.004979   0.002447   0  -1   -1
    2054.344260   0.998301   0.002439   0  -1   -1
    2054.344490   0.996499   0.002438   0  -1   -1
    2054.344730   0.999794   0.002435   0  -1   -1
    2054.345190   0.999394   0.002442   0  -1   -1
    2054.345420   0.999651   0.002440   0  -1   -1
    2054.345650   0.999769   0.002443   0  -1   -1
    2054.345880   1.003412   0.002444   0  -1   -1
    2054.346120   1.003333   0.002443   0  -1   -1
    2054.346350   0.999901   0.002437   0  -1   -1
    2054.346580   1.001380   0.002441   0  -1   -1
    2054.346810   0.998859   0.002442   0  -1   -1
    2054.347040   0.998132   0.002441   0  -1   -1
    2054.347270   1.000219   0.002442   0  -1   -1
    2054.347500   0.998275   0.002438   0  -1   -1
    2054.347740   1.001024   0.002442   0  -1   -1
    2054.347970   1.001296   0.002443   0  -1   -1
    2054.348200   1.000012   0.002440   0  -1   -1
    2054.348430   1.001626   0.002442   0  -1   -1
    2054.348660   0.995810   0.002439   0  -1   -1
    2054.348890   0.999321   0.002440   0  -1   -1
    2054.349120   1.006583   0.002446   0  -1   -1
    2054.349590   1.001124   0.002442   0  -1   -1
    2054.349820   0.999811   0.002440   0  -1   -1
    2054.350050   0.996448   0.002439   0  -1   -1
    2054.350280   0.998338   0.002436   0  -1   -1
    2054.350510   0.998410   0.002440   0  -1   -1
    2054.350740   0.999717   0.002441   0  -1   -1
    2054.350980   1.005617   0.002442   0  -1   -1
    2054.351210   0.997184   0.002439   0  -1   -1
    2054.351440   1.001826   0.002441   0  -1   -1
    2054.351670   0.999509   0.002442   0  -1   -1
    2054.351900   0.997850   0.002438   0  -1   -1
    2054.352130   1.001184   0.002443   0  -1   -1
    2054.352360   0.998921   0.002440   0  -1   -1
    2054.352600   1.002334   0.002442   0  -1   -1
    2054.352830   1.002065   0.002441   0  -1   -1
    2054.353060   1.003143   0.002445   0  -1   -1
    2054.353290   0.999878   0.002445   0  -1   -1
    2054.353520   1.004091   0.002443   0  -1   -1
    2054.353750   0.998535   0.002439   0  -1   -1
    2054.353990   1.000096   0.002439   0  -1   -1
    2054.354220   0.995636   0.002435   0  -1   -1
    2054.354450   1.001289   0.002443   0  -1   -1
    2054.354680   0.997005   0.002438   0  -1   -1
    2054.354910   0.999385   0.002441   0  -1   -1
    2054.355140   1.000853   0.002440   0  -1   -1
    2054.355370   0.997079   0.002437   0  -1   -1
    2054.355610   1.000586   0.002440   0  -1   -1
    2054.355840   1.002929   0.002443   0  -1   -1
    2054.356070   1.004042   0.002445   0  -1   -1
    2054.356300   1.000251   0.002441   0  -1   -1
    2054.356530   0.996930   0.002440   0  -1   -1
    2054.356760   1.001071   0.002441   0  -1   -1
    2054.356990   0.995909   0.002437   0  -1   -1
    2054.357230   1.000582   0.002441   0  -1   -1
    2054.357460   1.003500   0.002444   0  -1   -1
    2054.357690   0.999463   0.002441   0  -1   -1
    2054.357920   1.001227   0.002443   0  -1   -1
    2054.358150   0.998800   0.002439   0  -1   -1
    2054.358380   1.001361   0.002443   0  -1   -1
    2054.358610   1.001476   0.002437   0  -1   -1
    2054.358850   0.999712   0.002442   0  -1   -1
    2054.359080   0.997185   0.002438   0  -1   -1
    2054.359310   0.998459   0.002438   0  -1   -1
    2054.359540   0.999857   0.002442   0  -1   -1
    2054.359770   0.999748   0.002438   0  -1   -1
    2054.360000   1.000198   0.002440   0  -1   -1
    2054.360240   1.004824   0.002444   0  -1   -1
    2054.360470   1.001819   0.002443   0  -1   -1
    2054.360700   0.999259   0.002437   0  -1   -1
    2054.360930   0.997182   0.002439   0  -1   -1
    2054.361160   1.004105   0.002443   0  -1   -1
    2054.361390   0.999095   0.002443   0  -1   -1
    2054.361620   0.996387   0.002437   0  -1   -1
    2054.361860   1.000822   0.002442   0  -1   -1
    2054.362090   0.997775   0.002438   0  -1   -1
