# time flux flux_err jitter_flag offset_flag subset
        3135.63066   0.999803   0.002531   0  -1  -1
        3135.63089   1.002714   0.002534   0  -1  -1
        3135.63112   0.997872   0.002530   0  -1  -1
        3135.63135   1.001272   0.002531   0  -1  -1
        3135.63158   1.000981   0.002535   0  -1  -1
        3135.63182   0.999826   0.002532   0  -1  -1
        3135.63205   0.998606   0.002530   0  -1  -1
        3135.63228   1.001879   0.002534   0  -1  -1
        3135.63251   0.999892   0.002528   0  -1  -1
        3135.63274   1.002952   0.002534   0  -1  -1
        3135.63297   0.996684   0.002529   0  -1  -1
        3135.63321   0.999733   0.002533   0  -1  -1
        3135.63344   1.000689   0.002532   0  -1  -1
        3135.63367   1.002522   0.002534   0  -1  -1
        3135.63390   1.001550   0.002532   0  -1  -1
        3135.63413   1.000646   0.002531   0  -1  -1
        3135.63436   1.002348   0.002535   0  -1  -1
        3135.63459   1.001704   0.002531   0  -1  -1
        3135.63483   1.003326   0.002531   0  -1  -1
        3135.63506   1.000299   0.002531   0  -1  -1
        3135.63529   0.999523   0.002533   0  -1  -1
        3135.63552   1.004561   0.002534   0  -1  -1
        3135.63575   1.000803   0.002533   0  -1  -1
        3135.63598   1.001110   0.002532   0  -1  -1
        3135.63621   1.005131   0.002538   0  -1  -1
        3135.63645   1.003775   0.002535   0  -1  -1
        3135.63668   1.004053   0.002535   0  -1  -1
        3135.63714   1.000427   0.002530   0  -1  -1
        3135.63737   1.000943   0.002533   0  -1  -1
        3135.63783   0.996592   0.002528   0  -1  -1
        3135.63807   0.997777   0.002532   0  -1  -1
        3135.63830   1.001888   0.002533   0  -1  -1
        3135.63853   0.999650   0.002531   0  -1  -1
        3135.63876   1.002572   0.002537   0  -1  -1
        3135.63899   1.003114   0.002536   0  -1  -1
        3135.63922   0.996611   0.002529   0  -1  -1
        3135.63946   0.999616   0.002544   0  -1  -1
        3135.63969   0.998651   0.002531   0  -1  -1
        3135.63992   0.997437   0.002530   0  -1  -1
        3135.64015   1.001106   0.002532   0  -1  -1
        3135.64038   0.998484   0.002532   0  -1  -1
        3135.64061   0.998535   0.002532   0  -1  -1
        3135.64084   0.999166   0.002536   0  -1  -1
        3135.64108   1.001635   0.002536   0  -1  -1
        3135.64131   0.999727   0.002532   0  -1  -1
        3135.64154   1.003201   0.002535   0  -1  -1
        3135.64177   0.999770   0.002530   0  -1  -1
        3135.64200   1.004501   0.002535   0  -1  -1
        3135.64223   1.001479   0.002536   0  -1  -1
        3135.64246   0.998366   0.002534   0  -1  -1
        3135.64270   1.000467   0.002534   0  -1  -1
        3135.64293   1.004267   0.002537   0  -1  -1
        3135.64316   0.996130   0.002531   0  -1  -1
        3135.64339   0.999032   0.002535   0  -1  -1
        3135.64362   1.000662   0.002533   0  -1  -1
        3135.64385   1.002173   0.002533   0  -1  -1
        3135.64408   0.998800   0.002534   0  -1  -1
        3135.64432   0.996213   0.002531   0  -1  -1
        3135.64455   1.005932   0.002537   0  -1  -1
        3135.64478   0.996554   0.002532   0  -1  -1
        3135.64501   1.004153   0.002538   0  -1  -1
        3135.64524   1.000327   0.002534   0  -1  -1
        3135.64547   0.998475   0.002533   0  -1  -1
        3135.64571   1.000632   0.002535   0  -1  -1
        3135.64594   0.998398   0.002533   0  -1  -1
        3135.64617   0.994627   0.002530   0  -1  -1
        3135.64640   1.002472   0.002535   0  -1  -1
        3135.64663   1.004100   0.002537   0  -1  -1
        3135.64686   1.001534   0.002534   0  -1  -1
        3135.64709   1.000818   0.002535   0  -1  -1
        3135.64733   1.001283   0.002537   0  -1  -1
        3135.64756   0.997453   0.002534   0  -1  -1
        3135.64779   0.998267   0.002533   0  -1  -1
        3135.64802   0.997871   0.002532   0  -1  -1
        3135.64825   1.004352   0.002536   0  -1  -1
        3135.64848   0.999364   0.002534   0  -1  -1
        3135.64871   1.000462   0.002533   0  -1  -1
        3135.64895   1.000295   0.002534   0  -1  -1
        3135.64918   0.999231   0.002531   0  -1  -1
        3135.64964   0.999502   0.002532   0  -1  -1
        3135.64987   0.997930   0.002534   0  -1  -1
        3135.65010   1.005956   0.002538   0  -1  -1
        3135.65033   1.002838   0.002539   0  -1  -1
        3135.65057   1.004239   0.002536   0  -1  -1
        3135.65080   0.998117   0.002535   0  -1  -1
        3135.65103   0.999805   0.002532   0  -1  -1
        3135.65126   1.004316   0.002537   0  -1  -1
        3135.65149   1.001267   0.002535   0  -1  -1
        3135.65172   0.999802   0.002534   0  -1  -1
        3135.65196   0.999629   0.002535   0  -1  -1
        3135.65219   0.999171   0.002540   0  -1  -1
        3135.65242   1.003904   0.002536   0  -1  -1
        3135.65265   1.002005   0.002536   0  -1  -1
        3135.65288   0.998971   0.002536   0  -1  -1
        3135.65311   1.001847   0.002536   0  -1  -1
        3135.65334   1.003127   0.002537   0  -1  -1
        3135.65358   1.006985   0.002541   0  -1  -1
        3135.65381   1.002414   0.002539   0  -1  -1
        3135.65404   1.001723   0.002538   0  -1  -1
        3135.65427   1.002189   0.002536   0  -1  -1
        3135.65450   1.003121   0.002538   0  -1  -1
        3135.65473   1.003859   0.002539   0  -1  -1
        3135.65496   1.002081   0.002537   0  -1  -1
        3135.65520   1.003296   0.002539   0  -1  -1
        3135.65543   1.004361   0.002537   0  -1  -1
        3135.65566   1.003460   0.002539   0  -1  -1
        3135.65589   1.004046   0.002550   0  -1  -1
        3135.65612   1.003090   0.002538   0  -1  -1
        3135.65635   0.999770   0.002537   0  -1  -1
        3135.65658   1.004129   0.002539   0  -1  -1
        3135.65682   0.999454   0.002533   0  -1  -1
        3135.65705   0.998645   0.002536   0  -1  -1
        3135.65728   1.004816   0.002539   0  -1  -1
        3135.65751   0.998817   0.002534   0  -1  -1
        3135.65774   1.001807   0.002535   0  -1  -1
        3135.65797   0.997726   0.002535   0  -1  -1
        3135.65820   1.001586   0.002536   0  -1  -1
        3135.65844   1.001324   0.002537   0  -1  -1
        3135.65867   1.002314   0.002537   0  -1  -1
        3135.65890   1.003029   0.002538   0  -1  -1
        3135.65913   1.001560   0.002537   0  -1  -1
        3135.65936   1.001095   0.002535   0  -1  -1
        3135.65959   1.002727   0.002537   0  -1  -1
        3135.66006   1.002858   0.002540   0  -1  -1
        3135.66029   1.003073   0.002538   0  -1  -1
        3135.66052   1.000503   0.002536   0  -1  -1
        3135.66075   1.002270   0.002537   0  -1  -1
        3135.66098   0.996575   0.002532   0  -1  -1
        3135.66121   0.998746   0.002535   0  -1  -1
        3135.66145   1.003529   0.002539   0  -1  -1
        3135.66168   1.001451   0.002538   0  -1  -1
        3135.66191   1.000996   0.002537   0  -1  -1
        3135.66214   1.001979   0.002538   0  -1  -1
        3135.66237   1.001155   0.002537   0  -1  -1
        3135.66260   0.996456   0.002533   0  -1  -1
        3135.66283   0.998707   0.002538   0  -1  -1
        3135.66307   1.004120   0.002538   0  -1  -1
        3135.66330   1.003108   0.002539   0  -1  -1
        3135.66353   1.000434   0.002537   0  -1  -1
        3135.66376   1.000753   0.002536   0  -1  -1
        3135.66399   1.002146   0.002537   0  -1  -1
        3135.66422   1.003050   0.002539   0  -1  -1
        3135.66445   1.000960   0.002539   0  -1  -1
        3135.66469   0.999009   0.002536   0  -1  -1
        3135.66492   1.002124   0.002538   0  -1  -1
        3135.66515   1.001837   0.002537   0  -1  -1
        3135.66538   0.999673   0.002539   0  -1  -1
        3135.66561   1.001446   0.002536   0  -1  -1
        3135.66584   1.007254   0.002541   0  -1  -1
        3135.66608   1.000005   0.002537   0  -1  -1
        3135.66631   1.007169   0.002542   0  -1  -1
        3135.66654   0.997914   0.002534   0  -1  -1
        3135.66677   0.997827   0.002534   0  -1  -1
        3135.66700   0.998328   0.002537   0  -1  -1
        3135.66723   1.000460   0.002538   0  -1  -1
        3135.66746   1.001430   0.002538   0  -1  -1
        3135.66770   0.995892   0.002535   0  -1  -1
        3135.66816   0.998340   0.002536   0  -1  -1
        3135.66839   1.004144   0.002539   0  -1  -1
        3135.66862   1.004154   0.002541   0  -1  -1
        3135.66885   1.004407   0.002540   0  -1  -1
        3135.66908   1.000730   0.002538   0  -1  -1
        3135.66932   0.997361   0.002534   0  -1  -1
        3135.66955   1.006021   0.002540   0  -1  -1
        3135.66978   0.996840   0.002532   0  -1  -1
        3135.67001   1.004453   0.002541   0  -1  -1
        3135.67024   0.995837   0.002535   0  -1  -1
        3135.67047   1.004751   0.002541   0  -1  -1
        3135.67070   1.000382   0.002539   0  -1  -1
        3135.67094   1.006430   0.002540   0  -1  -1
        3135.67117   0.999217   0.002535   0  -1  -1
        3135.67140   0.997122   0.002535   0  -1  -1
        3135.67163   0.994973   0.002536   0  -1  -1
        3135.67186   0.996784   0.002535   0  -1  -1
        3135.67209   1.006473   0.002541   0  -1  -1
        3135.67233   1.000371   0.002538   0  -1  -1
        3135.67256   0.999172   0.002535   0  -1  -1
        3135.67279   1.002354   0.002538   0  -1  -1
        3135.67302   1.000073   0.002538   0  -1  -1
        3135.67325   0.996914   0.002533   0  -1  -1
        3135.67348   0.999035   0.002537   0  -1  -1
        3135.67371   1.000312   0.002539   0  -1  -1
        3135.67395   0.999716   0.002536   0  -1  -1
        3135.67418   0.996141   0.002534   0  -1  -1
        3135.67441   1.003138   0.002539   0  -1  -1
        3135.67464   1.000473   0.002537   0  -1  -1
        3135.67487   0.999451   0.002537   0  -1  -1
        3135.67510   1.004159   0.002540   0  -1  -1
        3135.67533   0.999617   0.002537   0  -1  -1
        3135.67557   0.999567   0.002538   0  -1  -1
        3135.67580   1.000708   0.002540   0  -1  -1
        3135.67603   1.002224   0.002538   0  -1  -1
        3135.67626   0.997276   0.002536   0  -1  -1
        3135.67649   0.999873   0.002539   0  -1  -1
        3135.67695   1.002786   0.002540   0  -1  -1
        3135.67719   0.999696   0.002537   0  -1  -1
        3135.67742   0.995351   0.002530   0  -1  -1
        3135.67765   1.002996   0.002541   0  -1  -1
        3135.67788   1.000176   0.002536   0  -1  -1
        3135.67811   0.997419   0.002539   0  -1  -1
        3135.67834   0.999525   0.002537   0  -1  -1
        3135.67858   1.001768   0.002539   0  -1  -1
        3135.67904   1.001829   0.002540   0  -1  -1
        3135.67927   0.999226   0.002539   0  -1  -1
        3135.67950   0.998587   0.002535   0  -1  -1
        3135.67973   0.999614   0.002538   0  -1  -1
        3135.67996   0.999619   0.002537   0  -1  -1
        3135.68020   0.996611   0.002535   0  -1  -1
        3135.68043   1.000631   0.002539   0  -1  -1
        3135.68066   0.996004   0.002535   0  -1  -1
        3135.68089   0.996558   0.002534   0  -1  -1
        3135.68112   1.000570   0.002540   0  -1  -1
        3135.68135   0.995256   0.002533   0  -1  -1
        3135.68158   1.000780   0.002539   0  -1  -1
        3135.68182   0.999160   0.002535   0  -1  -1
        3135.68205   0.999894   0.002536   0  -1  -1
        3135.68228   1.002214   0.002543   0  -1  -1
        3135.68251   1.002024   0.002542   0  -1  -1
        3135.68274   1.002616   0.002541   0  -1  -1
        3135.68297   0.997128   0.002537   0  -1  -1
        3135.68320   1.001928   0.002542   0  -1  -1
        3135.68344   1.001486   0.002542   0  -1  -1
        3135.68367   1.000082   0.002539   0  -1  -1
        3135.68390   1.003306   0.002541   0  -1  -1
        3135.68413   1.001361   0.002539   0  -1  -1
        3135.68436   1.000830   0.002540   0  -1  -1
        3135.68459   1.002301   0.002541   0  -1  -1
        3135.68483   1.004108   0.002543   0  -1  -1
        3135.68506   1.000428   0.002541   0  -1  -1
        3135.68529   1.004301   0.002542   0  -1  -1
        3135.68552   0.998297   0.002538   0  -1  -1
        3135.68575   1.002915   0.002540   0  -1  -1
        3135.68598   0.998088   0.002536   0  -1  -1
        3135.68621   0.998167   0.002538   0  -1  -1
        3135.68645   1.000252   0.002537   0  -1  -1
        3135.68668   1.003144   0.002546   0  -1  -1
        3135.68691   0.998208   0.002537   0  -1  -1
        3135.68714   1.002235   0.002542   0  -1  -1
        3135.68737   0.996915   0.002537   0  -1  -1
        3135.68760   1.000993   0.002537   0  -1  -1
        3135.68807   0.999086   0.002540   0  -1  -1
        3135.68830   0.997618   0.002539   0  -1  -1
        3135.68853   0.999481   0.002540   0  -1  -1
        3135.68876   1.003722   0.002544   0  -1  -1
        3135.68899   1.002864   0.002542   0  -1  -1
        3135.68922   1.005251   0.002543   0  -1  -1
        3135.68945   1.002604   0.002540   0  -1  -1
        3135.68969   1.003746   0.002542   0  -1  -1
        3135.68992   1.001746   0.002542   0  -1  -1
        3135.69015   1.002148   0.002542   0  -1  -1
        3135.69038   1.001140   0.002540   0  -1  -1
        3135.69061   1.000786   0.002540   0  -1  -1
        3135.69084   0.998055   0.002540   0  -1  -1
        3135.69108   1.006981   0.002545   0  -1  -1
        3135.69131   0.997989   0.002538   0  -1  -1
        3135.69154   0.996582   0.002552   0  -1  -1
        3135.69177   0.992274   0.002533   0  -1  -1
        3135.69200   1.000234   0.002540   0  -1  -1
        3135.69223   0.998421   0.002537   0  -1  -1
        3135.69246   1.004434   0.002542   0  -1  -1
        3135.69270   0.998337   0.002540   0  -1  -1
        3135.69293   1.002826   0.002540   0  -1  -1
        3135.69316   1.006279   0.002545   0  -1  -1
        3135.69339   1.000833   0.002543   0  -1  -1
        3135.69362   1.005155   0.002543   0  -1  -1
        3135.69385   1.002954   0.002541   0  -1  -1
        3135.69432   0.996830   0.002536   0  -1  -1
        3135.69455   1.001317   0.002539   0  -1  -1
        3135.69478   0.999894   0.002542   0  -1  -1
        3135.69501   0.999707   0.002541   0  -1  -1
        3135.69524   0.997752   0.002541   0  -1  -1
        3135.69547   1.001547   0.002543   0  -1  -1
        3135.69570   0.998652   0.002545   0  -1  -1
        3135.69594   1.002146   0.002539   0  -1  -1
        3135.69617   1.001131   0.002542   0  -1  -1
        3135.69640   1.001484   0.002543   0  -1  -1
        3135.69663   1.000231   0.002541   0  -1  -1
        3135.69686   1.001016   0.002540   0  -1  -1
        3135.69733   1.003017   0.002546   0  -1  -1
        3135.69756   1.002851   0.002542   0  -1  -1
        3135.69779   1.000955   0.002542   0  -1  -1
        3135.69802   0.998203   0.002539   0  -1  -1
        3135.69825   0.998648   0.002542   0  -1  -1
        3135.69848   0.997119   0.002538   0  -1  -1
        3135.69871   0.999503   0.002538   0  -1  -1
        3135.69895   1.001922   0.002541   0  -1  -1
        3135.69918   1.006173   0.002545   0  -1  -1
        3135.69964   1.000160   0.002539   0  -1  -1
        3135.69987   1.001379   0.002540   0  -1  -1
        3135.70010   1.000363   0.002540   0  -1  -1
        3135.70033   1.003450   0.002543   0  -1  -1
        3135.70057   0.998517   0.002539   0  -1  -1
        3135.70080   1.001166   0.002542   0  -1  -1
        3135.70103   1.003097   0.002544   0  -1  -1
        3135.70126   0.994154   0.002538   0  -1  -1
        3135.70149   1.001328   0.002541   0  -1  -1
        3135.70172   1.001020   0.002544   0  -1  -1
        3135.70195   0.999271   0.002543   0  -1  -1
        3135.70219   1.000815   0.002540   0  -1  -1
        3135.70242   0.997724   0.002539   0  -1  -1
        3135.70265   1.000683   0.002544   0  -1  -1
        3135.70288   1.006582   0.002545   0  -1  -1
        3135.70311   1.000525   0.002541   0  -1  -1
        3135.70334   0.998301   0.002538   0  -1  -1
        3135.70357   1.000124   0.002543   0  -1  -1
        3135.70381   0.999083   0.002540   0  -1  -1
        3135.70427   1.000806   0.002541   0  -1  -1
        3135.70450   0.997405   0.002543   0  -1  -1
        3135.70473   1.002489   0.002544   0  -1  -1
        3135.70496   0.999841   0.002543   0  -1  -1
        3135.70520   0.998226   0.002540   0  -1  -1
        3135.70543   0.996199   0.002537   0  -1  -1
        3135.70566   0.999511   0.002539   0  -1  -1
        3135.70589   0.996143   0.002539   0  -1  -1
        3135.70612   0.998830   0.002540   0  -1  -1
        3135.70635   1.000966   0.002543   0  -1  -1
        3135.70658   1.003611   0.002543   0  -1  -1
        3135.70682   0.999677   0.002540   0  -1  -1
        3135.70705   0.996540   0.002538   0  -1  -1
        3135.70728   0.999010   0.002542   0  -1  -1
        3135.70751   1.005655   0.002546   0  -1  -1
        3135.70774   0.998086   0.002541   0  -1  -1
        3135.70797   0.999592   0.002543   0  -1  -1
        3135.70820   1.001053   0.002541   0  -1  -1
        3135.70844   1.001024   0.002542   0  -1  -1
        3135.70867   1.000827   0.002543   0  -1  -1
        3135.70890   0.994570   0.002536   0  -1  -1
        3135.70913   1.002561   0.002543   0  -1  -1
        3135.70936   1.003127   0.002545   0  -1  -1
        3135.70959   0.998851   0.002542   0  -1  -1
        3135.70982   1.007140   0.002549   0  -1  -1
        3135.71006   0.996015   0.002539   0  -1  -1
        3135.71029   1.003171   0.002544   0  -1  -1
        3135.71052   1.001027   0.002543   0  -1  -1
        3135.71075   0.995975   0.002537   0  -1  -1
        3135.71098   1.002380   0.002543   0  -1  -1
        3135.71121   1.003379   0.002546   0  -1  -1
        3135.71145   1.000011   0.002541   0  -1  -1
        3135.71168   1.002095   0.002544   0  -1  -1
        3135.71191   1.003082   0.002545   0  -1  -1
        3135.71214   1.004064   0.002544   0  -1  -1
        3135.71237   1.003785   0.002548   0  -1  -1
        3135.71260   1.005525   0.002547   0  -1  -1
        3135.71283   1.000645   0.002542   0  -1  -1
        3135.71307   0.998924   0.002542   0  -1  -1
        3135.71330   1.002752   0.002545   0  -1  -1
        3135.71376   0.996794   0.002539   0  -1  -1
        3135.71399   0.996143   0.002539   0  -1  -1
        3135.71422   1.003287   0.002545   0  -1  -1
        3135.71445   0.999188   0.002549   0  -1  -1
        3135.71469   1.000830   0.002544   0  -1  -1
        3135.71492   1.000190   0.002544   0  -1  -1
        3135.71515   0.998458   0.002539   0  -1  -1
        3135.71538   1.001866   0.002546   0  -1  -1
        3135.71561   0.998463   0.002542   0  -1  -1
        3135.71584   0.997865   0.002542   0  -1  -1
        3135.71607   1.001749   0.002542   0  -1  -1
        3135.71631   1.002891   0.002545   0  -1  -1
        3135.71654   1.002782   0.002545   0  -1  -1
        3135.71677   0.996750   0.002540   0  -1  -1
        3135.71700   0.998309   0.002543   0  -1  -1
        3135.71723   1.001810   0.002543   0  -1  -1
        3135.71746   1.002715   0.002545   0  -1  -1
        3135.71770   0.998514   0.002542   0  -1  -1
        3135.71793   1.003810   0.002547   0  -1  -1
        3135.71816   1.000145   0.002542   0  -1  -1
        3135.71839   1.001717   0.002545   0  -1  -1
        3135.71862   0.995669   0.002541   0  -1  -1
        3135.71885   1.004112   0.002548   0  -1  -1
        3135.71908   1.001210   0.002544   0  -1  -1
        3135.71932   1.000723   0.002544   0  -1  -1
        3135.71955   1.002847   0.002547   0  -1  -1
        3135.71978   0.998322   0.002543   0  -1  -1
        3135.72001   0.999733   0.002544   0  -1  -1
        3135.72024   1.001510   0.002543   0  -1  -1
        3135.72047   1.005931   0.002547   0  -1  -1
        3135.72070   0.996553   0.002542   0  -1  -1
        3135.72094   1.002288   0.002542   0  -1  -1
        3135.72117   0.998146   0.002542   0  -1  -1
        3135.72163   1.000682   0.002544   0  -1  -1
        3135.72186   0.996078   0.002540   0  -1  -1
        3135.72209   1.014890   0.002559   0  -1  -1
        3135.72232   1.002577   0.002547   0  -1  -1
        3135.72256   1.003563   0.002546   0  -1  -1
        3135.72279   0.996100   0.002541   0  -1  -1
        3135.72302   1.001039   0.002544   0  -1  -1
        3135.72325   1.002488   0.002547   0  -1  -1
        3135.72348   0.999285   0.002543   0  -1  -1
        3135.72371   1.005824   0.002547   0  -1  -1
        3135.72395   1.002186   0.002547   0  -1  -1
        3135.72418   0.999891   0.002542   0  -1  -1
        3135.72441   1.003035   0.002547   0  -1  -1
        3135.72464   0.999130   0.002543   0  -1  -1
        3135.72487   1.002741   0.002546   0  -1  -1
        3135.72510   1.000641   0.002545   0  -1  -1
        3135.72533   0.998507   0.002552   0  -1  -1
        3135.72557   1.000771   0.002545   0  -1  -1
        3135.72580   1.001696   0.002544   0  -1  -1
        3135.72603   1.000803   0.002546   0  -1  -1
        3135.72626   0.999615   0.002545   0  -1  -1
        3135.72649   0.999675   0.002544   0  -1  -1
        3135.72672   0.995978   0.002541   0  -1  -1
        3135.72695   1.001338   0.002544   0  -1  -1
        3135.72719   1.002318   0.002546   0  -1  -1
        3135.72742   0.998373   0.002545   0  -1  -1
        3135.72765   1.001763   0.002549   0  -1  -1
        3135.72788   1.003530   0.002545   0  -1  -1
        3135.72811   1.007238   0.002550   0  -1  -1
        3135.72834   0.996629   0.002543   0  -1  -1
        3135.72857   1.004615   0.002547   0  -1  -1
        3135.72881   1.000297   0.002547   0  -1  -1
        3135.72904   1.003385   0.002546   0  -1  -1
        3135.72927   1.005190   0.002549   0  -1  -1
        3135.72950   1.000719   0.002545   0  -1  -1
        3135.72973   0.997972   0.002544   0  -1  -1
        3135.72996   0.998975   0.002541   0  -1  -1
        3135.73020   1.002091   0.002545   0  -1  -1
        3135.73043   0.997935   0.002543   0  -1  -1
        3135.73066   1.000926   0.002546   0  -1  -1
        3135.73089   0.999332   0.002547   0  -1  -1
        3135.73112   1.002993   0.002547   0  -1  -1
        3135.73135   1.002022   0.002546   0  -1  -1
        3135.73158   1.000019   0.002547   0  -1  -1
        3135.73182   0.998192   0.002545   0  -1  -1
        3135.73205   1.001462   0.002546   0  -1  -1
        3135.73228   0.997449   0.002542   0  -1  -1
        3135.73251   1.000477   0.002547   0  -1  -1
        3135.73274   0.999543   0.002542   0  -1  -1
        3135.73297   1.001580   0.002546   0  -1  -1
        3135.73320   1.001854   0.002547   0  -1  -1
        3135.73344   1.001102   0.002548   0  -1  -1
        3135.73367   1.004008   0.002547   0  -1  -1
        3135.73390   0.998484   0.002550   0  -1  -1
        3135.73413   1.008159   0.002550   0  -1  -1
        3135.73436   1.005727   0.002551   0  -1  -1
        3135.73459   1.001270   0.002545   0  -1  -1
        3135.73482   1.000894   0.002548   0  -1  -1
        3135.73506   1.002069   0.002549   0  -1  -1
        3135.73529   0.998907   0.002545   0  -1  -1
        3135.73552   1.001942   0.002549   0  -1  -1
        3135.73575   1.004178   0.002548   0  -1  -1
        3135.73598   0.999316   0.002544   0  -1  -1
        3135.73621   0.999275   0.002547   0  -1  -1
        3135.73645   0.999610   0.002545   0  -1  -1
        3135.73668   1.003230   0.002546   0  -1  -1
        3135.73691   0.999570   0.002546   0  -1  -1
        3135.73714   1.004435   0.002548   0  -1  -1
        3135.73737   1.004945   0.002551   0  -1  -1
        3135.73760   1.002932   0.002549   0  -1  -1
        3135.73783   1.001159   0.002549   0  -1  -1
        3135.73807   1.006407   0.002551   0  -1  -1
        3135.73830   0.999180   0.002545   0  -1  -1
        3135.73853   1.000270   0.002546   0  -1  -1
        3135.73876   1.004609   0.002547   0  -1  -1
        3135.73899   1.000075   0.002546   0  -1  -1
        3135.73922   1.002566   0.002547   0  -1  -1
        3135.73945   1.001237   0.002551   0  -1  -1
        3135.73969   0.998774   0.002545   0  -1  -1
        3135.73992   0.997477   0.002543   0  -1  -1
        3135.74015   1.003067   0.002549   0  -1  -1
        3135.74038   1.003021   0.002548   0  -1  -1
        3135.74061   0.997623   0.002543   0  -1  -1
        3135.74084   0.998884   0.002546   0  -1  -1
        3135.74107   1.010096   0.002553   0  -1  -1
        3135.74154   1.003901   0.002549   0  -1  -1
        3135.74177   0.997308   0.002547   0  -1  -1
        3135.74200   1.000262   0.002549   0  -1  -1
        3135.74223   1.000242   0.002547   0  -1  -1
        3135.74246   0.995755   0.002545   0  -1  -1
        3135.74269   0.995428   0.002544   0  -1  -1
        3135.74293   1.006521   0.002551   0  -1  -1
        3135.74316   1.002891   0.002549   0  -1  -1
        3135.74339   0.996756   0.002544   0  -1  -1
        3135.74362   1.005162   0.002550   0  -1  -1
        3135.74385   1.000749   0.002548   0  -1  -1
        3135.74408   0.995846   0.002547   0  -1  -1
        3135.74432   1.005032   0.002551   0  -1  -1
        3135.74455   0.997923   0.002546   0  -1  -1
        3135.74478   1.003660   0.002549   0  -1  -1
        3135.74501   1.004863   0.002549   0  -1  -1
        3135.74547   0.998443   0.002546   0  -1  -1
        3135.74570   1.005207   0.002549   0  -1  -1
        3135.74594   0.998788   0.002548   0  -1  -1
        3135.74617   0.997364   0.002544   0  -1  -1
        3135.74640   1.003719   0.002549   0  -1  -1
        3135.74663   0.999651   0.002546   0  -1  -1
        3135.74686   0.998826   0.002545   0  -1  -1
        3135.74709   1.002835   0.002548   0  -1  -1
        3135.74732   1.003963   0.002551   0  -1  -1
        3135.74756   1.000023   0.002546   0  -1  -1
        3135.74779   0.996760   0.002546   0  -1  -1
        3135.74802   0.998897   0.002546   0  -1  -1
        3135.74825   0.999801   0.002547   0  -1  -1
        3135.74848   1.004504   0.002551   0  -1  -1
        3135.74871   1.002548   0.002550   0  -1  -1
        3135.74894   0.999434   0.002548   0  -1  -1
        3135.74918   1.000991   0.002550   0  -1  -1
        3135.74941   0.997235   0.002546   0  -1  -1
        3135.74964   1.000051   0.002544   0  -1  -1
        3135.74987   1.001259   0.002546   0  -1  -1
        3135.75010   0.995986   0.002546   0  -1  -1
        3135.75057   0.996766   0.002545   0  -1  -1
        3135.75080   1.004726   0.002552   0  -1  -1
        3135.75103   1.004021   0.002551   0  -1  -1
        3135.75126   0.997035   0.002546   0  -1  -1
        3135.75149   1.003216   0.002549   0  -1  -1
        3135.75195   0.998846   0.002547   0  -1  -1
        3135.75219   0.998838   0.002546   0  -1  -1
        3135.75242   0.996181   0.002546   0  -1  -1
        3135.75265   1.003757   0.002551   0  -1  -1
        3135.75288   1.001144   0.002550   0  -1  -1
        3135.75311   1.001495   0.002549   0  -1  -1
        3135.75357   1.003011   0.002551   0  -1  -1
        3135.75381   0.997207   0.002545   0  -1  -1
        3135.75404   0.994889   0.002544   0  -1  -1
        3135.75427   0.997466   0.002546   0  -1  -1
        3135.75450   0.998294   0.002547   0  -1  -1
        3135.75473   0.997416   0.002544   0  -1  -1
        3135.75496   0.997203   0.002546   0  -1  -1
        3135.75519   0.993198   0.002543   0  -1  -1
        3135.75543   0.997250   0.002547   0  -1  -1
        3135.75566   0.997226   0.002544   0  -1  -1
        3135.75589   0.992384   0.002540   0  -1  -1
        3135.75612   0.992050   0.002544   0  -1  -1
        3135.75635   0.995857   0.002545   0  -1  -1
        3135.75658   0.993819   0.002544   0  -1  -1
        3135.75682   0.998070   0.002548   0  -1  -1
        3135.75705   0.997627   0.002547   0  -1  -1
        3135.75728   0.993295   0.002545   0  -1  -1
        3135.75751   0.996511   0.002547   0  -1  -1
        3135.75774   0.997145   0.002546   0  -1  -1
        3135.75797   0.994351   0.002545   0  -1  -1
        3135.75820   0.994446   0.002545   0  -1  -1
        3135.75844   0.996181   0.002544   0  -1  -1
        3135.75867   0.987326   0.002539   0  -1  -1
        3135.75890   0.993481   0.002544   0  -1  -1
        3135.75913   0.993376   0.002543   0  -1  -1
        3135.75936   0.993702   0.002544   0  -1  -1
        3135.75959   0.994883   0.002545   0  -1  -1
        3135.75982   0.992494   0.002544   0  -1  -1
        3135.76006   0.991965   0.002543   0  -1  -1
        3135.76029   0.991679   0.002542   0  -1  -1
        3135.76052   0.998485   0.002549   0  -1  -1
        3135.76075   0.992380   0.002544   0  -1  -1
        3135.76098   0.992726   0.002545   0  -1  -1
        3135.76121   0.994011   0.002545   0  -1  -1
        3135.76144   0.992242   0.002544   0  -1  -1
        3135.76168   0.991491   0.002543   0  -1  -1
        3135.76191   0.988960   0.002543   0  -1  -1
        3135.76214   0.994369   0.002545   0  -1  -1
        3135.76237   0.991510   0.002543   0  -1  -1
        3135.76260   0.988871   0.002541   0  -1  -1
        3135.76283   0.994084   0.002544   0  -1  -1
        3135.76307   0.988852   0.002539   0  -1  -1
        3135.76330   0.991138   0.002542   0  -1  -1
        3135.76353   0.989206   0.002541   0  -1  -1
        3135.76376   0.994098   0.002545   0  -1  -1
        3135.76399   0.992789   0.002542   0  -1  -1
        3135.76422   0.995691   0.002545   0  -1  -1
        3135.76445   0.988339   0.002543   0  -1  -1
        3135.76469   0.990546   0.002541   0  -1  -1
        3135.76492   0.992805   0.002543   0  -1  -1
        3135.76515   0.992963   0.002545   0  -1  -1
        3135.76538   0.986928   0.002538   0  -1  -1
        3135.76561   0.988999   0.002547   0  -1  -1
        3135.76584   0.988042   0.002543   0  -1  -1
        3135.76607   0.993621   0.002545   0  -1  -1
        3135.76631   0.987375   0.002540   0  -1  -1
        3135.76654   0.990576   0.002542   0  -1  -1
        3135.76677   0.989393   0.002541   0  -1  -1
        3135.76700   0.991143   0.002544   0  -1  -1
        3135.76723   0.991259   0.002543   0  -1  -1
        3135.76746   0.990881   0.002541   0  -1  -1
        3135.76769   0.989452   0.002542   0  -1  -1
        3135.76793   0.989822   0.002542   0  -1  -1
        3135.76816   0.986283   0.002540   0  -1  -1
        3135.76839   0.985658   0.002539   0  -1  -1
        3135.76862   0.993596   0.002545   0  -1  -1
        3135.76885   0.989436   0.002541   0  -1  -1
        3135.76908   0.989946   0.002542   0  -1  -1
        3135.76932   0.986073   0.002542   0  -1  -1
        3135.76955   0.985689   0.002537   0  -1  -1
        3135.76978   0.987560   0.002545   0  -1  -1
        3135.77001   0.989009   0.002545   0  -1  -1
        3135.77024   0.989642   0.002542   0  -1  -1
        3135.77047   0.990155   0.002542   0  -1  -1
        3135.77070   0.984267   0.002539   0  -1  -1
        3135.77094   0.987785   0.002541   0  -1  -1
        3135.77117   0.985524   0.002538   0  -1  -1
        3135.77140   0.988985   0.002542   0  -1  -1
        3135.77163   0.991058   0.002542   0  -1  -1
        3135.77186   0.992962   0.002543   0  -1  -1
        3135.77209   0.987704   0.002541   0  -1  -1
        3135.77232   0.985980   0.002542   0  -1  -1
        3135.77256   0.989308   0.002540   0  -1  -1
        3135.77302   0.984605   0.002537   0  -1  -1
        3135.77325   0.989584   0.002541   0  -1  -1
        3135.77348   0.984972   0.002539   0  -1  -1
        3135.77371   0.982271   0.002537   0  -1  -1
        3135.77394   0.986108   0.002541   0  -1  -1
        3135.77418   0.986501   0.002539   0  -1  -1
        3135.77441   0.987504   0.002544   0  -1  -1
        3135.77464   0.987048   0.002539   0  -1  -1
        3135.77487   0.987159   0.002541   0  -1  -1
        3135.77510   0.987002   0.002543   0  -1  -1
        3135.77557   0.984931   0.002541   0  -1  -1
        3135.77580   0.985870   0.002540   0  -1  -1
        3135.77603   0.989074   0.002544   0  -1  -1
        3135.77626   0.987030   0.002542   0  -1  -1
        3135.77649   0.982745   0.002538   0  -1  -1
        3135.77672   0.984132   0.002542   0  -1  -1
        3135.77695   0.983343   0.002538   0  -1  -1
        3135.77719   0.985735   0.002540   0  -1  -1
        3135.77742   0.986573   0.002539   0  -1  -1
        3135.77765   0.984996   0.002541   0  -1  -1
        3135.77788   0.984580   0.002540   0  -1  -1
        3135.77811   0.985755   0.002540   0  -1  -1
        3135.77834   0.982457   0.002540   0  -1  -1
        3135.77857   0.986716   0.002542   0  -1  -1
        3135.77881   0.984888   0.002539   0  -1  -1
        3135.77904   0.986634   0.002541   0  -1  -1
        3135.77927   0.985381   0.002540   0  -1  -1
        3135.77950   0.986098   0.002543   0  -1  -1
        3135.77973   0.985930   0.002542   0  -1  -1
        3135.77996   0.982646   0.002539   0  -1  -1
        3135.78019   0.984868   0.002542   0  -1  -1
        3135.78043   0.985331   0.002544   0  -1  -1
        3135.78066   0.987332   0.002543   0  -1  -1
        3135.78089   0.983573   0.002542   0  -1  -1
        3135.78112   0.979407   0.002536   0  -1  -1
        3135.78135   0.982852   0.002540   0  -1  -1
        3135.78158   0.982051   0.002538   0  -1  -1
        3135.78182   0.986007   0.002549   0  -1  -1
        3135.78205   0.981322   0.002538   0  -1  -1
        3135.78228   0.984985   0.002540   0  -1  -1
        3135.78251   0.984745   0.002542   0  -1  -1
        3135.78274   0.982035   0.002540   0  -1  -1
        3135.78297   0.987367   0.002541   0  -1  -1
        3135.78320   0.986682   0.002541   0  -1  -1
        3135.78344   0.982882   0.002539   0  -1  -1
        3135.78367   0.987328   0.002542   0  -1  -1
        3135.78390   0.984131   0.002539   0  -1  -1
        3135.78413   0.985239   0.002541   0  -1  -1
        3135.78436   0.984841   0.002542   0  -1  -1
        3135.78459   0.988415   0.002546   0  -1  -1
        3135.78482   0.988274   0.002545   0  -1  -1
        3135.78506   0.985905   0.002543   0  -1  -1
        3135.78529   0.986679   0.002540   0  -1  -1
        3135.78552   0.985141   0.002541   0  -1  -1
        3135.78575   0.978845   0.002536   0  -1  -1
        3135.78598   0.985314   0.002542   0  -1  -1
        3135.78621   0.981868   0.002538   0  -1  -1
        3135.78644   0.980244   0.002538   0  -1  -1
        3135.78668   0.984550   0.002542   0  -1  -1
        3135.78691   0.986108   0.002540   0  -1  -1
        3135.78714   0.981343   0.002538   0  -1  -1
        3135.78737   0.983743   0.002539   0  -1  -1
        3135.78760   0.984153   0.002541   0  -1  -1
        3135.78783   0.986204   0.002541   0  -1  -1
        3135.78806   0.986362   0.002543   0  -1  -1
        3135.78830   0.982562   0.002543   0  -1  -1
        3135.78853   0.978967   0.002538   0  -1  -1
        3135.78876   0.984596   0.002540   0  -1  -1
        3135.78899   0.978652   0.002537   0  -1  -1
        3135.78922   0.984354   0.002543   0  -1  -1
        3135.78945   0.990013   0.002547   0  -1  -1
        3135.78969   0.985570   0.002541   0  -1  -1
        3135.78992   0.987729   0.002544   0  -1  -1
        3135.79015   0.982430   0.002542   0  -1  -1
        3135.79038   0.985883   0.002548   0  -1  -1
        3135.79061   0.984602   0.002543   0  -1  -1
        3135.79084   0.985656   0.002542   0  -1  -1
        3135.79107   0.986028   0.002544   0  -1  -1
        3135.79131   0.984584   0.002541   0  -1  -1
        3135.79154   0.981817   0.002539   0  -1  -1
        3135.79177   0.986717   0.002544   0  -1  -1
        3135.79200   0.981972   0.002541   0  -1  -1
        3135.79223   0.980937   0.002544   0  -1  -1
        3135.79246   0.983624   0.002542   0  -1  -1
        3135.79269   0.986851   0.002543   0  -1  -1
        3135.79293   0.982190   0.002539   0  -1  -1
        3135.79316   0.986501   0.002542   0  -1  -1
        3135.79339   0.982743   0.002542   0  -1  -1
        3135.79362   0.986593   0.002545   0  -1  -1
        3135.79385   0.984202   0.002543   0  -1  -1
        3135.79408   0.989127   0.002545   0  -1  -1
        3135.79431   0.981941   0.002544   0  -1  -1
        3135.79455   0.984682   0.002544   0  -1  -1
        3135.79478   0.985419   0.002543   0  -1  -1
        3135.79501   0.984364   0.002544   0  -1  -1
        3135.79524   0.987217   0.002544   0  -1  -1
        3135.79547   0.982010   0.002541   0  -1  -1
        3135.79570   0.982027   0.002543   0  -1  -1
        3135.79594   0.985640   0.002541   0  -1  -1
        3135.79617   0.985380   0.002542   0  -1  -1
        3135.79640   0.987275   0.002545   0  -1  -1
        3135.79663   0.987537   0.002545   0  -1  -1
        3135.79686   0.983703   0.002543   0  -1  -1
        3135.79709   0.986956   0.002545   0  -1  -1
        3135.79732   0.986353   0.002546   0  -1  -1
        3135.79756   0.987682   0.002547   0  -1  -1
        3135.79779   0.988858   0.002546   0  -1  -1
        3135.79802   0.984107   0.002543   0  -1  -1
        3135.79825   0.988497   0.002547   0  -1  -1
        3135.79848   0.985971   0.002545   0  -1  -1
        3135.79871   0.984239   0.002543   0  -1  -1
        3135.79894   0.986048   0.002546   0  -1  -1
        3135.79918   0.984239   0.002543   0  -1  -1
        3135.79964   0.991387   0.002548   0  -1  -1
        3135.79987   0.984961   0.002544   0  -1  -1
        3135.80010   0.988724   0.002548   0  -1  -1
        3135.80033   0.990748   0.002549   0  -1  -1
        3135.80056   0.986171   0.002547   0  -1  -1
        3135.80080   0.988614   0.002552   0  -1  -1
        3135.80103   0.987232   0.002547   0  -1  -1
        3135.80126   0.989047   0.002547   0  -1  -1
        3135.80149   0.992145   0.002572   0  -1  -1
        3135.80172   0.987611   0.002549   0  -1  -1
        3135.80195   0.987530   0.002547   0  -1  -1
        3135.80219   0.994428   0.002550   0  -1  -1
        3135.80242   0.989448   0.002549   0  -1  -1
        3135.80265   0.985039   0.002544   0  -1  -1
        3135.80288   0.986705   0.002544   0  -1  -1
        3135.80311   0.989566   0.002550   0  -1  -1
        3135.80334   0.995976   0.002554   0  -1  -1
        3135.80357   0.986603   0.002548   0  -1  -1
        3135.80381   0.983888   0.002545   0  -1  -1
        3135.80404   0.987208   0.002550   0  -1  -1
        3135.80427   0.985849   0.002548   0  -1  -1
        3135.80450   0.986800   0.002547   0  -1  -1
        3135.80473   0.988891   0.002550   0  -1  -1
        3135.80496   0.987742   0.002548   0  -1  -1
        3135.80519   0.984569   0.002544   0  -1  -1
        3135.80543   0.993740   0.002551   0  -1  -1
        3135.80566   0.993648   0.002552   0  -1  -1
        3135.80589   0.989423   0.002549   0  -1  -1
        3135.80612   0.987031   0.002546   0  -1  -1
        3135.80635   0.989689   0.002549   0  -1  -1
        3135.80658   0.988253   0.002548   0  -1  -1
        3135.80681   0.987388   0.002549   0  -1  -1
        3135.80705   0.992084   0.002552   0  -1  -1
        3135.80728   0.993312   0.002552   0  -1  -1
        3135.80751   0.990406   0.002553   0  -1  -1
        3135.80774   0.989566   0.002552   0  -1  -1
        3135.80797   0.993924   0.002552   0  -1  -1
        3135.80820   0.989873   0.002551   0  -1  -1
        3135.80844   0.992238   0.002553   0  -1  -1
        3135.80867   0.985605   0.002548   0  -1  -1
        3135.80890   0.990509   0.002550   0  -1  -1
        3135.80913   0.991212   0.002554   0  -1  -1
        3135.80936   0.991918   0.002552   0  -1  -1
        3135.80959   0.994704   0.002553   0  -1  -1
        3135.80982   0.993426   0.002552   0  -1  -1
        3135.81006   0.994226   0.002553   0  -1  -1
        3135.81029   0.989137   0.002549   0  -1  -1
        3135.81052   0.991584   0.002555   0  -1  -1
        3135.81075   0.991800   0.002552   0  -1  -1
        3135.81098   0.996094   0.002556   0  -1  -1
        3135.81121   0.992594   0.002554   0  -1  -1
        3135.81144   0.994738   0.002556   0  -1  -1
        3135.81168   0.989823   0.002552   0  -1  -1
        3135.81191   0.989559   0.002552   0  -1  -1
        3135.81214   0.993743   0.002555   0  -1  -1
        3135.81237   0.995270   0.002557   0  -1  -1
        3135.81260   0.991888   0.002554   0  -1  -1
        3135.81283   0.992920   0.002552   0  -1  -1
        3135.81306   0.996629   0.002554   0  -1  -1
        3135.81330   0.995073   0.002557   0  -1  -1
        3135.81353   0.995778   0.002558   0  -1  -1
        3135.81376   0.994414   0.002555   0  -1  -1
        3135.81399   0.993912   0.002553   0  -1  -1
        3135.81422   0.993149   0.002553   0  -1  -1
        3135.81445   0.994218   0.002555   0  -1  -1
        3135.81469   0.996680   0.002556   0  -1  -1
        3135.81492   0.993486   0.002556   0  -1  -1
        3135.81515   0.993372   0.002553   0  -1  -1
        3135.81538   0.991359   0.002553   0  -1  -1
        3135.81561   0.999729   0.002559   0  -1  -1
        3135.81584   0.997695   0.002558   0  -1  -1
        3135.81607   0.993178   0.002555   0  -1  -1
        3135.81631   0.992048   0.002553   0  -1  -1
        3135.81654   0.995327   0.002557   0  -1  -1
        3135.81677   1.000715   0.002558   0  -1  -1
        3135.81700   0.993152   0.002555   0  -1  -1
        3135.81723   0.994554   0.002557   0  -1  -1
        3135.81746   1.000821   0.002561   0  -1  -1
        3135.81769   0.997653   0.002559   0  -1  -1
        3135.81793   0.997242   0.002558   0  -1  -1
        3135.81816   0.998467   0.002559   0  -1  -1
        3135.81839   0.992974   0.002555   0  -1  -1
        3135.81862   0.994267   0.002558   0  -1  -1
        3135.81885   0.997592   0.002561   0  -1  -1
        3135.81908   0.999535   0.002558   0  -1  -1
        3135.81931   0.999071   0.002562   0  -1  -1
        3135.81955   0.996056   0.002559   0  -1  -1
        3135.81978   0.998681   0.002561   0  -1  -1
        3135.82001   0.996099   0.002559   0  -1  -1
        3135.82024   0.995010   0.002558   0  -1  -1
        3135.82047   0.995094   0.002557   0  -1  -1
        3135.82070   1.001472   0.002564   0  -1  -1
        3135.82094   0.994939   0.002558   0  -1  -1
        3135.82140   0.999639   0.002563   0  -1  -1
        3135.82163   1.000287   0.002561   0  -1  -1
        3135.82186   0.998891   0.002563   0  -1  -1
        3135.82209   1.002654   0.002563   0  -1  -1
        3135.82232   1.000451   0.002563   0  -1  -1
        3135.82256   0.995851   0.002558   0  -1  -1
        3135.82279   0.998067   0.002563   0  -1  -1
        3135.82325   0.996825   0.002559   0  -1  -1
        3135.82348   0.995647   0.002560   0  -1  -1
        3135.82371   1.001705   0.002563   0  -1  -1
        3135.82394   1.002719   0.002564   0  -1  -1
        3135.82441   1.001079   0.002561   0  -1  -1
        3135.82464   1.004971   0.002566   0  -1  -1
        3135.82487   1.005553   0.002565   0  -1  -1
        3135.82510   1.003096   0.002565   0  -1  -1
        3135.82533   1.006805   0.002567   0  -1  -1
        3135.82556   1.003356   0.002562   0  -1  -1
        3135.82580   1.001423   0.002564   0  -1  -1
        3135.82603   1.000473   0.002562   0  -1  -1
        3135.82626   1.003654   0.002566   0  -1  -1
        3135.82649   1.000804   0.002563   0  -1  -1
        3135.82672   0.999980   0.002563   0  -1  -1
        3135.82695   1.004282   0.002566   0  -1  -1
        3135.82718   0.997856   0.002563   0  -1  -1
        3135.82742   0.998192   0.002562   0  -1  -1
        3135.82765   1.002229   0.002564   0  -1  -1
        3135.82788   0.999721   0.002564   0  -1  -1
        3135.82811   0.999793   0.002564   0  -1  -1
        3135.82834   1.004102   0.002568   0  -1  -1
        3135.82857   1.000134   0.002564   0  -1  -1
        3135.82881   1.002128   0.002566   0  -1  -1
        3135.82904   0.999306   0.002563   0  -1  -1
        3135.82927   1.008855   0.002570   0  -1  -1
        3135.82950   1.005334   0.002567   0  -1  -1
        3135.82973   1.004660   0.002572   0  -1  -1
        3135.82996   1.001879   0.002567   0  -1  -1
        3135.83019   1.001271   0.002566   0  -1  -1
        3135.83043   0.997228   0.002562   0  -1  -1
        3135.83066   1.000177   0.002563   0  -1  -1
        3135.83089   1.002315   0.002568   0  -1  -1
        3135.83112   1.000070   0.002563   0  -1  -1
        3135.83135   0.995209   0.002560   0  -1  -1
        3135.83158   1.002345   0.002565   0  -1  -1
        3135.83181   1.003821   0.002567   0  -1  -1
        3135.83205   0.999433   0.002564   0  -1  -1
        3135.83228   1.000170   0.002567   0  -1  -1
        3135.83251   0.999757   0.002562   0  -1  -1
        3135.83274   1.002486   0.002568   0  -1  -1
        3135.83297   0.998973   0.002563   0  -1  -1
        3135.83320   1.001551   0.002566   0  -1  -1
        3135.83343   1.002698   0.002567   0  -1  -1
        3135.83367   0.997915   0.002564   0  -1  -1
        3135.83390   1.002090   0.002563   0  -1  -1
        3135.83413   0.999394   0.002565   0  -1  -1
        3135.83436   1.001725   0.002566   0  -1  -1
        3135.83459   1.001225   0.002566   0  -1  -1
        3135.83482   1.000840   0.002564   0  -1  -1
        3135.83506   1.000367   0.002565   0  -1  -1
        3135.83529   0.999873   0.002565   0  -1  -1
        3135.83552   1.002663   0.002570   0  -1  -1
        3135.83575   0.998398   0.002565   0  -1  -1
        3135.83598   0.999914   0.002566   0  -1  -1
        3135.83621   1.004348   0.002567   0  -1  -1
        3135.83644   1.000347   0.002565   0  -1  -1
        3135.83668   1.002561   0.002567   0  -1  -1
        3135.83691   0.999663   0.002565   0  -1  -1
        3135.83714   1.000812   0.002568   0  -1  -1
        3135.83737   1.000486   0.002565   0  -1  -1
        3135.83760   0.999022   0.002565   0  -1  -1
        3135.83783   1.001446   0.002567   0  -1  -1
        3135.83806   1.000796   0.002565   0  -1  -1
        3135.83830   1.000951   0.002570   0  -1  -1
        3135.83853   1.001558   0.002566   0  -1  -1
        3135.83876   1.002115   0.002565   0  -1  -1
        3135.83899   1.000223   0.002564   0  -1  -1
        3135.83922   1.002715   0.002568   0  -1  -1
        3135.83945   0.997855   0.002564   0  -1  -1
        3135.83968   0.999102   0.002565   0  -1  -1
        3135.83992   1.000847   0.002565   0  -1  -1
        3135.84015   0.998827   0.002564   0  -1  -1
        3135.84038   0.998923   0.002565   0  -1  -1
        3135.84061   0.999880   0.002565   0  -1  -1
        3135.84084   1.001675   0.002569   0  -1  -1
        3135.84107   0.999627   0.002566   0  -1  -1
        3135.84131   1.005483   0.002569   0  -1  -1
        3135.84154   1.003780   0.002569   0  -1  -1
        3135.84177   1.002642   0.002567   0  -1  -1
        3135.84200   0.997906   0.002565   0  -1  -1
        3135.84223   0.998858   0.002566   0  -1  -1
        3135.84246   0.996827   0.002566   0  -1  -1
        3135.84269   1.002079   0.002569   0  -1  -1
        3135.84293   1.004298   0.002569   0  -1  -1
        3135.84316   1.000987   0.002568   0  -1  -1
        3135.84339   0.998358   0.002566   0  -1  -1
        3135.84362   1.005012   0.002570   0  -1  -1
        3135.84385   1.001350   0.002567   0  -1  -1
        3135.84408   0.997542   0.002570   0  -1  -1
        3135.84431   1.003666   0.002568   0  -1  -1
        3135.84455   1.000116   0.002567   0  -1  -1
        3135.84478   1.000932   0.002568   0  -1  -1
        3135.84501   1.000225   0.002567   0  -1  -1
        3135.84524   1.002732   0.002569   0  -1  -1
        3135.84547   1.005567   0.002571   0  -1  -1
        3135.84570   1.002616   0.002570   0  -1  -1
        3135.84593   0.998739   0.002568   0  -1  -1
        3135.84617   0.997477   0.002567   0  -1  -1
        3135.84640   0.999406   0.002582   0  -1  -1
        3135.84663   1.000739   0.002568   0  -1  -1
        3135.84686   1.001810   0.002569   0  -1  -1
        3135.84709   1.000519   0.002569   0  -1  -1
        3135.84732   1.003353   0.002571   0  -1  -1
        3135.84756   1.002364   0.002573   0  -1  -1
        3135.84779   0.998753   0.002568   0  -1  -1
        3135.84802   0.999636   0.002568   0  -1  -1
        3135.84825   1.001410   0.002569   0  -1  -1
        3135.84848   1.001856   0.002568   0  -1  -1
        3135.84871   1.006798   0.002573   0  -1  -1
        3135.84894   0.998282   0.002568   0  -1  -1
        3135.84918   1.006191   0.002572   0  -1  -1
        3135.84941   0.998553   0.002568   0  -1  -1
        3135.84964   0.998161   0.002566   0  -1  -1
        3135.84987   1.001614   0.002572   0  -1  -1
        3135.85010   1.004454   0.002569   0  -1  -1
        3135.85033   0.999712   0.002569   0  -1  -1
        3135.85056   1.002340   0.002569   0  -1  -1
        3135.85080   1.001098   0.002572   0  -1  -1
        3135.85103   1.004791   0.002573   0  -1  -1
        3135.85149   0.998577   0.002566   0  -1  -1
        3135.85172   1.003268   0.002569   0  -1  -1
        3135.85195   0.998609   0.002565   0  -1  -1
        3135.85218   1.003113   0.002571   0  -1  -1
        3135.85242   1.003424   0.002570   0  -1  -1
        3135.85265   1.004206   0.002571   0  -1  -1
        3135.85288   1.002282   0.002572   0  -1  -1
        3135.85311   1.002697   0.002571   0  -1  -1
        3135.85334   1.000617   0.002570   0  -1  -1
        3135.85357   1.002031   0.002571   0  -1  -1
        3135.85381   1.000061   0.002568   0  -1  -1
        3135.85404   1.001531   0.002571   0  -1  -1
        3135.85427   1.001078   0.002572   0  -1  -1
        3135.85450   0.998259   0.002566   0  -1  -1
        3135.85473   0.999859   0.002569   0  -1  -1
        3135.85496   1.002310   0.002571   0  -1  -1
        3135.85519   1.007308   0.002574   0  -1  -1
        3135.85543   1.001981   0.002571   0  -1  -1
        3135.85566   0.998812   0.002567   0  -1  -1
        3135.85589   1.002531   0.002568   0  -1  -1
        3135.85612   0.998576   0.002566   0  -1  -1
        3135.85635   1.000243   0.002570   0  -1  -1
        3135.85658   0.996562   0.002567   0  -1  -1
        3135.85681   0.997678   0.002569   0  -1  -1
        3135.85705   1.009524   0.002576   0  -1  -1
        3135.85728   1.002121   0.002568   0  -1  -1
        3135.85751   0.999195   0.002570   0  -1  -1
        3135.85774   0.997217   0.002569   0  -1  -1
        3135.85797   0.999531   0.002569   0  -1  -1
        3135.85820   1.000840   0.002571   0  -1  -1
        3135.85843   1.000823   0.002570   0  -1  -1
        3135.85867   0.998827   0.002566   0  -1  -1
        3135.85890   1.000871   0.002569   0  -1  -1
        3135.85913   1.002436   0.002572   0  -1  -1
        3135.85936   1.002437   0.002573   0  -1  -1
        3135.85982   1.003689   0.002573   0  -1  -1
        3135.86006   1.000408   0.002569   0  -1  -1
        3135.86029   1.004221   0.002580   0  -1  -1
        3135.86052   1.003399   0.002572   0  -1  -1
        3135.86075   1.003228   0.002572   0  -1  -1
        3135.86098   1.002504   0.002572   0  -1  -1
        3135.86121   1.001328   0.002570   0  -1  -1
        3135.86144   1.005332   0.002572   0  -1  -1
        3135.86168   1.003753   0.002573   0  -1  -1
        3135.86191   1.001885   0.002572   0  -1  -1
        3135.86214   1.001497   0.002572   0  -1  -1
        3135.86237   0.998156   0.002568   0  -1  -1
        3135.86260   0.998012   0.002572   0  -1  -1
        3135.86283   1.001843   0.002572   0  -1  -1
        3135.86306   1.004323   0.002573   0  -1  -1
        3135.86330   1.001601   0.002568   0  -1  -1
        3135.86353   1.003505   0.002570   0  -1  -1
        3135.86376   1.004878   0.002576   0  -1  -1
        3135.86399   1.000318   0.002571   0  -1  -1
        3135.86422   1.003679   0.002573   0  -1  -1
        3135.86445   0.999104   0.002573   0  -1  -1
        3135.86468   1.003369   0.002573   0  -1  -1
        3135.86492   1.001396   0.002572   0  -1  -1
        3135.86515   1.001024   0.002571   0  -1  -1
        3135.86538   1.000747   0.002572   0  -1  -1
        3135.86561   0.999541   0.002572   0  -1  -1
        3135.86584   1.000261   0.002571   0  -1  -1
        3135.86607   1.002092   0.002571   0  -1  -1
        3135.86631   1.000619   0.002572   0  -1  -1
        3135.86654   0.997876   0.002566   0  -1  -1
        3135.86677   1.001179   0.002573   0  -1  -1
        3135.86723   0.999973   0.002573   0  -1  -1
        3135.86746   0.999812   0.002570   0  -1  -1
        3135.86769   1.007328   0.002577   0  -1  -1
        3135.86793   0.996152   0.002569   0  -1  -1
        3135.86816   1.000039   0.002572   0  -1  -1
        3135.86839   1.002751   0.002572   0  -1  -1
        3135.86862   0.998350   0.002571   0  -1  -1
        3135.86885   0.998037   0.002572   0  -1  -1
        3135.86908   1.002467   0.002574   0  -1  -1
        3135.86931   1.005993   0.002574   0  -1  -1
        3135.86955   0.996666   0.002569   0  -1  -1
        3135.86978   1.003330   0.002571   0  -1  -1
        3135.87001   1.007306   0.002577   0  -1  -1
        3135.87024   1.004682   0.002574   0  -1  -1
        3135.87047   0.999173   0.002571   0  -1  -1
        3135.87070   0.996139   0.002569   0  -1  -1
        3135.87093   1.000733   0.002572   0  -1  -1
        3135.87117   1.000272   0.002574   0  -1  -1
        3135.87163   1.002598   0.002576   0  -1  -1
        3135.87186   1.004189   0.002574   0  -1  -1
        3135.87209   0.997871   0.002571   0  -1  -1
        3135.87232   1.000576   0.002573   0  -1  -1
        3135.87255   0.999691   0.002572   0  -1  -1
        3135.87279   1.002868   0.002572   0  -1  -1
        3135.87302   0.998359   0.002571   0  -1  -1
        3135.87325   1.001847   0.002572   0  -1  -1
        3135.87348   1.001729   0.002573   0  -1  -1
        3135.87371   1.001848   0.002575   0  -1  -1
        3135.87394   1.004420   0.002575   0  -1  -1
        3135.87418   1.004348   0.002575   0  -1  -1
        3135.87441   1.001266   0.002573   0  -1  -1
        3135.87464   1.001891   0.002572   0  -1  -1
        3135.87487   1.000078   0.002576   0  -1  -1
        3135.87510   1.002839   0.002577   0  -1  -1
        3135.87533   1.000559   0.002573   0  -1  -1
        3135.87556   1.002283   0.002576   0  -1  -1
        3135.87580   1.000318   0.002576   0  -1  -1
        3135.87603   0.998310   0.002571   0  -1  -1
        3135.87626   1.000499   0.002573   0  -1  -1
        3135.87649   1.001145   0.002574   0  -1  -1
        3135.87672   1.003820   0.002578   0  -1  -1
        3135.87695   1.002620   0.002573   0  -1  -1
        3135.87718   1.001930   0.002574   0  -1  -1
        3135.87742   0.997829   0.002569   0  -1  -1
        3135.87765   1.006231   0.002576   0  -1  -1
        3135.87788   1.000134   0.002573   0  -1  -1
        3135.87811   1.005678   0.002576   0  -1  -1
        3135.87834   1.001722   0.002572   0  -1  -1
        3135.87857   1.002223   0.002575   0  -1  -1
        3135.87880   1.000537   0.002573   0  -1  -1
        3135.87904   1.002223   0.002574   0  -1  -1
        3135.87927   1.003956   0.002575   0  -1  -1
        3135.87950   1.004162   0.002576   0  -1  -1
        3135.87973   0.998374   0.002571   0  -1  -1
        3135.87996   1.001382   0.002573   0  -1  -1
        3135.88019   0.999564   0.002574   0  -1  -1
        3135.88043   1.000707   0.002572   0  -1  -1
        3135.88066   0.999632   0.002574   0  -1  -1
        3135.88089   1.003454   0.002576   0  -1  -1
        3135.88112   1.001959   0.002574   0  -1  -1
        3135.88135   1.004999   0.002577   0  -1  -1
        3135.88158   1.005937   0.002575   0  -1  -1
        3135.88181   1.001061   0.002573   0  -1  -1
        3135.88228   1.000804   0.002571   0  -1  -1
        3135.88251   1.002763   0.002576   0  -1  -1
        3135.88274   1.004455   0.002575   0  -1  -1
        3135.88297   1.004686   0.002575   0  -1  -1
        3135.88320   1.000944   0.002574   0  -1  -1
        3135.88343   0.999783   0.002575   0  -1  -1
        3135.88367   1.000802   0.002575   0  -1  -1
        3135.88390   1.000216   0.002574   0  -1  -1
        3135.88413   1.002806   0.002574   0  -1  -1
        3135.88436   1.001966   0.002575   0  -1  -1
        3135.88459   1.001029   0.002576   0  -1  -1
        3135.88482   1.001368   0.002576   0  -1  -1
        3135.88505   1.005551   0.002577   0  -1  -1
        3135.88529   1.002585   0.002576   0  -1  -1
        3135.88552   1.005463   0.002578   0  -1  -1
        3135.88575   1.001619   0.002573   0  -1  -1
        3135.88598   1.000978   0.002576   0  -1  -1
        3135.88621   1.000945   0.002572   0  -1  -1
        3135.88644   0.997947   0.002573   0  -1  -1
        3135.88668   0.999023   0.002573   0  -1  -1
        3135.88691   1.004275   0.002577   0  -1  -1
        3135.88714   1.001111   0.002576   0  -1  -1
        3135.88737   1.000134   0.002576   0  -1  -1
        3135.88760   1.003472   0.002577   0  -1  -1
        3135.88783   1.006421   0.002581   0  -1  -1
        3135.88806   0.999252   0.002573   0  -1  -1
        3135.88830   1.003486   0.002578   0  -1  -1
        3135.88853   1.004008   0.002578   0  -1  -1
        3135.88876   1.000771   0.002573   0  -1  -1
        3135.88899   1.001709   0.002575   0  -1  -1
        3135.88922   0.997845   0.002573   0  -1  -1
        3135.88945   1.003567   0.002578   0  -1  -1
        3135.88968   1.004216   0.002578   0  -1  -1
        3135.88992   1.003213   0.002576   0  -1  -1
        3135.89015   0.998492   0.002574   0  -1  -1
        3135.89038   1.002589   0.002577   0  -1  -1
        3135.89061   1.002956   0.002574   0  -1  -1
        3135.89084   1.000807   0.002575   0  -1  -1
        3135.89107   1.000039   0.002576   0  -1  -1
        3135.89130   1.000978   0.002575   0  -1  -1
        3135.89154   1.004101   0.002578   0  -1  -1
        3135.89177   1.005618   0.002578   0  -1  -1
        3135.89200   1.002304   0.002575   0  -1  -1
        3135.89223   1.002806   0.002578   0  -1  -1
        3135.89246   1.007454   0.002581   0  -1  -1
        3135.89269   1.002663   0.002578   0  -1  -1
        3135.89316   1.001282   0.002574   0  -1  -1
        3135.89339   0.999551   0.002576   0  -1  -1
        3135.89362   0.998103   0.002575   0  -1  -1
        3135.89408   1.001667   0.002579   0  -1  -1
        3135.89455   1.003838   0.002578   0  -1  -1
        3135.89478   1.001040   0.002575   0  -1  -1
        3135.89501   0.999175   0.002574   0  -1  -1
        3135.89524   1.000879   0.002577   0  -1  -1
        3135.89547   0.997420   0.002574   0  -1  -1
        3135.89570   1.000670   0.002576   0  -1  -1
        3135.89593   1.001711   0.002578   0  -1  -1
        3135.89617   1.003439   0.002579   0  -1  -1
        3135.89640   0.997602   0.002573   0  -1  -1
        3135.89663   1.002510   0.002576   0  -1  -1
        3135.89686   0.999629   0.002573   0  -1  -1
        3135.89709   1.001009   0.002577   0  -1  -1
        3135.89732   1.001315   0.002573   0  -1  -1
        3135.89755   1.000072   0.002577   0  -1  -1
        3135.89779   1.004838   0.002578   0  -1  -1
        3135.89802   1.001851   0.002575   0  -1  -1
        3135.89825   0.998515   0.002576   0  -1  -1
        3135.89848   1.000322   0.002574   0  -1  -1
        3135.89894   0.997234   0.002572   0  -1  -1
        3135.89918   0.997614   0.002574   0  -1  -1
        3135.89941   1.006896   0.002582   0  -1  -1
        3135.89964   0.998774   0.002576   0  -1  -1
        3135.89987   1.004207   0.002579   0  -1  -1
        3135.90010   1.002543   0.002578   0  -1  -1
        3135.90033   0.999411   0.002573   0  -1  -1
        3135.90056   1.004815   0.002578   0  -1  -1
        3135.90080   1.003776   0.002578   0  -1  -1
        3135.90103   1.001492   0.002577   0  -1  -1
        3135.90126   0.998202   0.002575   0  -1  -1
        3135.90149   1.003717   0.002576   0  -1  -1
        3135.90172   0.999508   0.002576   0  -1  -1
        3135.90195   1.001882   0.002578   0  -1  -1
        3135.90218   1.001154   0.002580   0  -1  -1
        3135.90242   1.000142   0.002576   0  -1  -1
        3135.90265   0.996915   0.002575   0  -1  -1
        3135.90288   0.995217   0.002572   0  -1  -1
        3135.90311   1.002012   0.002580   0  -1  -1
        3135.90334   1.002136   0.002580   0  -1  -1
        3135.90357   1.002606   0.002580   0  -1  -1
        3135.90380   1.001596   0.002580   0  -1  -1
        3135.90404   0.998490   0.002576   0  -1  -1
        3135.90427   0.997910   0.002576   0  -1  -1
        3135.90450   1.000690   0.002578   0  -1  -1
        3135.90473   1.003312   0.002579   0  -1  -1
        3135.90496   0.999760   0.002577   0  -1  -1
        3135.90519   1.004031   0.002578   0  -1  -1
        3135.90543   1.002838   0.002579   0  -1  -1
        3135.90566   0.999416   0.002578   0  -1  -1
        3135.90589   1.001670   0.002578   0  -1  -1
        3135.90612   1.000926   0.002577   0  -1  -1
        3135.90635   1.000394   0.002577   0  -1  -1
        3135.90658   1.000564   0.002577   0  -1  -1
        3135.90681   0.998364   0.002577   0  -1  -1
        3135.90705   0.999345   0.002574   0  -1  -1
        3135.90728   1.001483   0.002578   0  -1  -1
        3135.90751   1.003807   0.002579   0  -1  -1
        3135.90774   0.999448   0.002575   0  -1  -1
        3135.90797   1.001178   0.002578   0  -1  -1
        3135.90820   1.006450   0.002580   0  -1  -1
        3135.90843   1.001841   0.002578   0  -1  -1
        3135.90867   0.999873   0.002579   0  -1  -1
        3135.90890   1.002595   0.002577   0  -1  -1
        3135.90913   1.000740   0.002577   0  -1  -1
        3135.90936   1.000353   0.002580   0  -1  -1
        3135.90959   1.000976   0.002579   0  -1  -1
        3135.90982   0.999725   0.002576   0  -1  -1
        3135.91005   0.995657   0.002575   0  -1  -1
        3135.91029   1.002514   0.002577   0  -1  -1
        3135.91052   0.998805   0.002577   0  -1  -1
        3135.91075   0.999944   0.002580   0  -1  -1
        3135.91098   1.002731   0.002578   0  -1  -1
        3135.91121   1.003359   0.002582   0  -1  -1
        3135.91144   1.000607   0.002577   0  -1  -1
        3135.91167   1.004804   0.002582   0  -1  -1
        3135.91191   0.999145   0.002576   0  -1  -1
        3135.91214   0.999763   0.002577   0  -1  -1
        3135.91237   1.003601   0.002578   0  -1  -1
        3135.91260   0.999303   0.002577   0  -1  -1
        3135.91283   1.003151   0.002578   0  -1  -1
        3135.91306   0.998761   0.002575   0  -1  -1
        3135.91330   1.005252   0.002582   0  -1  -1
        3135.91353   1.000065   0.002577   0  -1  -1
        3135.91376   1.004543   0.002581   0  -1  -1
        3135.91399   0.999848   0.002576   0  -1  -1
        3135.91422   0.998736   0.002575   0  -1  -1
        3135.91445   1.005742   0.002582   0  -1  -1
        3135.91468   0.999309   0.002578   0  -1  -1
        3135.91492   1.000612   0.002578   0  -1  -1
        3135.91515   1.003306   0.002580   0  -1  -1
        3135.91538   1.000282   0.002577   0  -1  -1
        3135.91561   1.005703   0.002583   0  -1  -1
        3135.91584   0.999590   0.002578   0  -1  -1
        3135.91607   1.008333   0.002584   0  -1  -1
        3135.91630   1.003806   0.002582   0  -1  -1
        3135.91654   1.005279   0.002581   0  -1  -1
        3135.91677   1.000027   0.002578   0  -1  -1
        3135.91700   1.004983   0.002582   0  -1  -1
        3135.91723   1.000209   0.002576   0  -1  -1
        3135.91746   0.996292   0.002578   0  -1  -1
        3135.91792   1.005351   0.002582   0  -1  -1
        3135.91816   0.999720   0.002580   0  -1  -1
        3135.91839   1.000819   0.002579   0  -1  -1
        3135.91862   0.999926   0.002578   0  -1  -1
        3135.91885   1.003315   0.002583   0  -1  -1
        3135.91908   0.996450   0.002576   0  -1  -1
        3135.91931   0.998868   0.002578   0  -1  -1
