# time flux flux_err jitter_flag offset_flag subset
        3143.04747   1.000738   0.002457   0  -1  -1
        3143.04771   0.997653   0.002452   0  -1  -1
        3143.04794   0.994461   0.002451   0  -1  -1
        3143.04817   1.001461   0.002456   0  -1  -1
        3143.04840   0.998828   0.002454   0  -1  -1
        3143.04863   1.000365   0.002457   0  -1  -1
        3143.04886   0.998161   0.002452   0  -1  -1
        3143.04909   0.999288   0.002452   0  -1  -1
        3143.04933   1.001158   0.002455   0  -1  -1
        3143.04956   0.994306   0.002450   0  -1  -1
        3143.04979   0.999720   0.002454   0  -1  -1
        3143.05002   1.004564   0.002456   0  -1  -1
        3143.05025   1.004212   0.002456   0  -1  -1
        3143.05048   0.998915   0.002452   0  -1  -1
        3143.05071   0.996342   0.002450   0  -1  -1
        3143.05095   1.000239   0.002456   0  -1  -1
        3143.05118   0.996684   0.002451   0  -1  -1
        3143.05141   1.000340   0.002454   0  -1  -1
        3143.05164   0.999285   0.002452   0  -1  -1
        3143.05187   1.000875   0.002453   0  -1  -1
        3143.05210   1.001362   0.002453   0  -1  -1
        3143.05233   1.001046   0.002453   0  -1  -1
        3143.05257   0.997194   0.002451   0  -1  -1
        3143.05280   1.000561   0.002455   0  -1  -1
        3143.05303   0.999168   0.002455   0  -1  -1
        3143.05326   1.000113   0.002454   0  -1  -1
        3143.05349   0.998508   0.002452   0  -1  -1
        3143.05372   0.999503   0.002453   0  -1  -1
        3143.05396   0.999450   0.002455   0  -1  -1
        3143.05419   0.998964   0.002454   0  -1  -1
        3143.05442   0.999460   0.002457   0  -1  -1
        3143.05465   0.999024   0.002454   0  -1  -1
        3143.05488   1.000012   0.002454   0  -1  -1
        3143.05511   1.001205   0.002457   0  -1  -1
        3143.05534   0.995642   0.002450   0  -1  -1
        3143.05558   0.995555   0.002453   0  -1  -1
        3143.05581   0.996172   0.002451   0  -1  -1
        3143.05604   1.004177   0.002458   0  -1  -1
        3143.05627   1.000950   0.002456   0  -1  -1
        3143.05650   1.002583   0.002457   0  -1  -1
        3143.05673   0.996072   0.002452   0  -1  -1
        3143.05696   1.000984   0.002457   0  -1  -1
        3143.05720   1.001419   0.002456   0  -1  -1
        3143.05743   0.995942   0.002451   0  -1  -1
        3143.05766   1.002198   0.002454   0  -1  -1
        3143.05789   1.005313   0.002459   0  -1  -1
        3143.05812   1.001655   0.002457   0  -1  -1
        3143.05835   1.000280   0.002453   0  -1  -1
        3143.05858   0.997975   0.002451   0  -1  -1
        3143.05882   1.000545   0.002453   0  -1  -1
        3143.05905   1.006386   0.002460   0  -1  -1
        3143.05928   1.000012   0.002453   0  -1  -1
        3143.05951   0.999078   0.002454   0  -1  -1
        3143.05974   1.000464   0.002456   0  -1  -1
        3143.05997   0.999853   0.002453   0  -1  -1
        3143.06020   0.997032   0.002454   0  -1  -1
        3143.06044   0.996972   0.002452   0  -1  -1
        3143.06067   0.997797   0.002453   0  -1  -1
        3143.06090   0.998554   0.002451   0  -1  -1
        3143.06113   1.004608   0.002457   0  -1  -1
        3143.06136   1.001002   0.002456   0  -1  -1
        3143.06159   0.995627   0.002450   0  -1  -1
        3143.06183   0.998151   0.002452   0  -1  -1
        3143.06206   0.999875   0.002454   0  -1  -1
        3143.06229   0.998260   0.002454   0  -1  -1
        3143.06252   0.995943   0.002452   0  -1  -1
        3143.06275   1.001899   0.002457   0  -1  -1
        3143.06298   0.999558   0.002454   0  -1  -1
        3143.06321   1.002085   0.002456   0  -1  -1
        3143.06345   1.000962   0.002456   0  -1  -1
        3143.06368   0.996219   0.002451   0  -1  -1
        3143.06391   1.000175   0.002453   0  -1  -1
        3143.06414   1.000942   0.002457   0  -1  -1
        3143.06437   1.002118   0.002456   0  -1  -1
        3143.06460   0.998869   0.002451   0  -1  -1
        3143.06483   0.999039   0.002454   0  -1  -1
        3143.06507   0.998638   0.002455   0  -1  -1
        3143.06530   0.996464   0.002450   0  -1  -1
        3143.06553   0.999419   0.002453   0  -1  -1
        3143.06576   0.996240   0.002451   0  -1  -1
        3143.06599   0.999999   0.002454   0  -1  -1
        3143.06622   0.998980   0.002453   0  -1  -1
        3143.06645   0.998931   0.002452   0  -1  -1
        3143.06669   0.994682   0.002448   0  -1  -1
        3143.06692   0.998368   0.002453   0  -1  -1
        3143.06715   0.998367   0.002450   0  -1  -1
        3143.06738   0.996418   0.002453   0  -1  -1
        3143.06761   0.999682   0.002453   0  -1  -1
        3143.06784   1.000414   0.002453   0  -1  -1
        3143.06831   0.999182   0.002452   0  -1  -1
        3143.06854   1.001382   0.002454   0  -1  -1
        3143.06877   1.002914   0.002456   0  -1  -1
        3143.06900   0.999801   0.002454   0  -1  -1
        3143.06946   1.001778   0.002457   0  -1  -1
        3143.06970   1.002194   0.002455   0  -1  -1
        3143.06993   0.995084   0.002450   0  -1  -1
        3143.07016   0.997358   0.002451   0  -1  -1
        3143.07039   0.997186   0.002454   0  -1  -1
        3143.07062   0.997766   0.002453   0  -1  -1
        3143.07085   0.999803   0.002453   0  -1  -1
        3143.07108   1.002450   0.002456   0  -1  -1
        3143.07132   1.000030   0.002455   0  -1  -1
        3143.07155   0.997623   0.002453   0  -1  -1
        3143.07178   1.001334   0.002455   0  -1  -1
        3143.07201   0.996212   0.002451   0  -1  -1
        3143.07224   0.999690   0.002453   0  -1  -1
        3143.07247   1.000991   0.002456   0  -1  -1
        3143.07270   1.005169   0.002459   0  -1  -1
        3143.07294   1.000428   0.002456   0  -1  -1
        3143.07317   0.999633   0.002455   0  -1  -1
        3143.07340   1.001780   0.002458   0  -1  -1
        3143.07363   0.998053   0.002452   0  -1  -1
        3143.07386   1.001365   0.002456   0  -1  -1
        3143.07409   1.005427   0.002461   0  -1  -1
        3143.07432   0.999154   0.002455   0  -1  -1
        3143.07456   1.002603   0.002457   0  -1  -1
        3143.07479   1.000291   0.002453   0  -1  -1
        3143.07502   0.995670   0.002450   0  -1  -1
        3143.07525   0.996241   0.002452   0  -1  -1
        3143.07548   1.002567   0.002456   0  -1  -1
        3143.07571   1.000696   0.002454   0  -1  -1
        3143.07595   1.000670   0.002454   0  -1  -1
        3143.07618   1.000567   0.002455   0  -1  -1
        3143.07641   0.999874   0.002457   0  -1  -1
        3143.07664   0.994769   0.002451   0  -1  -1
        3143.07687   1.000009   0.002455   0  -1  -1
        3143.07710   0.994803   0.002451   0  -1  -1
        3143.07733   0.997805   0.002452   0  -1  -1
        3143.07757   0.997869   0.002452   0  -1  -1
        3143.07780   0.996514   0.002452   0  -1  -1
        3143.07803   1.001635   0.002455   0  -1  -1
        3143.07826   0.997757   0.002451   0  -1  -1
        3143.07849   1.000395   0.002457   0  -1  -1
        3143.07872   0.998805   0.002453   0  -1  -1
        3143.07895   1.001152   0.002455   0  -1  -1
        3143.07919   1.000256   0.002455   0  -1  -1
        3143.07942   1.001144   0.002454   0  -1  -1
        3143.07965   0.996911   0.002452   0  -1  -1
        3143.07988   0.997399   0.002451   0  -1  -1
        3143.08011   1.000984   0.002454   0  -1  -1
        3143.08034   1.000293   0.002455   0  -1  -1
        3143.08057   0.999107   0.002455   0  -1  -1
        3143.08081   1.000393   0.002453   0  -1  -1
        3143.08104   1.000286   0.002456   0  -1  -1
        3143.08127   0.994232   0.002489   0  -1  -1
        3143.08150   0.998344   0.002455   0  -1  -1
        3143.08173   0.999712   0.002455   0  -1  -1
        3143.08196   1.002192   0.002456   0  -1  -1
        3143.08220   0.993898   0.002451   0  -1  -1
        3143.08243   1.000870   0.002455   0  -1  -1
        3143.08266   0.998442   0.002454   0  -1  -1
        3143.08289   1.001405   0.002457   0  -1  -1
        3143.08312   0.998992   0.002454   0  -1  -1
        3143.08335   0.994085   0.002449   0  -1  -1
        3143.08358   0.998052   0.002453   0  -1  -1
        3143.08382   0.997232   0.002449   0  -1  -1
        3143.08405   0.999500   0.002451   0  -1  -1
        3143.08428   0.998077   0.002452   0  -1  -1
        3143.08451   0.996910   0.002453   0  -1  -1
        3143.08474   0.997607   0.002451   0  -1  -1
        3143.08497   0.998767   0.002455   0  -1  -1
        3143.08520   1.000769   0.002453   0  -1  -1
        3143.08544   1.001115   0.002454   0  -1  -1
        3143.08567   0.995604   0.002451   0  -1  -1
        3143.08590   0.997625   0.002452   0  -1  -1
        3143.08613   0.997647   0.002453   0  -1  -1
        3143.08636   0.995728   0.002451   0  -1  -1
        3143.08659   0.999813   0.002453   0  -1  -1
        3143.08682   1.002049   0.002455   0  -1  -1
        3143.08706   0.997575   0.002452   0  -1  -1
        3143.08729   1.001748   0.002457   0  -1  -1
        3143.08752   1.003178   0.002456   0  -1  -1
        3143.08775   1.001841   0.002456   0  -1  -1
        3143.08798   0.999052   0.002453   0  -1  -1
        3143.08821   1.001791   0.002456   0  -1  -1
        3143.08845   0.995898   0.002451   0  -1  -1
        3143.08868   0.995816   0.002450   0  -1  -1
        3143.08891   1.002229   0.002456   0  -1  -1
        3143.08914   1.003738   0.002456   0  -1  -1
        3143.08937   0.995566   0.002451   0  -1  -1
        3143.08960   1.000191   0.002452   0  -1  -1
        3143.08983   1.004356   0.002459   0  -1  -1
        3143.09007   0.995356   0.002453   0  -1  -1
        3143.09030   0.998795   0.002453   0  -1  -1
        3143.09053   1.003047   0.002456   0  -1  -1
        3143.09076   0.995813   0.002452   0  -1  -1
        3143.09099   0.997597   0.002453   0  -1  -1
        3143.09122   0.998491   0.002454   0  -1  -1
        3143.09169   0.996224   0.002449   0  -1  -1
        3143.09192   0.998050   0.002453   0  -1  -1
        3143.09215   1.000347   0.002453   0  -1  -1
        3143.09238   0.998826   0.002454   0  -1  -1
        3143.09261   1.004096   0.002458   0  -1  -1
        3143.09284   0.999295   0.002454   0  -1  -1
        3143.09307   0.998876   0.002452   0  -1  -1
        3143.09331   0.999553   0.002455   0  -1  -1
        3143.09354   1.003428   0.002457   0  -1  -1
        3143.09377   0.996117   0.002450   0  -1  -1
        3143.09400   1.004382   0.002457   0  -1  -1
        3143.09423   0.999343   0.002454   0  -1  -1
        3143.09446   1.004294   0.002457   0  -1  -1
        3143.09469   0.998158   0.002453   0  -1  -1
        3143.09493   0.999195   0.002455   0  -1  -1
        3143.09516   0.999877   0.002455   0  -1  -1
        3143.09539   0.998007   0.002453   0  -1  -1
        3143.09562   1.000780   0.002455   0  -1  -1
        3143.09585   0.995576   0.002449   0  -1  -1
        3143.09608   0.994711   0.002450   0  -1  -1
        3143.09632   0.998101   0.002452   0  -1  -1
        3143.09655   0.994816   0.002449   0  -1  -1
        3143.09678   1.000061   0.002454   0  -1  -1
        3143.09701   0.995567   0.002450   0  -1  -1
        3143.09724   0.997774   0.002453   0  -1  -1
        3143.09747   1.000869   0.002456   0  -1  -1
        3143.09770   0.995473   0.002450   0  -1  -1
        3143.09794   0.998535   0.002452   0  -1  -1
        3143.09817   0.996340   0.002452   0  -1  -1
        3143.09863   1.003118   0.002457   0  -1  -1
        3143.09886   1.002978   0.002455   0  -1  -1
        3143.09909   1.000518   0.002454   0  -1  -1
        3143.09932   0.999338   0.002454   0  -1  -1
        3143.09956   0.998795   0.002455   0  -1  -1
        3143.09979   1.003112   0.002457   0  -1  -1
        3143.10002   0.998959   0.002454   0  -1  -1
        3143.10025   1.000189   0.002455   0  -1  -1
        3143.10048   0.999942   0.002456   0  -1  -1
        3143.10071   0.998556   0.002453   0  -1  -1
        3143.10094   0.998036   0.002452   0  -1  -1
        3143.10118   0.996752   0.002454   0  -1  -1
        3143.10141   1.001479   0.002455   0  -1  -1
        3143.10164   0.999682   0.002454   0  -1  -1
        3143.10187   1.002315   0.002455   0  -1  -1
        3143.10233   0.998207   0.002453   0  -1  -1
        3143.10257   1.002342   0.002457   0  -1  -1
        3143.10280   1.002319   0.002456   0  -1  -1
        3143.10303   0.998808   0.002452   0  -1  -1
        3143.10326   1.000458   0.002455   0  -1  -1
        3143.10349   0.999519   0.002453   0  -1  -1
        3143.10372   0.998262   0.002454   0  -1  -1
        3143.10395   1.004681   0.002457   0  -1  -1
        3143.10419   0.994677   0.002451   0  -1  -1
        3143.10442   0.999417   0.002454   0  -1  -1
        3143.10465   0.995425   0.002450   0  -1  -1
        3143.10488   0.999883   0.002455   0  -1  -1
        3143.10511   0.999489   0.002454   0  -1  -1
        3143.10534   0.998484   0.002456   0  -1  -1
        3143.10557   1.003045   0.002456   0  -1  -1
        3143.10581   0.998459   0.002452   0  -1  -1
        3143.10604   0.999363   0.002454   0  -1  -1
        3143.10627   0.996074   0.002451   0  -1  -1
        3143.10650   0.997213   0.002451   0  -1  -1
        3143.10673   0.996951   0.002452   0  -1  -1
        3143.10696   1.001669   0.002454   0  -1  -1
        3143.10719   1.000156   0.002455   0  -1  -1
        3143.10743   0.997314   0.002454   0  -1  -1
        3143.10766   0.993940   0.002449   0  -1  -1
        3143.10789   1.002339   0.002455   0  -1  -1
        3143.10812   1.000407   0.002456   0  -1  -1
        3143.10835   1.001443   0.002455   0  -1  -1
        3143.10858   0.995872   0.002449   0  -1  -1
        3143.10881   1.001111   0.002453   0  -1  -1
        3143.10905   0.998822   0.002454   0  -1  -1
        3143.10928   1.001436   0.002454   0  -1  -1
        3143.10951   1.001708   0.002455   0  -1  -1
        3143.10974   0.997188   0.002454   0  -1  -1
        3143.11020   0.997664   0.002453   0  -1  -1
        3143.11044   0.996559   0.002451   0  -1  -1
        3143.11090   0.998209   0.002453   0  -1  -1
        3143.11113   1.000151   0.002452   0  -1  -1
        3143.11136   0.999242   0.002453   0  -1  -1
        3143.11159   1.001371   0.002455   0  -1  -1
        3143.11182   1.000052   0.002453   0  -1  -1
        3143.11206   1.001562   0.002454   0  -1  -1
        3143.11229   0.999628   0.002454   0  -1  -1
        3143.11252   0.997745   0.002452   0  -1  -1
        3143.11275   0.999141   0.002455   0  -1  -1
        3143.11298   1.001397   0.002456   0  -1  -1
        3143.11321   0.997403   0.002453   0  -1  -1
        3143.11344   1.001564   0.002455   0  -1  -1
        3143.11368   0.997721   0.002451   0  -1  -1
        3143.11391   0.998453   0.002454   0  -1  -1
        3143.11414   0.999336   0.002456   0  -1  -1
        3143.11437   0.996929   0.002450   0  -1  -1
        3143.11460   0.999178   0.002453   0  -1  -1
        3143.11483   1.000235   0.002453   0  -1  -1
        3143.11506   1.001429   0.002457   0  -1  -1
        3143.11530   1.000927   0.002454   0  -1  -1
        3143.11553   1.005594   0.002460   0  -1  -1
        3143.11576   0.999950   0.002454   0  -1  -1
        3143.11599   0.998109   0.002451   0  -1  -1
        3143.11622   0.997453   0.002450   0  -1  -1
        3143.11645   0.998905   0.002453   0  -1  -1
        3143.11669   1.002404   0.002457   0  -1  -1
        3143.11692   1.001957   0.002456   0  -1  -1
        3143.11715   1.004529   0.002458   0  -1  -1
        3143.11738   0.998535   0.002471   0  -1  -1
        3143.11761   1.001278   0.002455   0  -1  -1
        3143.11784   0.995572   0.002451   0  -1  -1
        3143.11807   1.000113   0.002454   0  -1  -1
        3143.11831   1.005275   0.002460   0  -1  -1
        3143.11854   0.999275   0.002452   0  -1  -1
        3143.11877   1.000876   0.002455   0  -1  -1
        3143.11900   0.998743   0.002453   0  -1  -1
        3143.11923   1.004068   0.002456   0  -1  -1
        3143.11946   1.001587   0.002455   0  -1  -1
        3143.11969   1.000019   0.002455   0  -1  -1
        3143.11993   1.002036   0.002455   0  -1  -1
        3143.12016   0.998128   0.002452   0  -1  -1
        3143.12039   0.996625   0.002453   0  -1  -1
        3143.12062   0.999459   0.002456   0  -1  -1
        3143.12085   0.996842   0.002452   0  -1  -1
        3143.12108   0.998635   0.002455   0  -1  -1
        3143.12131   0.993280   0.002448   0  -1  -1
        3143.12155   1.003907   0.002457   0  -1  -1
        3143.12178   1.000284   0.002455   0  -1  -1
        3143.12201   0.997688   0.002451   0  -1  -1
        3143.12224   0.999651   0.002454   0  -1  -1
        3143.12247   0.998800   0.002454   0  -1  -1
        3143.12270   1.000518   0.002453   0  -1  -1
        3143.12294   0.996004   0.002450   0  -1  -1
        3143.12317   1.002622   0.002456   0  -1  -1
        3143.12340   0.999344   0.002453   0  -1  -1
        3143.12363   1.003256   0.002456   0  -1  -1
        3143.12386   0.997036   0.002453   0  -1  -1
        3143.12409   1.000532   0.002453   0  -1  -1
        3143.12432   1.000340   0.002454   0  -1  -1
        3143.12456   1.000551   0.002454   0  -1  -1
        3143.12479   1.004535   0.002460   0  -1  -1
        3143.12502   1.002779   0.002456   0  -1  -1
        3143.12525   1.002573   0.002455   0  -1  -1
        3143.12548   1.001390   0.002456   0  -1  -1
        3143.12571   0.998186   0.002453   0  -1  -1
        3143.12594   0.995722   0.002452   0  -1  -1
        3143.12618   1.003115   0.002457   0  -1  -1
        3143.12641   0.996486   0.002451   0  -1  -1
        3143.12664   0.998965   0.002453   0  -1  -1
        3143.12687   1.000499   0.002455   0  -1  -1
        3143.12710   0.999247   0.002454   0  -1  -1
        3143.12733   1.000346   0.002459   0  -1  -1
        3143.12756   0.996967   0.002452   0  -1  -1
        3143.12780   0.998361   0.002454   0  -1  -1
        3143.12803   0.996108   0.002453   0  -1  -1
        3143.12826   0.992129   0.002448   0  -1  -1
        3143.12849   0.997818   0.002452   0  -1  -1
        3143.12872   1.003987   0.002456   0  -1  -1
        3143.12895   0.997209   0.002452   0  -1  -1
        3143.12918   0.997591   0.002454   0  -1  -1
        3143.12942   0.997635   0.002452   0  -1  -1
        3143.12965   0.997941   0.002452   0  -1  -1
        3143.12988   1.003643   0.002457   0  -1  -1
        3143.13011   1.004501   0.002458   0  -1  -1
        3143.13034   0.999370   0.002453   0  -1  -1
        3143.13057   0.997703   0.002450   0  -1  -1
        3143.13081   0.999322   0.002453   0  -1  -1
        3143.13104   1.003833   0.002458   0  -1  -1
        3143.13127   1.002318   0.002459   0  -1  -1
        3143.13150   0.997587   0.002453   0  -1  -1
        3143.13196   0.999109   0.002451   0  -1  -1
        3143.13219   0.997392   0.002452   0  -1  -1
        3143.13243   0.999479   0.002453   0  -1  -1
        3143.13266   0.997348   0.002453   0  -1  -1
        3143.13289   1.000927   0.002456   0  -1  -1
        3143.13312   0.997223   0.002450   0  -1  -1
        3143.13335   0.999495   0.002454   0  -1  -1
        3143.13358   1.000396   0.002453   0  -1  -1
        3143.13381   1.000868   0.002456   0  -1  -1
        3143.13405   0.992800   0.002449   0  -1  -1
        3143.13428   0.995677   0.002450   0  -1  -1
        3143.13451   1.001061   0.002456   0  -1  -1
        3143.13474   0.997433   0.002451   0  -1  -1
        3143.13497   0.997029   0.002451   0  -1  -1
        3143.13520   1.002460   0.002457   0  -1  -1
        3143.13543   0.997865   0.002451   0  -1  -1
        3143.13567   0.997985   0.002454   0  -1  -1
        3143.13590   0.997696   0.002452   0  -1  -1
        3143.13613   1.002209   0.002456   0  -1  -1
        3143.13636   1.002146   0.002457   0  -1  -1
        3143.13659   1.000189   0.002454   0  -1  -1
        3143.13682   0.996453   0.002452   0  -1  -1
        3143.13706   0.997571   0.002452   0  -1  -1
        3143.13729   1.003453   0.002457   0  -1  -1
        3143.13752   1.003369   0.002456   0  -1  -1
        3143.13775   0.998774   0.002454   0  -1  -1
        3143.13798   1.000706   0.002456   0  -1  -1
        3143.13821   1.000116   0.002455   0  -1  -1
        3143.13844   0.997898   0.002453   0  -1  -1
        3143.13868   1.002083   0.002456   0  -1  -1
        3143.13914   0.998670   0.002454   0  -1  -1
        3143.13937   1.001500   0.002455   0  -1  -1
        3143.13960   0.999133   0.002454   0  -1  -1
        3143.13983   1.000392   0.002456   0  -1  -1
        3143.14006   0.995963   0.002452   0  -1  -1
        3143.14030   1.005587   0.002458   0  -1  -1
        3143.14053   1.001490   0.002456   0  -1  -1
        3143.14076   0.999253   0.002452   0  -1  -1
        3143.14122   0.998884   0.002455   0  -1  -1
        3143.14145   1.001050   0.002457   0  -1  -1
        3143.14168   1.004287   0.002459   0  -1  -1
        3143.14192   0.999759   0.002453   0  -1  -1
        3143.14215   1.002306   0.002457   0  -1  -1
        3143.14238   1.002223   0.002455   0  -1  -1
        3143.14261   1.000414   0.002454   0  -1  -1
        3143.14284   1.003307   0.002456   0  -1  -1
        3143.14307   0.995046   0.002453   0  -1  -1
        3143.14331   1.003577   0.002457   0  -1  -1
        3143.14354   0.996694   0.002451   0  -1  -1
        3143.14377   0.999484   0.002453   0  -1  -1
        3143.14400   0.997996   0.002452   0  -1  -1
        3143.14423   1.003643   0.002457   0  -1  -1
        3143.14446   0.998780   0.002454   0  -1  -1
        3143.14493   0.995823   0.002452   0  -1  -1
        3143.14516   1.002260   0.002455   0  -1  -1
        3143.14539   0.997770   0.002453   0  -1  -1
        3143.14562   1.001895   0.002455   0  -1  -1
        3143.14585   1.003041   0.002457   0  -1  -1
        3143.14608   0.996745   0.002449   0  -1  -1
        3143.14631   0.999622   0.002456   0  -1  -1
        3143.14655   0.994820   0.002450   0  -1  -1
        3143.14678   0.998331   0.002454   0  -1  -1
        3143.14701   1.003802   0.002458   0  -1  -1
        3143.14724   1.000335   0.002454   0  -1  -1
        3143.14747   1.001841   0.002455   0  -1  -1
        3143.14770   0.996581   0.002452   0  -1  -1
        3143.14793   1.001307   0.002453   0  -1  -1
        3143.14817   0.999786   0.002454   0  -1  -1
        3143.14840   1.001273   0.002453   0  -1  -1
        3143.14863   0.997747   0.002454   0  -1  -1
        3143.14886   0.996771   0.002452   0  -1  -1
        3143.14909   0.996294   0.002452   0  -1  -1
        3143.14932   1.001049   0.002456   0  -1  -1
        3143.14955   1.000196   0.002454   0  -1  -1
        3143.14979   0.998636   0.002452   0  -1  -1
        3143.15002   1.001436   0.002470   0  -1  -1
        3143.15025   1.001674   0.002455   0  -1  -1
        3143.15048   1.001229   0.002454   0  -1  -1
        3143.15071   1.004598   0.002457   0  -1  -1
        3143.15094   1.000089   0.002456   0  -1  -1
        3143.15118   0.998093   0.002452   0  -1  -1
        3143.15141   1.000481   0.002455   0  -1  -1
        3143.15164   1.001625   0.002456   0  -1  -1
        3143.15187   1.003622   0.002457   0  -1  -1
        3143.15210   0.999107   0.002455   0  -1  -1
        3143.15233   1.000950   0.002453   0  -1  -1
        3143.15256   0.994672   0.002452   0  -1  -1
        3143.15280   0.999663   0.002452   0  -1  -1
        3143.15303   0.997881   0.002451   0  -1  -1
        3143.15326   0.998490   0.002452   0  -1  -1
        3143.15349   1.002502   0.002457   0  -1  -1
        3143.15372   1.001464   0.002455   0  -1  -1
        3143.15395   1.001256   0.002456   0  -1  -1
        3143.15418   1.001711   0.002455   0  -1  -1
        3143.15442   1.002603   0.002456   0  -1  -1
        3143.15465   0.997881   0.002453   0  -1  -1
        3143.15488   0.999785   0.002454   0  -1  -1
        3143.15511   0.997453   0.002453   0  -1  -1
        3143.15534   1.000174   0.002454   0  -1  -1
        3143.15557   1.000754   0.002455   0  -1  -1
        3143.15580   1.001141   0.002456   0  -1  -1
        3143.15604   0.999269   0.002454   0  -1  -1
        3143.15627   1.001077   0.002453   0  -1  -1
        3143.15650   1.000935   0.002455   0  -1  -1
        3143.15673   1.001106   0.002454   0  -1  -1
        3143.15696   0.998677   0.002453   0  -1  -1
        3143.15719   0.998424   0.002454   0  -1  -1
        3143.15743   1.002307   0.002454   0  -1  -1
        3143.15766   1.000731   0.002457   0  -1  -1
        3143.15789   0.998738   0.002454   0  -1  -1
        3143.15812   1.002649   0.002456   0  -1  -1
        3143.15835   1.004682   0.002458   0  -1  -1
        3143.15858   1.001683   0.002455   0  -1  -1
        3143.15881   0.999049   0.002452   0  -1  -1
        3143.15905   0.996680   0.002452   0  -1  -1
        3143.15928   0.998698   0.002455   0  -1  -1
        3143.15951   0.998631   0.002454   0  -1  -1
        3143.15974   0.999650   0.002454   0  -1  -1
        3143.15997   1.000716   0.002452   0  -1  -1
        3143.16020   0.997537   0.002451   0  -1  -1
        3143.16043   1.000920   0.002453   0  -1  -1
        3143.16067   1.000602   0.002458   0  -1  -1
        3143.16090   0.996251   0.002451   0  -1  -1
        3143.16113   0.995387   0.002448   0  -1  -1
        3143.16136   1.001500   0.002455   0  -1  -1
        3143.16159   0.996462   0.002450   0  -1  -1
        3143.16182   0.997560   0.002452   0  -1  -1
        3143.16205   0.995629   0.002452   0  -1  -1
        3143.16229   0.994543   0.002451   0  -1  -1
        3143.16252   0.991834   0.002449   0  -1  -1
        3143.16275   0.999383   0.002452   0  -1  -1
        3143.16298   0.998162   0.002453   0  -1  -1
        3143.16321   0.996475   0.002449   0  -1  -1
        3143.16344   0.999419   0.002454   0  -1  -1
        3143.16367   0.998276   0.002453   0  -1  -1
        3143.16391   0.997545   0.002452   0  -1  -1
        3143.16414   0.997641   0.002452   0  -1  -1
        3143.16437   0.999207   0.002453   0  -1  -1
        3143.16460   0.995164   0.002451   0  -1  -1
        3143.16483   0.996982   0.002453   0  -1  -1
        3143.16506   0.996688   0.002451   0  -1  -1
        3143.16530   0.999242   0.002453   0  -1  -1
        3143.16553   1.000441   0.002454   0  -1  -1
        3143.16599   0.998078   0.002453   0  -1  -1
        3143.16622   1.000505   0.002454   0  -1  -1
        3143.16645   0.993677   0.002450   0  -1  -1
        3143.16668   0.992373   0.002448   0  -1  -1
        3143.16692   0.999513   0.002454   0  -1  -1
        3143.16715   0.997567   0.002452   0  -1  -1
        3143.16738   0.998856   0.002452   0  -1  -1
        3143.16761   0.997255   0.002452   0  -1  -1
        3143.16784   0.996922   0.002451   0  -1  -1
        3143.16807   0.996323   0.002451   0  -1  -1
        3143.16830   0.996374   0.002450   0  -1  -1
        3143.16854   0.995891   0.002453   0  -1  -1
        3143.16877   0.998931   0.002451   0  -1  -1
        3143.16900   0.995426   0.002450   0  -1  -1
        3143.16923   0.998230   0.002453   0  -1  -1
        3143.16946   0.995921   0.002450   0  -1  -1
        3143.16969   0.996960   0.002452   0  -1  -1
        3143.16992   0.994649   0.002450   0  -1  -1
        3143.17016   0.995812   0.002452   0  -1  -1
        3143.17039   0.998703   0.002455   0  -1  -1
        3143.17062   0.999157   0.002453   0  -1  -1
        3143.17085   0.993459   0.002449   0  -1  -1
        3143.17108   1.001738   0.002455   0  -1  -1
        3143.17131   0.999279   0.002453   0  -1  -1
        3143.17155   1.000671   0.002455   0  -1  -1
        3143.17178   0.996027   0.002452   0  -1  -1
        3143.17201   0.997953   0.002453   0  -1  -1
        3143.17224   0.988521   0.002445   0  -1  -1
        3143.17247   0.999471   0.002453   0  -1  -1
        3143.17270   0.996101   0.002451   0  -1  -1
        3143.17293   0.998137   0.002452   0  -1  -1
        3143.17317   0.999615   0.002451   0  -1  -1
        3143.17340   0.996708   0.002454   0  -1  -1
        3143.17363   0.996506   0.002451   0  -1  -1
        3143.17386   0.996073   0.002452   0  -1  -1
        3143.17409   0.997253   0.002452   0  -1  -1
        3143.17432   0.994218   0.002448   0  -1  -1
        3143.17455   0.999414   0.002454   0  -1  -1
        3143.17479   0.996445   0.002452   0  -1  -1
        3143.17502   0.995189   0.002448   0  -1  -1
        3143.17525   0.998503   0.002450   0  -1  -1
        3143.17548   0.996723   0.002452   0  -1  -1
        3143.17571   0.994916   0.002449   0  -1  -1
        3143.17594   0.993527   0.002449   0  -1  -1
        3143.17617   0.994966   0.002450   0  -1  -1
        3143.17641   0.993921   0.002449   0  -1  -1
        3143.17664   0.994716   0.002451   0  -1  -1
        3143.17687   0.997444   0.002454   0  -1  -1
        3143.17710   0.994823   0.002450   0  -1  -1
        3143.17733   0.995577   0.002451   0  -1  -1
        3143.17756   0.999844   0.002454   0  -1  -1
        3143.17780   1.000928   0.002458   0  -1  -1
        3143.17803   0.996758   0.002452   0  -1  -1
        3143.17826   0.991987   0.002448   0  -1  -1
        3143.17849   0.999466   0.002453   0  -1  -1
        3143.17872   0.997488   0.002453   0  -1  -1
        3143.17895   0.996670   0.002451   0  -1  -1
        3143.17918   0.993218   0.002450   0  -1  -1
        3143.17942   0.998557   0.002453   0  -1  -1
        3143.17965   0.996276   0.002452   0  -1  -1
        3143.17988   0.999900   0.002454   0  -1  -1
        3143.18011   0.997087   0.002451   0  -1  -1
        3143.18034   0.998652   0.002452   0  -1  -1
        3143.18057   0.994996   0.002449   0  -1  -1
        3143.18080   1.001065   0.002454   0  -1  -1
        3143.18104   0.992015   0.002448   0  -1  -1
        3143.18127   0.998957   0.002453   0  -1  -1
        3143.18150   0.998658   0.002453   0  -1  -1
        3143.18173   0.993676   0.002448   0  -1  -1
        3143.18196   0.996603   0.002451   0  -1  -1
        3143.18219   0.995630   0.002450   0  -1  -1
        3143.18242   0.997111   0.002451   0  -1  -1
        3143.18266   0.997904   0.002453   0  -1  -1
        3143.18289   0.996140   0.002453   0  -1  -1
        3143.18312   0.993375   0.002450   0  -1  -1
        3143.18335   1.001528   0.002453   0  -1  -1
        3143.18358   0.998088   0.002451   0  -1  -1
        3143.18381   0.999474   0.002453   0  -1  -1
        3143.18404   0.999944   0.002452   0  -1  -1
        3143.18428   0.994687   0.002450   0  -1  -1
        3143.18451   0.997189   0.002452   0  -1  -1
        3143.18474   0.997118   0.002454   0  -1  -1
        3143.18497   0.999460   0.002453   0  -1  -1
        3143.18520   0.996179   0.002452   0  -1  -1
        3143.18543   0.995405   0.002451   0  -1  -1
        3143.18567   0.990619   0.002446   0  -1  -1
        3143.18590   0.995217   0.002449   0  -1  -1
        3143.18613   0.999629   0.002452   0  -1  -1
        3143.18636   0.998466   0.002453   0  -1  -1
        3143.18659   0.997867   0.002453   0  -1  -1
        3143.18682   0.998417   0.002452   0  -1  -1
        3143.18705   0.997681   0.002452   0  -1  -1
        3143.18729   0.999521   0.002454   0  -1  -1
        3143.18752   0.993765   0.002448   0  -1  -1
        3143.18775   0.998366   0.002453   0  -1  -1
        3143.18798   1.003069   0.002458   0  -1  -1
        3143.18821   0.999580   0.002452   0  -1  -1
        3143.18844   1.000202   0.002455   0  -1  -1
        3143.18867   0.991998   0.002448   0  -1  -1
        3143.18891   0.993792   0.002448   0  -1  -1
        3143.18914   0.993121   0.002451   0  -1  -1
        3143.18937   0.995349   0.002449   0  -1  -1
        3143.18960   0.996229   0.002453   0  -1  -1
        3143.18983   0.999440   0.002454   0  -1  -1
        3143.19006   0.995964   0.002450   0  -1  -1
        3143.19029   0.993977   0.002449   0  -1  -1
        3143.19053   0.996946   0.002451   0  -1  -1
        3143.19076   1.002512   0.002455   0  -1  -1
        3143.19099   0.999102   0.002453   0  -1  -1
        3143.19122   0.998947   0.002453   0  -1  -1
        3143.19145   1.000686   0.002455   0  -1  -1
        3143.19168   0.997444   0.002452   0  -1  -1
        3143.19192   0.999290   0.002454   0  -1  -1
        3143.19215   0.995291   0.002451   0  -1  -1
        3143.19238   1.001090   0.002454   0  -1  -1
        3143.19261   0.993921   0.002449   0  -1  -1
        3143.19284   0.993130   0.002448   0  -1  -1
        3143.19307   0.993226   0.002450   0  -1  -1
        3143.19330   0.999750   0.002452   0  -1  -1
        3143.19354   0.989152   0.002446   0  -1  -1
        3143.19377   1.002867   0.002456   0  -1  -1
        3143.19400   0.999127   0.002451   0  -1  -1
        3143.19423   0.997790   0.002458   0  -1  -1
        3143.19446   0.999691   0.002455   0  -1  -1
        3143.19469   0.995977   0.002451   0  -1  -1
        3143.19492   0.996534   0.002450   0  -1  -1
        3143.19516   0.998063   0.002453   0  -1  -1
        3143.19539   0.997608   0.002452   0  -1  -1
        3143.19562   1.001170   0.002454   0  -1  -1
        3143.19585   0.999520   0.002454   0  -1  -1
        3143.19608   0.997122   0.002453   0  -1  -1
        3143.19631   0.994173   0.002451   0  -1  -1
        3143.19654   0.998720   0.002453   0  -1  -1
        3143.19678   0.997504   0.002452   0  -1  -1
        3143.19701   0.997561   0.002450   0  -1  -1
        3143.19724   0.996261   0.002453   0  -1  -1
        3143.19747   1.001658   0.002455   0  -1  -1
        3143.19770   0.996959   0.002454   0  -1  -1
        3143.19793   0.995037   0.002450   0  -1  -1
        3143.19816   0.996661   0.002450   0  -1  -1
        3143.19840   0.997263   0.002453   0  -1  -1
        3143.19863   0.998055   0.002454   0  -1  -1
        3143.19886   1.003215   0.002456   0  -1  -1
        3143.19909   0.999823   0.002502   0  -1  -1
        3143.19932   0.996672   0.002452   0  -1  -1
        3143.19955   0.999494   0.002453   0  -1  -1
        3143.19979   0.997400   0.002452   0  -1  -1
        3143.20002   0.999561   0.002454   0  -1  -1
        3143.20025   0.998493   0.002452   0  -1  -1
        3143.20048   0.992515   0.002450   0  -1  -1
        3143.20071   0.995237   0.002450   0  -1  -1
        3143.20094   0.993980   0.002447   0  -1  -1
        3143.20117   0.995539   0.002453   0  -1  -1
        3143.20141   0.996044   0.002451   0  -1  -1
        3143.20164   0.998015   0.002453   0  -1  -1
        3143.20187   1.000137   0.002453   0  -1  -1
        3143.20210   0.994973   0.002451   0  -1  -1
        3143.20233   0.999132   0.002452   0  -1  -1
        3143.20256   1.001259   0.002453   0  -1  -1
        3143.20279   0.994975   0.002449   0  -1  -1
        3143.20303   0.996416   0.002450   0  -1  -1
        3143.20326   0.993170   0.002447   0  -1  -1
        3143.20349   0.993543   0.002451   0  -1  -1
        3143.20372   0.999191   0.002454   0  -1  -1
        3143.20395   0.998926   0.002452   0  -1  -1
        3143.20418   0.998103   0.002451   0  -1  -1
        3143.20441   0.996163   0.002451   0  -1  -1
        3143.20465   0.997490   0.002453   0  -1  -1
        3143.20488   0.998381   0.002453   0  -1  -1
        3143.20511   0.996395   0.002451   0  -1  -1
        3143.20534   0.995653   0.002452   0  -1  -1
        3143.20557   0.996051   0.002451   0  -1  -1
        3143.20580   0.996664   0.002451   0  -1  -1
        3143.20604   0.996413   0.002452   0  -1  -1
        3143.20627   0.996875   0.002453   0  -1  -1
        3143.20650   0.998037   0.002451   0  -1  -1
        3143.20673   0.997403   0.002452   0  -1  -1
        3143.20696   0.996995   0.002451   0  -1  -1
        3143.20719   0.997322   0.002450   0  -1  -1
        3143.20742   0.994912   0.002450   0  -1  -1
        3143.20766   0.999172   0.002452   0  -1  -1
        3143.20789   0.997923   0.002452   0  -1  -1
        3143.20812   0.996718   0.002452   0  -1  -1
        3143.20835   0.992962   0.002449   0  -1  -1
        3143.20858   0.994438   0.002451   0  -1  -1
        3143.20881   0.994031   0.002448   0  -1  -1
        3143.20904   1.000106   0.002453   0  -1  -1
        3143.20928   0.998059   0.002450   0  -1  -1
        3143.20974   1.001109   0.002455   0  -1  -1
        3143.20997   0.998953   0.002452   0  -1  -1
        3143.21020   0.999569   0.002453   0  -1  -1
        3143.21043   0.997787   0.002457   0  -1  -1
        3143.21066   0.996798   0.002451   0  -1  -1
        3143.21113   0.997924   0.002452   0  -1  -1
        3143.21159   1.000123   0.002455   0  -1  -1
        3143.21182   0.998122   0.002454   0  -1  -1
        3143.21205   0.997722   0.002451   0  -1  -1
        3143.21229   0.999454   0.002452   0  -1  -1
        3143.21252   0.997841   0.002452   0  -1  -1
        3143.21275   0.996218   0.002455   0  -1  -1
        3143.21298   1.003285   0.002455   0  -1  -1
        3143.21321   0.995888   0.002453   0  -1  -1
        3143.21344   1.000399   0.002454   0  -1  -1
        3143.21367   0.997632   0.002451   0  -1  -1
        3143.21391   0.999298   0.002453   0  -1  -1
        3143.21414   0.991282   0.002446   0  -1  -1
        3143.21437   0.996174   0.002450   0  -1  -1
        3143.21460   0.990605   0.002450   0  -1  -1
        3143.21483   0.994757   0.002450   0  -1  -1
        3143.21506   0.997283   0.002453   0  -1  -1
        3143.21529   0.998304   0.002453   0  -1  -1
        3143.21553   0.993885   0.002449   0  -1  -1
        3143.21576   1.001612   0.002455   0  -1  -1
        3143.21599   0.997735   0.002452   0  -1  -1
        3143.21622   0.995477   0.002453   0  -1  -1
        3143.21645   0.998770   0.002454   0  -1  -1
        3143.21668   0.995120   0.002450   0  -1  -1
        3143.21691   0.996490   0.002449   0  -1  -1
        3143.21715   1.000883   0.002454   0  -1  -1
        3143.21738   0.995867   0.002451   0  -1  -1
        3143.21761   0.992532   0.002447   0  -1  -1
        3143.21784   0.999040   0.002453   0  -1  -1
        3143.21807   0.999384   0.002455   0  -1  -1
        3143.21853   0.999069   0.002453   0  -1  -1
        3143.21877   1.002424   0.002455   0  -1  -1
        3143.21900   0.997756   0.002452   0  -1  -1
        3143.21923   0.999592   0.002454   0  -1  -1
        3143.21946   0.995700   0.002451   0  -1  -1
        3143.21969   0.996925   0.002453   0  -1  -1
        3143.21992   0.998244   0.002452   0  -1  -1
        3143.22016   0.995054   0.002452   0  -1  -1
        3143.22039   0.995661   0.002450   0  -1  -1
        3143.22062   0.994667   0.002449   0  -1  -1
        3143.22085   0.996531   0.002453   0  -1  -1
        3143.22131   0.997937   0.002451   0  -1  -1
        3143.22154   0.996759   0.002452   0  -1  -1
        3143.22178   0.992837   0.002448   0  -1  -1
        3143.22201   1.002169   0.002456   0  -1  -1
        3143.22224   0.997967   0.002452   0  -1  -1
        3143.22247   1.004629   0.002456   0  -1  -1
        3143.22270   0.999250   0.002456   0  -1  -1
        3143.22293   0.994380   0.002450   0  -1  -1
        3143.22316   0.998023   0.002453   0  -1  -1
        3143.22340   0.996110   0.002451   0  -1  -1
        3143.22363   0.997947   0.002452   0  -1  -1
        3143.22386   0.997381   0.002451   0  -1  -1
        3143.22409   0.994978   0.002448   0  -1  -1
        3143.22432   1.001868   0.002454   0  -1  -1
        3143.22455   1.000417   0.002454   0  -1  -1
        3143.22478   0.994979   0.002451   0  -1  -1
        3143.22502   0.994879   0.002449   0  -1  -1
        3143.22525   0.996687   0.002453   0  -1  -1
        3143.22548   0.992958   0.002447   0  -1  -1
        3143.22571   0.995637   0.002450   0  -1  -1
        3143.22594   1.004609   0.002456   0  -1  -1
        3143.22617   0.998751   0.002452   0  -1  -1
        3143.22641   0.996857   0.002462   0  -1  -1
        3143.22664   0.994822   0.002449   0  -1  -1
        3143.22687   0.996805   0.002451   0  -1  -1
        3143.22710   1.000924   0.002453   0  -1  -1
        3143.22733   0.997042   0.002453   0  -1  -1
        3143.22756   0.997669   0.002454   0  -1  -1
        3143.22779   0.995637   0.002450   0  -1  -1
        3143.22803   1.002966   0.002456   0  -1  -1
        3143.22826   1.000964   0.002456   0  -1  -1
        3143.22849   0.996691   0.002452   0  -1  -1
        3143.22872   0.997524   0.002453   0  -1  -1
        3143.22895   0.996298   0.002450   0  -1  -1
        3143.22918   0.997923   0.002451   0  -1  -1
        3143.22941   0.996880   0.002451   0  -1  -1
        3143.22965   0.997897   0.002453   0  -1  -1
        3143.22988   0.996612   0.002449   0  -1  -1
        3143.23011   0.996678   0.002451   0  -1  -1
        3143.23034   0.998973   0.002453   0  -1  -1
        3143.23057   1.004175   0.002458   0  -1  -1
        3143.23080   0.997146   0.002451   0  -1  -1
        3143.23103   0.999808   0.002454   0  -1  -1
        3143.23127   0.999536   0.002455   0  -1  -1
        3143.23150   0.998933   0.002450   0  -1  -1
        3143.23173   0.997256   0.002453   0  -1  -1
        3143.23196   1.001499   0.002455   0  -1  -1
        3143.23219   0.997254   0.002453   0  -1  -1
        3143.23242   0.998640   0.002453   0  -1  -1
        3143.23265   0.996243   0.002453   0  -1  -1
        3143.23289   0.996000   0.002450   0  -1  -1
        3143.23312   0.998227   0.002450   0  -1  -1
        3143.23335   0.997633   0.002455   0  -1  -1
        3143.23358   0.997407   0.002452   0  -1  -1
        3143.23381   1.000180   0.002456   0  -1  -1
        3143.23404   1.001095   0.002455   0  -1  -1
        3143.23428   1.001485   0.002455   0  -1  -1
        3143.23451   0.999179   0.002454   0  -1  -1
        3143.23474   0.997930   0.002451   0  -1  -1
        3143.23497   0.997262   0.002454   0  -1  -1
        3143.23520   1.002233   0.002455   0  -1  -1
        3143.23543   0.999178   0.002455   0  -1  -1
        3143.23566   1.002825   0.002456   0  -1  -1
        3143.23590   1.004798   0.002457   0  -1  -1
        3143.23613   0.999711   0.002455   0  -1  -1
        3143.23636   1.001078   0.002453   0  -1  -1
        3143.23659   0.999488   0.002454   0  -1  -1
        3143.23682   1.000980   0.002454   0  -1  -1
        3143.23705   0.995586   0.002452   0  -1  -1
        3143.23728   1.002767   0.002458   0  -1  -1
        3143.23752   1.002035   0.002456   0  -1  -1
        3143.23775   1.001045   0.002456   0  -1  -1
        3143.23798   0.997966   0.002455   0  -1  -1
        3143.23821   1.000054   0.002454   0  -1  -1
        3143.23844   0.997852   0.002454   0  -1  -1
        3143.23867   0.997946   0.002451   0  -1  -1
        3143.23890   1.005275   0.002457   0  -1  -1
        3143.23914   1.002212   0.002454   0  -1  -1
        3143.23937   1.000737   0.002453   0  -1  -1
        3143.23960   0.994825   0.002450   0  -1  -1
        3143.23983   1.001846   0.002454   0  -1  -1
        3143.24006   0.999479   0.002453   0  -1  -1
        3143.24053   1.002209   0.002458   0  -1  -1
        3143.24076   0.998316   0.002453   0  -1  -1
        3143.24099   0.998542   0.002454   0  -1  -1
        3143.24122   1.002164   0.002456   0  -1  -1
        3143.24145   1.001721   0.002453   0  -1  -1
        3143.24168   0.999829   0.002456   0  -1  -1
        3143.24191   1.000050   0.002457   0  -1  -1
        3143.24215   0.999265   0.002454   0  -1  -1
        3143.24238   1.000412   0.002455   0  -1  -1
        3143.24261   0.996090   0.002453   0  -1  -1
        3143.24284   1.004305   0.002457   0  -1  -1
        3143.24307   1.002728   0.002456   0  -1  -1
        3143.24330   1.007857   0.002460   0  -1  -1
        3143.24353   1.002831   0.002456   0  -1  -1
        3143.24377   0.998369   0.002453   0  -1  -1
        3143.24400   0.999101   0.002454   0  -1  -1
        3143.24423   0.998953   0.002454   0  -1  -1
        3143.24446   0.997219   0.002454   0  -1  -1
        3143.24469   1.002871   0.002456   0  -1  -1
        3143.24492   0.999716   0.002453   0  -1  -1
        3143.24515   0.999452   0.002453   0  -1  -1
        3143.24539   0.999680   0.002454   0  -1  -1
        3143.24562   1.001098   0.002454   0  -1  -1
        3143.24585   0.997401   0.002452   0  -1  -1
        3143.24608   1.001152   0.002453   0  -1  -1
        3143.24631   1.001923   0.002456   0  -1  -1
        3143.24654   0.999872   0.002456   0  -1  -1
        3143.24678   0.994569   0.002450   0  -1  -1
        3143.24701   0.996523   0.002451   0  -1  -1
        3143.24724   1.002402   0.002456   0  -1  -1
        3143.24747   1.000469   0.002457   0  -1  -1
        3143.24770   1.003089   0.002456   0  -1  -1
        3143.24793   1.001213   0.002455   0  -1  -1
        3143.24816   1.002107   0.002456   0  -1  -1
        3143.24840   1.000932   0.002453   0  -1  -1
        3143.24863   0.998650   0.002452   0  -1  -1
        3143.24886   1.002779   0.002456   0  -1  -1
        3143.24909   0.999813   0.002453   0  -1  -1
        3143.24932   0.999438   0.002452   0  -1  -1
        3143.24955   1.002065   0.002455   0  -1  -1
        3143.24978   1.003505   0.002460   0  -1  -1
        3143.25002   1.000221   0.002454   0  -1  -1
        3143.25025   0.998301   0.002452   0  -1  -1
        3143.25048   0.999063   0.002454   0  -1  -1
        3143.25071   0.997694   0.002452   0  -1  -1
        3143.25094   0.998630   0.002453   0  -1  -1
        3143.25117   1.000095   0.002455   0  -1  -1
        3143.25140   0.998234   0.002455   0  -1  -1
        3143.25164   0.998758   0.002456   0  -1  -1
        3143.25187   0.997797   0.002453   0  -1  -1
        3143.25210   0.999216   0.002455   0  -1  -1
        3143.25233   1.000525   0.002454   0  -1  -1
        3143.25256   0.997101   0.002454   0  -1  -1
        3143.25279   1.006979   0.002461   0  -1  -1
        3143.25302   1.002944   0.002455   0  -1  -1
        3143.25326   0.999817   0.002453   0  -1  -1
        3143.25349   1.000602   0.002454   0  -1  -1
        3143.25372   0.997746   0.002453   0  -1  -1
        3143.25395   0.999971   0.002455   0  -1  -1
        3143.25418   0.997200   0.002452   0  -1  -1
        3143.25441   1.002359   0.002456   0  -1  -1
        3143.25465   1.002107   0.002455   0  -1  -1
        3143.25488   0.999361   0.002453   0  -1  -1
        3143.25511   1.001873   0.002456   0  -1  -1
        3143.25534   0.998005   0.002453   0  -1  -1
        3143.25557   1.001616   0.002456   0  -1  -1
        3143.25580   0.996854   0.002453   0  -1  -1
        3143.25627   1.000724   0.002456   0  -1  -1
        3143.25650   0.998874   0.002452   0  -1  -1
        3143.25673   0.999669   0.002455   0  -1  -1
        3143.25696   1.000388   0.002455   0  -1  -1
        3143.25719   1.002208   0.002454   0  -1  -1
        3143.25742   0.996458   0.002453   0  -1  -1
        3143.25765   0.998176   0.002453   0  -1  -1
        3143.25789   0.997611   0.002451   0  -1  -1
        3143.25812   1.003750   0.002455   0  -1  -1
        3143.25835   0.996978   0.002451   0  -1  -1
        3143.25858   1.001178   0.002454   0  -1  -1
        3143.25881   0.998479   0.002452   0  -1  -1
        3143.25904   1.001983   0.002455   0  -1  -1
        3143.25927   1.000423   0.002454   0  -1  -1
        3143.25951   1.004025   0.002458   0  -1  -1
        3143.25974   0.999926   0.002454   0  -1  -1
        3143.25997   1.002976   0.002456   0  -1  -1
        3143.26020   1.000801   0.002455   0  -1  -1
        3143.26043   0.997737   0.002454   0  -1  -1
        3143.26066   0.998491   0.002452   0  -1  -1
        3143.26090   1.003776   0.002458   0  -1  -1
        3143.26113   0.996776   0.002451   0  -1  -1
        3143.26136   0.997038   0.002452   0  -1  -1
        3143.26159   1.000817   0.002455   0  -1  -1
        3143.26182   0.996116   0.002449   0  -1  -1
        3143.26205   1.000695   0.002453   0  -1  -1
        3143.26228   0.996229   0.002450   0  -1  -1
        3143.26252   1.000203   0.002455   0  -1  -1
        3143.26275   0.998962   0.002453   0  -1  -1
        3143.26298   0.994144   0.002451   0  -1  -1
        3143.26321   1.002481   0.002456   0  -1  -1
        3143.26344   1.006122   0.002460   0  -1  -1
        3143.26367   1.000473   0.002453   0  -1  -1
        3143.26390   1.000915   0.002454   0  -1  -1
        3143.26414   1.001158   0.002456   0  -1  -1
        3143.26437   0.999390   0.002454   0  -1  -1
        3143.26460   1.000139   0.002453   0  -1  -1
        3143.26483   1.000655   0.002454   0  -1  -1
        3143.26506   1.003373   0.002458   0  -1  -1
        3143.26529   0.998285   0.002453   0  -1  -1
        3143.26552   1.000239   0.002453   0  -1  -1
        3143.26576   0.996238   0.002451   0  -1  -1
        3143.26599   1.001630   0.002455   0  -1  -1
        3143.26622   1.000507   0.002454   0  -1  -1
        3143.26645   1.001402   0.002453   0  -1  -1
        3143.26668   1.000478   0.002454   0  -1  -1
        3143.26691   0.994070   0.002450   0  -1  -1
        3143.26714   0.996341   0.002452   0  -1  -1
        3143.26738   0.997970   0.002453   0  -1  -1
        3143.26761   0.998909   0.002453   0  -1  -1
        3143.26784   0.999915   0.002453   0  -1  -1
        3143.26807   0.999991   0.002453   0  -1  -1
        3143.26830   0.995995   0.002450   0  -1  -1
        3143.26853   0.997260   0.002451   0  -1  -1
        3143.26877   1.000683   0.002455   0  -1  -1
        3143.26900   1.001812   0.002454   0  -1  -1
        3143.26923   0.993845   0.002449   0  -1  -1
        3143.26946   0.996674   0.002452   0  -1  -1
        3143.26969   1.001110   0.002454   0  -1  -1
        3143.26992   1.000984   0.002453   0  -1  -1
        3143.27015   1.000716   0.002454   0  -1  -1
        3143.27039   1.000008   0.002454   0  -1  -1
        3143.27062   0.999266   0.002455   0  -1  -1
        3143.27085   1.001636   0.002456   0  -1  -1
        3143.27108   1.003396   0.002457   0  -1  -1
        3143.27131   1.000404   0.002452   0  -1  -1
        3143.27154   0.998560   0.002453   0  -1  -1
        3143.27177   1.003044   0.002456   0  -1  -1
        3143.27201   0.999647   0.002453   0  -1  -1
        3143.27224   0.999890   0.002455   0  -1  -1
        3143.27247   0.997074   0.002454   0  -1  -1
        3143.27270   1.001314   0.002454   0  -1  -1
        3143.27293   0.999152   0.002454   0  -1  -1
        3143.27316   0.994194   0.002449   0  -1  -1
        3143.27339   0.992557   0.002449   0  -1  -1
        3143.27363   1.003496   0.002456   0  -1  -1
        3143.27386   1.001263   0.002453   0  -1  -1
        3143.27432   0.996283   0.002452   0  -1  -1
        3143.27455   0.999100   0.002453   0  -1  -1
        3143.27478   0.999683   0.002454   0  -1  -1
        3143.27502   0.999763   0.002453   0  -1  -1
        3143.27525   0.995359   0.002451   0  -1  -1
        3143.27548   1.001191   0.002454   0  -1  -1
        3143.27571   1.000533   0.002456   0  -1  -1
        3143.27594   0.996961   0.002451   0  -1  -1
        3143.27617   0.999770   0.002455   0  -1  -1
        3143.27640   0.996394   0.002451   0  -1  -1
        3143.27664   0.999081   0.002454   0  -1  -1
        3143.27687   0.997131   0.002451   0  -1  -1
        3143.27710   0.996709   0.002451   0  -1  -1
        3143.27733   0.999174   0.002454   0  -1  -1
        3143.27756   1.000501   0.002452   0  -1  -1
        3143.27779   0.999237   0.002453   0  -1  -1
        3143.27802   1.001358   0.002457   0  -1  -1
        3143.27826   1.000945   0.002453   0  -1  -1
        3143.27849   0.999019   0.002452   0  -1  -1
        3143.27872   1.002032   0.002454   0  -1  -1
        3143.27895   0.996584   0.002452   0  -1  -1
        3143.27918   0.998670   0.002453   0  -1  -1
        3143.27941   1.001653   0.002455   0  -1  -1
        3143.27964   0.998842   0.002453   0  -1  -1
        3143.27988   0.999043   0.002453   0  -1  -1
        3143.28011   0.998833   0.002455   0  -1  -1
        3143.28034   1.004144   0.002458   0  -1  -1
        3143.28057   1.003304   0.002454   0  -1  -1
        3143.28080   1.000566   0.002453   0  -1  -1
        3143.28103   1.001062   0.002454   0  -1  -1
        3143.28127   0.997924   0.002454   0  -1  -1
        3143.28150   1.000393   0.002454   0  -1  -1
        3143.28173   0.999029   0.002454   0  -1  -1
        3143.28196   1.002437   0.002455   0  -1  -1
        3143.28219   1.002636   0.002458   0  -1  -1
        3143.28242   0.992675   0.002449   0  -1  -1
        3143.28265   0.996465   0.002451   0  -1  -1
        3143.28289   1.001075   0.002453   0  -1  -1
        3143.28312   1.001930   0.002457   0  -1  -1
        3143.28335   0.995729   0.002464   0  -1  -1
        3143.28358   1.000819   0.002454   0  -1  -1
        3143.28381   1.001254   0.002455   0  -1  -1
        3143.28404   1.002153   0.002457   0  -1  -1
        3143.28427   1.001883   0.002457   0  -1  -1
        3143.28451   1.001817   0.002456   0  -1  -1
        3143.28474   0.998714   0.002454   0  -1  -1
        3143.28497   0.994092   0.002449   0  -1  -1
        3143.28520   1.002911   0.002456   0  -1  -1
        3143.28543   0.998415   0.002453   0  -1  -1
        3143.28566   1.000995   0.002456   0  -1  -1
        3143.28589   1.001920   0.002455   0  -1  -1
        3143.28613   1.001061   0.002455   0  -1  -1
        3143.28636   0.998214   0.002452   0  -1  -1
        3143.28659   1.001258   0.002455   0  -1  -1
        3143.28682   0.999414   0.002455   0  -1  -1
        3143.28705   1.006046   0.002456   0  -1  -1
        3143.28728   1.001019   0.002455   0  -1  -1
        3143.28751   1.000092   0.002453   0  -1  -1
        3143.28775   0.998215   0.002453   0  -1  -1
        3143.28798   1.001721   0.002456   0  -1  -1
        3143.28821   1.002025   0.002455   0  -1  -1
        3143.28844   0.999294   0.002455   0  -1  -1
        3143.28867   1.000570   0.002455   0  -1  -1
        3143.28890   0.999785   0.002451   0  -1  -1
        3143.28914   0.997446   0.002454   0  -1  -1
        3143.28937   0.999927   0.002451   0  -1  -1
        3143.28960   0.995537   0.002450   0  -1  -1
        3143.28983   0.998122   0.002451   0  -1  -1
        3143.29006   1.001804   0.002456   0  -1  -1
        3143.29029   0.998693   0.002452   0  -1  -1
        3143.29052   1.000965   0.002455   0  -1  -1
        3143.29076   0.997792   0.002453   0  -1  -1
        3143.29099   0.998514   0.002454   0  -1  -1
        3143.29122   1.004059   0.002455   0  -1  -1
        3143.29145   0.996296   0.002451   0  -1  -1
        3143.29168   0.998237   0.002453   0  -1  -1
        3143.29191   1.004236   0.002459   0  -1  -1
        3143.29214   0.999133   0.002452   0  -1  -1
        3143.29238   1.000749   0.002455   0  -1  -1
        3143.29261   1.001454   0.002455   0  -1  -1
        3143.29284   1.003359   0.002456   0  -1  -1
        3143.29307   1.002338   0.002456   0  -1  -1
        3143.29330   0.997901   0.002451   0  -1  -1
        3143.29353   0.998801   0.002453   0  -1  -1
        3143.29376   1.001649   0.002456   0  -1  -1
        3143.29400   0.995675   0.002451   0  -1  -1
        3143.29423   1.000507   0.002454   0  -1  -1
        3143.29446   0.998754   0.002453   0  -1  -1
        3143.29469   1.000959   0.002455   0  -1  -1
        3143.29492   1.000750   0.002454   0  -1  -1
        3143.29539   0.999157   0.002453   0  -1  -1
        3143.29585   1.002168   0.002455   0  -1  -1
        3143.29608   0.999237   0.002453   0  -1  -1
        3143.29631   0.999676   0.002452   0  -1  -1
        3143.29654   0.999049   0.002454   0  -1  -1
        3143.29677   0.996420   0.002451   0  -1  -1
        3143.29701   1.000963   0.002455   0  -1  -1
        3143.29724   1.001460   0.002453   0  -1  -1
        3143.29747   1.001723   0.002452   0  -1  -1
        3143.29770   0.993982   0.002449   0  -1  -1
        3143.29793   0.996395   0.002452   0  -1  -1
        3143.29816   1.002683   0.002456   0  -1  -1
        3143.29839   1.001675   0.002456   0  -1  -1
        3143.29863   0.999349   0.002452   0  -1  -1
        3143.29886   0.999783   0.002454   0  -1  -1
        3143.29909   0.997891   0.002454   0  -1  -1
        3143.29932   0.995495   0.002451   0  -1  -1
        3143.29955   0.999689   0.002456   0  -1  -1
        3143.29978   0.999585   0.002453   0  -1  -1
        3143.30001   1.004407   0.002458   0  -1  -1
        3143.30025   0.997903   0.002452   0  -1  -1
        3143.30048   1.001735   0.002454   0  -1  -1
        3143.30071   0.998972   0.002454   0  -1  -1
        3143.30094   0.999649   0.002452   0  -1  -1
        3143.30117   1.001001   0.002456   0  -1  -1
        3143.30140   1.002299   0.002453   0  -1  -1
        3143.30163   0.993219   0.002455   0  -1  -1
        3143.30187   1.003778   0.002456   0  -1  -1
        3143.30210   0.998557   0.002452   0  -1  -1
        3143.30233   0.998934   0.002453   0  -1  -1
        3143.30256   0.998398   0.002453   0  -1  -1
        3143.30279   0.999741   0.002454   0  -1  -1
        3143.30302   0.997346   0.002453   0  -1  -1
        3143.30326   0.999022   0.002455   0  -1  -1
        3143.30349   1.005327   0.002458   0  -1  -1
        3143.30372   1.005005   0.002458   0  -1  -1
        3143.30395   1.002389   0.002455   0  -1  -1
        3143.30418   1.001569   0.002455   0  -1  -1
        3143.30441   0.996988   0.002451   0  -1  -1
        3143.30464   0.996944   0.002452   0  -1  -1
        3143.30488   0.998037   0.002454   0  -1  -1
        3143.30511   1.001618   0.002456   0  -1  -1
        3143.30534   1.000972   0.002455   0  -1  -1
        3143.30557   0.997792   0.002454   0  -1  -1
        3143.30580   0.996984   0.002452   0  -1  -1
        3143.30603   1.000168   0.002453   0  -1  -1
        3143.30626   0.998415   0.002453   0  -1  -1
        3143.30650   0.995964   0.002452   0  -1  -1
        3143.30673   1.006845   0.002457   0  -1  -1
        3143.30696   1.000119   0.002453   0  -1  -1
        3143.30719   1.000539   0.002456   0  -1  -1
        3143.30742   1.005205   0.002457   0  -1  -1
        3143.30765   1.000342   0.002461   0  -1  -1
        3143.30788   1.000555   0.002454   0  -1  -1
        3143.30812   0.997584   0.002453   0  -1  -1
        3143.30835   1.000756   0.002454   0  -1  -1
        3143.30858   0.997821   0.002451   0  -1  -1
        3143.30881   1.000333   0.002455   0  -1  -1
        3143.30904   0.997946   0.002453   0  -1  -1
        3143.30927   0.998112   0.002453   0  -1  -1
        3143.30951   0.996750   0.002453   0  -1  -1
        3143.30974   1.001871   0.002471   0  -1  -1
        3143.30997   1.002731   0.002456   0  -1  -1
        3143.31020   0.997450   0.002450   0  -1  -1
        3143.31043   0.997520   0.002452   0  -1  -1
        3143.31066   0.998712   0.002453   0  -1  -1
        3143.31089   1.000726   0.002455   0  -1  -1
        3143.31113   1.000828   0.002456   0  -1  -1
        3143.31136   1.001381   0.002455   0  -1  -1
        3143.31159   0.999848   0.002454   0  -1  -1
        3143.31182   1.002455   0.002457   0  -1  -1
        3143.31205   0.997695   0.002454   0  -1  -1
        3143.31228   0.999707   0.002453   0  -1  -1
        3143.31251   1.001292   0.002456   0  -1  -1
        3143.31275   1.000826   0.002455   0  -1  -1
        3143.31298   1.006146   0.002459   0  -1  -1
        3143.31321   1.001317   0.002455   0  -1  -1
        3143.31344   0.996927   0.002453   0  -1  -1
        3143.31390   1.001386   0.002457   0  -1  -1
        3143.31413   1.000534   0.002456   0  -1  -1
        3143.31437   1.000195   0.002454   0  -1  -1
        3143.31460   1.000695   0.002455   0  -1  -1
        3143.31483   0.999687   0.002453   0  -1  -1
        3143.31506   0.998290   0.002453   0  -1  -1
        3143.31529   1.001407   0.002454   0  -1  -1
        3143.31552   0.996769   0.002452   0  -1  -1
        3143.31576   1.001070   0.002455   0  -1  -1
        3143.31599   1.001697   0.002454   0  -1  -1
        3143.31622   0.995760   0.002451   0  -1  -1
        3143.31645   0.998464   0.002451   0  -1  -1
        3143.31668   1.001962   0.002456   0  -1  -1
        3143.31691   0.997717   0.002453   0  -1  -1
        3143.31714   1.006226   0.002460   0  -1  -1
        3143.31738   1.003352   0.002455   0  -1  -1
        3143.31761   1.001862   0.002456   0  -1  -1
        3143.31784   1.004425   0.002457   0  -1  -1
        3143.31807   0.999209   0.002454   0  -1  -1
        3143.31830   1.001122   0.002453   0  -1  -1
        3143.31853   0.998612   0.002453   0  -1  -1
        3143.31876   1.005042   0.002457   0  -1  -1
        3143.31900   1.003667   0.002456   0  -1  -1
        3143.31923   0.996428   0.002451   0  -1  -1
        3143.31946   0.996882   0.002451   0  -1  -1
        3143.31969   0.994603   0.002449   0  -1  -1
        3143.31992   0.998988   0.002453   0  -1  -1
        3143.32015   0.999254   0.002453   0  -1  -1
        3143.32038   1.001815   0.002455   0  -1  -1
        3143.32062   1.001051   0.002455   0  -1  -1
        3143.32085   0.999616   0.002456   0  -1  -1
        3143.32108   1.003423   0.002457   0  -1  -1
        3143.32131   0.999432   0.002454   0  -1  -1
        3143.32154   1.002595   0.002456   0  -1  -1
        3143.32177   1.005814   0.002457   0  -1  -1
        3143.32200   1.002211   0.002455   0  -1  -1
        3143.32224   1.000033   0.002454   0  -1  -1
        3143.32247   0.999806   0.002453   0  -1  -1
        3143.32270   0.998967   0.002452   0  -1  -1
        3143.32293   0.996871   0.002453   0  -1  -1
        3143.32316   0.997505   0.002453   0  -1  -1
        3143.32339   0.996220   0.002452   0  -1  -1
        3143.32363   1.002235   0.002457   0  -1  -1
        3143.32386   1.000658   0.002456   0  -1  -1
        3143.32409   0.993222   0.002449   0  -1  -1
        3143.32432   1.000086   0.002453   0  -1  -1
        3143.32455   1.002999   0.002454   0  -1  -1
        3143.32478   0.998578   0.002453   0  -1  -1
        3143.32501   1.001100   0.002456   0  -1  -1
        3143.32525   1.004159   0.002458   0  -1  -1
        3143.32548   0.997458   0.002454   0  -1  -1
        3143.32571   0.995181   0.002451   0  -1  -1
        3143.32594   0.999316   0.002454   0  -1  -1
        3143.32617   0.995217   0.002450   0  -1  -1
        3143.32640   1.002813   0.002455   0  -1  -1
        3143.32663   1.001253   0.002454   0  -1  -1
        3143.32687   0.998508   0.002454   0  -1  -1
        3143.32710   0.999868   0.002454   0  -1  -1
        3143.32733   1.000736   0.002453   0  -1  -1
        3143.32756   0.998439   0.002456   0  -1  -1
        3143.32779   1.002527   0.002456   0  -1  -1
        3143.32802   0.998325   0.002451   0  -1  -1
        3143.32825   0.998540   0.002452   0  -1  -1
        3143.32849   1.000091   0.002454   0  -1  -1
        3143.32872   0.999440   0.002454   0  -1  -1
        3143.32895   0.998318   0.002452   0  -1  -1
        3143.32918   0.998373   0.002452   0  -1  -1
        3143.32941   1.001186   0.002456   0  -1  -1
        3143.32964   1.000702   0.002457   0  -1  -1
        3143.32988   0.995158   0.002451   0  -1  -1
        3143.33011   1.000988   0.002454   0  -1  -1
        3143.33034   1.002425   0.002455   0  -1  -1
        3143.33057   0.999969   0.002453   0  -1  -1
        3143.33080   0.998793   0.002450   0  -1  -1
        3143.33103   1.002006   0.002456   0  -1  -1
        3143.33126   1.001960   0.002454   0  -1  -1
        3143.33150   0.992824   0.002447   0  -1  -1
        3143.33173   0.998457   0.002456   0  -1  -1
        3143.33196   1.001193   0.002454   0  -1  -1
        3143.33219   0.997820   0.002452   0  -1  -1
        3143.33242   0.999434   0.002454   0  -1  -1
        3143.33265   0.995575   0.002453   0  -1  -1
        3143.33288   1.001690   0.002456   0  -1  -1
