# time flux flux_err jitter_flag offset_flag subset
        3126.78716   0.998661   0.002475   0  -1  -1
        3126.78739   1.006004   0.002480   0  -1  -1
        3126.78762   1.002137   0.002476   0  -1  -1
        3126.78786   0.999398   0.002473   0  -1  -1
        3126.78809   1.002427   0.002477   0  -1  -1
        3126.78832   1.000900   0.002475   0  -1  -1
        3126.78855   1.006842   0.002486   0  -1  -1
        3126.78878   0.997748   0.002473   0  -1  -1
        3126.78901   0.999330   0.002475   0  -1  -1
        3126.78924   0.996434   0.002471   0  -1  -1
        3126.78948   0.999571   0.002475   0  -1  -1
        3126.78971   0.998153   0.002472   0  -1  -1
        3126.78994   0.999065   0.002471   0  -1  -1
        3126.79017   0.997355   0.002473   0  -1  -1
        3126.79040   1.001046   0.002475   0  -1  -1
        3126.79063   1.001388   0.002474   0  -1  -1
        3126.79086   1.000271   0.002474   0  -1  -1
        3126.79110   0.999476   0.002474   0  -1  -1
        3126.79156   1.002756   0.002476   0  -1  -1
        3126.79179   0.999112   0.002474   0  -1  -1
        3126.79202   0.999264   0.002475   0  -1  -1
        3126.79225   1.003589   0.002477   0  -1  -1
        3126.79248   0.998145   0.002473   0  -1  -1
        3126.79272   0.998888   0.002472   0  -1  -1
        3126.79295   0.997324   0.002474   0  -1  -1
        3126.79318   0.996188   0.002473   0  -1  -1
        3126.79341   1.002048   0.002479   0  -1  -1
        3126.79364   1.000954   0.002473   0  -1  -1
        3126.79387   1.001412   0.002476   0  -1  -1
        3126.79411   0.999902   0.002476   0  -1  -1
        3126.79434   0.999110   0.002472   0  -1  -1
        3126.79457   0.999161   0.002473   0  -1  -1
        3126.79480   0.999799   0.002474   0  -1  -1
        3126.79503   1.000180   0.002474   0  -1  -1
        3126.79526   0.996285   0.002472   0  -1  -1
        3126.79549   1.001749   0.002475   0  -1  -1
        3126.79573   0.999437   0.002475   0  -1  -1
        3126.79596   1.001796   0.002477   0  -1  -1
        3126.79619   1.001254   0.002474   0  -1  -1
        3126.79642   0.999542   0.002473   0  -1  -1
        3126.79665   1.001184   0.002476   0  -1  -1
        3126.79688   1.002705   0.002474   0  -1  -1
        3126.79711   0.999274   0.002473   0  -1  -1
        3126.79735   0.998937   0.002473   0  -1  -1
        3126.79758   0.994624   0.002470   0  -1  -1
        3126.79781   1.003125   0.002478   0  -1  -1
        3126.79804   0.999685   0.002474   0  -1  -1
        3126.79827   0.997928   0.002504   0  -1  -1
        3126.79850   1.000273   0.002478   0  -1  -1
        3126.79873   0.999177   0.002475   0  -1  -1
        3126.79897   1.001229   0.002476   0  -1  -1
        3126.79920   0.994339   0.002472   0  -1  -1
        3126.79943   0.999112   0.002473   0  -1  -1
        3126.79966   1.004321   0.002477   0  -1  -1
        3126.79989   1.005032   0.002477   0  -1  -1
        3126.80012   0.998064   0.002474   0  -1  -1
        3126.80036   1.000070   0.002474   0  -1  -1
        3126.80059   1.004464   0.002476   0  -1  -1
        3126.80082   1.004488   0.002478   0  -1  -1
        3126.80105   1.000010   0.002473   0  -1  -1
        3126.80128   1.000190   0.002474   0  -1  -1
        3126.80151   1.001370   0.002476   0  -1  -1
        3126.80174   1.001393   0.002475   0  -1  -1
        3126.80198   1.002536   0.002473   0  -1  -1
        3126.80221   1.000290   0.002474   0  -1  -1
        3126.80244   1.000685   0.002475   0  -1  -1
        3126.80267   1.001244   0.002477   0  -1  -1
        3126.80290   1.000847   0.002473   0  -1  -1
        3126.80313   1.001739   0.002476   0  -1  -1
        3126.80336   0.999420   0.002474   0  -1  -1
        3126.80360   1.001696   0.002474   0  -1  -1
        3126.80383   1.002645   0.002475   0  -1  -1
        3126.80406   1.000926   0.002474   0  -1  -1
        3126.80429   1.001331   0.002474   0  -1  -1
        3126.80475   1.001760   0.002476   0  -1  -1
        3126.80498   1.001386   0.002474   0  -1  -1
        3126.80545   1.002609   0.002475   0  -1  -1
        3126.80568   1.004398   0.002476   0  -1  -1
        3126.80591   0.999443   0.002475   0  -1  -1
        3126.80614   0.996994   0.002473   0  -1  -1
        3126.80637   0.994931   0.002472   0  -1  -1
        3126.80684   0.999721   0.002473   0  -1  -1
        3126.80707   0.999841   0.002480   0  -1  -1
        3126.80730   1.003061   0.002476   0  -1  -1
        3126.80753   0.998079   0.002472   0  -1  -1
        3126.80776   1.001028   0.002475   0  -1  -1
        3126.80799   1.000765   0.002476   0  -1  -1
        3126.80823   1.003191   0.002477   0  -1  -1
        3126.80846   1.002636   0.002476   0  -1  -1
        3126.80869   1.003335   0.002476   0  -1  -1
        3126.80892   1.000236   0.002473   0  -1  -1
        3126.80915   1.000790   0.002475   0  -1  -1
        3126.80938   0.999817   0.002474   0  -1  -1
        3126.80961   1.001159   0.002475   0  -1  -1
        3126.80985   0.998514   0.002473   0  -1  -1
        3126.81008   0.998814   0.002476   0  -1  -1
        3126.81031   1.004433   0.002477   0  -1  -1
        3126.81054   0.996843   0.002471   0  -1  -1
        3126.81077   1.001250   0.002476   0  -1  -1
        3126.81100   1.004360   0.002477   0  -1  -1
        3126.81123   1.003995   0.002477   0  -1  -1
        3126.81147   1.002797   0.002477   0  -1  -1
        3126.81170   0.994255   0.002470   0  -1  -1
        3126.81193   1.000506   0.002476   0  -1  -1
        3126.81216   1.001294   0.002475   0  -1  -1
        3126.81239   1.000552   0.002476   0  -1  -1
        3126.81262   1.002308   0.002476   0  -1  -1
        3126.81286   0.999479   0.002475   0  -1  -1
        3126.81309   0.999512   0.002472   0  -1  -1
        3126.81332   1.001876   0.002475   0  -1  -1
        3126.81355   0.999974   0.002476   0  -1  -1
        3126.81378   0.999889   0.002475   0  -1  -1
        3126.81401   0.996889   0.002472   0  -1  -1
        3126.81424   1.000044   0.002474   0  -1  -1
        3126.81448   1.003428   0.002477   0  -1  -1
        3126.81471   1.001431   0.002475   0  -1  -1
        3126.81494   0.998027   0.002505   0  -1  -1
        3126.81517   1.002742   0.002475   0  -1  -1
        3126.81540   0.997916   0.002471   0  -1  -1
        3126.81563   1.000310   0.002474   0  -1  -1
        3126.81586   1.004773   0.002477   0  -1  -1
        3126.81610   1.003041   0.002476   0  -1  -1
        3126.81633   0.997887   0.002473   0  -1  -1
        3126.81656   0.999545   0.002474   0  -1  -1
        3126.81679   1.001143   0.002474   0  -1  -1
        3126.81702   0.998185   0.002472   0  -1  -1
        3126.81725   0.999828   0.002473   0  -1  -1
        3126.81748   1.004917   0.002479   0  -1  -1
        3126.81772   0.995383   0.002469   0  -1  -1
        3126.81795   1.004309   0.002477   0  -1  -1
        3126.81841   0.998785   0.002472   0  -1  -1
        3126.81864   1.000458   0.002475   0  -1  -1
        3126.81887   0.998523   0.002473   0  -1  -1
        3126.81911   1.004284   0.002477   0  -1  -1
        3126.81934   0.998062   0.002474   0  -1  -1
        3126.81957   1.000206   0.002475   0  -1  -1
        3126.81980   1.000260   0.002471   0  -1  -1
        3126.82003   0.997878   0.002472   0  -1  -1
        3126.82026   1.002234   0.002476   0  -1  -1
        3126.82049   0.998088   0.002472   0  -1  -1
        3126.82073   0.996298   0.002471   0  -1  -1
        3126.82096   1.000529   0.002475   0  -1  -1
        3126.82119   0.998154   0.002474   0  -1  -1
        3126.82142   1.000956   0.002477   0  -1  -1
        3126.82165   1.004081   0.002476   0  -1  -1
        3126.82188   1.004289   0.002476   0  -1  -1
        3126.82211   0.998816   0.002472   0  -1  -1
        3126.82235   1.001492   0.002473   0  -1  -1
        3126.82258   1.000518   0.002474   0  -1  -1
        3126.82281   0.993676   0.002469   0  -1  -1
        3126.82304   0.996956   0.002472   0  -1  -1
        3126.82327   0.998976   0.002473   0  -1  -1
        3126.82350   0.999499   0.002474   0  -1  -1
        3126.82374   0.998423   0.002472   0  -1  -1
        3126.82397   0.996066   0.002471   0  -1  -1
        3126.82420   0.998803   0.002474   0  -1  -1
        3126.82443   0.999836   0.002474   0  -1  -1
        3126.82466   1.002534   0.002475   0  -1  -1
        3126.82489   1.001790   0.002476   0  -1  -1
        3126.82512   0.999165   0.002472   0  -1  -1
        3126.82536   1.002177   0.002481   0  -1  -1
        3126.82559   1.005323   0.002480   0  -1  -1
        3126.82582   0.999903   0.002472   0  -1  -1
        3126.82605   1.000720   0.002475   0  -1  -1
        3126.82628   1.001594   0.002482   0  -1  -1
        3126.82651   1.004539   0.002478   0  -1  -1
        3126.82674   1.004896   0.002479   0  -1  -1
        3126.82698   1.000813   0.002473   0  -1  -1
        3126.82721   1.000728   0.002475   0  -1  -1
        3126.82744   1.003912   0.002476   0  -1  -1
        3126.82767   1.000219   0.002475   0  -1  -1
        3126.82790   1.003539   0.002476   0  -1  -1
        3126.82813   1.001554   0.002475   0  -1  -1
        3126.82836   0.998213   0.002470   0  -1  -1
        3126.82860   1.003118   0.002475   0  -1  -1
        3126.82883   1.003111   0.002476   0  -1  -1
        3126.82906   1.003541   0.002476   0  -1  -1
        3126.82929   0.999206   0.002473   0  -1  -1
        3126.82952   0.996638   0.002470   0  -1  -1
        3126.82975   0.998444   0.002471   0  -1  -1
        3126.82999   1.003697   0.002475   0  -1  -1
        3126.83022   0.999089   0.002472   0  -1  -1
        3126.83045   1.001277   0.002474   0  -1  -1
        3126.83068   1.003508   0.002477   0  -1  -1
        3126.83091   1.006320   0.002480   0  -1  -1
        3126.83114   1.001039   0.002473   0  -1  -1
        3126.83137   1.002950   0.002484   0  -1  -1
        3126.83161   1.000261   0.002476   0  -1  -1
        3126.83184   0.999720   0.002484   0  -1  -1
        3126.83207   1.002281   0.002475   0  -1  -1
        3126.83230   1.000194   0.002475   0  -1  -1
        3126.83253   1.000624   0.002476   0  -1  -1
        3126.83276   0.999582   0.002473   0  -1  -1
        3126.83299   0.997146   0.002473   0  -1  -1
        3126.83323   0.997284   0.002471   0  -1  -1
        3126.83346   1.001141   0.002474   0  -1  -1
        3126.83369   0.999996   0.002475   0  -1  -1
        3126.83392   1.001466   0.002475   0  -1  -1
        3126.83415   1.001505   0.002475   0  -1  -1
        3126.83438   1.001491   0.002477   0  -1  -1
        3126.83461   1.000131   0.002475   0  -1  -1
        3126.83485   1.002089   0.002477   0  -1  -1
        3126.83508   1.001676   0.002476   0  -1  -1
        3126.83531   1.002224   0.002476   0  -1  -1
        3126.83554   0.995697   0.002472   0  -1  -1
        3126.83577   0.993719   0.002469   0  -1  -1
        3126.83600   1.000493   0.002476   0  -1  -1
        3126.83624   0.997066   0.002473   0  -1  -1
        3126.83647   0.999798   0.002473   0  -1  -1
        3126.83670   1.000299   0.002476   0  -1  -1
        3126.83693   0.996843   0.002473   0  -1  -1
        3126.83716   1.003547   0.002476   0  -1  -1
        3126.83739   0.997063   0.002471   0  -1  -1
        3126.83762   1.001145   0.002472   0  -1  -1
        3126.83786   0.995815   0.002473   0  -1  -1
        3126.83809   1.003576   0.002479   0  -1  -1
        3126.83832   1.002022   0.002476   0  -1  -1
        3126.83855   1.003930   0.002478   0  -1  -1
        3126.83878   1.001036   0.002475   0  -1  -1
        3126.83901   1.004861   0.002478   0  -1  -1
        3126.83924   0.999151   0.002473   0  -1  -1
        3126.83948   0.999921   0.002475   0  -1  -1
        3126.83971   0.997713   0.002471   0  -1  -1
        3126.83994   0.997493   0.002474   0  -1  -1
        3126.84017   1.004356   0.002477   0  -1  -1
        3126.84040   1.002526   0.002479   0  -1  -1
        3126.84063   0.998507   0.002472   0  -1  -1
        3126.84086   1.000137   0.002474   0  -1  -1
        3126.84110   0.998761   0.002472   0  -1  -1
        3126.84133   0.998394   0.002472   0  -1  -1
        3126.84156   0.994535   0.002472   0  -1  -1
        3126.84179   0.997372   0.002472   0  -1  -1
        3126.84202   1.005735   0.002478   0  -1  -1
        3126.84249   1.002805   0.002475   0  -1  -1
        3126.84272   0.998577   0.002472   0  -1  -1
        3126.84295   0.998676   0.002474   0  -1  -1
        3126.84318   0.997352   0.002474   0  -1  -1
        3126.84341   1.001264   0.002473   0  -1  -1
        3126.84364   0.999936   0.002474   0  -1  -1
        3126.84387   1.002292   0.002475   0  -1  -1
        3126.84411   0.999482   0.002475   0  -1  -1
        3126.84434   1.000695   0.002472   0  -1  -1
        3126.84457   0.998636   0.002471   0  -1  -1
        3126.84480   0.998964   0.002473   0  -1  -1
        3126.84503   0.997175   0.002472   0  -1  -1
        3126.84526   0.998686   0.002476   0  -1  -1
        3126.84573   1.000289   0.002475   0  -1  -1
        3126.84596   1.000835   0.002476   0  -1  -1
        3126.84619   1.002059   0.002476   0  -1  -1
        3126.84642   0.998100   0.002472   0  -1  -1
        3126.84665   1.003363   0.002478   0  -1  -1
        3126.84688   1.000823   0.002476   0  -1  -1
        3126.84711   1.002267   0.002479   0  -1  -1
        3126.84735   1.005535   0.002477   0  -1  -1
        3126.84758   1.004898   0.002477   0  -1  -1
        3126.84781   0.999307   0.002472   0  -1  -1
        3126.84804   1.003132   0.002477   0  -1  -1
        3126.84827   1.003708   0.002478   0  -1  -1
        3126.84850   0.997401   0.002474   0  -1  -1
        3126.84874   1.002019   0.002474   0  -1  -1
        3126.84920   1.002955   0.002475   0  -1  -1
        3126.84943   0.997722   0.002473   0  -1  -1
        3126.84966   1.003464   0.002477   0  -1  -1
        3126.84989   1.000880   0.002474   0  -1  -1
        3126.85012   0.998364   0.002474   0  -1  -1
        3126.85036   0.998005   0.002472   0  -1  -1
        3126.85059   1.001653   0.002475   0  -1  -1
        3126.85082   1.001244   0.002473   0  -1  -1
        3126.85105   0.996363   0.002472   0  -1  -1
        3126.85128   1.003345   0.002474   0  -1  -1
        3126.85151   0.998716   0.002474   0  -1  -1
        3126.85174   1.001195   0.002475   0  -1  -1
        3126.85198   1.003354   0.002476   0  -1  -1
        3126.85221   1.001320   0.002475   0  -1  -1
        3126.85244   1.004774   0.002478   0  -1  -1
        3126.85267   1.000870   0.002475   0  -1  -1
        3126.85313   1.001467   0.002474   0  -1  -1
        3126.85360   0.996679   0.002471   0  -1  -1
        3126.85383   1.001869   0.002475   0  -1  -1
        3126.85406   0.997366   0.002473   0  -1  -1
        3126.85429   1.001944   0.002475   0  -1  -1
        3126.85452   0.998705   0.002473   0  -1  -1
        3126.85475   0.999617   0.002474   0  -1  -1
        3126.85499   1.001424   0.002476   0  -1  -1
        3126.85522   1.001396   0.002474   0  -1  -1
        3126.85545   0.997787   0.002473   0  -1  -1
        3126.85568   1.003204   0.002477   0  -1  -1
        3126.85591   1.003413   0.002477   0  -1  -1
        3126.85614   0.994113   0.002469   0  -1  -1
        3126.85637   1.000023   0.002474   0  -1  -1
        3126.85661   1.003628   0.002479   0  -1  -1
        3126.85684   1.001549   0.002477   0  -1  -1
        3126.85707   0.999431   0.002475   0  -1  -1
        3126.85730   0.995147   0.002470   0  -1  -1
        3126.85753   0.999961   0.002474   0  -1  -1
        3126.85776   0.999528   0.002473   0  -1  -1
        3126.85823   1.001462   0.002475   0  -1  -1
        3126.85846   1.002546   0.002475   0  -1  -1
        3126.85869   1.001204   0.002475   0  -1  -1
        3126.85892   1.000864   0.002474   0  -1  -1
        3126.85915   1.000800   0.002474   0  -1  -1
        3126.85938   1.000887   0.002476   0  -1  -1
        3126.85962   1.000096   0.002476   0  -1  -1
        3126.85985   0.997080   0.002472   0  -1  -1
        3126.86008   1.000279   0.002475   0  -1  -1
        3126.86031   0.999538   0.002473   0  -1  -1
        3126.86054   1.000224   0.002475   0  -1  -1
        3126.86077   0.999917   0.002474   0  -1  -1
        3126.86100   1.000319   0.002475   0  -1  -1
        3126.86124   1.001294   0.002472   0  -1  -1
        3126.86147   0.999061   0.002473   0  -1  -1
        3126.86170   1.000354   0.002474   0  -1  -1
        3126.86193   1.001487   0.002473   0  -1  -1
        3126.86216   1.002151   0.002476   0  -1  -1
        3126.86239   1.002682   0.002477   0  -1  -1
        3126.86262   0.999019   0.002474   0  -1  -1
        3126.86286   1.001180   0.002476   0  -1  -1
        3126.86309   0.998189   0.002472   0  -1  -1
        3126.86332   0.999026   0.002475   0  -1  -1
        3126.86355   1.002497   0.002477   0  -1  -1
        3126.86378   1.002167   0.002477   0  -1  -1
        3126.86401   1.000861   0.002474   0  -1  -1
        3126.86424   0.996063   0.002471   0  -1  -1
        3126.86448   1.001967   0.002477   0  -1  -1
        3126.86471   0.998620   0.002471   0  -1  -1
        3126.86494   1.002377   0.002475   0  -1  -1
        3126.86517   1.000266   0.002475   0  -1  -1
        3126.86540   0.999044   0.002473   0  -1  -1
        3126.86563   1.002649   0.002476   0  -1  -1
        3126.86587   0.994532   0.002469   0  -1  -1
        3126.86610   0.999471   0.002474   0  -1  -1
        3126.86633   1.002999   0.002476   0  -1  -1
        3126.86656   0.994117   0.002469   0  -1  -1
        3126.86702   1.001210   0.002477   0  -1  -1
        3126.86725   1.003250   0.002476   0  -1  -1
        3126.86749   0.997101   0.002473   0  -1  -1
        3126.86772   1.002567   0.002476   0  -1  -1
        3126.86795   1.000432   0.002473   0  -1  -1
        3126.86818   1.003648   0.002476   0  -1  -1
        3126.86841   1.000917   0.002474   0  -1  -1
        3126.86864   0.997143   0.002472   0  -1  -1
        3126.86887   1.003377   0.002477   0  -1  -1
        3126.86911   0.998042   0.002473   0  -1  -1
        3126.86934   0.999214   0.002472   0  -1  -1
        3126.86957   0.996053   0.002470   0  -1  -1
        3126.86980   1.003257   0.002476   0  -1  -1
        3126.87003   0.997487   0.002473   0  -1  -1
        3126.87026   1.003529   0.002476   0  -1  -1
        3126.87049   0.997380   0.002472   0  -1  -1
        3126.87073   1.002760   0.002476   0  -1  -1
        3126.87119   0.999189   0.002476   0  -1  -1
        3126.87142   0.998935   0.002472   0  -1  -1
        3126.87165   0.996240   0.002471   0  -1  -1
        3126.87188   0.999107   0.002474   0  -1  -1
        3126.87212   1.003002   0.002475   0  -1  -1
        3126.87235   0.996940   0.002472   0  -1  -1
        3126.87258   0.999512   0.002473   0  -1  -1
        3126.87281   0.999560   0.002476   0  -1  -1
        3126.87304   1.002234   0.002474   0  -1  -1
        3126.87327   1.000304   0.002473   0  -1  -1
        3126.87350   1.001887   0.002473   0  -1  -1
        3126.87374   1.001000   0.002476   0  -1  -1
        3126.87397   0.997946   0.002472   0  -1  -1
        3126.87420   0.999970   0.002475   0  -1  -1
        3126.87443   0.998050   0.002470   0  -1  -1
        3126.87466   0.998336   0.002474   0  -1  -1
        3126.87489   0.996497   0.002472   0  -1  -1
        3126.87512   1.000813   0.002482   0  -1  -1
        3126.87536   0.998460   0.002472   0  -1  -1
        3126.87559   1.000112   0.002472   0  -1  -1
        3126.87582   1.000463   0.002474   0  -1  -1
        3126.87605   0.999044   0.002473   0  -1  -1
        3126.87628   1.000995   0.002473   0  -1  -1
        3126.87651   1.002785   0.002478   0  -1  -1
        3126.87674   0.999550   0.002475   0  -1  -1
        3126.87698   0.995622   0.002471   0  -1  -1
        3126.87744   1.010859   0.002482   0  -1  -1
        3126.87767   1.000450   0.002475   0  -1  -1
        3126.87790   1.002478   0.002476   0  -1  -1
        3126.87813   0.996805   0.002472   0  -1  -1
        3126.87837   1.002026   0.002475   0  -1  -1
        3126.87860   1.000441   0.002474   0  -1  -1
        3126.87883   1.000854   0.002475   0  -1  -1
        3126.87906   1.001777   0.002474   0  -1  -1
        3126.87929   0.999005   0.002474   0  -1  -1
        3126.87952   1.003585   0.002476   0  -1  -1
        3126.87975   0.997969   0.002471   0  -1  -1
        3126.87999   0.997231   0.002473   0  -1  -1
        3126.88022   1.000935   0.002475   0  -1  -1
        3126.88045   0.997300   0.002472   0  -1  -1
        3126.88068   0.998259   0.002474   0  -1  -1
        3126.88091   0.999756   0.002475   0  -1  -1
        3126.88114   1.003187   0.002477   0  -1  -1
        3126.88137   1.004488   0.002478   0  -1  -1
        3126.88161   0.998207   0.002473   0  -1  -1
        3126.88184   0.997687   0.002470   0  -1  -1
        3126.88207   0.999883   0.002473   0  -1  -1
        3126.88230   0.997297   0.002472   0  -1  -1
        3126.88253   1.001882   0.002476   0  -1  -1
        3126.88276   0.998452   0.002474   0  -1  -1
        3126.88299   1.002659   0.002474   0  -1  -1
        3126.88323   0.996615   0.002470   0  -1  -1
        3126.88346   1.001495   0.002473   0  -1  -1
        3126.88369   0.999572   0.002471   0  -1  -1
        3126.88392   0.998255   0.002478   0  -1  -1
        3126.88415   0.999045   0.002472   0  -1  -1
        3126.88438   1.003511   0.002477   0  -1  -1
        3126.88462   0.998958   0.002473   0  -1  -1
        3126.88485   0.995515   0.002469   0  -1  -1
        3126.88508   0.995251   0.002472   0  -1  -1
        3126.88531   1.002062   0.002475   0  -1  -1
        3126.88554   1.001727   0.002476   0  -1  -1
        3126.88577   0.999464   0.002473   0  -1  -1
        3126.88600   1.002537   0.002474   0  -1  -1
        3126.88624   0.994793   0.002470   0  -1  -1
        3126.88647   0.998817   0.002472   0  -1  -1
        3126.88670   1.001903   0.002474   0  -1  -1
        3126.88693   1.000531   0.002474   0  -1  -1
        3126.88716   0.995974   0.002471   0  -1  -1
        3126.88739   1.001498   0.002477   0  -1  -1
        3126.88762   1.003117   0.002477   0  -1  -1
        3126.88786   0.998279   0.002471   0  -1  -1
        3126.88809   1.005401   0.002477   0  -1  -1
        3126.88832   0.998702   0.002470   0  -1  -1
        3126.88855   1.002433   0.002476   0  -1  -1
        3126.88878   0.996160   0.002470   0  -1  -1
        3126.88901   1.000931   0.002474   0  -1  -1
        3126.88924   0.997898   0.002472   0  -1  -1
        3126.88948   1.000260   0.002473   0  -1  -1
        3126.88971   1.001360   0.002474   0  -1  -1
        3126.88994   0.998537   0.002473   0  -1  -1
        3126.89017   0.995163   0.002472   0  -1  -1
        3126.89040   0.992494   0.002467   0  -1  -1
        3126.89063   1.003229   0.002475   0  -1  -1
        3126.89087   1.003096   0.002476   0  -1  -1
        3126.89110   0.994224   0.002468   0  -1  -1
        3126.89133   1.001873   0.002474   0  -1  -1
        3126.89156   1.000703   0.002473   0  -1  -1
        3126.89179   1.002285   0.002474   0  -1  -1
        3126.89202   0.996901   0.002471   0  -1  -1
        3126.89225   0.995599   0.002470   0  -1  -1
        3126.89249   1.001130   0.002472   0  -1  -1
        3126.89272   0.999518   0.002472   0  -1  -1
        3126.89295   0.996823   0.002470   0  -1  -1
        3126.89318   0.998105   0.002471   0  -1  -1
        3126.89341   0.995913   0.002471   0  -1  -1
        3126.89364   0.999701   0.002474   0  -1  -1
        3126.89387   0.996134   0.002471   0  -1  -1
        3126.89411   1.001272   0.002475   0  -1  -1
        3126.89434   0.993731   0.002468   0  -1  -1
        3126.89457   0.999573   0.002473   0  -1  -1
        3126.89480   0.996893   0.002469   0  -1  -1
        3126.89503   1.002069   0.002473   0  -1  -1
        3126.89526   0.998059   0.002472   0  -1  -1
        3126.89550   0.997201   0.002470   0  -1  -1
        3126.89573   0.998968   0.002473   0  -1  -1
        3126.89596   0.996720   0.002471   0  -1  -1
        3126.89619   0.997520   0.002470   0  -1  -1
        3126.89642   1.000070   0.002472   0  -1  -1
        3126.89665   0.997624   0.002473   0  -1  -1
        3126.89688   0.993312   0.002468   0  -1  -1
        3126.89712   1.000175   0.002475   0  -1  -1
        3126.89735   0.994914   0.002470   0  -1  -1
        3126.89758   1.000282   0.002475   0  -1  -1
        3126.89781   1.000588   0.002474   0  -1  -1
        3126.89804   0.999858   0.002473   0  -1  -1
        3126.89827   0.996119   0.002471   0  -1  -1
        3126.89850   0.994993   0.002471   0  -1  -1
        3126.89874   0.994277   0.002468   0  -1  -1
        3126.89897   0.995055   0.002470   0  -1  -1
        3126.89920   0.999988   0.002473   0  -1  -1
        3126.89943   0.999320   0.002472   0  -1  -1
        3126.89966   0.997690   0.002473   0  -1  -1
        3126.89989   0.996934   0.002471   0  -1  -1
        3126.90012   1.001233   0.002474   0  -1  -1
        3126.90036   0.991918   0.002467   0  -1  -1
        3126.90059   1.002945   0.002475   0  -1  -1
        3126.90082   1.001555   0.002474   0  -1  -1
        3126.90105   0.999724   0.002473   0  -1  -1
        3126.90128   0.994914   0.002470   0  -1  -1
        3126.90151   0.996541   0.002472   0  -1  -1
        3126.90175   0.998074   0.002472   0  -1  -1
        3126.90198   0.998185   0.002472   0  -1  -1
        3126.90244   0.995312   0.002470   0  -1  -1
        3126.90267   0.994614   0.002467   0  -1  -1
        3126.90290   0.996911   0.002472   0  -1  -1
        3126.90313   1.000276   0.002472   0  -1  -1
        3126.90337   0.997211   0.002470   0  -1  -1
        3126.90360   1.001591   0.002476   0  -1  -1
        3126.90383   0.994556   0.002469   0  -1  -1
        3126.90406   0.998315   0.002472   0  -1  -1
        3126.90429   1.002649   0.002475   0  -1  -1
        3126.90452   0.998457   0.002471   0  -1  -1
        3126.90475   1.000144   0.002472   0  -1  -1
        3126.90499   1.002591   0.002478   0  -1  -1
        3126.90522   1.000075   0.002473   0  -1  -1
        3126.90545   0.999296   0.002472   0  -1  -1
        3126.90568   0.999910   0.002471   0  -1  -1
        3126.90591   0.996843   0.002471   0  -1  -1
        3126.90614   0.996112   0.002471   0  -1  -1
        3126.90637   0.996835   0.002469   0  -1  -1
        3126.90661   0.998999   0.002475   0  -1  -1
        3126.90684   0.997575   0.002470   0  -1  -1
        3126.90707   0.999132   0.002472   0  -1  -1
        3126.90753   1.002059   0.002474   0  -1  -1
        3126.90776   0.995536   0.002469   0  -1  -1
        3126.90800   0.993452   0.002468   0  -1  -1
        3126.90823   0.995086   0.002471   0  -1  -1
        3126.90846   0.995497   0.002483   0  -1  -1
        3126.90869   1.001801   0.002473   0  -1  -1
        3126.90892   0.997339   0.002469   0  -1  -1
        3126.90915   0.996471   0.002472   0  -1  -1
        3126.90938   0.999772   0.002473   0  -1  -1
        3126.90962   0.995755   0.002471   0  -1  -1
        3126.90985   0.995724   0.002470   0  -1  -1
        3126.91008   0.998180   0.002474   0  -1  -1
        3126.91031   0.998791   0.002470   0  -1  -1
        3126.91054   0.996655   0.002471   0  -1  -1
        3126.91077   1.002147   0.002476   0  -1  -1
        3126.91100   1.000385   0.002474   0  -1  -1
        3126.91124   0.999221   0.002469   0  -1  -1
        3126.91147   0.996656   0.002489   0  -1  -1
        3126.91170   0.998672   0.002471   0  -1  -1
        3126.91193   0.994993   0.002469   0  -1  -1
        3126.91216   0.997868   0.002471   0  -1  -1
        3126.91239   0.998425   0.002472   0  -1  -1
        3126.91262   0.998599   0.002471   0  -1  -1
        3126.91286   0.994436   0.002468   0  -1  -1
        3126.91309   0.996877   0.002471   0  -1  -1
        3126.91332   0.999943   0.002471   0  -1  -1
        3126.91355   0.996091   0.002469   0  -1  -1
        3126.91378   0.997435   0.002471   0  -1  -1
        3126.91401   1.000625   0.002473   0  -1  -1
        3126.91425   0.998057   0.002474   0  -1  -1
        3126.91448   1.000853   0.002473   0  -1  -1
        3126.91471   0.996926   0.002471   0  -1  -1
        3126.91494   0.995676   0.002470   0  -1  -1
        3126.91517   1.001213   0.002475   0  -1  -1
        3126.91540   0.999725   0.002473   0  -1  -1
        3126.91563   0.999278   0.002473   0  -1  -1
        3126.91587   0.997435   0.002470   0  -1  -1
        3126.91610   0.998427   0.002471   0  -1  -1
        3126.91633   0.996513   0.002468   0  -1  -1
        3126.91656   0.992804   0.002469   0  -1  -1
        3126.91679   0.995910   0.002470   0  -1  -1
        3126.91702   0.999826   0.002474   0  -1  -1
        3126.91725   0.996772   0.002470   0  -1  -1
        3126.91749   0.992552   0.002467   0  -1  -1
        3126.91772   1.002109   0.002474   0  -1  -1
        3126.91795   1.001499   0.002475   0  -1  -1
        3126.91818   0.998895   0.002472   0  -1  -1
        3126.91841   0.999301   0.002471   0  -1  -1
        3126.91864   0.999431   0.002472   0  -1  -1
        3126.91887   0.995827   0.002469   0  -1  -1
        3126.91911   0.998745   0.002473   0  -1  -1
        3126.91934   0.995197   0.002468   0  -1  -1
        3126.91957   1.000893   0.002473   0  -1  -1
        3126.91980   0.994574   0.002469   0  -1  -1
        3126.92003   0.997438   0.002471   0  -1  -1
        3126.92026   0.998090   0.002469   0  -1  -1
        3126.92050   1.004158   0.002476   0  -1  -1
        3126.92073   0.994362   0.002468   0  -1  -1
        3126.92096   0.996248   0.002470   0  -1  -1
        3126.92119   0.998704   0.002473   0  -1  -1
        3126.92142   0.994503   0.002469   0  -1  -1
        3126.92165   0.997812   0.002471   0  -1  -1
        3126.92188   0.996653   0.002470   0  -1  -1
        3126.92212   0.997950   0.002470   0  -1  -1
        3126.92235   0.996401   0.002476   0  -1  -1
        3126.92258   0.993987   0.002469   0  -1  -1
        3126.92281   0.999539   0.002474   0  -1  -1
        3126.92327   0.999070   0.002470   0  -1  -1
        3126.92350   0.995670   0.002467   0  -1  -1
        3126.92374   0.998127   0.002470   0  -1  -1
        3126.92397   0.996623   0.002469   0  -1  -1
        3126.92420   0.997759   0.002472   0  -1  -1
        3126.92443   1.002818   0.002474   0  -1  -1
        3126.92466   0.996810   0.002470   0  -1  -1
        3126.92489   1.000621   0.002472   0  -1  -1
        3126.92512   0.998017   0.002473   0  -1  -1
        3126.92536   1.000496   0.002473   0  -1  -1
        3126.92559   0.998264   0.002471   0  -1  -1
        3126.92582   0.999739   0.002475   0  -1  -1
        3126.92605   0.996017   0.002469   0  -1  -1
        3126.92628   1.000036   0.002473   0  -1  -1
        3126.92651   0.995165   0.002469   0  -1  -1
        3126.92675   0.999558   0.002471   0  -1  -1
        3126.92698   0.999127   0.002473   0  -1  -1
        3126.92721   0.995897   0.002471   0  -1  -1
        3126.92744   0.997668   0.002471   0  -1  -1
        3126.92767   0.999258   0.002472   0  -1  -1
        3126.92790   0.993738   0.002468   0  -1  -1
        3126.92813   1.001213   0.002473   0  -1  -1
        3126.92837   0.999061   0.002471   0  -1  -1
        3126.92860   1.002308   0.002473   0  -1  -1
        3126.92883   1.000358   0.002473   0  -1  -1
        3126.92906   0.995889   0.002471   0  -1  -1
        3126.92929   0.996017   0.002472   0  -1  -1
        3126.92952   0.999081   0.002472   0  -1  -1
        3126.92975   0.998413   0.002473   0  -1  -1
        3126.92999   0.995624   0.002468   0  -1  -1
        3126.93022   0.995896   0.002469   0  -1  -1
        3126.93045   0.994183   0.002467   0  -1  -1
        3126.93068   0.997408   0.002469   0  -1  -1
        3126.93091   0.995668   0.002469   0  -1  -1
        3126.93114   0.997317   0.002471   0  -1  -1
        3126.93138   1.001080   0.002473   0  -1  -1
        3126.93161   0.998231   0.002474   0  -1  -1
        3126.93184   0.995984   0.002469   0  -1  -1
        3126.93207   1.000108   0.002476   0  -1  -1
        3126.93230   0.998630   0.002474   0  -1  -1
        3126.93253   0.994507   0.002467   0  -1  -1
        3126.93276   1.001212   0.002474   0  -1  -1
        3126.93300   1.000273   0.002476   0  -1  -1
        3126.93323   0.995125   0.002470   0  -1  -1
        3126.93346   0.998239   0.002472   0  -1  -1
        3126.93369   0.995897   0.002469   0  -1  -1
        3126.93392   0.999211   0.002469   0  -1  -1
        3126.93415   0.999168   0.002473   0  -1  -1
        3126.93438   0.997788   0.002470   0  -1  -1
        3126.93462   0.998792   0.002473   0  -1  -1
        3126.93485   0.995294   0.002468   0  -1  -1
        3126.93508   0.998036   0.002469   0  -1  -1
        3126.93554   0.999547   0.002474   0  -1  -1
        3126.93577   0.997281   0.002471   0  -1  -1
        3126.93600   0.993202   0.002466   0  -1  -1
        3126.93624   0.998353   0.002471   0  -1  -1
        3126.93647   0.997367   0.002469   0  -1  -1
        3126.93693   0.995336   0.002469   0  -1  -1
        3126.93716   0.997728   0.002472   0  -1  -1
        3126.93739   0.995422   0.002469   0  -1  -1
        3126.93763   0.998888   0.002471   0  -1  -1
        3126.93786   0.991992   0.002467   0  -1  -1
        3126.93809   0.994881   0.002468   0  -1  -1
        3126.93832   0.993349   0.002467   0  -1  -1
        3126.93855   0.998888   0.002472   0  -1  -1
        3126.93878   0.996991   0.002471   0  -1  -1
        3126.93901   0.995691   0.002468   0  -1  -1
        3126.93925   0.997823   0.002469   0  -1  -1
        3126.93948   0.998749   0.002473   0  -1  -1
        3126.93971   0.997415   0.002471   0  -1  -1
        3126.93994   0.995554   0.002472   0  -1  -1
        3126.94017   1.000367   0.002474   0  -1  -1
        3126.94040   0.997054   0.002469   0  -1  -1
        3126.94063   0.999443   0.002471   0  -1  -1
        3126.94087   0.995655   0.002470   0  -1  -1
        3126.94110   0.995389   0.002468   0  -1  -1
        3126.94133   0.996846   0.002471   0  -1  -1
        3126.94156   0.998114   0.002473   0  -1  -1
        3126.94179   1.000157   0.002474   0  -1  -1
        3126.94202   0.999402   0.002470   0  -1  -1
        3126.94225   0.999026   0.002470   0  -1  -1
        3126.94249   0.995027   0.002466   0  -1  -1
        3126.94272   0.996093   0.002470   0  -1  -1
        3126.94295   1.002126   0.002475   0  -1  -1
        3126.94318   0.998677   0.002473   0  -1  -1
        3126.94341   0.997756   0.002473   0  -1  -1
        3126.94364   0.996575   0.002471   0  -1  -1
        3126.94388   0.996300   0.002469   0  -1  -1
        3126.94411   0.995064   0.002468   0  -1  -1
        3126.94434   0.994480   0.002468   0  -1  -1
        3126.94457   0.996140   0.002470   0  -1  -1
        3126.94480   0.994847   0.002469   0  -1  -1
        3126.94526   1.000595   0.002472   0  -1  -1
        3126.94550   0.998932   0.002474   0  -1  -1
        3126.94573   1.000401   0.002473   0  -1  -1
        3126.94596   1.000039   0.002472   0  -1  -1
        3126.94619   0.998513   0.002471   0  -1  -1
        3126.94642   0.994373   0.002467   0  -1  -1
        3126.94665   0.999418   0.002472   0  -1  -1
        3126.94688   0.997022   0.002469   0  -1  -1
        3126.94712   0.998679   0.002472   0  -1  -1
        3126.94735   0.996433   0.002471   0  -1  -1
        3126.94758   0.999905   0.002471   0  -1  -1
        3126.94781   0.998576   0.002473   0  -1  -1
        3126.94804   0.998779   0.002471   0  -1  -1
        3126.94827   1.001104   0.002473   0  -1  -1
        3126.94850   0.999851   0.002472   0  -1  -1
        3126.94874   0.999613   0.002473   0  -1  -1
        3126.94897   0.995751   0.002468   0  -1  -1
        3126.94920   1.000626   0.002475   0  -1  -1
        3126.94943   0.998625   0.002471   0  -1  -1
        3126.94966   0.994627   0.002469   0  -1  -1
        3126.94989   0.998789   0.002473   0  -1  -1
        3126.95013   0.998722   0.002470   0  -1  -1
        3126.95036   0.996772   0.002469   0  -1  -1
        3126.95059   1.001389   0.002476   0  -1  -1
        3126.95082   0.992773   0.002467   0  -1  -1
        3126.95105   0.997116   0.002471   0  -1  -1
        3126.95128   1.000038   0.002472   0  -1  -1
        3126.95151   0.999512   0.002473   0  -1  -1
        3126.95175   1.000692   0.002473   0  -1  -1
        3126.95198   0.996570   0.002470   0  -1  -1
        3126.95221   1.001525   0.002474   0  -1  -1
        3126.95244   0.995381   0.002469   0  -1  -1
        3126.95267   0.998719   0.002470   0  -1  -1
        3126.95290   0.995595   0.002468   0  -1  -1
        3126.95313   0.999908   0.002472   0  -1  -1
        3126.95337   0.995578   0.002470   0  -1  -1
        3126.95360   1.001927   0.002474   0  -1  -1
        3126.95383   0.998235   0.002472   0  -1  -1
        3126.95406   1.002774   0.002475   0  -1  -1
        3126.95429   0.998048   0.002469   0  -1  -1
        3126.95452   0.997075   0.002470   0  -1  -1
        3126.95475   0.998445   0.002475   0  -1  -1
        3126.95499   1.003539   0.002475   0  -1  -1
        3126.95522   0.993249   0.002467   0  -1  -1
        3126.95545   0.997209   0.002471   0  -1  -1
        3126.95568   1.000391   0.002474   0  -1  -1
        3126.95591   0.993915   0.002469   0  -1  -1
        3126.95614   1.001170   0.002473   0  -1  -1
        3126.95638   1.000554   0.002473   0  -1  -1
        3126.95661   0.998990   0.002472   0  -1  -1
        3126.95684   0.997662   0.002470   0  -1  -1
        3126.95707   0.997807   0.002473   0  -1  -1
        3126.95730   0.995941   0.002471   0  -1  -1
        3126.95753   0.998396   0.002471   0  -1  -1
        3126.95800   0.994366   0.002469   0  -1  -1
        3126.95823   0.996897   0.002471   0  -1  -1
        3126.95846   0.999602   0.002471   0  -1  -1
        3126.95869   1.002685   0.002474   0  -1  -1
        3126.95892   0.996094   0.002469   0  -1  -1
        3126.95915   0.997143   0.002471   0  -1  -1
        3126.95938   1.001452   0.002474   0  -1  -1
        3126.95962   0.999653   0.002474   0  -1  -1
        3126.95985   0.996572   0.002471   0  -1  -1
        3126.96008   0.994984   0.002469   0  -1  -1
        3126.96031   0.997109   0.002472   0  -1  -1
        3126.96054   0.998142   0.002473   0  -1  -1
        3126.96077   0.996722   0.002472   0  -1  -1
        3126.96124   0.996879   0.002471   0  -1  -1
        3126.96147   1.000739   0.002469   0  -1  -1
        3126.96170   0.997813   0.002470   0  -1  -1
        3126.96193   1.004642   0.002475   0  -1  -1
        3126.96216   0.996702   0.002469   0  -1  -1
        3126.96239   0.998571   0.002468   0  -1  -1
        3126.96263   0.997438   0.002469   0  -1  -1
        3126.96286   1.002135   0.002475   0  -1  -1
        3126.96309   1.000728   0.002475   0  -1  -1
        3126.96332   0.998859   0.002474   0  -1  -1
        3126.96355   0.999103   0.002472   0  -1  -1
        3126.96378   1.000759   0.002474   0  -1  -1
        3126.96401   1.001946   0.002474   0  -1  -1
        3126.96425   0.999421   0.002473   0  -1  -1
        3126.96448   1.001336   0.002471   0  -1  -1
        3126.96471   0.997221   0.002471   0  -1  -1
        3126.96494   1.001994   0.002474   0  -1  -1
        3126.96517   1.001325   0.002475   0  -1  -1
        3126.96540   1.000162   0.002473   0  -1  -1
        3126.96563   1.003592   0.002475   0  -1  -1
        3126.96587   1.001092   0.002474   0  -1  -1
        3126.96610   0.997556   0.002470   0  -1  -1
        3126.96633   1.002880   0.002477   0  -1  -1
        3126.96656   1.000304   0.002474   0  -1  -1
        3126.96679   1.003383   0.002476   0  -1  -1
        3126.96702   1.005345   0.002477   0  -1  -1
        3126.96726   0.997614   0.002471   0  -1  -1
        3126.96749   1.003720   0.002476   0  -1  -1
        3126.96772   0.997074   0.002470   0  -1  -1
        3126.96795   0.999794   0.002472   0  -1  -1
        3126.96818   0.995405   0.002470   0  -1  -1
        3126.96841   1.000883   0.002475   0  -1  -1
        3126.96864   1.003878   0.002475   0  -1  -1
        3126.96888   0.999761   0.002473   0  -1  -1
        3126.96911   1.003617   0.002475   0  -1  -1
        3126.96934   1.000124   0.002472   0  -1  -1
        3126.96957   0.997969   0.002473   0  -1  -1
        3126.96980   1.001472   0.002474   0  -1  -1
        3126.97003   0.998548   0.002472   0  -1  -1
        3126.97050   1.001811   0.002474   0  -1  -1
        3126.97096   1.001736   0.002472   0  -1  -1
        3126.97119   1.000522   0.002472   0  -1  -1
        3126.97142   1.002501   0.002471   0  -1  -1
        3126.97165   0.996268   0.002468   0  -1  -1
        3126.97188   1.002142   0.002475   0  -1  -1
        3126.97212   1.002927   0.002476   0  -1  -1
        3126.97235   0.997012   0.002470   0  -1  -1
        3126.97258   0.998505   0.002471   0  -1  -1
        3126.97281   0.996477   0.002471   0  -1  -1
        3126.97304   1.004329   0.002476   0  -1  -1
        3126.97327   1.000440   0.002475   0  -1  -1
        3126.97351   0.999126   0.002473   0  -1  -1
        3126.97374   1.002404   0.002472   0  -1  -1
        3126.97397   1.001384   0.002474   0  -1  -1
        3126.97420   0.997722   0.002470   0  -1  -1
        3126.97443   0.999563   0.002473   0  -1  -1
        3126.97466   1.002558   0.002473   0  -1  -1
        3126.97489   1.000749   0.002471   0  -1  -1
        3126.97513   1.003634   0.002478   0  -1  -1
        3126.97536   1.001947   0.002476   0  -1  -1
        3126.97559   0.997979   0.002471   0  -1  -1
        3126.97582   1.002144   0.002471   0  -1  -1
        3126.97605   1.000229   0.002474   0  -1  -1
        3126.97628   1.001994   0.002474   0  -1  -1
        3126.97651   1.005309   0.002477   0  -1  -1
        3126.97675   0.997883   0.002471   0  -1  -1
        3126.97698   1.001179   0.002473   0  -1  -1
        3126.97721   1.002517   0.002474   0  -1  -1
        3126.97744   1.001790   0.002474   0  -1  -1
        3126.97767   1.003018   0.002475   0  -1  -1
        3126.97790   1.001504   0.002471   0  -1  -1
        3126.97813   0.999691   0.002473   0  -1  -1
        3126.97837   1.001370   0.002473   0  -1  -1
        3126.97860   1.001302   0.002476   0  -1  -1
        3126.97883   0.999659   0.002473   0  -1  -1
        3126.97906   1.000240   0.002475   0  -1  -1
        3126.97929   1.002099   0.002474   0  -1  -1
        3126.97952   0.997261   0.002471   0  -1  -1
        3126.97976   1.000231   0.002472   0  -1  -1
        3126.97999   0.998704   0.002472   0  -1  -1
        3126.98022   0.997909   0.002470   0  -1  -1
        3126.98045   0.994529   0.002470   0  -1  -1
        3126.98068   1.002853   0.002475   0  -1  -1
        3126.98091   1.004084   0.002476   0  -1  -1
        3126.98114   1.002582   0.002472   0  -1  -1
        3126.98138   0.999020   0.002471   0  -1  -1
        3126.98161   1.002789   0.002477   0  -1  -1
        3126.98184   0.998257   0.002470   0  -1  -1
        3126.98207   1.003600   0.002474   0  -1  -1
        3126.98230   1.001887   0.002474   0  -1  -1
        3126.98253   0.998923   0.002473   0  -1  -1
        3126.98276   0.998937   0.002472   0  -1  -1
        3126.98300   0.998701   0.002470   0  -1  -1
        3126.98323   1.002222   0.002474   0  -1  -1
        3126.98346   0.996884   0.002470   0  -1  -1
        3126.98369   1.000781   0.002474   0  -1  -1
        3126.98392   1.001170   0.002473   0  -1  -1
        3126.98415   1.002463   0.002473   0  -1  -1
        3126.98438   1.000221   0.002471   0  -1  -1
        3126.98462   1.003270   0.002475   0  -1  -1
        3126.98485   0.999657   0.002474   0  -1  -1
        3126.98508   0.998900   0.002470   0  -1  -1
        3126.98531   1.001736   0.002474   0  -1  -1
        3126.98554   0.997086   0.002470   0  -1  -1
        3126.98577   0.996314   0.002469   0  -1  -1
        3126.98601   1.001738   0.002475   0  -1  -1
        3126.98624   1.000580   0.002474   0  -1  -1
        3126.98647   0.997626   0.002470   0  -1  -1
        3126.98670   0.998690   0.002471   0  -1  -1
        3126.98693   0.999194   0.002472   0  -1  -1
        3126.98716   1.003158   0.002474   0  -1  -1
        3126.98739   1.000081   0.002472   0  -1  -1
        3126.98763   1.004343   0.002476   0  -1  -1
        3126.98786   0.999997   0.002475   0  -1  -1
        3126.98809   0.999768   0.002472   0  -1  -1
        3126.98832   1.000280   0.002472   0  -1  -1
        3126.98855   1.004239   0.002476   0  -1  -1
        3126.98878   1.000413   0.002475   0  -1  -1
        3126.98901   1.001782   0.002473   0  -1  -1
        3126.98925   1.002972   0.002473   0  -1  -1
        3126.98971   1.003863   0.002478   0  -1  -1
        3126.99017   1.003178   0.002476   0  -1  -1
        3126.99040   1.005010   0.002475   0  -1  -1
        3126.99063   0.997395   0.002468   0  -1  -1
        3126.99087   1.002263   0.002476   0  -1  -1
        3126.99110   1.003331   0.002476   0  -1  -1
        3126.99133   1.001814   0.002473   0  -1  -1
        3126.99156   1.001165   0.002471   0  -1  -1
        3126.99179   0.996742   0.002470   0  -1  -1
        3126.99202   0.997528   0.002469   0  -1  -1
        3126.99226   1.000288   0.002472   0  -1  -1
        3126.99249   1.001662   0.002478   0  -1  -1
        3126.99272   1.000697   0.002472   0  -1  -1
        3126.99295   0.995187   0.002468   0  -1  -1
        3126.99318   1.002289   0.002473   0  -1  -1
        3126.99341   0.999674   0.002470   0  -1  -1
        3126.99364   0.998807   0.002471   0  -1  -1
        3126.99388   1.001762   0.002473   0  -1  -1
        3126.99411   0.999548   0.002472   0  -1  -1
        3126.99434   1.002866   0.002475   0  -1  -1
        3126.99457   0.995387   0.002470   0  -1  -1
        3126.99480   1.002643   0.002476   0  -1  -1
        3126.99503   0.998076   0.002470   0  -1  -1
        3126.99526   1.001064   0.002474   0  -1  -1
        3126.99550   1.002736   0.002475   0  -1  -1
        3126.99573   0.998332   0.002471   0  -1  -1
        3126.99596   0.994009   0.002467   0  -1  -1
        3126.99619   1.003642   0.002476   0  -1  -1
        3126.99642   0.999849   0.002472   0  -1  -1
        3126.99665   1.001197   0.002476   0  -1  -1
        3126.99688   0.999859   0.002474   0  -1  -1
        3126.99712   1.000077   0.002472   0  -1  -1
        3126.99735   0.999119   0.002471   0  -1  -1
        3126.99758   1.001398   0.002474   0  -1  -1
        3126.99781   1.004021   0.002474   0  -1  -1
        3126.99804   1.002368   0.002476   0  -1  -1
        3126.99827   0.997027   0.002470   0  -1  -1
        3126.99851   0.996466   0.002469   0  -1  -1
        3126.99874   0.993082   0.002465   0  -1  -1
        3126.99897   1.000395   0.002474   0  -1  -1
        3126.99920   1.000332   0.002473   0  -1  -1
        3126.99943   1.004079   0.002477   0  -1  -1
        3126.99966   0.996829   0.002471   0  -1  -1
        3126.99989   0.998531   0.002473   0  -1  -1
        3127.00013   1.000198   0.002473   0  -1  -1
        3127.00036   0.998082   0.002471   0  -1  -1
        3127.00059   1.000629   0.002473   0  -1  -1
        3127.00082   1.003023   0.002474   0  -1  -1
        3127.00105   1.003816   0.002476   0  -1  -1
        3127.00128   1.001656   0.002474   0  -1  -1
        3127.00151   1.000228   0.002471   0  -1  -1
        3127.00175   0.997856   0.002471   0  -1  -1
        3127.00198   1.001396   0.002476   0  -1  -1
        3127.00221   0.997904   0.002471   0  -1  -1
        3127.00244   1.000034   0.002473   0  -1  -1
        3127.00267   0.998546   0.002471   0  -1  -1
        3127.00290   0.999305   0.002471   0  -1  -1
        3127.00314   0.998766   0.002472   0  -1  -1
        3127.00337   0.997183   0.002470   0  -1  -1
        3127.00360   1.000032   0.002471   0  -1  -1
        3127.00383   0.999034   0.002473   0  -1  -1
        3127.00406   1.003376   0.002474   0  -1  -1
        3127.00429   1.002895   0.002472   0  -1  -1
        3127.00452   0.999175   0.002472   0  -1  -1
        3127.00476   0.999111   0.002472   0  -1  -1
        3127.00499   0.998908   0.002471   0  -1  -1
        3127.00522   0.996417   0.002470   0  -1  -1
        3127.00545   1.002617   0.002476   0  -1  -1
        3127.00568   0.999230   0.002473   0  -1  -1
        3127.00591   1.001328   0.002473   0  -1  -1
        3127.00614   1.001082   0.002474   0  -1  -1
        3127.00638   1.000182   0.002472   0  -1  -1
        3127.00661   1.000143   0.002472   0  -1  -1
        3127.00684   0.999976   0.002471   0  -1  -1
        3127.00707   0.998782   0.002473   0  -1  -1
        3127.00730   0.999551   0.002470   0  -1  -1
        3127.00753   1.002470   0.002471   0  -1  -1
        3127.00776   1.002661   0.002476   0  -1  -1
        3127.00800   1.001820   0.002473   0  -1  -1
        3127.00823   0.996318   0.002471   0  -1  -1
        3127.00846   1.000394   0.002473   0  -1  -1
        3127.00869   1.000543   0.002474   0  -1  -1
        3127.00892   0.997646   0.002471   0  -1  -1
        3127.00915   1.000093   0.002472   0  -1  -1
        3127.00939   1.002386   0.002475   0  -1  -1
        3127.00962   1.001751   0.002474   0  -1  -1
        3127.00985   0.997825   0.002470   0  -1  -1
        3127.01008   0.998400   0.002471   0  -1  -1
        3127.01031   0.998007   0.002469   0  -1  -1
        3127.01054   0.998076   0.002469   0  -1  -1
        3127.01077   0.996662   0.002468   0  -1  -1
        3127.01101   1.000399   0.002472   0  -1  -1
        3127.01124   0.995983   0.002471   0  -1  -1
        3127.01147   1.002136   0.002474   0  -1  -1
        3127.01170   1.004706   0.002476   0  -1  -1
        3127.01193   1.001583   0.002472   0  -1  -1
        3127.01216   0.996245   0.002472   0  -1  -1
        3127.01239   0.998447   0.002473   0  -1  -1
        3127.01263   0.997047   0.002471   0  -1  -1
        3127.01286   1.000805   0.002474   0  -1  -1
        3127.01309   0.998114   0.002470   0  -1  -1
        3127.01332   0.999918   0.002472   0  -1  -1
        3127.01355   0.999785   0.002474   0  -1  -1
        3127.01378   1.001105   0.002474   0  -1  -1
        3127.01401   0.998736   0.002472   0  -1  -1
        3127.01425   0.997699   0.002471   0  -1  -1
        3127.01448   0.998671   0.002471   0  -1  -1
        3127.01471   1.001542   0.002475   0  -1  -1
        3127.01494   0.999241   0.002471   0  -1  -1
        3127.01517   0.998961   0.002472   0  -1  -1
        3127.01540   1.001097   0.002474   0  -1  -1
        3127.01564   1.000629   0.002472   0  -1  -1
        3127.01587   0.999361   0.002472   0  -1  -1
        3127.01610   1.002591   0.002473   0  -1  -1
        3127.01633   1.000983   0.002472   0  -1  -1
        3127.01656   1.001022   0.002473   0  -1  -1
        3127.01679   0.997739   0.002470   0  -1  -1
        3127.01702   0.999735   0.002474   0  -1  -1
        3127.01726   1.001068   0.002473   0  -1  -1
        3127.01749   1.001243   0.002472   0  -1  -1
        3127.01772   0.998403   0.002472   0  -1  -1
        3127.01795   1.001405   0.002474   0  -1  -1
        3127.01818   1.003068   0.002474   0  -1  -1
        3127.01841   1.003397   0.002475   0  -1  -1
        3127.01864   1.001631   0.002474   0  -1  -1
        3127.01888   1.000540   0.002473   0  -1  -1
        3127.01911   1.003174   0.002473   0  -1  -1
        3127.01934   0.998174   0.002471   0  -1  -1
        3127.01957   1.003914   0.002475   0  -1  -1
        3127.01980   0.995589   0.002471   0  -1  -1
        3127.02003   1.001344   0.002476   0  -1  -1
        3127.02026   0.999355   0.002470   0  -1  -1
        3127.02050   0.997904   0.002469   0  -1  -1
        3127.02073   0.998527   0.002471   0  -1  -1
        3127.02096   0.997524   0.002468   0  -1  -1
        3127.02119   1.001040   0.002471   0  -1  -1
        3127.02142   1.002983   0.002475   0  -1  -1
        3127.02165   0.999017   0.002471   0  -1  -1
        3127.02189   0.997414   0.002470   0  -1  -1
        3127.02212   1.000240   0.002471   0  -1  -1
        3127.02235   1.001546   0.002474   0  -1  -1
        3127.02258   1.001590   0.002471   0  -1  -1
        3127.02281   0.997834   0.002471   0  -1  -1
        3127.02304   0.998770   0.002472   0  -1  -1
        3127.02327   1.000707   0.002474   0  -1  -1
        3127.02351   1.002567   0.002473   0  -1  -1
        3127.02374   1.002155   0.002473   0  -1  -1
        3127.02397   1.000755   0.002474   0  -1  -1
        3127.02420   1.001507   0.002473   0  -1  -1
        3127.02443   0.998547   0.002470   0  -1  -1
        3127.02466   1.001979   0.002474   0  -1  -1
        3127.02489   0.997661   0.002470   0  -1  -1
        3127.02513   0.997163   0.002472   0  -1  -1
        3127.02536   1.002208   0.002474   0  -1  -1
        3127.02559   1.002256   0.002472   0  -1  -1
        3127.02582   0.999800   0.002470   0  -1  -1
        3127.02605   1.003623   0.002473   0  -1  -1
        3127.02628   0.996303   0.002470   0  -1  -1
        3127.02651   0.999329   0.002470   0  -1  -1
        3127.02675   0.998010   0.002470   0  -1  -1
        3127.02698   0.997720   0.002470   0  -1  -1
        3127.02721   0.998097   0.002472   0  -1  -1
        3127.02744   0.997179   0.002470   0  -1  -1
        3127.02767   1.002318   0.002480   0  -1  -1
        3127.02790   0.999889   0.002472   0  -1  -1
        3127.02814   1.003612   0.002481   0  -1  -1
        3127.02837   1.000546   0.002471   0  -1  -1
        3127.02860   0.997653   0.002469   0  -1  -1
        3127.02883   0.993297   0.002467   0  -1  -1
        3127.02906   1.000944   0.002472   0  -1  -1
        3127.02929   0.995009   0.002468   0  -1  -1
        3127.02952   1.002271   0.002475   0  -1  -1
        3127.02976   0.998441   0.002470   0  -1  -1
        3127.02999   1.000306   0.002475   0  -1  -1
        3127.03022   1.000642   0.002473   0  -1  -1
        3127.03045   0.995404   0.002468   0  -1  -1
        3127.03068   1.004326   0.002476   0  -1  -1
        3127.03091   1.004079   0.002476   0  -1  -1
        3127.03114   0.997716   0.002469   0  -1  -1
        3127.03138   1.003658   0.002476   0  -1  -1
        3127.03161   1.006417   0.002476   0  -1  -1
        3127.03184   1.000887   0.002471   0  -1  -1
        3127.03207   0.999784   0.002474   0  -1  -1
        3127.03230   1.002476   0.002474   0  -1  -1
        3127.03276   0.999241   0.002473   0  -1  -1
        3127.03300   0.994623   0.002468   0  -1  -1
        3127.03323   1.001956   0.002473   0  -1  -1
        3127.03346   1.002343   0.002476   0  -1  -1
        3127.03369   0.998052   0.002470   0  -1  -1
        3127.03392   0.997990   0.002469   0  -1  -1
        3127.03439   1.000569   0.002471   0  -1  -1
        3127.03462   0.997093   0.002470   0  -1  -1
        3127.03485   0.998115   0.002470   0  -1  -1
        3127.03508   1.000288   0.002474   0  -1  -1
        3127.03531   0.996124   0.002469   0  -1  -1
        3127.03554   0.998597   0.002469   0  -1  -1
        3127.03577   1.000152   0.002472   0  -1  -1
        3127.03601   1.002492   0.002472   0  -1  -1
        3127.03624   1.001404   0.002476   0  -1  -1
        3127.03647   0.999144   0.002472   0  -1  -1
        3127.03670   1.000423   0.002471   0  -1  -1
        3127.03693   1.002073   0.002474   0  -1  -1
        3127.03716   1.001033   0.002473   0  -1  -1
        3127.03739   1.000847   0.002473   0  -1  -1
        3127.03763   0.998425   0.002471   0  -1  -1
        3127.03786   0.998778   0.002470   0  -1  -1
        3127.03809   0.999640   0.002473   0  -1  -1
        3127.03832   1.000003   0.002470   0  -1  -1
        3127.03855   1.002547   0.002475   0  -1  -1
        3127.03878   1.000993   0.002473   0  -1  -1
        3127.03902   1.003457   0.002476   0  -1  -1
        3127.03925   0.999264   0.002474   0  -1  -1
        3127.03948   0.996442   0.002468   0  -1  -1
        3127.03971   1.001449   0.002474   0  -1  -1
        3127.03994   0.999339   0.002472   0  -1  -1
        3127.04017   1.000627   0.002471   0  -1  -1
        3127.04040   1.005775   0.002477   0  -1  -1
        3127.04064   1.002390   0.002475   0  -1  -1
        3127.04087   1.002680   0.002474   0  -1  -1
        3127.04133   1.001548   0.002473   0  -1  -1
        3127.04156   1.003667   0.002476   0  -1  -1
        3127.04179   1.002035   0.002476   0  -1  -1
        3127.04202   0.996729   0.002472   0  -1  -1
        3127.04226   1.001076   0.002474   0  -1  -1
        3127.04249   0.998063   0.002481   0  -1  -1
        3127.04272   0.999445   0.002471   0  -1  -1
        3127.04295   1.000265   0.002473   0  -1  -1
        3127.04318   0.997385   0.002471   0  -1  -1
        3127.04341   1.004993   0.002476   0  -1  -1
        3127.04364   1.000946   0.002473   0  -1  -1
        3127.04388   0.999455   0.002472   0  -1  -1
        3127.04411   0.999517   0.002473   0  -1  -1
        3127.04434   1.001378   0.002471   0  -1  -1
        3127.04457   1.000375   0.002471   0  -1  -1
        3127.04480   0.999056   0.002472   0  -1  -1
        3127.04503   0.998401   0.002469   0  -1  -1
        3127.04550   0.996624   0.002470   0  -1  -1
        3127.04573   1.001258   0.002474   0  -1  -1
        3127.04596   1.001983   0.002474   0  -1  -1
        3127.04619   1.004192   0.002475   0  -1  -1
        3127.04642   1.003965   0.002475   0  -1  -1
        3127.04665   1.000644   0.002472   0  -1  -1
        3127.04689   1.003013   0.002472   0  -1  -1
        3127.04712   0.996917   0.002469   0  -1  -1
        3127.04735   0.999984   0.002475   0  -1  -1
        3127.04758   1.002278   0.002473   0  -1  -1
        3127.04781   1.001819   0.002473   0  -1  -1
        3127.04804   1.002866   0.002473   0  -1  -1
        3127.04827   0.999477   0.002471   0  -1  -1
        3127.04851   0.997739   0.002472   0  -1  -1
        3127.04874   0.999780   0.002472   0  -1  -1
        3127.04897   0.998328   0.002472   0  -1  -1
        3127.04920   0.995995   0.002470   0  -1  -1
        3127.04943   0.999525   0.002472   0  -1  -1
        3127.04966   1.003486   0.002475   0  -1  -1
        3127.04989   1.002077   0.002473   0  -1  -1
        3127.05013   0.997787   0.002470   0  -1  -1
        3127.05036   1.000388   0.002471   0  -1  -1
        3127.05059   1.000427   0.002472   0  -1  -1
        3127.05082   1.001072   0.002473   0  -1  -1
        3127.05105   0.998395   0.002471   0  -1  -1
        3127.05128   1.000171   0.002470   0  -1  -1
        3127.05152   0.999844   0.002472   0  -1  -1
        3127.05175   0.997916   0.002471   0  -1  -1
        3127.05198   1.005446   0.002477   0  -1  -1
        3127.05221   1.003245   0.002474   0  -1  -1
        3127.05244   1.006022   0.002476   0  -1  -1
        3127.05267   1.002172   0.002472   0  -1  -1
        3127.05290   0.998083   0.002471   0  -1  -1
        3127.05314   1.003510   0.002474   0  -1  -1
        3127.05337   1.002135   0.002473   0  -1  -1
        3127.05360   1.000981   0.002472   0  -1  -1
        3127.05383   1.003063   0.002473   0  -1  -1
        3127.05406   0.997003   0.002471   0  -1  -1
        3127.05429   0.998915   0.002473   0  -1  -1
        3127.05452   1.001092   0.002471   0  -1  -1
        3127.05476   1.001580   0.002472   0  -1  -1
        3127.05499   1.001590   0.002474   0  -1  -1
        3127.05522   1.004501   0.002475   0  -1  -1
        3127.05545   0.996376   0.002468   0  -1  -1
        3127.05568   1.000315   0.002477   0  -1  -1
        3127.05591   1.002609   0.002474   0  -1  -1
        3127.05614   1.002682   0.002474   0  -1  -1
        3127.05638   0.999601   0.002473   0  -1  -1
        3127.05661   0.997048   0.002469   0  -1  -1
        3127.05684   0.997790   0.002472   0  -1  -1
        3127.05707   1.003158   0.002475   0  -1  -1
        3127.05730   1.001433   0.002473   0  -1  -1
        3127.05753   1.003251   0.002477   0  -1  -1
        3127.05777   0.996279   0.002469   0  -1  -1
        3127.05800   0.999615   0.002472   0  -1  -1
        3127.05823   1.001388   0.002471   0  -1  -1
        3127.05846   0.994865   0.002466   0  -1  -1
        3127.05869   0.998540   0.002470   0  -1  -1
        3127.05892   1.003371   0.002473   0  -1  -1
        3127.05915   0.995543   0.002469   0  -1  -1
        3127.05939   1.003147   0.002476   0  -1  -1
        3127.05962   0.996376   0.002469   0  -1  -1
        3127.05985   1.002403   0.002475   0  -1  -1
        3127.06008   1.002409   0.002474   0  -1  -1
        3127.06031   0.997886   0.002470   0  -1  -1
        3127.06054   1.006592   0.002477   0  -1  -1
        3127.06077   0.998230   0.002470   0  -1  -1
        3127.06101   1.003484   0.002472   0  -1  -1
        3127.06124   1.002098   0.002475   0  -1  -1
        3127.06147   0.997094   0.002471   0  -1  -1
        3127.06170   1.000762   0.002472   0  -1  -1
        3127.06193   0.998507   0.002471   0  -1  -1
        3127.06216   0.998486   0.002471   0  -1  -1
        3127.06239   1.000348   0.002473   0  -1  -1
        3127.06263   0.998432   0.002470   0  -1  -1
        3127.06286   1.002193   0.002471   0  -1  -1
        3127.06309   0.999262   0.002471   0  -1  -1
        3127.06332   1.001473   0.002472   0  -1  -1
        3127.06355   1.006330   0.002476   0  -1  -1
        3127.06378   0.998117   0.002468   0  -1  -1
        3127.06402   1.001338   0.002473   0  -1  -1
        3127.06425   1.001866   0.002473   0  -1  -1
        3127.06448   0.998801   0.002470   0  -1  -1
        3127.06471   1.000470   0.002471   0  -1  -1
        3127.06517   0.995459   0.002494   0  -1  -1
        3127.06540   0.997687   0.002469   0  -1  -1
        3127.06564   1.001607   0.002472   0  -1  -1
        3127.06587   1.002293   0.002473   0  -1  -1
        3127.06610   1.003920   0.002474   0  -1  -1
        3127.06633   1.002292   0.002474   0  -1  -1
        3127.06656   1.001038   0.002478   0  -1  -1
        3127.06679   0.999924   0.002471   0  -1  -1
        3127.06702   1.000362   0.002471   0  -1  -1
        3127.06726   0.998794   0.002471   0  -1  -1
        3127.06749   0.998159   0.002471   0  -1  -1
        3127.06772   1.006578   0.002476   0  -1  -1
        3127.06795   0.999397   0.002470   0  -1  -1
        3127.06818   1.002903   0.002476   0  -1  -1
        3127.06841   1.002076   0.002472   0  -1  -1
        3127.06864   1.002455   0.002474   0  -1  -1
        3127.06888   0.996221   0.002471   0  -1  -1
        3127.06911   1.002905   0.002474   0  -1  -1
        3127.06934   1.001022   0.002473   0  -1  -1
        3127.06957   0.998728   0.002470   0  -1  -1
        3127.06980   1.002446   0.002474   0  -1  -1
        3127.07003   1.003105   0.002472   0  -1  -1
        3127.07027   1.001881   0.002473   0  -1  -1
        3127.07050   1.000729   0.002473   0  -1  -1
        3127.07073   0.992682   0.002466   0  -1  -1
        3127.07096   0.998146   0.002472   0  -1  -1
        3127.07119   0.998508   0.002469   0  -1  -1
        3127.07142   0.998789   0.002471   0  -1  -1
        3127.07165   1.000002   0.002472   0  -1  -1
        3127.07189   1.003640   0.002475   0  -1  -1
        3127.07212   1.002398   0.002472   0  -1  -1
        3127.07235   0.995538   0.002468   0  -1  -1
        3127.07258   0.995265   0.002473   0  -1  -1
        3127.07281   1.002116   0.002476   0  -1  -1
