# epoch flux flux_err dx dy fwhm fwhmx fwhmy sky airmass
  3098.34999  1.00152  0.00179 -0.90340 -0.93364  6.79120  6.79120  6.79120   2134.40278  1.24454
  3098.35033  1.00001  0.00179 -0.77205 -1.19237  7.18292  7.18292  7.18292   2123.69167  1.24492
  3098.35066  0.99894  0.00179 -0.85737 -1.10137  7.09151  7.09151  7.09151   2113.03704  1.24525
  3098.35099  1.00066  0.00179 -0.87643 -1.26163  6.78209  6.78209  6.78209   2109.81019  1.24557
  3098.35132  0.99744  0.00179 -1.09148 -1.72637  6.87623  6.87623  6.87623   2115.84259  1.24590
  3098.35165  0.99721  0.00180 -0.96697 -1.51340  6.84962  6.84962  6.84962   2119.11111  1.24621
  3098.35198  1.00142  0.00179 -0.84134 -1.68834  6.90259  6.90259  6.90259   2119.11852  1.24656
  3098.35231  0.99746  0.00180 -0.93165 -1.45859  6.86513  6.86513  6.86513   2135.70556  1.24688
  3098.35263  1.00064  0.00179 -0.90566 -1.93473  6.66916  6.66916  6.66916   2174.75556  1.24723
  3098.35296  1.00097  0.00180 -0.93076 -1.28478  6.75108  6.75108  6.75108   2189.49167  1.24755
  3098.35329  0.99876  0.00179 -1.10623 -0.98046  6.77418  6.77418  6.77418   2186.58241  1.24789
  3098.35362  1.00118  0.00179 -0.93486 -1.25572  6.66553  6.66553  6.66553   2176.36944  1.24823
  3098.35395  1.00080  0.00179 -0.93313 -1.37420  6.83817  6.83817  6.83817   2181.01852  1.24857
  3098.35428  1.00050  0.00179 -1.01997 -1.24552  6.65898  6.65898  6.65898   2170.59167  1.24891
  3098.35461  1.00295  0.00178 -0.99875 -1.44746  6.63487  6.63487  6.63487   2184.35463  1.24924
  3098.35493  0.99906  0.00179 -0.75463 -1.42992  6.72046  6.72046  6.72046   2177.35648  1.24959
  3098.35526  1.00249  0.00178 -0.57704 -1.89340  6.75472  6.75472  6.75472   2181.99815  1.24992
  3098.35559  0.99720  0.00179 -0.59531 -1.51725  6.90891  6.90891  6.90891   2211.14167  1.25027
  3098.35592  1.00339  0.00179 -0.79823 -1.52747  7.59901  7.59901  7.59901   2232.04444  1.25061
  3098.35625  0.99965  0.00179 -0.78009 -1.36098  6.88248  6.88248  6.88248   2139.28611  1.25095
  3098.35658  0.99770  0.00180 -0.74757 -1.68154  7.05648  7.05648  7.05648   2089.57870  1.25130
  3098.35691  0.99709  0.00179 -0.91504 -1.68463  7.79425  7.79425  7.79425   2085.51019  1.25165
  3098.35724  0.99929  0.00180 -0.93372 -1.24874  6.83865  6.83865  6.83865   2089.19815  1.25201
  3098.35757  1.00183  0.00180 -0.96615 -0.88396  6.77764  6.77764  6.77764   2089.71296  1.25236
  3098.35790  1.00041  0.00179 -1.15230 -1.17159  6.85409  6.85409  6.85409   2081.93611  1.25271
  3098.35823  0.99883  0.00179 -0.98550 -1.02925  6.70420  6.70420  6.70420   2069.68981  1.25307
  3098.35856  1.00006  0.00179 -0.89213 -1.16073  6.76667  6.76667  6.76667   2062.86944  1.25343
  3098.35889  1.00272  0.00179 -1.06702 -1.26178  6.71241  6.71241  6.71241   2057.39352  1.25378
  3098.35922  1.00217  0.00179 -1.07559 -1.58621  6.87533  6.87533  6.87533   2056.14907  1.25414
  3098.35955  1.00090  0.00179 -0.88086 -0.99985  6.77437  6.77437  6.77437   2057.48148  1.25450
  3098.35988  0.99755  0.00179 -0.48243 -1.58841  6.99964  6.99964  6.99964   2057.65000  1.25487
  3098.36021  0.99591  0.00179 -0.28261 -1.35615  6.86664  6.86664  6.86664   2056.69352  1.25522
  3098.36054  1.00117  0.00179 -0.43394 -1.45470  6.94445  6.94445  6.94445   2059.12037  1.25559
  3098.36087  0.99975  0.00179 -0.41220 -0.96186  6.66523  6.66523  6.66523   2061.26204  1.25595
  3098.36120  0.99713  0.00179 -0.46463 -0.82348  6.84205  6.84205  6.84205   2064.28519  1.25631
  3098.36153  1.00255  0.00179 -0.74407 -0.86060  6.69797  6.69797  6.69797   2065.98796  1.25668
  3098.36186  0.99711  0.00179 -0.86868 -1.08112  6.64022  6.64022  6.64022   2072.00278  1.25705
  3098.36219  1.00262  0.00179 -1.06005 -0.92315  6.72181  6.72181  6.72181   2075.30185  1.25743
  3098.36252  1.00345  0.00178 -1.09325 -1.14939  7.43647  7.43647  7.43647   2078.07500  1.25780
  3098.36284  0.99558  0.00178 -1.04270 -1.34358  6.89729  6.89729  6.89729   2089.72870  1.25817
  3098.36317  0.99619  0.00179 -0.87896 -1.59583  6.90529  6.90529  6.90529   2105.13889  1.25853
  3098.36350  0.99767  0.00178 -0.21780 -1.75123  6.78119  6.78119  6.78119   2121.58981  1.25891
  3098.36383  1.00325  0.00179 -0.38809 -1.31442  6.85772  6.85772  6.85772   2116.42407  1.25929
  3098.36416  0.99993  0.00179 -0.27441 -1.40139  6.61510  6.61510  6.61510   2108.90463  1.25966
  3098.36449  0.99875  0.00179 -0.43294 -1.33536  6.61141  6.61141  6.61141   2084.39259  1.26005
  3098.36482  1.00050  0.00179 -0.43260 -0.99188  6.69276  6.69276  6.69276   2080.64630  1.26042
  3098.36515  1.00045  0.00179 -0.43045 -0.56663  7.21026  7.21026  7.21026   2085.40741  1.26081
  3098.36548  0.99516  0.00179 -0.68677 -0.91634  6.78001  6.78001  6.78001   2085.18611  1.26119
  3098.36581  0.99878  0.00179 -0.81012 -0.86761  6.65524  6.65524  6.65524   2082.20926  1.26159
  3098.36614  0.99898  0.00179 -0.85874 -0.88108  7.04929  7.04929  7.04929   2080.83889  1.26197
  3098.36647  0.99820  0.00179 -0.92419 -0.95313  6.71495  6.71495  6.71495   2076.94259  1.26235
  3098.36680  0.99721  0.00179 -0.83048 -1.47517  6.65387  6.65387  6.65387   2073.28889  1.26274
  3098.36713  1.00590  0.00179 -0.71879 -1.45193  7.04292  7.04292  7.04292   2076.36852  1.26312
  3098.36746  0.99982  0.00179 -0.44568 -1.52768  6.86503  6.86503  6.86503   2078.64722  1.26351
  3098.36779  1.00157  0.00179 -0.27251 -1.12260  6.68775  6.68775  6.68775   2083.68148  1.26390
  3098.36812  0.99750  0.00179 -0.23857 -1.34566  6.73181  6.73181  6.73181   2083.02500  1.26429
  3098.36845  0.99700  0.00179 -0.18444 -1.21435  6.62313  6.62313  6.62313   2089.79630  1.26469
  3098.36878  1.00027  0.00179 -0.29708 -1.12173  6.62717  6.62717  6.62717   2093.24630  1.26509
  3098.36911  1.00248  0.00179 -0.61507 -0.63814  7.12104  7.12104  7.12104   2091.85093  1.26548
  3098.36944  0.99775  0.00179 -0.63691 -1.07849  6.76238  6.76238  6.76238   2088.91111  1.26589
  3098.36976  1.00140  0.00179 -0.58930 -0.91844  6.71016  6.71016  6.71016   2088.43611  1.26627
  3098.37009  0.99720  0.00179 -0.61746 -0.69303  6.81668  6.81668  6.81668   2084.86481  1.26667
  3098.37042  1.00215  0.00179 -0.86004 -0.78269  6.77912  6.77912  6.77912   2079.90741  1.26708
  3098.37075  1.00327  0.00179 -0.68493 -1.41572  6.53901  6.53901  6.53901   2079.17407  1.26750
  3098.37108  0.99878  0.00178 -0.66586 -1.12270  6.80134  6.80134  6.80134   2080.15463  1.26789
  3098.37141  0.99655  0.00178 -0.00101 -1.46908  6.57909  6.57909  6.57909   2080.29907  1.26829
  3098.37174  0.99857  0.00178  0.05029 -1.33124  6.64618  6.64618  6.64618   2082.99167  1.26868
  3098.37207  0.99943  0.00179 -0.07696 -1.36491  6.55467  6.55467  6.55467   2083.11667  1.26910
  3098.37240  0.99811  0.00178 -0.46982 -1.07647  6.55754  6.55754  6.55754   2085.29630  1.26952
  3098.37272  1.00397  0.00179 -0.41829 -0.85708  6.55707  6.55707  6.55707   2081.54815  1.26993
  3098.37305  0.99881  0.00179 -0.43933 -0.52164  7.58014  7.58014  7.58014   2077.48611  1.27033
  3098.37338  0.99966  0.00178 -0.65613 -0.83932  6.55274  6.55274  6.55274   2074.77870  1.27075
  3098.37371  0.99610  0.00177 -0.48186 -0.57005  7.04365  7.04365  7.04365   2074.84630  1.27117
  3098.37404  1.00017  0.00177 -0.48798 -0.42516  6.72078  6.72078  6.72078   2073.67778  1.27157
  3098.37437  1.00138  0.00177 -0.51996 -0.70177  6.98905  6.98905  6.98905   2071.82963  1.27200
  3098.37470  1.00225  0.00178 -0.42345 -1.01962  6.57294  6.57294  6.57294   2072.96574  1.27242
  3098.37503  1.00269  0.00179 -0.25033 -1.02796  7.37869  7.37869  7.37869   2076.66389  1.27283
  3098.37536  0.99551  0.00179 -0.11536 -0.63638  7.51352  7.51352  7.51352   2078.40093  1.27326
  3098.37569  1.00125  0.00179 -0.07636 -0.66476  7.62612  7.62612  7.62612   2080.03519  1.27368
  3098.37602  1.00001  0.00178  0.00632 -0.61350  7.32654  7.32654  7.32654   2086.75741  1.27408
  3098.37635  1.00009  0.00179 -0.02893 -0.53238  7.55514  7.55514  7.55514   2090.46852  1.27451
  3098.37667  0.99780  0.00178 -0.25328 -0.37826  7.43719  7.43719  7.43719   2088.29907  1.27495
  3098.37700  0.99791  0.00179 -0.19892 -0.40484  7.16750  7.16750  7.16750   2094.53611  1.27537
  3098.37733  1.00091  0.00179 -0.14361 -0.69620  6.83047  6.83047  6.83047   2095.66019  1.27580
  3098.37766  0.99927  0.00179 -0.14395 -0.42134  6.98225  6.98225  6.98225   2100.83426  1.27623
  3098.37799  1.00279  0.00179 -0.26093 -0.16164  6.91282  6.91282  6.91282   2097.44259  1.27668
  3098.37832  0.99835  0.00179 -0.32436 -0.48264  6.70603  6.70603  6.70603   2097.92778  1.27709
  3098.37865  1.00048  0.00179 -0.28077 -0.99827  6.59619  6.59619  6.59619   2099.65278  1.27753
  3098.37898  0.99883  0.00179 -0.22641 -0.59854  6.98969  6.98969  6.98969   2102.84259  1.27797
  3098.37931  0.99987  0.00179 -0.44050 -0.62411  6.95727  6.95727  6.95727   2099.61296  1.27841
  3098.37964  0.99950  0.00179 -0.51807 -0.28526  7.58112  7.58112  7.58112   2095.70370  1.27884
  3098.37997  0.99992  0.00179  0.03999 -0.58615  6.64797  6.64797  6.64797   2091.83519  1.27928
  3098.38030  1.00085  0.00179  0.34717 -0.65972  6.76546  6.76546  6.76546   2089.06296  1.27970
  3098.38063  0.99596  0.00179  0.30330 -0.57304  7.06317  7.06317  7.06317   2091.79352  1.28015
  3098.38095  0.99999  0.00179  0.25042  0.05005  6.87030  6.87030  6.87030   2086.48981  1.28060
  3098.38128  0.99936  0.00179 -0.05095 -0.52396  7.67331  7.67331  7.67331   2084.86574  1.28106
  3098.38161  0.99768  0.00179 -0.24825 -0.12394  7.01067  7.01067  7.01067   2083.37500  1.28149
  3098.38194  0.99755  0.00179 -0.15177 -0.28584  6.85772  6.85772  6.85772   2084.35370  1.28194
  3098.38227  0.99907  0.00179 -0.36639  0.02202  6.71704  6.71704  6.71704   2085.92315  1.28239
  3098.38260  1.00202  0.00179 -0.33506 -0.81146  6.86930  6.86930  6.86930   2086.84815  1.28285
  3098.38293  0.99751  0.00179 -0.45063 -0.54573  6.65440  6.65440  6.65440   2089.71296  1.28330
  3098.38326  1.00022  0.00179  0.11775 -0.80354  6.79561  6.79561  6.79561   2087.13981  1.28375
  3098.38359  1.00353  0.00179  0.12701 -0.45436  6.66828  6.66828  6.66828   2083.92222  1.28419
  3098.38392  0.99978  0.00179 -0.15286 -0.64453  7.48699  7.48699  7.48699   2080.57963  1.28465
  3098.38425  1.00042  0.00179  0.08159 -0.26174  6.76447  6.76447  6.76447   2080.27778  1.28511
  3098.38458  0.99972  0.00179  0.21942 -0.33475  6.88401  6.88401  6.88401   2082.26481  1.28556
  3098.38491  1.00259  0.00179  0.24878 -0.19670  6.95332  6.95332  6.95332   2084.01852  1.28601
  3098.38524  0.99975  0.00179  0.13819 -0.46903  6.68576  6.68576  6.68576   2081.91481  1.28649
  3098.38557  1.00062  0.00179  0.10589 -0.34106  6.83249  6.83249  6.83249   2080.21944  1.28693
  3098.38589  0.99901  0.00179 -0.29740 -0.03089  6.64684  6.64684  6.64684   2081.73426  1.28740
  3098.38622  1.00016  0.00179 -0.28871 -0.50085  6.73917  6.73917  6.73917   2081.49537  1.28787
  3098.38655  1.00004  0.00179 -0.29495 -1.04377  6.88291  6.88291  6.88291   2082.34722  1.28833
  3098.38688  0.99918  0.00179 -0.38348 -0.87180  6.69187  6.69187  6.69187   2083.14907  1.28881
  3098.38721  1.00055  0.00179 -0.31729 -0.85046  6.71415  6.71415  6.71415   2082.23889  1.28927
  3098.38754  1.00172  0.00179  0.17748 -0.67700  6.72644  6.72644  6.72644   2079.40185  1.28974
  3098.38787  0.99963  0.00179  0.11867 -0.87644  6.66920  6.66920  6.66920   2084.01296  1.29021
  3098.38820  0.99981  0.00179  0.11718 -0.53412  7.07470  7.07470  7.07470   2086.17500  1.29069
  3098.38853  0.99561  0.00179 -0.01544 -0.35286  6.75550  6.75550  6.75550   2087.70278  1.29116
  3098.38885  1.00123  0.00179 -0.01541 -0.44569  6.88089  6.88089  6.88089   2091.04074  1.29163
  3098.38918  0.99854  0.00179 -0.13916 -0.57912  6.83402  6.83402  6.83402   2091.74630  1.29211
  3098.38951  0.99669  0.00179 -0.20873 -0.21367  6.62514  6.62514  6.62514   2095.89167  1.29258
  3098.38984  0.99876  0.00179 -0.13809 -0.58204  6.63863  6.63863  6.63863   2100.69907  1.29306
  3098.39017  1.00363  0.00177 -0.02468 -0.47427  7.09158  7.09158  7.09158   2105.47685  1.29353
  3098.39050  1.00110  0.00179  0.10540 -0.98776  6.59015  6.59015  6.59015   2107.45556  1.29400
  3098.39083  0.99776  0.00179 -0.00553 -0.87617  6.57861  6.57861  6.57861   2110.61944  1.29450
  3098.39116  1.00193  0.00179 -0.00657 -0.72761  7.69596  7.69596  7.69596   2114.11389  1.29498
  3098.39149  1.00184  0.00180 -0.10740 -0.95097  6.78449  6.78449  6.78449   2115.63241  1.29547
  3098.39182  0.99540  0.00179 -0.21321 -0.74099  7.04188  7.04188  7.04188   2114.62130  1.29595
  3098.39214  1.00235  0.00179 -0.26785 -0.55332  6.60967  6.60967  6.60967   2109.54537  1.29644
  3098.39247  0.99957  0.00179 -0.12541 -0.22221  6.88959  6.88959  6.88959   2104.48889  1.29691
  3098.39280  0.99881  0.00180 -0.31697 -0.43459  6.81494  6.81494  6.81494   2106.16296  1.29742
  3098.39313  1.00197  0.00179 -0.12550 -0.26208  6.62470  6.62470  6.62470   2107.27685  1.29792
  3098.39346  1.00182  0.00179  0.09120 -0.65174  6.74894  6.74894  6.74894   2113.48704  1.29841
  3098.39379  0.99938  0.00179  0.10202 -0.46408  6.69223  6.69223  6.69223   2124.22963  1.29890
  3098.39412  0.99876  0.00180 -0.06409 -0.92575  6.56958  6.56958  6.56958   2128.75463  1.29939
  3098.39445  1.00096  0.00179 -0.13968 -1.13854  6.80481  6.80481  6.80481   2132.11852  1.29988
  3098.39478  1.00066  0.00180 -0.15726 -1.07875  6.52440  6.52440  6.52440   2137.83519  1.30039
  3098.39511  0.99954  0.00180 -0.14809 -1.03241  6.81713  6.81713  6.81713   2140.21019  1.30088
  3098.39544  0.99697  0.00179 -0.39309 -0.91724  6.77255  6.77255  6.77255   2138.78519  1.30138
  3098.39577  0.99862  0.00180 -0.30662 -0.66585  6.80644  6.80644  6.80644   2136.46759  1.30187
  3098.39610  0.99843  0.00180 -0.07720 -0.66813  6.82937  6.82937  6.82937   2139.45556  1.30238
  3098.39643  0.99812  0.00180 -0.03044 -0.64755  6.89926  6.89926  6.89926   2137.86944  1.30290
  3098.39675  1.00175  0.00179  0.03586 -0.64467  6.81454  6.81454  6.81454   2141.47037  1.30340
  3098.39708  1.00161  0.00180 -0.08254 -0.41160  6.76151  6.76151  6.76151   2140.93796  1.30391
  3098.39741  0.99996  0.00179 -0.02740 -0.19501  6.96214  6.96214  6.96214   2143.55000  1.30441
  3098.39774  1.00392  0.00180 -0.01260 -0.56724  6.82611  6.82611  6.82611   2142.59815  1.30493
  3098.39807  1.00125  0.00180 -0.11527 -0.94450  6.63023  6.63023  6.63023   2143.47963  1.30544
  3098.39840  0.99763  0.00180 -0.19499 -0.94696  6.83201  6.83201  6.83201   2145.00556  1.30595
  3098.39872  1.00084  0.00180 -0.22023 -0.53558  6.73233  6.73233  6.73233   2145.92778  1.30645
  3098.39905  0.99985  0.00180 -0.17143 -0.53104  6.69954  6.69954  6.69954   2147.70463  1.30695
  3098.39938  0.99800  0.00179 -0.32229 -0.97089  6.58116  6.58116  6.58116   2147.05463  1.30748
  3098.39971  1.00473  0.00180 -0.05797 -0.54749  6.81590  6.81590  6.81590   2150.68519  1.30801
  3098.40004  1.00031  0.00180  0.20516 -0.49968  6.86509  6.86509  6.86509   2157.89074  1.30851
  3098.40037  0.99893  0.00180  0.25854 -0.52955  6.97330  6.97330  6.97330   2164.67315  1.30906
  3098.40070  0.99964  0.00180  0.12484 -0.47293  6.84941  6.84941  6.84941   2166.52593  1.30958
  3098.40103  1.00040  0.00179  0.30546 -0.15218  6.85210  6.85210  6.85210   2166.83148  1.31010
  3098.40136  1.00094  0.00180 -0.08906 -0.47295  6.86694  6.86694  6.86694   2157.44352  1.31062
  3098.40169  1.00285  0.00180  0.01298 -0.40603  6.89379  6.89379  6.89379   2146.90648  1.31114
  3098.40202  1.00085  0.00180 -0.11714 -0.71884  6.74800  6.74800  6.74800   2148.82037  1.31167
  3098.40235  1.00238  0.00179 -0.15397 -0.79127  6.61956  6.61956  6.61956   2148.03056  1.31221
  3098.40267  1.00260  0.00179 -0.21905 -1.03731  6.79986  6.79986  6.79986   2147.91481  1.31274
  3098.40300  1.00211  0.00180 -0.16906 -0.57453  6.90862  6.90862  6.90862   2153.89537  1.31326
  3098.40333  1.00217  0.00180 -0.23771 -1.08890  6.62571  6.62571  6.62571   2160.56481  1.31379
  3098.40366  1.00010  0.00180 -0.29839 -0.58287  7.71569  7.71569  7.71569   2163.48611  1.31435
  3098.40399  1.00216  0.00180 -0.34375 -0.47402  6.63659  6.63659  6.63659   2164.86111  1.31487
  3098.40432  0.99903  0.00180 -0.06776 -0.30966  6.83317  6.83317  6.83317   2165.12963  1.31540
  3098.40465  1.00086  0.00180  0.24661 -0.44078  7.03774  7.03774  7.03774   2168.93333  1.31594
  3098.40498  1.00156  0.00180  0.22076 -0.47512  6.87572  6.87572  6.87572   2172.69537  1.31650
  3098.40531  1.00118  0.00179  0.30849 -0.46966  6.58663  6.58663  6.58663   2177.66852  1.31700
  3098.40564  1.00121  0.00180  0.23588 -0.51582  6.76689  6.76689  6.76689   2177.78981  1.31756
  3098.40597  1.00230  0.00179 -0.08111 -0.70261  7.28150  7.28150  7.28150   2183.02870  1.31808
  3098.40630  0.99957  0.00178 -0.18451 -0.86125  6.60213  6.60213  6.60213   2187.72963  1.31864
  3098.40663  1.00168  0.00180 -0.14209 -0.46628  7.45054  7.45054  7.45054   2192.34815  1.31917
  3098.40695  1.00316  0.00180 -0.22959 -0.42948  6.69256  6.69256  6.69256   2192.80648  1.31974
  3098.40728  1.00101  0.00180 -0.23119 -0.57686  6.67218  6.67218  6.67218   2190.59444  1.32030
  3098.40761  1.00017  0.00180 -0.12614 -0.14450  6.60633  6.60633  6.60633   2193.85926  1.32084
  3098.40794  0.99650  0.00180  0.29833 -0.15058  6.77216  6.77216  6.77216   2195.39352  1.32140
  3098.40827  1.00056  0.00180  0.33265  0.03909  6.68131  6.68131  6.68131   2197.02593  1.32193
  3098.40860  1.00106  0.00180  0.41684 -0.08335  7.06132  7.06132  7.06132   2192.80278  1.32250
  3098.40893  0.99684  0.00181  0.39622 -0.30051  6.84019  6.84019  6.84019   2189.36019  1.32304
  3098.40926  1.00006  0.00180  0.16529 -0.35279  6.90879  6.90879  6.90879   2182.64444  1.32362
  3098.40959  1.00059  0.00180 -0.16069 -0.37900  6.97476  6.97476  6.97476   2182.22222  1.32417
  3098.40992  0.99927  0.00180 -0.09216 -1.05088  6.64007  6.64007  6.64007   2192.49722  1.32472
  3098.41025  1.00022  0.00180 -0.16639 -0.51704  6.89529  6.89529  6.89529   2194.32963  1.32530
  3098.41058  1.00089  0.00180 -0.09892 -0.39804  6.87874  6.87874  6.87874   2186.34815  1.32587
  3098.41091  1.00175  0.00180 -0.21916 -0.48539  6.62335  6.62335  6.62335   2175.54167  1.32641
  3098.41124  1.00037  0.00180 -0.03484 -0.52737  6.80070  6.80070  6.80070   2167.77315  1.32697
  3098.41157  1.00412  0.00180  0.07210 -0.21293  6.74175  6.74175  6.74175   2176.19815  1.32755
  3098.41190  1.00191  0.00180  0.47878 -0.36653  7.65589  7.65589  7.65589   2186.99444  1.32812
  3098.41223  1.00084  0.00180  0.32322 -0.05256  7.00719  7.00719  7.00719   2183.28426  1.32870
  3098.41256  1.00346  0.00180  0.32100 -0.14779  6.67593  6.67593  6.67593   2182.72685  1.32925
  3098.41289  0.99793  0.00180  0.24148 -0.14056  7.16801  7.16801  7.16801   2182.50278  1.32984
  3098.41321  0.99930  0.00180  0.16904 -0.16171  6.65720  6.65720  6.65720   2186.65093  1.33041
  3098.41354  0.99828  0.00180  0.18068 -0.54013  6.81923  6.81923  6.81923   2212.32685  1.33098
  3098.41387  1.00092  0.00180  0.22673 -0.59849  6.87800  6.87800  6.87800   2197.33704  1.33155
  3098.41420  0.99960  0.00180  0.00250 -0.68241  7.09024  7.09024  7.09024   2185.14630  1.33213
  3098.41453  0.99973  0.00180 -0.13345 -0.56027  6.67072  6.67072  6.67072   2184.35926  1.33271
  3098.41486  1.00295  0.00180 -0.22016 -0.63920  6.82753  6.82753  6.82753   2180.34722  1.33328
  3098.41519  1.00272  0.00180 -0.15648 -0.44582  6.57972  6.57972  6.57972   2187.53426  1.33388
  3098.41552  1.00177  0.00180 -0.22875 -0.12504  6.60664  6.60664  6.60664   2204.09722  1.33446
  3098.41585  1.00325  0.00181  0.06565 -0.10545  7.00423  7.00423  7.00423   2224.10463  1.33505
  3098.41618  1.00277  0.00180  0.33926 -0.10878  6.64992  6.64992  6.64992   2252.72870  1.33562
  3098.41651  1.00139  0.00180  0.20787 -0.34479  6.86646  6.86646  6.86646   2325.80741  1.33622
  3098.41684  0.99703  0.00179  0.13763 -0.13433  6.58426  6.58426  6.58426   2350.36204  1.33680
  3098.41717  0.99883  0.00180  0.33484 -0.58609  6.47878  6.47878  6.47878   2348.48056  1.33739
  3098.41750  1.00090  0.00180  0.09605 -0.73271  6.62197  6.62197  6.62197   2308.63519  1.33798
  3098.41782  1.00515  0.00179  0.32767 -0.97549  6.44863  6.44863  6.44863   2293.26019  1.33857
  3098.41815  1.00473  0.00180  0.19960 -1.04024  6.28983  6.28983  6.28983   2284.61759  1.33918
  3098.41848  1.00389  0.00180  0.13891 -0.76426  6.52883  6.52883  6.52883   2270.37593  1.33975
  3098.41881  1.00329  0.00180  0.14491 -1.13568  6.82444  6.82444  6.82444   2264.55648  1.34034
  3098.41914  1.00634  0.00181  0.04782 -0.72230  6.92385  6.92385  6.92385   2276.02130  1.34094
  3098.41947  1.00040  0.00180 -0.06322 -0.45346  6.76873  6.76873  6.76873   2276.07870  1.34154
  3098.41980  0.99480  0.00180 -0.24331 -0.34896  6.43466  6.43466  6.43466   2326.65741  1.34215
  3098.42013  1.00322  0.00180 -0.15883 -0.69738  6.79820  6.79820  6.79820   2346.11481  1.34275
  3098.42046  1.00489  0.00180 -0.22656 -0.38477  6.48980  6.48980  6.48980   2331.33611  1.34336
  3098.42079  1.00201  0.00180 -0.28920 -0.37464  6.47991  6.47991  6.47991   2320.63148  1.34396
  3098.42112  0.99882  0.00180 -0.26518 -0.72334  6.62860  6.62860  6.62860   2320.94259  1.34456
  3098.42145  1.00538  0.00180 -0.34342 -0.96490  6.45888  6.45888  6.45888   2325.44074  1.34519
  3098.42178  1.00022  0.00181  0.15401 -0.98629  6.51741  6.51741  6.51741   2338.88148  1.34579
  3098.42211  1.00192  0.00180  0.06782 -0.87649  6.86140  6.86140  6.86140   2347.66944  1.34640
  3098.42244  1.00287  0.00181  0.06070 -0.71110  6.93223  6.93223  6.93223   2359.32500  1.34701
  3098.42277  0.99963  0.00181  0.15390 -1.06373  6.65547  6.65547  6.65547   2371.81852  1.34762
  3098.42310  0.99726  0.00181 -0.10606 -0.57243  6.48173  6.48173  6.48173   2367.77222  1.34823
  3098.42343  1.00471  0.00181  0.01904 -0.83150  6.82594  6.82594  6.82594   2352.93426  1.34884
  3098.42375  0.99996  0.00181  0.12217 -0.39973  6.68359  6.68359  6.68359   2344.58796  1.34946
  3098.42408  0.99896  0.00180 -0.12855 -0.29177  6.87095  6.87095  6.87095   2345.08148  1.35006
  3098.42441  1.00301  0.00180 -0.04007 -0.29797  6.47949  6.47949  6.47949   2346.40926  1.35069
  3098.42474  1.00116  0.00180 -0.21246 -0.34537  6.63875  6.63875  6.63875   2349.90000  1.35129
  3098.42507  0.99853  0.00180 -0.33057 -0.32197  6.57632  6.57632  6.57632   2346.79167  1.35194
  3098.42540  1.00324  0.00180 -0.30655 -1.13596  6.42259  6.42259  6.42259   2351.94630  1.35254
  3098.42573  0.99996  0.00180 -0.34572 -0.72897  6.73578  6.73578  6.73578   2351.78981  1.35317
  3098.42606  1.00345  0.00180 -0.31906 -0.68889  6.46226  6.46226  6.46226   2352.40556  1.35383
  3098.42639  1.00458  0.00180  0.04819 -0.84785  6.61139  6.61139  6.61139   2366.55833  1.35445
  3098.42672  1.00312  0.00180  0.31640 -0.73734  6.45707  6.45707  6.45707   2382.66481  1.35505
  3098.42704  1.00088  0.00180  0.39396 -0.41725  6.80283  6.80283  6.80283   2394.18796  1.35570
  3098.42737  0.99929  0.00180  0.36745 -0.28801  6.48835  6.48835  6.48835   2389.91296  1.35633
  3098.42770  0.99854  0.00180 -0.12062 -0.26030  6.50645  6.50645  6.50645   2397.70000  1.35696
  3098.42803  1.00023  0.00180 -0.14267 -0.46184  7.18266  7.18266  7.18266   2405.67963  1.35760
  3098.42836  0.99900  0.00181 -0.19420 -0.54109  6.43944  6.43944  6.43944   2407.39074  1.35822
  3098.42869  1.00272  0.00181 -0.29890 -0.42129  6.44480  6.44480  6.44480   2403.88426  1.35886
  3098.42902  1.00137  0.00181 -0.28640 -0.60255  6.43735  6.43735  6.43735   2405.25556  1.35951
  3098.42936  1.00155  0.00181 -0.18096 -1.31045  6.58706  6.58706  6.58706   2410.48519  1.36013
  3098.42969  1.00336  0.00181 -0.17784 -0.92240  6.93649  6.93649  6.93649   2412.54444  1.36080
  3098.43001  0.99718  0.00181 -0.30988 -0.93011  6.48786  6.48786  6.48786   2430.11667  1.36144
  3098.43034  1.00457  0.00181  0.17182 -0.70032  6.59004  6.59004  6.59004   2443.01111  1.36208
  3098.43067  1.00492  0.00181  0.13845 -0.50721  6.61097  6.61097  6.61097   2440.80093  1.36274
  3098.43100  1.00364  0.00181  0.06768 -0.52721  6.64851  6.64851  6.64851   2465.05741  1.36335
  3098.43133  1.00177  0.00180  0.26040 -0.27960  6.46265  6.46265  6.46265   2525.85648  1.36399
  3098.43165  1.00243  0.00180  0.16594  0.13000  6.39457  6.39457  6.39457   2496.79815  1.36465
  3098.43198  1.00287  0.00181 -0.26768 -0.37976  6.75911  6.75911  6.75911   2493.10000  1.36531
  3098.43231  1.00362  0.00181 -0.21083 -0.47647  6.55041  6.55041  6.55041   2476.92778  1.36594
  3098.43264  1.00064  0.00181 -0.43263 -0.23787  6.45242  6.45242  6.45242   2461.01389  1.36662
  3098.43297  0.99931  0.00181 -0.34980 -0.29929  6.82855  6.82855  6.82855   2438.69537  1.36727
  3098.43330  1.00095  0.00181 -0.34012 -0.51026  6.53094  6.53094  6.53094   2426.24259  1.36791
  3098.43363  1.00377  0.00181 -0.00032 -0.55796  6.60980  6.60980  6.60980   2423.14444  1.36858
  3098.43396  0.99668  0.00181 -0.01939 -0.62745  6.56403  6.56403  6.56403   2431.70093  1.36923
  3098.43429  1.00249  0.00182  0.18954 -0.62261  6.86238  6.86238  6.86238   2454.36944  1.36990
  3098.43462  1.00162  0.00182  0.05413 -0.79327  6.57292  6.57292  6.57292   2481.76667  1.37055
  3098.43495  1.00209  0.00182  0.12530 -0.06142  6.58210  6.58210  6.58210   2501.64722  1.37122
  3098.43528  1.00124  0.00182  0.04362 -0.12632  6.91802  6.91802  6.91802   2496.72222  1.37190
  3098.43561  1.00139  0.00181 -0.10014 -0.12612  6.47100  6.47100  6.47100   2539.39907  1.37255
  3098.43593  1.00323  0.00182  0.11973 -0.40696  6.90589  6.90589  6.90589   2542.75463  1.37322
  3098.43626  0.99982  0.00182 -0.01177 -0.09022  6.46906  6.46906  6.46906   2563.65556  1.37388
  3098.43659  0.99996  0.00182  0.19645 -0.17100  6.72882  6.72882  6.72882   2569.80926  1.37456
  3098.43692  1.00171  0.00181  0.18110 -0.27028  6.77381  6.77381  6.77381   2590.83056  1.37523
  3098.43725  0.99843  0.00181 -0.02674 -0.49815  7.07109  7.07109  7.07109   2620.68704  1.37589
  3098.43758  1.00099  0.00180  0.10529 -0.48680  6.99637  6.99637  6.99637   2641.19444  1.37655
  3098.43791  1.00077  0.00181  0.01207 -0.58715  6.44795  6.44795  6.44795   2616.94444  1.37724
  3098.43823  0.99839  0.00180  0.06691 -0.39565  6.51774  6.51774  6.51774   2627.77685  1.37789
  3098.43856  1.00308  0.00180 -0.19049 -0.38208  6.87260  6.87260  6.87260   2669.52222  1.37857
  3098.43889  0.99898  0.00181 -0.23669 -0.15256  6.97426  6.97426  6.97426   2669.76667  1.37926
  3098.43922  1.00072  0.00181 -0.03649  0.05339  6.55212  6.55212  6.55212   2682.89259  1.37996
  3098.43955  1.00156  0.00181 -0.15573 -0.12334  6.94006  6.94006  6.94006   2708.43241  1.38063
  3098.43988  1.00386  0.00181  0.07421 -0.20006  6.42544  6.42544  6.42544   2728.45278  1.38132
  3098.44020  1.00297  0.00181  0.19379 -0.26132  6.37691  6.37691  6.37691   2724.14722  1.38198
  3098.44053  1.00926  0.00180  0.22318 -0.27456  6.37315  6.37315  6.37315   2697.03611  1.38267
  3098.44086  1.00284  0.00181  0.24009 -0.46889  6.48783  6.48783  6.48783   2720.67778  1.38336
  3098.44119  1.00118  0.00181  0.36970 -0.35448  6.35950  6.35950  6.35950   2769.60278  1.38404
  3098.44152  1.00342  0.00181  0.12992 -0.05095  6.89576  6.89576  6.89576   2753.88981  1.38473
  3098.44184  1.00250  0.00181  0.39018 -0.20380  6.37628  6.37628  6.37628   2719.12407  1.38542
  3098.44217  1.00049  0.00181  0.43735 -0.36052  6.43259  6.43259  6.43259   2706.41204  1.38609
  3098.44251  0.99766  0.00181  0.00097 -0.18264  6.74439  6.74439  6.74439   2710.00000  1.38679
  3098.44283  0.99973  0.00181  0.11668 -0.11559  6.41928  6.41928  6.41928   2699.32870  1.38750
  3098.44316  1.00239  0.00181 -0.08907  0.02616  7.05024  7.05024  7.05024   2699.15370  1.38819
  3098.44349  1.00028  0.00181  0.08767 -0.05385  6.65525  6.65525  6.65525   2724.85926  1.38891
  3098.44382  1.00180  0.00182 -0.23318  0.06946  6.60118  6.60118  6.60118   2692.17685  1.38959
  3098.44415  0.99877  0.00182 -0.15359  0.15515  6.50394  6.50394  6.50394   2631.86481  1.39030
  3098.44448  1.00268  0.00182  0.17257 -0.07370  6.53553  6.53553  6.53553   2573.96019  1.39099
  3098.44480  0.99988  0.00182  0.06464 -0.27923  6.58512  6.58512  6.58512   2559.17593  1.39169
  3098.44513  1.00162  0.00182  0.14049 -0.37421  6.56675  6.56675  6.56675   2593.77222  1.39239
  3098.44546  0.99868  0.00182  0.21485 -0.50703  6.50366  6.50366  6.50366   2608.35741  1.39308
  3098.44579  1.00103  0.00182  0.25314 -0.46228  6.41120  6.41120  6.41120   2673.66667  1.39381
  3098.44612  1.00421  0.00182  0.08286 -0.27273  6.75877  6.75877  6.75877   2689.29167  1.39451
  3098.44645  1.00026  0.00182  0.09628 -0.27198  6.40169  6.40169  6.40169   2700.38704  1.39519
  3098.44677  0.99782  0.00181  0.08358 -0.26684  6.49193  6.49193  6.49193   2616.01019  1.39593
  3098.44710  1.00485  0.00181  0.34917  0.05255  6.45225  6.45225  6.45225   2548.27407  1.39662
  3098.44743  1.00209  0.00181 -0.01349 -0.10487  6.47528  6.47528  6.47528   2522.63889  1.39735
  3098.44776  0.99535  0.00181  0.09294 -0.04164  6.53481  6.53481  6.53481   2522.25093  1.39806
  3098.44809  0.99642  0.00181 -0.14940  0.18241  6.48696  6.48696  6.48696   2497.78333  1.39879
  3098.44842  1.00134  0.00181  0.08379 -0.13156  7.38365  7.38365  7.38365   2466.84907  1.39950
  3098.44875  0.99841  0.00181  0.25927 -0.49848  6.76818  6.76818  6.76818   2434.16204  1.40022
  3098.44907  0.99698  0.00179  0.59099 -0.69175  6.64428  6.64428  6.64428   2443.49907  1.40094
  3098.44940  1.00136  0.00181  0.38365 -0.62762  6.41931  6.41931  6.41931   2502.15463  1.40165
  3098.44973  0.99935  0.00181  0.43170 -0.43732  6.46078  6.46078  6.46078   2523.41296  1.40238
  3098.45006  1.00006  0.00180 -0.28774 -0.47919  6.58374  6.58374  6.58374   2494.64630  1.40310
  3098.45039  0.99697  0.00180 -0.35280 -0.29347  6.56414  6.56414  6.56414   2452.66944  1.40384
  3098.45072  0.99859  0.00179 -0.31386 -0.03884  6.79466  6.79466  6.79466   2497.22500  1.40455
  3098.45105  0.99747  0.00180  0.13020 -0.28308  6.62293  6.62293  6.62293   2516.40000  1.40529
  3098.45137  0.99680  0.00180  0.13221 -0.41142  7.02455  7.02455  7.02455   2542.37315  1.40602
  3098.45170  1.00139  0.00179  0.37592 -0.13107  6.43026  6.43026  6.43026   2533.22407  1.40674
  3098.45203  0.99995  0.00179  0.13464  0.84615  6.84500  6.84500  6.84500   2603.16019  1.40746
  3098.45236  1.00133  0.00179  0.01607  0.23351  6.71164  6.71164  6.71164   2595.25185  1.40821
  3098.45269  0.99532  0.00179 -0.12236 -0.51200  6.36376  6.36376  6.36376   2592.72500  1.40895
  3098.45302  1.00042  0.00178 -0.40388 -0.41525  6.34289  6.34289  6.34289   2525.33611  1.40968
  3098.45334  0.99905  0.00178 -0.45087 -0.34369  6.50101  6.50101  6.50101   2487.47315  1.41043
  3098.45368  0.99802  0.00177  0.07367 -0.40904  6.36421  6.36421  6.36421   2586.55000  1.41119
  3098.45401  1.00122  0.00177  0.19421 -0.43678  6.60874  6.60874  6.60874   2735.39815  1.41191
  3098.45434  0.99790  0.00179  0.34848 -0.11604  6.86297  6.86297  6.86297   2690.08148  1.41266
  3098.45467  1.00062  0.00179  0.28701 -0.28685  7.11272  7.11272  7.11272   2620.69167  1.41342
  3098.45500  0.99877  0.00179  0.39900 -0.03115  6.46914  6.46914  6.46914   2647.90093  1.41414
  3098.45532  1.00091  0.00179 -0.70588 -0.14188  6.81208  6.81208  6.81208   2725.08241  1.41492
  3098.45565  1.00163  0.00180 -0.12653  0.08649  6.32337  6.32337  6.32337   2730.92500  1.41564
  3098.45599  0.99975  0.00180  0.41319  0.03364  6.33325  6.33325  6.33325   2767.63148  1.41641
  3098.45631  0.99778  0.00180  0.12180 -0.05778  6.58260  6.58260  6.58260   2794.36296  1.41716
  3098.45664  0.99554  0.00180  0.25362 -0.53681  6.77542  6.77542  6.77542   2851.78889  1.41791
  3098.45697  0.99902  0.00180  0.08427 -0.51940  6.79794  6.79794  6.79794   2893.08056  1.41864
  3098.45730  0.99845  0.00180  0.04837 -0.20200  6.71319  6.71319  6.71319   2826.47870  1.41941
  3098.45763  1.00222  0.00180  0.00834 -0.23404  6.28967  6.28967  6.28967   2751.87870  1.42017
  3098.45796  1.00048  0.00181 -0.03946 -0.38634  6.81874  6.81874  6.81874   2770.45000  1.42090
  3098.45828  0.99736  0.00180 -0.36434  0.19282  6.76680  6.76680  6.76680   2782.71111  1.42165
  3098.45862  1.00143  0.00181 -0.45220  0.17647  6.79763  6.79763  6.79763   2769.64074  1.42245
  3098.45894  0.99614  0.00180  0.26702  0.23388  6.69970  6.69970  6.69970   2711.90185  1.42322
  3098.45927  0.99690  0.00180  0.37882 -0.08349  6.40876  6.40876  6.40876   2654.23889  1.42396
  3098.45960  0.99746  0.00181  0.44331  0.04978  6.47825  6.47825  6.47825   2658.28981  1.42473
  3098.45993  0.99775  0.00182  0.19132  0.00010  6.79225  6.79225  6.79225   2690.66204  1.42550
  3098.46026  0.99955  0.00182  0.38505 -0.35086  6.44393  6.44393  6.44393   2747.51389  1.42625
  3098.46059  1.00141  0.00182  0.05888 -0.68633  6.53377  6.53377  6.53377   2790.73333  1.42701
  3098.46092  1.00037  0.00182 -0.08372 -0.48149  6.44394  6.44394  6.44394   2854.34722  1.42779
  3098.46124  0.99631  0.00182 -0.46146 -0.24826  6.65454  6.65454  6.65454   2912.74722  1.42856
  3098.46157  0.99715  0.00182 -0.31273  0.01207  6.37023  6.37023  6.37023   2938.34630  1.42934
  3098.46190  0.99996  0.00181 -0.16053 -0.14743  6.81683  6.81683  6.81683   2937.41204  1.43012
  3098.46223  1.00177  0.00181  0.24575 -0.28964  6.38644  6.38644  6.38644   2895.30648  1.43088
  3098.46257  0.99701  0.00181  0.07314  0.17547  6.39993  6.39993  6.39993   2866.15463  1.43170
  3098.46290  1.00005  0.00181  0.21905  0.23242  6.74411  6.74411  6.74411   2894.75926  1.43246
  3098.46322  0.99971  0.00180  0.33399  0.10349  6.57570  6.57570  6.57570   2947.90556  1.43324
  3098.46355  0.99595  0.00180  0.20853  0.19224  6.56474  6.56474  6.56474   3023.77685  1.43401
  3098.46388  0.99946  0.00180  0.18634  0.03054  6.57809  6.57809  6.57809   3065.66019  1.43479
  3098.46421  1.00261  0.00180  0.11935 -0.19737  6.49136  6.49136  6.49136   3059.96111  1.43557
  3098.46454  0.99343  0.00181 -0.33116 -0.52176  6.72705  6.72705  6.72705   3027.64630  1.43638
  3098.46487  0.99618  0.00181 -0.12202 -0.29863  6.97272  6.97272  6.97272   2857.16481  1.43716
  3098.46520  0.99581  0.00181 -0.15010 -0.44358  6.39973  6.39973  6.39973   2719.51574  1.43795
  3098.46553  1.00013  0.00181  0.07215 -0.45307  6.79359  6.79359  6.79359   2690.78333  1.43874
  3098.46586  0.99814  0.00181  0.19608 -0.35484  6.65648  6.65648  6.65648   2718.38426  1.43951
  3098.46619  0.99350  0.00180  0.12026 -0.05140  6.66562  6.66562  6.66562   2747.08981  1.44030
  3098.46651  1.00074  0.00180  0.10766  0.18643  6.37953  6.37953  6.37953   2851.14815  1.44111
  3098.46684  0.99870  0.00180  0.07620  0.10142  6.29115  6.29115  6.29115   2937.23148  1.44191
  3098.46717  1.00029  0.00180  0.26924 -0.13391  6.55313  6.55313  6.55313   2971.81204  1.44268
  3098.46750  1.00104  0.00179  0.24374  0.06371  6.55461  6.55461  6.55461   3064.28148  1.44350
  3098.46783  0.99849  0.00180  0.23577  0.27605  6.70545  6.70545  6.70545   3164.32963  1.44428
  3098.46816  0.99923  0.00180  0.24334 -0.44392  6.35498  6.35498  6.35498   3236.22685  1.44508
  3098.46849  0.99972  0.00179  0.19323 -0.32688  6.33020  6.33020  6.33020   3265.03148  1.44587
  3098.46882  0.99774  0.00179  0.12437 -0.38125  6.43630  6.43630  6.43630   3239.67778  1.44667
  3098.46914  0.99840  0.00180  0.07772 -0.31445  6.48168  6.48168  6.48168   3139.89259  1.44748
  3098.46948  1.00351  0.00180  0.10989 -0.10006  6.60301  6.60301  6.60301   3039.13796  1.44829
  3098.46980  1.00012  0.00180 -0.46944  0.09042  6.64367  6.64367  6.64367   2989.61019  1.44912
  3098.47013  0.99702  0.00181 -0.35829 -0.09761  6.50041  6.50041  6.50041   2988.97130  1.44994
  3098.47046  0.99599  0.00180  0.17914  0.25460  6.73010  6.73010  6.73010   2994.76111  1.45075
  3098.47079  0.99487  0.00180  0.23424 -0.13882  6.74739  6.74739  6.74739   2965.24259  1.45155
  3098.47112  0.99743  0.00181  0.32637 -0.20854  6.38757  6.38757  6.38757   2896.07222  1.45237
  3098.47146  0.99951  0.00181  0.19134  0.05098  6.46791  6.46791  6.46791   2812.99259  1.45319
  3098.47178  0.99664  0.00181  0.08088 -0.08238  6.49878  6.49878  6.49878   2761.60741  1.45401
  3098.47212  0.99945  0.00182  0.15410 -0.56291  6.39885  6.39885  6.39885   2717.17870  1.45481
  3098.47245  0.99959  0.00182  0.09527 -0.45057  6.55113  6.55113  6.55113   2637.10463  1.45563
  3098.47278  0.99623  0.00182  0.10662 -0.36631  6.53674  6.53674  6.53674   2585.96759  1.45643
  3098.47310  1.00075  0.00182 -0.18779 -0.44842  6.51651  6.51651  6.51651   2554.18704  1.45727
  3098.47343  0.99946  0.00181 -0.19172 -0.36414  7.01495  7.01495  7.01495   2536.67778  1.45809
  3098.47376  1.00111  0.00181  0.09065 -0.33454  6.57911  6.57911  6.57911   2499.10278  1.45892
  3098.47409  0.99854  0.00181 -0.06217 -0.19217  6.55148  6.55148  6.55148   2465.31204  1.45974
  3098.47442  1.00254  0.00181 -0.09187  0.00222  6.62485  6.62485  6.62485   2437.21204  1.46058
  3098.47475  0.99922  0.00181  0.03454  0.30863  6.66898  6.66898  6.66898   2423.87407  1.46140
  3098.47508  0.99647  0.00181 -0.16453 -0.18725  7.04537  7.04537  7.04537   2426.77870  1.46223
  3098.47541  0.99931  0.00181 -0.04476 -0.06114  6.83030  6.83030  6.83030   2434.90370  1.46308
  3098.47574  0.99880  0.00182  0.01947  0.05215  7.44164  7.44164  7.44164   2435.93426  1.46387
  3098.47607  0.99907  0.00182  0.15145 -0.47077  6.60265  6.60265  6.60265   2425.64352  1.46472
  3098.47640  0.99596  0.00182  0.35279 -0.26871  6.55703  6.55703  6.55703   2412.18796  1.46554
  3098.47672  0.99908  0.00182  0.26405 -0.28884  6.85569  6.85569  6.85569   2404.37778  1.46639
  3098.47705  0.99999  0.00181  0.24051 -0.20279  6.95640  6.95640  6.95640   2391.86389  1.46723
  3098.47738  1.00187  0.00181  0.07475 -0.45403  6.89790  6.89790  6.89790   2379.32222  1.46804
  3098.47771  0.99463  0.00182 -0.05769 -0.00456  6.68842  6.68842  6.68842   2378.24352  1.46888
  3098.47804  0.99844  0.00182 -0.41203  0.10552  6.60831  6.60831  6.60831   2383.30093  1.46975
  3098.47837  0.99765  0.00181 -0.37297  0.33090  6.62611  6.62611  6.62611   2380.14167  1.47060
  3098.47870  0.99738  0.00181 -0.27705  0.06304  6.68395  6.68395  6.68395   2381.76204  1.47143
  3098.47903  0.99621  0.00181 -0.19445 -0.02064  6.60409  6.60409  6.60409   2395.28704  1.47228
  3098.47936  1.00234  0.00180 -0.14870  0.16342  6.61748  6.61748  6.61748   2409.53519  1.47313
  3098.47968  0.99642  0.00182 -0.15971 -0.02815  6.58872  6.58872  6.58872   2417.83241  1.47399
  3098.48002  1.00108  0.00182  0.04052 -0.46521  6.66667  6.66667  6.66667   2425.37500  1.47481
  3098.48034  0.99963  0.00181  0.30610 -0.50514  6.53328  6.53328  6.53328   2442.83148  1.47564
  3098.48067  1.00385  0.00181  0.14553 -0.11669  6.83893  6.83893  6.83893   2480.47500  1.47652
  3098.48100  0.99839  0.00181  0.18005 -0.14012  6.58463  6.58463  6.58463   2500.25833  1.47738
  3098.48133  0.99466  0.00181  0.38219 -0.25432  7.25528  7.25528  7.25528   2496.16667  1.47820
  3098.48166  0.99898  0.00180  0.00056  0.12590  6.52653  6.52653  6.52653   2501.18426  1.47909
  3098.48199  0.99945  0.00180 -0.13023  0.00751  6.56131  6.56131  6.56131   2498.24722  1.47991
  3098.48232  0.99721  0.00181 -0.14403  0.42787  6.44663  6.44663  6.44663   2479.15648  1.48081
  3098.48264  1.00070  0.00180 -0.23171  0.02736  6.86035  6.86035  6.86035   2441.81759  1.48165
  3098.48297  0.99864  0.00181 -0.29193 -0.25108  6.51948  6.51948  6.51948   2386.26852  1.48252
  3098.48330  1.00147  0.00181 -0.23465 -0.19141  6.56296  6.56296  6.56296   2352.15556  1.48338
  3098.48364  0.99431  0.00181 -0.20683  0.10151  6.71564  6.71564  6.71564   2316.72778  1.48425
  3098.48397  0.99628  0.00180 -0.21543 -0.37652  6.48165  6.48165  6.48165   2288.01481  1.48513
  3098.48430  0.99892  0.00180 -0.02359 -0.28837  6.59616  6.59616  6.59616   2280.16852  1.48599
  3098.48462  0.99673  0.00180  0.13607 -0.39493  6.87408  6.87408  6.87408   2284.00926  1.48681
  3098.48495  0.99544  0.00181  0.05936  0.27237  6.71795  6.71795  6.71795   2322.70093  1.48771
  3098.48528  0.99983  0.00181  0.17822 -0.58264  6.58283  6.58283  6.58283   2378.38056  1.48858
  3098.48561  0.99844  0.00180  0.28500 -0.01793  6.84362  6.84362  6.84362   2428.27037  1.48945
  3098.48594  0.99398  0.00181  0.35655  0.08875  6.60335  6.60335  6.60335   2472.87037  1.49034
  3098.48627  0.99556  0.00181  0.52718  0.09307  6.56296  6.56296  6.56296   2498.00278  1.49119
  3098.48660  1.00173  0.00181 -0.11701  0.04847  6.46976  6.46976  6.46976   2487.03981  1.49208
  3098.48693  1.00352  0.00181 -0.26816  0.00899  6.56694  6.56694  6.56694   2479.29259  1.49295
  3098.48725  1.00120  0.00181 -0.30101 -0.01072  6.58848  6.58848  6.58848   2521.73333  1.49383
  3098.48758  0.99733  0.00180 -0.16691 -0.05884  6.74207  6.74207  6.74207   2581.12315  1.49472
  3098.48792  0.99723  0.00181 -0.27633 -0.61505  6.42087  6.42087  6.42087   2602.25556  1.49562
  3098.48825  0.99713  0.00181 -0.01510 -0.36641  6.45624  6.45624  6.45624   2661.88889  1.49650
  3098.48858  0.99967  0.00180 -0.07182  0.04454  6.52381  6.52381  6.52381   2811.73241  1.49735
  3098.48891  0.99993  0.00180  0.05206  0.17178  7.03177  7.03177  7.03177   2980.82130  1.49827
  3098.48924  1.00017  0.00179  0.12621 -0.12074  6.20139  6.20139  6.20139   3129.11667  1.49914
  3098.48957  1.00010  0.00179  0.00022  0.33642  6.63662  6.63662  6.63662   3183.60370  1.50005
  3098.48990  1.00071  0.00178  0.10408  0.37891  6.35609  6.35609  6.35609   3182.32593  1.50091
  3098.49023  0.99498  0.00178  0.34183  0.20670  6.43406  6.43406  6.43406   3152.01481  1.50181
  3098.49055  0.99742  0.00178  0.06966 -0.02841  6.49676  6.49676  6.49676   3099.67222  1.50270
  3098.49088  0.99555  0.00178  0.28454  0.24819  6.52771  6.52771  6.52771   3069.30000  1.50359
  3098.49121  0.99660  0.00178  0.20406  0.35154  6.49738  6.49738  6.49738   3035.37407  1.50447
  3098.49154  0.99873  0.00178  0.15082 -0.21153  6.42591  6.42591  6.42591   2995.23611  1.50536
  3098.49187  0.99789  0.00177  0.14135 -0.31286  6.84040  6.84040  6.84040   2919.58611  1.50625
  3098.49219  1.00053  0.00177  0.06539 -0.09401  6.50477  6.50477  6.50477   2839.74907  1.50718
  3098.49252  0.99822  0.00177 -0.11862  0.53900  6.42780  6.42780  6.42780   2768.07870  1.50806
  3098.49285  1.00039  0.00177 -0.34892  0.02840  6.66590  6.66590  6.66590   2693.33333  1.50894
  3098.49318  0.99765  0.00178 -0.26814  0.02894  6.83951  6.83951  6.83951   2622.31204  1.50986
  3098.49351  0.99999  0.00178  0.02263  0.18983  7.00720  7.00720  7.00720   2595.22593  1.51077
  3098.49384  0.99617  0.00178  0.53264 -0.12844  7.04403  7.04403  7.04403   2591.80278  1.51165
  3098.49416  0.99706  0.00178  0.57595  0.01379  6.57101  6.57101  6.57101   2592.89722  1.51257
  3098.49449  1.00067  0.00178  0.16793 -0.13217  6.45807  6.45807  6.45807   2591.96296  1.51348
  3098.49482  1.00088  0.00178 -0.10096  0.26790  6.49798  6.49798  6.49798   2582.16111  1.51438
  3098.49515  0.99953  0.00178 -0.56393 -0.05120  6.72925  6.72925  6.72925   2584.27685  1.51528
  3098.49548  1.00353  0.00177 -0.64656 -0.62754  6.44479  6.44479  6.44479   2571.73611  1.51622
  3098.49581  0.99930  0.00177 -0.01422 -0.60970  6.61283  6.61283  6.61283   2542.43611  1.51712
  3098.49614  1.00296  0.00178  0.48833 -0.38133  6.50016  6.50016  6.50016   2494.00648  1.51799
  3098.49647  0.99959  0.00179  0.19004 -0.19641  6.55261  6.55261  6.55261   2438.28056  1.51893
  3098.49679  0.99996  0.00178  0.02811 -0.34847  6.48940  6.48940  6.48940   2389.51204  1.51982
  3098.49712  0.99972  0.00178  0.08038 -0.40536  6.79128  6.79128  6.79128   2348.36574  1.52075
  3098.49745  1.00131  0.00178  0.06990 -0.23889  6.86011  6.86011  6.86011   2315.45741  1.52166
  3098.49778  0.99593  0.00178 -0.08164 -0.06971  6.66977  6.66977  6.66977   2280.47037  1.52261
  3098.49811  1.00041  0.00178 -0.08078  0.10173  6.65861  6.65861  6.65861   2257.77778  1.52352
  3098.49844  0.99822  0.00178 -0.04276  0.03388  6.65148  6.65148  6.65148   2237.37222  1.52442
  3098.49877  1.00050  0.00178 -0.31216 -0.17032  6.54753  6.54753  6.54753   2224.45093  1.52537
  3098.49909  0.99892  0.00178 -0.26517 -0.06698  6.55240  6.55240  6.55240   2215.32130  1.52631
  3098.49943  1.00179  0.00177 -0.46913 -0.80364  7.29286  7.29286  7.29286   2216.14352  1.52719
  3098.49976  1.00136  0.00177 -0.40242 -0.37291  6.43849  6.43849  6.43849   2223.56204  1.52817
  3098.50008  0.99858  0.00176  0.20331 -0.21037  7.19364  7.19364  7.19364   2253.87963  1.52906
  3098.50041  0.99559  0.00176  0.15297  0.03679  6.50326  6.50326  6.50326   2301.64537  1.53002
  3098.50074  0.99959  0.00176  0.20788 -0.12002  6.52563  6.52563  6.52563   2364.16944  1.53092
  3098.50107  0.99688  0.00177  0.36462 -0.16477  7.07043  7.07043  7.07043   2426.22870  1.53185
  3098.50140  1.00377  0.00177 -0.09440 -0.10616  7.12370  7.12370  7.12370   2455.00556  1.53280
  3098.50173  1.00015  0.00176 -0.21364  0.17988  6.43230  6.43230  6.43230   2465.01852  1.53371
  3098.50567  1.00010  0.00177 -0.29442  0.17694  6.60587  6.60587  6.60587   2504.74537  1.54505
  3098.50600  1.00117  0.00176 -0.10307  0.13816  6.96156  6.96156  6.96156   2492.70278  1.54599
  3098.50633  1.00111  0.00176 -0.32168  0.16164  7.14758  7.14758  7.14758   2462.33611  1.54693
  3098.50666  1.00353  0.00177  0.28645  0.05314  6.82342  6.82342  6.82342   2444.93889  1.54785
  3098.50698  0.99780  0.00179  0.55563 -0.14812  6.50944  6.50944  6.50944   2428.67778  1.54881
  3098.50731  1.00255  0.00179  0.13967 -0.61293  6.67442  6.67442  6.67442   2422.55741  1.54979
  3098.50764  0.99561  0.00179 -0.27097 -0.24847  6.47750  6.47750  6.47750   2440.32870  1.55075
  3098.50797  0.99669  0.00177 -0.15985  0.01048  6.81620  6.81620  6.81620   2471.62407  1.55170
  3098.50830  0.99820  0.00179 -0.24763  0.10975  6.67432  6.67432  6.67432   2496.46759  1.55268
  3098.50863  0.99944  0.00179 -0.28077 -0.47127  6.38279  6.38279  6.38279   2518.20556  1.55363
  3098.50896  0.99989  0.00179 -0.20341 -0.35675  6.39180  6.39180  6.39180   2540.33889  1.55458
  3098.50929  0.99904  0.00180 -0.21690  0.25089  7.39036  7.39036  7.39036   2576.86852  1.55553
  3098.50962  0.99621  0.00180 -0.31631  0.31548  6.40912  6.40912  6.40912   2576.92963  1.55653
  3098.50996  0.99751  0.00181 -0.05367  0.01097  7.40042  7.40042  7.40042   2562.42037  1.55749
  3098.51029  0.99536  0.00181 -0.02461  0.40003  6.56157  6.56157  6.56157   2562.21852  1.55847
  3098.51061  0.99798  0.00181  0.05403  0.19513  6.82118  6.82118  6.82118   2569.50926  1.55943
  3098.51094  1.00090  0.00181  0.18943 -0.07862  6.56040  6.56040  6.56040   2536.14352  1.56040
  3098.51127  0.99990  0.00181 -0.13666 -0.64726  6.57954  6.57954  6.57954   2499.76667  1.56137
  3098.51160  0.99850  0.00181  0.04129 -0.33414  6.55795  6.55795  6.55795   2490.10463  1.56236
  3098.51193  0.99674  0.00181 -0.11725  0.00880  6.67767  6.67767  6.67767   2503.72963  1.56331
  3098.51226  1.00330  0.00181  0.00305 -0.09921  6.66593  6.66593  6.66593   2504.50741  1.56428
  3098.51259  1.00276  0.00181  0.02879 -0.13930  7.30220  7.30220  7.30220   2498.77593  1.56528
  3098.51292  0.99757  0.00181 -0.07903 -0.06516  6.64162  6.64162  6.64162   2489.05556  1.56626
  3098.51325  1.00072  0.00181 -0.03452  0.24219  6.97187  6.97187  6.97187   2501.10463  1.56725
  3098.51358  0.99715  0.00181 -0.18436  0.22543  7.38093  7.38093  7.38093   2558.62963  1.56822
  3098.51391  0.99690  0.00181 -0.21599  0.06875  6.63578  6.63578  6.63578   2623.19259  1.56919
  3098.51424  1.00000  0.00181 -0.29163  0.06602  6.79156  6.79156  6.79156   2678.40278  1.57016
  3098.51457  0.99931  0.00181 -0.38805  0.00728  6.46912  6.46912  6.46912   2724.25370  1.57116
  3098.51490  0.99793  0.00181 -0.32346 -0.37635  6.25381  6.25381  6.25381   2785.17407  1.57213
  3098.51523  0.99699  0.00180 -0.31446 -0.17825  6.39373  6.39373  6.39373   2811.70000  1.57314
  3098.51556  0.99761  0.00180 -0.03800 -0.42110  6.30864  6.30864  6.30864   2861.10000  1.57413
  3098.51589  1.00253  0.00180  0.14953 -0.01234  6.66961  6.66961  6.66961   2903.81759  1.57513
  3098.51622  0.99976  0.00180  0.27638 -0.44581  6.32234  6.32234  6.32234   2883.46296  1.57612
  3098.51655  0.99757  0.00180  0.23273  0.03250  6.62396  6.62396  6.62396   2880.29722  1.57711
  3098.51688  1.00076  0.00180  0.09913  0.16141  6.34759  6.34759  6.34759   2875.56852  1.57811
  3098.51721  0.99463  0.00180 -0.04262  0.29349  6.78430  6.78430  6.78430   2885.78704  1.57912
  3098.51754  1.00326  0.00180 -0.41616 -0.00202  6.99562  6.99562  6.99562   2947.65926  1.58012
  3098.51787  0.99947  0.00180 -0.48876  0.14126  6.67284  6.67284  6.67284   2989.88611  1.58113
  3098.51820  0.99947  0.00180 -0.44440 -0.15030  6.69481  6.69481  6.69481   3024.26574  1.58211
  3098.51853  0.99816  0.00180 -0.58679  0.09537  6.64764  6.64764  6.64764   3032.56204  1.58313
  3098.51886  0.99785  0.00180  0.08489 -0.43578  6.23289  6.23289  6.23289   3027.82685  1.58410
  3098.51919  1.00393  0.00181  0.08037 -0.37423  6.50414  6.50414  6.50414   2996.54537  1.58509
  3098.51985  1.00063  0.00182 -0.12588 -0.34865  6.96809  6.96809  6.96809   2958.11574  1.58712
  3098.52018  1.00042  0.00182 -0.02972 -0.38301  6.90280  6.90280  6.90280   2999.90093  1.58812
  3098.52050  1.00250  0.00182  0.11615 -0.08363  7.06930  7.06930  7.06930   3036.56574  1.58911
  3098.52083  1.00123  0.00182  0.03459  0.01914  7.04268  7.04268  7.04268   3051.30000  1.59012
  3098.52116  1.00133  0.00183  0.04594  0.24255  6.47656  6.47656  6.47656   3087.47130  1.59112
  3098.52149  0.99932  0.00183  0.03461  0.03731  6.80301  6.80301  6.80301   3095.31296  1.59212
  3098.52182  0.99711  0.00183  0.00309 -0.07546  6.41179  6.41179  6.41179   3053.57407  1.59314
  3098.52215  1.00038  0.00183  0.04716 -0.07194  7.18443  7.18443  7.18443   2976.45278  1.59412
  3098.52248  1.00356  0.00184 -0.07853  0.01039  6.55483  6.55483  6.55483   2888.80278  1.59514
  3098.52281  1.00163  0.00184 -0.27240 -0.55572  6.39482  6.39482  6.39482   2790.16667  1.59617
  3098.52313  1.00102  0.00185 -0.24612 -0.74438  6.66453  6.66453  6.66453   2697.84630  1.59718
  3098.52346  0.99736  0.00185 -0.26682 -0.60209  6.80707  6.80707  6.80707   2670.95370  1.59821
  3098.52379  1.00107  0.00185 -0.22525 -0.10677  6.65393  6.65393  6.65393   2675.30648  1.59920
  3098.52412  0.99983  0.00185 -0.28855 -0.33535  6.48983  6.48983  6.48983   2690.72963  1.60022
  3098.52445  1.00292  0.00184 -0.40688 -0.04457  6.53948  6.53948  6.53948   2707.04259  1.60126
  3098.52478  1.00176  0.00185 -0.09836 -0.18378  6.68319  6.68319  6.68319   2712.42963  1.60226
  3098.52511  1.00677  0.00185 -0.05027  0.06144  6.62816  6.62816  6.62816   2710.19352  1.60326
  3098.52544  1.00354  0.00184  0.37893  0.11014  6.70006  6.70006  6.70006   2711.32778  1.60430
  3098.52576  1.00828  0.00185  0.11924 -0.11968  6.61952  6.61952  6.61952   2713.42500  1.60533
  3098.52609  0.99878  0.00185  0.19380 -0.00862  6.67182  6.67182  6.67182   2731.09259  1.60634
  3098.52642  1.00350  0.00185  0.14737 -0.06405  6.57908  6.57908  6.57908   2754.55741  1.60735
  3098.52675  1.00269  0.00184 -0.11445 -0.57430  6.57305  6.57305  6.57305   2782.58519  1.60840
  3098.52708  0.99883  0.00185  0.02424 -0.20478  6.70528  6.70528  6.70528   2841.26759  1.60942
  3098.52741  0.99702  0.00185  0.01034 -0.45051  6.41463  6.41463  6.41463   2944.41667  1.61041
  3098.52774  0.99653  0.00184 -0.03321 -0.39672  6.38455  6.38455  6.38455   3046.65370  1.61147
  3098.52806  1.00216  0.00183 -0.14041 -0.57494  6.29459  6.29459  6.29459   3136.99167  1.61247
  3098.52839  0.99984  0.00183 -0.23866 -0.02319  6.54734  6.54734  6.54734   3177.27407  1.61348
  3098.52872  0.99644  0.00183  0.05102  0.28634  6.29858  6.29858  6.29858   3212.91852  1.61457
  3098.52905  1.00749  0.00183 -0.11111 -0.01211  6.48115  6.48115  6.48115   3252.47222  1.61556
  3098.52938  1.00191  0.00183  0.10421 -0.01398  6.55226  6.55226  6.55226   3297.69907  1.61665
  3098.52971  1.00009  0.00183 -0.30381 -0.14659  6.37909  6.37909  6.37909   3301.97037  1.61768
  3098.53004  0.99889  0.00182 -0.06581  0.08650  6.33184  6.33184  6.33184   3300.01019  1.61868
  3098.53037  0.99969  0.00183 -0.03982 -0.32645  6.41485  6.41485  6.41485   3311.67407  1.61973
  3098.53069  0.99646  0.00184 -0.06029 -0.64667  6.43966  6.43966  6.43966   3287.11574  1.62074
  3098.53103  0.99751  0.00184 -0.19560 -0.49927  6.57279  6.57279  6.57279   3215.51759  1.62180
  3098.53135  1.00036  0.00184  0.00234 -0.29482  6.74029  6.74029  6.74029   3124.11852  1.62284
  3098.53168  1.00015  0.00185 -0.12934  0.18228  6.87609  6.87609  6.87609   3026.36667  1.62388
  3098.53201  1.00099  0.00185 -0.13470 -0.48195  6.88448  6.88448  6.88448   2970.67778  1.62492
  3098.53234  1.00042  0.00185 -0.09874 -0.10039  6.38648  6.38648  6.38648   2953.46111  1.62594
  3098.53267  0.99951  0.00184 -0.25720  0.07892  6.83187  6.83187  6.83187   2964.00278  1.62704
  3098.53300  1.00352  0.00185 -0.21821  0.22395  6.91786  6.91786  6.91786   2999.52500  1.62804
  3098.53333  1.00176  0.00186 -0.20305 -0.22349  7.09435  7.09435  7.09435   3047.09722  1.62913
  3098.53366  1.00098  0.00186 -0.32174 -0.08295  7.14229  7.14229  7.14229   3064.71111  1.63019
  3098.53399  1.00358  0.00186 -0.15015  0.55174  6.42403  6.42403  6.42403   3063.18056  1.63119
  3098.53432  0.99813  0.00185 -0.41503 -0.32278  6.79211  6.79211  6.79211   3044.60648  1.63225
  3098.53465  1.00282  0.00186 -0.11495 -0.46993  6.94368  6.94368  6.94368   3035.90370  1.63331
  3098.53498  1.00134  0.00186  0.22434 -0.47344  6.43313  6.43313  6.43313   3047.99352  1.63438
  3098.53531  1.00242  0.00187  0.24675 -0.63617  6.47732  6.47732  6.47732   3095.04722  1.63541
  3098.53563  1.00515  0.00187  0.14454 -0.30785  6.40502  6.40502  6.40502   3145.48426  1.63647
  3098.53596  1.00189  0.00187 -0.22035 -0.25101  6.45689  6.45689  6.45689   3182.56574  1.63753
  3098.53629  0.99855  0.00187 -0.47861 -0.12748  6.58260  6.58260  6.58260   3217.48056  1.63857
  3098.53662  1.00310  0.00188 -0.38906 -0.17366  6.42334  6.42334  6.42334   3218.36111  1.63965
  3098.53695  0.99920  0.00188 -0.47280  0.07217  6.43641  6.43641  6.43641   3208.51759  1.64073
  3098.53728  0.99655  0.00188 -0.37763 -0.08147  6.40454  6.40454  6.40454   3230.87963  1.64177
  3098.53761  1.00192  0.00188 -0.30726 -0.02182  7.11505  7.11505  7.11505   3255.90370  1.64284
  3098.53794  0.99561  0.00189  0.01723 -0.15152  7.17731  7.17731  7.17731   3267.41111  1.64388
  3098.53827  1.00242  0.00189  0.14473 -0.16034  7.14836  7.14836  7.14836   3270.37130  1.64495
  3098.53860  1.00416  0.00189  0.08704 -0.56316  6.77236  6.77236  6.77236   3270.34074  1.64603
  3098.53893  0.99782  0.00190  0.11614 -0.63355  6.47700  6.47700  6.47700   3271.25556  1.64710
  3098.53926  0.99989  0.00190  0.09957 -0.34768  6.50928  6.50928  6.50928   3274.62870  1.64818
  3098.53959  0.99908  0.00190  0.10204 -0.44338  6.48722  6.48722  6.48722   3277.15000  1.64922
  3098.53992  1.00268  0.00189  0.01502 -0.10744  6.38006  6.38006  6.38006   3279.06759  1.65029
  3098.54025  1.00035  0.00190 -0.35848 -0.14485  6.78853  6.78853  6.78853   3281.46481  1.65137
  3098.54058  0.99992  0.00191 -0.39853  0.00987  6.58475  6.58475  6.58475   3296.89352  1.65243
  3098.54091  1.00364  0.00191 -0.30186 -0.01547  6.48997  6.48997  6.48997   3315.75278  1.65349
  3098.54124  0.99884  0.00191 -0.32056  0.05361  7.15372  7.15372  7.15372   3332.14537  1.65458
  3098.54157  1.00326  0.00191 -0.29575  0.00476  6.74846  6.74846  6.74846   3356.68889  1.65568
  3098.54190  1.00140  0.00190  0.16542 -0.15867  6.49303  6.49303  6.49303   3397.28981  1.65676
  3098.54223  1.00297  0.00190  0.21640 -0.49473  6.88495  6.88495  6.88495   3435.49815  1.65781
  3098.54256  0.99752  0.00191  0.20284 -0.88306  6.53193  6.53193  6.53193   3478.18148  1.65888
  3098.54289  1.00188  0.00191  0.25266 -0.33899  6.66726  6.66726  6.66726   3520.57870  1.65997
  3098.54322  0.99926  0.00192  0.01905 -0.55808  6.25524  6.25524  6.25524   3549.71944  1.66104
  3098.54355  1.00454  0.00192 -0.14051 -0.28801  6.50534  6.50534  6.50534   3559.48333  1.66216
  3098.54388  1.00234  0.00193 -0.51322 -0.06604  6.68259  6.68259  6.68259   3564.29907  1.66323
  3098.54421  1.00476  0.00194 -0.43843 -0.02936  6.49435  6.49435  6.49435   3585.33056  1.66431
  3098.54454  1.00243  0.00194 -0.45909  0.16340  7.18468  7.18468  7.18468   3615.50185  1.66543
  3098.54487  0.99697  0.00195 -0.08481  0.16171  7.21402  7.21402  7.21402   3650.58148  1.66650
  3098.54520  1.00335  0.00195  0.10528 -0.23486  6.44259  6.44259  6.44259   3690.52500  1.66755
  3098.54553  1.00565  0.00195  0.20348  0.17281  6.83972  6.83972  6.83972   3742.67037  1.66866
  3098.54586  0.99811  0.00195  0.13120 -0.21134  7.02495  7.02495  7.02495   3806.11667  1.66978
  3098.54619  1.00017  0.00196  0.16192 -0.67415  7.05684  7.05684  7.05684   3864.42963  1.67084
  3098.54652  0.99890  0.00196  0.22118 -0.77063  7.22976  7.22976  7.22976   3909.81204  1.67192
  3098.54685  1.00555  0.00197  0.10238 -0.37019  6.45343  6.45343  6.45343   3944.43981  1.67303
  3098.54718  0.99881  0.00197 -0.37503 -0.43707  6.99182  6.99182  6.99182   3972.55833  1.67411
  3098.54751  1.00102  0.00197 -0.57345 -0.52006  6.35202  6.35202  6.35202   4005.56574  1.67519
  3098.54784  0.99921  0.00197 -0.32095 -0.13594  6.45967  6.45967  6.45967   4025.51204  1.67629
  3098.54817  0.99976  0.00197 -0.36108  0.22593  6.75797  6.75797  6.75797   4030.21667  1.67738
  3098.54850  0.99742  0.00198 -0.11030 -0.09452  6.99023  6.99023  6.99023   4054.16852  1.67848
  3098.54883  1.00008  0.00198 -0.10096 -0.27146  6.58442  6.58442  6.58442   4088.62778  1.67956
  3098.54915  1.00020  0.00198  0.10604  0.30731  6.20154  6.20154  6.20154   4126.27222  1.68067
  3098.54949  0.99961  0.00199  0.00000  0.00000  6.42496  6.42496  6.42496   4186.21389  1.68175
  3098.54982  1.00351  0.00200 -0.04659 -0.32845  6.88358  6.88358  6.88358   4248.00463  1.68286
  3098.55014  1.00171  0.00200 -0.09506 -0.67430  6.88765  6.88765  6.88765   4313.35833  1.68396
  3098.55048  0.99996  0.00200  0.10718 -0.46930  6.56582  6.56582  6.56582   4371.75370  1.68504
  3098.55080  1.00270  0.00201 -0.07796 -0.36331  6.55293  6.55293  6.55293   4424.90370  1.68614
  3098.55113  1.00109  0.00201  0.06730 -0.24096  6.82312  6.82312  6.82312   4477.35926  1.68724
  3098.55146  0.99982  0.00201 -0.16915 -0.27937  6.64849  6.64849  6.64849   4526.58611  1.68833
  3098.55179  1.00260  0.00202 -0.09533 -0.23245  6.79268  6.79268  6.79268   4572.27593  1.68941
  3098.55212  1.00104  0.00203 -0.14401 -0.18997  6.82527  6.82527  6.82527   4597.38148  1.69054
  3098.55245  0.99755  0.00203 -0.17778 -0.02222  6.93325  6.93325  6.93325   4604.42593  1.69168
  3098.55278  1.00032  0.00204 -0.34872 -0.12936  6.43398  6.43398  6.43398   4623.02778  1.69276
  3098.55311  1.00090  0.00205 -0.17211  0.03601  6.49567  6.49567  6.49567   4646.44815  1.69388
  3098.55344  0.99487  0.00204 -0.25907 -0.06363  6.96328  6.96328  6.96328   4658.19074  1.69502
  3098.55377  1.00159  0.00204  0.12413 -0.20463  6.74382  6.74382  6.74382   4676.40093  1.69609
  3098.55410  1.00417  0.00204  0.27464 -0.22648  6.60972  6.60972  6.60972   4708.05093  1.69718
  3098.55443  0.99687  0.00205  0.23062 -0.28175  6.99131  6.99131  6.99131   4765.49722  1.69830
  3098.55475  1.00075  0.00206  0.37624 -0.51924  6.92513  6.92513  6.92513   4825.16852  1.69939
  3098.55508  1.00163  0.00206  0.36293 -0.06741  6.93936  6.93936  6.93936   4870.93704  1.70051
  3098.55541  0.99911  0.00207 -0.10129 -0.21560  6.81419  6.81419  6.81419   4918.14630  1.70164
  3098.55574  0.99714  0.00207 -0.22348  0.00816  6.87512  6.87512  6.87512   4962.39907  1.70272
  3098.55607  0.99910  0.00208 -0.25449 -0.20173  6.49015  6.49015  6.49015   4980.00093  1.70383
  3098.55640  1.00305  0.00208 -0.07352  0.36929  6.69933  6.69933  6.69933   4979.85278  1.70495
  3098.55672  1.00101  0.00209 -0.08653 -0.00035  6.95123  6.95123  6.95123   5011.43056  1.70604
  3098.55705  0.99942  0.00210 -0.24205 -0.34015  6.48153  6.48153  6.48153   5060.12315  1.70718
  3098.55738  0.99877  0.00210 -0.09279  0.05038  6.90053  6.90053  6.90053   5113.50741  1.70831
  3098.55771  1.00232  0.00210 -0.35362  0.00063  6.81382  6.81382  6.81382   5163.42407  1.70941
  3098.55804  1.00160  0.00210 -0.16143 -0.38011  6.58990  6.58990  6.58990   5203.80741  1.71053
  3098.55837  0.99799  0.00211  0.14034 -0.45175  6.96178  6.96178  6.96178   5242.77222  1.71159
  3098.55870  0.99866  0.00211  0.32292 -0.14670  6.79935  6.79935  6.79935   5276.71667  1.71271
  3098.55902  1.00193  0.00212  0.29447 -0.06777  7.15450  7.15450  7.15450   5306.74907  1.71384
  3098.55935  0.99729  0.00212  0.35238 -0.08936  7.22437  7.22437  7.22437   5342.09815  1.71496
  3098.55968  0.99985  0.00213  0.26166  0.10895  6.65249  6.65249  6.65249   5372.46944  1.71608
  3098.56001  1.00485  0.00213 -0.34366  0.07376  6.54328  6.54328  6.54328   5412.11574  1.71726
  3098.56034  0.99986  0.00213 -0.31108  0.27235  6.47002  6.47002  6.47002   5456.22778  1.71835
  3098.56067  1.00273  0.00214 -0.32801 -0.08159  6.96104  6.96104  6.96104   5501.52685  1.71947
  3098.56100  1.00092  0.00214 -0.25626  0.16120  6.87891  6.87891  6.87891   5561.43333  1.72062
  3098.56133  1.00397  0.00215 -0.14606 -0.06688  6.90266  6.90266  6.90266   5628.39074  1.72174
  3098.56166  1.00290  0.00216 -0.13328 -0.39019  6.81857  6.81857  6.81857   5706.41019  1.72287
  3098.56199  0.99887  0.00216  0.11705 -0.54015  6.73562  6.73562  6.73562   5778.43519  1.72392
  3098.56232  1.00000  0.00217  0.11360 -0.13580  6.98653  6.98653  6.98653   5832.87407  1.72512
  3098.56264  1.00460  0.00218  0.27144 -0.20497  6.69402  6.69402  6.69402   5891.04630  1.72621
  3098.56297  0.99815  0.00218  0.35471 -0.50775  6.97590  6.97590  6.97590   5951.27593  1.72732
  3098.56330  1.00154  0.00219  0.08771 -0.08998  6.97518  6.97518  6.97518   6019.12407  1.72841
  3098.56363  0.99860  0.00220 -0.02442 -0.12917  6.89187  6.89187  6.89187   6088.73333  1.72957
  3098.56396  0.99852  0.00220 -0.24014  0.37285  6.69795  6.69795  6.69795   6162.38889  1.73074
  3098.56429  1.00140  0.00221 -0.51883  0.02341  6.89525  6.89525  6.89525   6231.02222  1.73187
  3098.56462  0.99841  0.00222 -0.57369  0.44648  7.06361  7.06361  7.06361   6301.37963  1.73300
  3098.56495  0.99484  0.00223 -0.23842  0.17252  6.88064  6.88064  6.88064   6367.10278  1.73407
  3098.56527  0.99811  0.00223  0.32021  0.03675  6.98659  6.98659  6.98659   6433.56944  1.73525
  3098.56560  1.00290  0.00223  0.13290 -0.20662  6.94035  6.94035  6.94035   6494.10185  1.73638
  3098.56593  0.99685  0.00224  0.09160 -0.36328  6.90209  6.90209  6.90209   6559.03796  1.73750
  3098.56626  1.00220  0.00225  0.09886 -0.29159  6.93714  6.93714  6.93714   6628.38981  1.73862
  3098.56659  0.99455  0.00225  0.01371  0.10082  6.70711  6.70711  6.70711   6697.25648  1.73973
  3098.56692  1.00156  0.00226 -0.20274 -0.36903  6.79262  6.79262  6.79262   6763.17685  1.74090
  3098.56725  1.00224  0.00227 -0.19854  0.33133  6.66872  6.66872  6.66872   6840.65185  1.74200
  3098.56758  0.99758  0.00227 -0.31486  0.08333  6.70747  6.70747  6.70747   6921.39074  1.74318
  3098.56791  1.00352  0.00229 -0.20397  0.51976  6.80936  6.80936  6.80936   6996.79537  1.74431
  3098.56824  0.99857  0.00229 -0.06993  0.17933  6.80277  6.80277  6.80277   7073.55000  1.74541
  3098.56856  0.99827  0.00230  0.21656 -0.07186  6.95672  6.95672  6.95672   7149.22130  1.74657
  3098.56889  0.99595  0.00231  0.10951  0.22959  6.78961  6.78961  6.78961   7224.34074  1.74773
  3098.56922  0.99932  0.00231  0.23215 -0.07706  6.96454  6.96454  6.96454   7298.30648  1.74884
  3098.56955  1.00518  0.00232  0.20399 -0.20457  6.95555  6.95555  6.95555   7374.28981  1.75000
  3098.56988  0.99705  0.00232  0.28796 -0.30916  7.05595  7.05595  7.05595   7448.33889  1.75116
  3098.57020  0.99936  0.00233  0.20072 -0.22749  6.91228  6.91228  6.91228   7528.27870  1.75225
  3098.57053  1.00365  0.00234  0.16737  0.06477  6.92690  6.92690  6.92690   7612.23519  1.75343
  3098.57086  1.00089  0.00234 -0.06836 -0.36060  6.64241  6.64241  6.64241   7699.45278  1.75457
  3098.57119  1.00263  0.00235 -0.01143  0.22560  6.59025  6.59025  6.59025   7787.91111  1.75564
  3098.57152  0.99566  0.00236 -0.18595 -0.01800  6.66159  6.66159  6.66159   7882.87870  1.75684
  3098.57185  0.99918  0.00237 -0.05341  0.40654  6.59635  6.59635  6.59635   7979.62500  1.75796
  3098.57218  0.99626  0.00238 -0.06748  0.40184  6.49611  6.49611  6.49611   8077.13889  1.75915
  3098.57250  1.00315  0.00238  0.01931  0.04550  6.59121  6.59121  6.59121   8172.13611  1.76027
  3098.57283  0.99881  0.00239  0.01749  0.05370  6.74022  6.74022  6.74022   8257.97037  1.76143
  3098.57316  1.00296  0.00241  0.18937  0.34331  6.75801  6.75801  6.75801   8347.23056  1.76254
  3098.57349  0.99888  0.00240 -0.00740 -0.43753  6.55104  6.55104  6.55104   8432.67778  1.76368
  3098.57382  1.00540  0.00242  0.20497 -0.32388  6.80650  6.80650  6.80650   8522.80278  1.76487
  3098.57415  1.00495  0.00243  0.13481 -0.50172  6.67235  6.67235  6.67235   8613.14537  1.76597
  3098.57448  1.00334  0.00244  0.05573  0.11959  6.65579  6.65579  6.65579   8700.88519  1.76711
  3098.57481  0.99572  0.00244  0.08539 -0.09023  6.78687  6.78687  6.78687   8796.08796  1.76828
  3098.57513  0.99789  0.00245 -0.04014  0.10434  6.67934  6.67934  6.67934   8885.56481  1.76942
  3098.57546  1.00501  0.00246  0.24166  0.70077  6.79470  6.79470  6.79470   8976.95463  1.77060
  3098.57579  1.00018  0.00247  0.18954  0.09143  6.84322  6.84322  6.84322   9068.68704  1.77168
  3098.57612  0.99872  0.00248  0.14911  0.07217  6.79365  6.79365  6.79365   9170.40741  1.77284
  3098.57645  1.00094  0.00249  0.09646  0.04939  6.80577  6.80577  6.80577   9268.85370  1.77406
  3098.57678  1.00347  0.00250  0.05194 -0.22381  6.68398  6.68398  6.68398   9360.98796  1.77517
  3098.57711  1.00244  0.00250 -0.10852  0.14192  6.83849  6.83849  6.83849   9461.91019  1.77633
  3098.57743  1.00208  0.00251 -0.08835 -0.26375  6.60611  6.60611  6.60611   9556.43611  1.77746
  3098.57776  1.00132  0.00252 -0.22622 -0.00392  6.68461  6.68461  6.68461   9661.38426  1.77860
  3098.57809  1.00156  0.00253 -0.28603 -0.07556  6.64159  6.64159  6.64159   9763.76574  1.77975
  3098.57842  0.99535  0.00254  0.20456  0.15794  6.84800  6.84800  6.84800   9870.56852  1.78089
  3098.57875  1.00067  0.00254  0.30675 -0.16644  7.05630  7.05630  7.05630   9980.77315  1.78206
  3098.57908  0.99819  0.00255  0.22984  0.48922  7.06015  7.06015  7.06015  10101.26019  1.78327
  3098.57941  0.99661  0.00256  0.04380  0.28366  6.42904  6.42904  6.42904  10222.15648  1.78439
  3098.57974  0.99926  0.00258 -0.08461  0.15880  6.63822  6.63822  6.63822  10347.83889  1.78556
  3098.58006  0.99360  0.00259  0.21829  0.02853  7.05788  7.05788  7.05788  10491.99815  1.78672
  3098.58039  1.00155  0.00260  0.18267  0.11532  6.85964  6.85964  6.85964  10632.31111  1.78788
  3098.58072  1.00599  0.00261  0.18554  0.41954  6.61869  6.61869  6.61869  10786.91296  1.78906
  3098.58105  0.99915  0.00262 -0.03004 -0.14143  6.56361  6.56361  6.56361  10928.05741  1.79017
  3098.58138  1.00623  0.00263 -0.41027 -0.15876  6.66878  6.66878  6.66878  11045.54074  1.79137
  3098.58171  0.99802  0.00264 -0.22240 -0.38887  6.71538  6.71538  6.71538  11143.28981  1.79249
  3098.58204  1.00327  0.00265 -0.08733 -0.12609  6.57338  6.57338  6.57338  11198.89815  1.79364
  3098.58237  0.99402  0.00266  0.09208  0.05887  6.65649  6.65649  6.65649  11239.49722  1.79480
  3098.58269  0.99976  0.00266  0.15218 -0.47666  6.61594  6.61594  6.61594  11314.05185  1.79597
  3098.58302  1.00472  0.00267  0.15872 -0.16646  6.94467  6.94467  6.94467  11417.47407  1.79712
  3098.58335  0.99750  0.00268  0.37810  0.12577  6.88897  6.88897  6.88897  11527.22222  1.79829
  3098.58368  0.99521  0.00269  0.13402  0.01058  6.72855  6.72855  6.72855  11647.08981  1.79944
  3098.58401  0.99943  0.00270 -0.16728 -0.05436  6.66605  6.66605  6.66605  11767.61852  1.80062
  3098.58434  1.00505  0.00271 -0.07628 -0.24335  6.63964  6.63964  6.63964  11885.87500  1.80177
  3098.58467  0.99925  0.00272 -0.04245  0.11026  6.63117  6.63117  6.63117  12007.59352  1.80290
  3098.58532  1.00042  0.00274 -0.06520 -0.51505  6.62659  6.62659  6.62659  12264.78519  1.80523
  3098.58565  0.99843  0.00275  0.10652 -0.53112  6.66479  6.66479  6.66479  12395.32685  1.80635
  3098.58598  1.00042  0.00276  0.19758 -0.14716  7.04363  7.04363  7.04363  12523.14815  1.80751
  3098.58631  1.00342  0.00277  0.34926 -0.21351  7.15488  7.15488  7.15488  12660.24815  1.80872
  3098.58664  1.00043  0.00278  0.44043 -0.54542  6.71152  6.71152  6.71152  12790.63981  1.80987
  3098.58697  1.00312  0.00279 -0.06383 -0.32463  6.60355  6.60355  6.60355  12921.63333  1.81103
  3098.58730  0.99544  0.00280 -0.34520 -0.23861  6.67604  6.67604  6.67604  13053.54352  1.81221
  3098.58763  1.00197  0.00281 -0.63821  0.34752  7.03939  7.03939  7.03939  13196.65741  1.81339
  3098.58796  0.99165  0.00283 -0.32552 -0.19761  6.60557  6.60557  6.60557  13328.18704  1.81453
  3098.58829  0.99859  0.00284  0.01154 -0.33722  6.86103  6.86103  6.86103  13456.71111  1.81568
  3098.58861  1.00041  0.00285 -0.02861  0.00917  6.90497  6.90497  6.90497  13595.01667  1.81682
  3098.58894  0.99909  0.00285 -0.04001 -0.10198  6.86244  6.86244  6.86244  13705.13148  1.81802
  3098.58927  0.99900  0.00287  0.05932 -0.54782  6.78104  6.78104  6.78104  13856.26111  1.81917
  3098.58960  1.00013  0.00288  0.25989 -0.35210  7.01694  7.01694  7.01694  14010.36111  1.82029
  3098.58993  1.00440  0.00289  0.15382 -0.37936  6.58177  6.58177  6.58177  14141.83796  1.82153
  3098.59026  0.99700  0.00290 -0.15185 -0.41684  6.85760  6.85760  6.85760  14281.17593  1.82269
  3098.59059  0.99741  0.00291 -0.34646 -0.24600  6.89567  6.89567  6.89567  14416.54167  1.82382
  3098.59092  1.00041  0.00292 -0.44729  0.00434  6.90094  6.90094  6.90094  14551.49907  1.82502
  3098.59125  0.99942  0.00293 -0.23359 -0.04129  6.91031  6.91031  6.91031  14701.10093  1.82618
  3098.59158  1.00265  0.00294 -0.16323 -0.02069  6.90298  6.90298  6.90298  14837.18148  1.82736
  3098.59191  1.00423  0.00295 -0.26939 -0.22657  6.59424  6.59424  6.59424  14975.56481  1.82848
  3098.59223  0.99554  0.00296 -0.22130 -0.21506  6.52365  6.52365  6.52365  15125.38796  1.82966
  3098.59256  1.00512  0.00297 -0.16716 -0.17951  6.81772  6.81772  6.81772  15264.11944  1.83084
  3098.59289  0.99182  0.00299 -0.16954 -0.39916  6.53539  6.53539  6.53539  15418.45093  1.83198
  3098.59322  0.99489  0.00300 -0.01362 -0.67010  6.70658  6.70658  6.70658  15568.17037  1.83314
  3098.59355  1.00360  0.00301 -0.13728 -0.39537  6.57695  6.57695  6.57695  15718.29537  1.83429
  3098.59388  1.00058  0.00302  0.02728 -0.16684  6.81950  6.81950  6.81950  15876.89537  1.83548
  3098.59421  1.00273  0.00303 -0.01873 -0.59296  6.84894  6.84894  6.84894  16034.85093  1.83664
  3098.59454  0.99977  0.00303 -0.05803 -0.17158  7.00516  7.00516  7.00516  16182.20185  1.83780
  3098.59486  1.00639  0.00305 -0.27526  0.18557  6.88457  6.88457  6.88457  16329.76481  1.83899
  3098.59519  0.99627  0.00306 -0.33570  0.01794  6.90980  6.90980  6.90980  16478.45185  1.84013
  3098.59552  0.99719  0.00307 -0.30577 -0.14172  6.88607  6.88607  6.88607  16641.11944  1.84132
  3098.59585  0.99819  0.00308 -0.28199  0.05838  6.86089  6.86089  6.86089  16800.13611  1.84249
  3098.59618  1.00010  0.00309 -0.31852 -0.14408  6.80842  6.80842  6.80842  16957.02870  1.84365
  3098.59651  1.00224  0.00311 -0.21339 -0.36561  6.89653  6.89653  6.89653  17114.36944  1.84481
  3098.59684  1.00038  0.00311 -0.53175 -0.39459  6.89854  6.89854  6.89854  17267.10648  1.84597
  3098.59716  1.00023  0.00312  0.08341 -0.64429  6.98539  6.98539  6.98539  17429.37685  1.84712
  3098.59749  0.99970  0.00314 -0.31774 -0.56184  6.88466  6.88466  6.88466  17584.94167  1.84831
  3098.59782  1.00101  0.00315  0.01734 -0.16421  6.84125  6.84125  6.84125  17745.88333  1.84945
  3098.59815  0.99888  0.00316  0.03746 -0.47059  7.02255  7.02255  7.02255  17915.87963  1.85059
  3098.59848  0.99846  0.00317 -0.02726 -0.67758  6.97051  6.97051  6.97051  18072.62870  1.85178
  3098.59913  0.99248  0.00318 -0.29651  0.01195  7.11476  7.11476  7.11476  18353.14259  1.85411
  3098.59946  0.99782  0.00319 -0.56772  0.10273  7.21476  7.21476  7.21476  18474.91019  1.85529
  3098.59979  1.00238  0.00321 -0.40814 -0.10180  6.77665  6.77665  6.77665  18595.56944  1.85648
  3098.60012  0.99982  0.00322 -0.42811 -0.09318  6.87957  6.87957  6.87957  18744.36204  1.85764
  3098.60045  0.99789  0.00323 -0.46010 -0.15407  6.68468  6.68468  6.68468  18876.91667  1.85879
  3098.60078  1.00189  0.00324 -0.20485 -0.67006  6.77720  6.77720  6.77720  19031.78981  1.85996
  3098.60110  1.00165  0.00325 -0.24543 -0.64848  6.82553  6.82553  6.82553  19197.30741  1.86111
  3098.60143  1.00324  0.00326 -0.07978 -0.73087  6.93430  6.93430  6.93430  19351.54537  1.86226
  3098.60176  0.99591  0.00327 -0.15178 -0.49421  7.01617  7.01617  7.01617  19515.15278  1.86344
  3098.60209  1.00094  0.00328 -0.05500 -0.75050  6.51711  6.51711  6.51711  19684.93981  1.86462
  3098.60242  1.00037  0.00329 -0.08987  0.19079  6.46415  6.46415  6.46415  19851.06389  1.86577
  3098.60275  0.99894  0.00330 -0.05710  0.11209  6.74845  6.74845  6.74845  20022.44444  1.86693
  3098.60308  0.99557  0.00332 -0.11180 -0.16674  6.49184  6.49184  6.49184  20206.97407  1.86810
  3098.60341  1.00223  0.00333 -0.03382 -0.28584  6.77528  6.77528  6.77528  20387.15926  1.86927
  3098.60374  0.99371  0.00334  0.01008 -0.31171  6.49470  6.49470  6.49470  20563.43981  1.87044
  3098.60406  0.99896  0.00335 -0.28978 -0.13332  6.52794  6.52794  6.52794  20729.82870  1.87162
  3098.60439  1.00562  0.00336 -0.46506 -0.41339  6.74596  6.74596  6.74596  20902.75648  1.87278
  3098.60472  0.99809  0.00337 -0.32980 -0.67226  6.58961  6.58961  6.58961  21071.49815  1.87396
  3098.60505  0.99896  0.00338 -0.34290 -0.62176  6.00124  6.00124  6.00124  21262.92870  1.87508
  3098.60571  0.99630  0.00341 -0.17062 -0.74818  6.65560  6.65560  6.65560  21668.96389  1.87745
  3098.60604  1.00962  0.00342 -0.16528 -0.27835  6.87741  6.87741  6.87741  21878.65000  1.87859
  3098.60637  0.99456  0.00344  0.01075  0.10813  6.67463  6.67463  6.67463  22082.63333  1.87979
  3098.60670  1.00293  0.00345 -0.30162 -0.18262  6.81859  6.81859  6.81859  22282.67037  1.88092
  3098.60703  1.00862  0.00346 -0.46243 -0.13356  6.83793  6.83793  6.83793  22475.83796  1.88213
  3098.60736  1.00163  0.00347 -0.25590 -0.31609  6.73614  6.73614  6.73614  22663.94352  1.88328
  3098.60802  1.00137  0.00349 -0.41933 -0.23946  6.78532  6.78532  6.78532  23043.55093  1.88562
  3098.60835  1.00243  0.00351 -0.44438 -0.32816  6.99962  6.99962  6.99962  23239.00556  1.88678
  3098.60868  0.99826  0.00352 -0.27790 -0.82800  6.79184  6.79184  6.79184  23493.19630  1.88792
  3098.60901  0.99581  0.00355 -0.02110 -0.69883  6.95622  6.95622  6.95622  23902.46204  1.88912
  3098.60934  0.99579  0.00357  0.43891 -0.82492  7.14526  7.14526  7.14526  24437.38981  1.89028
  3098.60966  0.99392  0.00362  0.51774 -0.51907  6.92864  6.92864  6.92864  25291.22500  1.89142
  3098.60999  0.99111  0.00367  0.17311 -0.46789  6.93924  6.93924  6.93924  26249.79537  1.89257
  3098.61032  0.99967  0.00371 -0.55192 -0.19523  7.16763  7.16763  7.16763  27206.97870  1.89378
  3098.61098  0.99715  0.00380 -0.41582 -0.06387  6.50023  6.50023  6.50023  28818.87130  1.89616
  3098.61164  0.99670  0.00384 -0.38648 -0.28660  6.19732  6.19732  6.19732  29806.85741  1.89840
  3098.61197  0.99274  0.00384 -0.33991  0.10333  6.12746  6.12746  6.12746  29747.80741  1.89961
  3098.61231  0.99619  0.00384 -0.19388 -0.11057  6.72819  6.72819  6.72819  29563.49815  1.90076
  3098.61330  0.99741  0.00385  0.56174 -1.43662  6.47405  6.47405  6.47405  29809.98148  1.90416
  3098.61364  1.00297  0.00384  0.15418 -0.43444  7.04769  7.04769  7.04769  29635.34259  1.90549
  3098.61397  0.99926  0.00384 -0.18876 -0.74245  6.80350  6.80350  6.80350  29559.61574  1.90657
  3098.61429  1.00073  0.00384 -0.30417 -0.24186  6.78429  6.78429  6.78429  29463.80556  1.90778
  3098.61462  0.99900  0.00384 -0.38743 -0.07385  6.92568  6.92568  6.92568  29425.66204  1.90892
