# time flux flux_err jitter_flag offset_flag subset
    2041.844290   1.000762   0.002452   0  -1   0
    2041.844520   1.003606   0.002452   0  -1   0
    2041.844750   0.998321   0.002449   0  -1   0
    2041.844980   1.003912   0.002451   0  -1   0
    2041.845210   0.999779   0.002447   0  -1   0
    2041.845440   1.002556   0.002454   0  -1   0
    2041.845680   1.000571   0.002447   0  -1   0
    2041.845910   0.998564   0.002449   0  -1   0
    2041.846140   1.013640   0.002468   0  -1   0
    2041.846370   1.003028   0.002451   0  -1   0
    2041.846600   0.997996   0.002448   0  -1   0
    2041.846830   0.996474   0.002446   0  -1   0
    2041.847060   1.002163   0.002454   0  -1   0
    2041.847300   1.000230   0.002449   0  -1   0
    2041.847530   1.002542   0.002453   0  -1   0
    2041.847760   0.993675   0.002448   0  -1   0
    2041.847990   0.995514   0.002445   0  -1   0
    2041.848220   1.002440   0.002452   0  -1   0
    2041.848450   1.000177   0.002452   0  -1   0
    2041.848680   1.000747   0.002450   0  -1   0
    2041.848920   0.999708   0.002451   0  -1   0
    2041.849150   1.000946   0.002451   0  -1   0
    2041.849380   1.000374   0.002450   0  -1   0
    2041.849610   0.998991   0.002450   0  -1   0
    2041.849840   0.998295   0.002449   0  -1   0
    2041.850070   1.000373   0.002451   0  -1   0
    2041.850310   1.000107   0.002451   0  -1   0
    2041.850540   0.999173   0.002450   0  -1   0
    2041.850770   0.999484   0.002450   0  -1   0
    2041.851000   0.996239   0.002442   0  -1   0
    2041.851230   0.995482   0.002451   0  -1   0
    2041.851460   1.000923   0.002453   0  -1   0
    2041.851690   0.999303   0.002450   0  -1   0
    2041.851930   1.000045   0.002449   0  -1   0
    2041.852160   0.999996   0.002449   0  -1   0
    2041.852390   0.998949   0.002449   0  -1   0
    2041.852620   0.998719   0.002449   0  -1   0
    2041.852850   1.002268   0.002449   0  -1   0
    2041.853080   1.001682   0.002450   0  -1   0
    2041.853310   0.998093   0.002447   0  -1   0
    2041.853550   1.003101   0.002453   0  -1   0
    2041.853780   0.996735   0.002444   0  -1   0
    2041.854010   1.002755   0.002453   0  -1   0
    2041.854240   0.997784   0.002450   0  -1   0
    2041.854470   1.001197   0.002451   0  -1   0
    2041.854700   1.002433   0.002452   0  -1   0
    2041.854930   0.998951   0.002449   0  -1   0
    2041.855170   0.998021   0.002449   0  -1   0
    2041.855400   1.003043   0.002452   0  -1   0
    2041.856090   1.003953   0.002451   0  -1   0
    2041.856320   0.999844   0.002447   0  -1   0
    2041.856560   0.999964   0.002451   0  -1   0
    2041.856790   1.002581   0.002452   0  -1   0
    2041.857020   1.003172   0.002452   0  -1   0
    2041.857480   0.997298   0.002448   0  -1   0
    2041.857710   0.999658   0.002451   0  -1   0
    2041.857940   1.004037   0.002455   0  -1   0
    2041.858180   0.999676   0.002450   0  -1   0
    2041.858410   0.998891   0.002448   0  -1   0
    2041.858640   0.997472   0.002451   0  -1   0
    2041.858870   0.999155   0.002450   0  -1   0
    2041.859100   1.002559   0.002454   0  -1   0
    2041.859330   1.002635   0.002453   0  -1   0
    2041.859560   1.003495   0.002452   0  -1   0
    2041.859800   1.001020   0.002449   0  -1   0
    2041.860030   1.000505   0.002451   0  -1   0
    2041.860260   1.003112   0.002454   0  -1   0
    2041.860490   0.997099   0.002447   0  -1   0
    2041.860720   1.002693   0.002455   0  -1   0
    2041.860950   0.996436   0.002449   0  -1   0
    2041.861180   1.002384   0.002454   0  -1   0
    2041.861420   1.000339   0.002450   0  -1   0
    2041.861650   1.003087   0.002450   0  -1   0
    2041.861880   0.998548   0.002447   0  -1   0
    2041.862110   0.997833   0.002448   0  -1   0
    2041.862340   0.999849   0.002453   0  -1   0
    2041.862570   1.000149   0.002451   0  -1   0
    2041.862810   0.998612   0.002450   0  -1   0
    2041.863040   0.998781   0.002450   0  -1   0
    2041.863270   1.003733   0.002455   0  -1   0
    2041.863500   1.002765   0.002451   0  -1   0
    2041.863730   1.003637   0.002458   0  -1   0
    2041.863960   0.999876   0.002446   0  -1   0
    2041.864190   1.001613   0.002453   0  -1   0
    2041.864430   1.000211   0.002454   0  -1   0
    2041.864660   1.002337   0.002451   0  -1   0
    2041.864890   0.998604   0.002449   0  -1   0
    2041.865120   1.000491   0.002451   0  -1   0
    2041.865350   0.998862   0.002451   0  -1   0
    2041.865580   0.998097   0.002450   0  -1   0
    2041.865810   1.002656   0.002453   0  -1   0
    2041.866050   1.000829   0.002493   0  -1   0
    2041.866280   1.001580   0.002452   0  -1   0
    2041.866510   1.001509   0.002452   0  -1   0
    2041.866740   1.001873   0.002452   0  -1   0
    2041.866970   0.999533   0.002448   0  -1   0
    2041.867200   1.000689   0.002451   0  -1   0
    2041.867430   1.002399   0.002452   0  -1   0
    2041.867670   0.998587   0.002447   0  -1   0
    2041.867900   0.995797   0.002447   0  -1   0
    2041.868130   0.999387   0.002448   0  -1   0
    2041.868360   0.995024   0.002448   0  -1   0
    2041.868590   1.004882   0.002455   0  -1   0
    2041.868820   1.004109   0.002459   0  -1   0
    2041.869060   1.001933   0.002452   0  -1   0
    2041.869290   0.999650   0.002452   0  -1   0
    2041.869520   0.996990   0.002449   0  -1   0
    2041.869750   0.998845   0.002448   0  -1   0
    2041.869980   0.999460   0.002450   0  -1   0
    2041.870210   0.995516   0.002446   0  -1   0
    2041.870440   1.003771   0.002452   0  -1   0
    2041.870680   1.000389   0.002452   0  -1   0
    2041.870910   1.005628   0.002451   0  -1   0
    2041.871140   1.004311   0.002455   0  -1   0
    2041.871370   1.000701   0.002449   0  -1   0
    2041.871600   0.998799   0.002451   0  -1   0
    2041.871830   1.003494   0.002453   0  -1   0
    2041.872060   0.997753   0.002447   0  -1   0
    2041.872300   1.001336   0.002453   0  -1   0
    2041.872530   1.001387   0.002451   0  -1   0
    2041.872760   1.000995   0.002458   0  -1   0
    2041.872990   0.997075   0.002447   0  -1   0
    2041.873220   0.999053   0.002449   0  -1   0
    2041.873450   1.001605   0.002451   0  -1   0
    2041.873680   1.001547   0.002454   0  -1   0
    2041.873920   0.998185   0.002449   0  -1   0
    2041.874150   1.004743   0.002454   0  -1   0
    2041.874380   1.001484   0.002452   0  -1   0
    2041.874610   0.997630   0.002448   0  -1   0
    2041.874840   1.001768   0.002451   0  -1   0
    2041.875070   0.996713   0.002446   0  -1   0
    2041.875300   0.997784   0.002453   0  -1   0
    2041.875540   0.998764   0.002451   0  -1   0
    2041.875770   1.001027   0.002453   0  -1   0
    2041.876000   0.999317   0.002448   0  -1   0
    2041.876230   0.998126   0.002449   0  -1   0
    2041.876460   1.000066   0.002450   0  -1   0
    2041.876930   1.001943   0.002452   0  -1   0
    2041.877160   0.998350   0.002454   0  -1   0
    2041.877390   1.000204   0.002449   0  -1   0
    2041.877620   0.998854   0.002449   0  -1   0
    2041.877850   0.996767   0.002449   0  -1   0
    2041.878080   0.999667   0.002452   0  -1   0
    2041.878310   1.002020   0.002451   0  -1   0
    2041.878550   0.999367   0.002448   0  -1   0
    2041.878780   1.001107   0.002449   0  -1   0
    2041.879010   1.002652   0.002453   0  -1   0
    2041.879240   1.000580   0.002457   0  -1   0
    2041.879470   1.002097   0.002452   0  -1   0
    2041.879700   1.001451   0.002449   0  -1   0
    2041.879930   1.001807   0.002458   0  -1   0
    2041.880170   1.002219   0.002451   0  -1   0
    2041.880400   1.002118   0.002454   0  -1   0
    2041.880630   0.999776   0.002454   0  -1   0
    2041.880860   0.999595   0.002453   0  -1   0
    2041.881090   1.004862   0.002454   0  -1   0
    2041.881320   1.000426   0.002451   0  -1   0
    2041.881550   0.998425   0.002450   0  -1   0
    2041.881790   1.005764   0.002453   0  -1   0
    2041.882020   1.003385   0.002453   0  -1   0
    2041.882250   1.000362   0.002450   0  -1   0
    2041.882480   1.003774   0.002456   0  -1   0
    2041.882710   0.997094   0.002447   0  -1   0
    2041.882940   1.002301   0.002450   0  -1   0
    2041.883180   1.004267   0.002454   0  -1   0
    2041.883410   0.999519   0.002450   0  -1   0
    2041.883640   0.999619   0.002451   0  -1   0
    2041.883870   1.003466   0.002453   0  -1   0
    2041.884100   1.004422   0.002454   0  -1   0
    2041.884330   0.996871   0.002448   0  -1   0
    2041.884560   1.000617   0.002453   0  -1   0
    2041.884800   0.998734   0.002448   0  -1   0
    2041.885030   1.002669   0.002453   0  -1   0
    2041.885260   1.001672   0.002449   0  -1   0
    2041.885490   1.001450   0.002453   0  -1   0
    2041.885720   1.001204   0.002451   0  -1   0
    2041.885950   1.000025   0.002449   0  -1   0
    2041.886180   1.000937   0.002452   0  -1   0
    2041.886420   1.001701   0.002452   0  -1   0
    2041.886650   0.996024   0.002448   0  -1   0
    2041.886880   0.999196   0.002449   0  -1   0
    2041.887110   0.998781   0.002447   0  -1   0
    2041.887340   0.997731   0.002451   0  -1   0
    2041.887570   1.002508   0.002453   0  -1   0
    2041.887800   0.998963   0.002449   0  -1   0
    2041.888040   1.001865   0.002452   0  -1   0
    2041.888270   1.000606   0.002454   0  -1   0
    2041.888500   1.001406   0.002453   0  -1   0
    2041.888730   0.998328   0.002452   0  -1   0
    2041.888960   1.004066   0.002455   0  -1   0
    2041.889190   1.012378   0.002461   0  -1   0
    2041.889430   1.001005   0.002452   0  -1   0
    2041.889660   0.999453   0.002449   0  -1   0
    2041.889890   1.001008   0.002451   0  -1   0
    2041.890120   1.000650   0.002452   0  -1   0
    2041.890580   1.001681   0.002450   0  -1   0
    2041.890810   0.996343   0.002448   0  -1   0
    2041.891050   0.998246   0.002448   0  -1   0
    2041.891280   1.001480   0.002454   0  -1   0
    2041.891510   1.002303   0.002450   0  -1   0
    2041.891740   1.002517   0.002451   0  -1   0
    2041.891970   1.000156   0.002452   0  -1   0
    2041.892200   1.000466   0.002449   0  -1   0
    2041.892430   0.998790   0.002448   0  -1   0
    2041.892670   1.004393   0.002453   0  -1   0
    2041.892900   1.000709   0.002452   0  -1   0
    2041.893130   0.999283   0.002450   0  -1   0
    2041.893590   1.001545   0.002448   0  -1   0
    2041.893820   0.999613   0.002450   0  -1   0
    2041.894050   0.999263   0.002448   0  -1   0
    2041.894290   1.002377   0.002454   0  -1   0
    2041.894520   0.997830   0.002448   0  -1   0
    2041.894750   1.002178   0.002453   0  -1   0
    2041.894980   1.000757   0.002452   0  -1   0
    2041.895210   0.996323   0.002449   0  -1   0
    2041.895440   1.000370   0.002453   0  -1   0
    2041.895680   1.002082   0.002451   0  -1   0
    2041.895910   1.000690   0.002451   0  -1   0
    2041.896140   0.998774   0.002454   0  -1   0
    2041.896370   1.002064   0.002450   0  -1   0
    2041.896600   1.000300   0.002458   0  -1   0
    2041.896830   1.000568   0.002451   0  -1   0
    2041.897060   1.001289   0.002450   0  -1   0
    2041.897300   0.997918   0.002450   0  -1   0
    2041.897530   0.997733   0.002450   0  -1   0
    2041.897760   1.001428   0.002451   0  -1   0
    2041.897990   0.995037   0.002447   0  -1   0
    2041.898220   1.004241   0.002453   0  -1   0
    2041.898450   0.998763   0.002448   0  -1   0
    2041.898680   0.999313   0.002450   0  -1   0
    2041.898920   0.999157   0.002452   0  -1   0
    2041.899150   0.997608   0.002448   0  -1   0
    2041.899380   0.996534   0.002449   0  -1   0
    2041.899610   0.996961   0.002448   0  -1   0
    2041.899840   1.002972   0.002452   0  -1   0
    2041.900070   1.001932   0.002453   0  -1   0
    2041.900300   0.994912   0.002447   0  -1   0
    2041.900540   1.001674   0.002455   0  -1   0
    2041.900770   0.997857   0.002447   0  -1   0
    2041.901000   1.001849   0.002454   0  -1   0
    2041.901230   1.002624   0.002453   0  -1   0
    2041.901460   1.004470   0.002453   0  -1   0
    2041.901690   0.995891   0.002448   0  -1   0
    2041.901930   0.999152   0.002449   0  -1   0
    2041.902160   1.001351   0.002451   0  -1   0
    2041.902390   1.003628   0.002453   0  -1   0
    2041.902620   0.995636   0.002448   0  -1   0
    2041.902850   0.996603   0.002449   0  -1   0
    2041.903080   0.998886   0.002449   0  -1   0
    2041.903550   1.000109   0.002450   0  -1   0
    2041.903780   1.000817   0.002451   0  -1   0
    2041.904010   0.999887   0.002451   0  -1   0
    2041.904240   1.002844   0.002453   0  -1   0
    2041.904470   1.004016   0.002452   0  -1   0
    2041.904700   0.999062   0.002447   0  -1   0
    2041.904930   0.995944   0.002447   0  -1   0
    2041.905170   1.002792   0.002453   0  -1   0
    2041.905400   1.000783   0.002452   0  -1   0
    2041.905630   1.001765   0.002453   0  -1   0
    2041.905860   0.997095   0.002450   0  -1   0
    2041.906090   0.997060   0.002448   0  -1   0
    2041.906320   0.997450   0.002448   0  -1   0
    2041.906550   1.001477   0.002452   0  -1   0
    2041.906790   0.999448   0.002449   0  -1   0
    2041.907020   0.997341   0.002449   0  -1   0
    2041.907250   1.003012   0.002454   0  -1   0
    2041.907480   0.999057   0.002449   0  -1   0
    2041.907710   0.999003   0.002451   0  -1   0
    2041.907940   1.001454   0.002451   0  -1   0
    2041.908170   0.998658   0.002456   0  -1   0
    2041.908410   0.997477   0.002446   0  -1   0
    2041.908870   1.005132   0.002453   0  -1   0
    2041.909100   0.999572   0.002450   0  -1   0
    2041.909330   1.002156   0.002451   0  -1   0
    2041.909560   1.000536   0.002450   0  -1   0
    2041.909800   1.000284   0.002450   0  -1   0
    2041.910030   1.000410   0.002453   0  -1   0
    2041.910260   0.997127   0.002447   0  -1   0
    2041.910490   1.001348   0.002449   0  -1   0
    2041.910720   0.998342   0.002452   0  -1   0
    2041.911180   1.001855   0.002453   0  -1   0
    2041.911420   1.002015   0.002450   0  -1   0
    2041.911650   1.003138   0.002454   0  -1   0
    2041.911880   1.001584   0.002451   0  -1   0
    2041.912110   1.006097   0.002455   0  -1   0
    2041.912340   1.000557   0.002451   0  -1   0
    2041.912570   1.000970   0.002449   0  -1   0
    2041.912800   1.001850   0.002455   0  -1   0
    2041.913040   1.002835   0.002454   0  -1   0
    2041.913270   0.997713   0.002450   0  -1   0
    2041.913500   0.999296   0.002446   0  -1   0
    2041.913730   1.002479   0.002452   0  -1   0
    2041.913960   0.996846   0.002446   0  -1   0
    2041.914190   0.999200   0.002450   0  -1   0
    2041.914420   1.001649   0.002449   0  -1   0
    2041.914660   1.002853   0.002451   0  -1   0
    2041.914890   1.001137   0.002451   0  -1   0
    2041.915120   1.003256   0.002453   0  -1   0
    2041.915350   0.997523   0.002451   0  -1   0
    2041.915580   0.999491   0.002451   0  -1   0
    2041.915810   1.001654   0.002454   0  -1   0
    2041.916050   1.001516   0.002451   0  -1   0
    2041.916280   0.999907   0.002451   0  -1   0
    2041.916510   0.997700   0.002447   0  -1   0
    2041.916970   1.005146   0.002454   0  -1   0
    2041.917200   0.997952   0.002449   0  -1   0
    2041.917430   1.001475   0.002451   0  -1   0
    2041.917670   0.999784   0.002449   0  -1   0
    2041.917900   1.001822   0.002451   0  -1   0
    2041.918130   0.991811   0.002451   0  -1   0
    2041.918360   1.004453   0.002455   0  -1   0
    2041.918590   1.001226   0.002453   0  -1   0
    2041.918820   1.005554   0.002455   0  -1   0
    2041.919290   1.002213   0.002455   0  -1   0
    2041.919520   1.002317   0.002452   0  -1   0
    2041.919750   1.001014   0.002450   0  -1   0
    2041.919980   1.005879   0.002454   0  -1   0
    2041.920210   1.007711   0.002455   0  -1   0
    2041.920440   1.005629   0.002455   0  -1   0
    2041.920670   0.996596   0.002450   0  -1   0
    2041.920910   0.998844   0.002449   0  -1   0
    2041.921140   1.003718   0.002452   0  -1   0
    2041.921370   1.001718   0.002453   0  -1   0
    2041.921600   0.998588   0.002450   0  -1   0
    2041.921830   0.999369   0.002449   0  -1   0
    2041.922060   0.999250   0.002449   0  -1   0
    2041.922300   1.000257   0.002450   0  -1   0
    2041.922530   1.003071   0.002452   0  -1   0
    2041.922760   1.001206   0.002452   0  -1   0
    2041.922990   0.995769   0.002449   0  -1   0
    2041.923220   0.998043   0.002446   0  -1   0
    2041.923450   0.998109   0.002448   0  -1   0
    2041.923680   1.001855   0.002451   0  -1   0
    2041.923920   1.001868   0.002451   0  -1   0
    2041.924150   1.002501   0.002453   0  -1   0
    2041.924380   1.005588   0.002454   0  -1   0
    2041.924610   0.999375   0.002450   0  -1   0
    2041.924840   1.003152   0.002453   0  -1   0
    2041.925070   1.001471   0.002453   0  -1   0
    2041.925300   0.996734   0.002448   0  -1   0
    2041.925540   0.999733   0.002450   0  -1   0
    2041.925770   1.002187   0.002454   0  -1   0
    2041.926000   1.003202   0.002456   0  -1   0
    2041.926230   0.999020   0.002449   0  -1   0
    2041.926460   0.997568   0.002449   0  -1   0
    2041.926690   1.000799   0.002450   0  -1   0
    2041.926920   0.999465   0.002449   0  -1   0
    2041.927160   0.999679   0.002451   0  -1   0
    2041.927390   0.998539   0.002450   0  -1   0
    2041.927620   1.000873   0.002452   0  -1   0
    2041.927850   1.003542   0.002453   0  -1   0
    2041.928080   1.001319   0.002453   0  -1   0
    2041.928310   1.001284   0.002454   0  -1   0
    2041.928550   0.996843   0.002444   0  -1   0
    2041.928780   1.002607   0.002452   0  -1   0
    2041.929010   0.998447   0.002447   0  -1   0
    2041.929240   1.003104   0.002453   0  -1   0
    2041.929470   1.000055   0.002451   0  -1   0
    2041.929700   0.995273   0.002447   0  -1   0
    2041.929930   0.999187   0.002451   0  -1   0
    2041.930170   0.999332   0.002454   0  -1   0
    2041.930400   1.002889   0.002454   0  -1   0
    2041.930630   0.997477   0.002447   0  -1   0
    2041.930860   0.998352   0.002449   0  -1   0
    2041.931090   0.997953   0.002450   0  -1   0
    2041.931320   0.998417   0.002449   0  -1   0
    2041.931550   1.000995   0.002451   0  -1   0
    2041.931790   0.998133   0.002448   0  -1   0
    2041.932020   0.999194   0.002447   0  -1   0
    2041.932250   0.997213   0.002449   0  -1   0
    2041.932480   0.997612   0.002451   0  -1   0
    2041.932710   0.999207   0.002450   0  -1   0
    2041.932940   1.000395   0.002452   0  -1   0
    2041.933170   0.998829   0.002449   0  -1   0
    2041.933410   1.000030   0.002451   0  -1   0
    2041.933640   1.000643   0.002451   0  -1   0
    2041.933870   0.998511   0.002449   0  -1   0
    2041.934100   0.998807   0.002450   0  -1   0
    2041.934330   0.998274   0.002450   0  -1   0
    2041.934560   0.999665   0.002451   0  -1   0
    2041.934800   1.001777   0.002450   0  -1   0
    2041.935030   0.997792   0.002448   0  -1   0
    2041.935260   0.994725   0.002447   0  -1   0
    2041.935490   1.002213   0.002451   0  -1   0
    2041.935720   0.998900   0.002450   0  -1   0
    2041.935950   1.000018   0.002451   0  -1   0
    2041.936180   1.003025   0.002451   0  -1   0
    2041.936420   1.001629   0.002452   0  -1   0
    2041.936650   1.001426   0.002449   0  -1   0
    2041.936880   0.998433   0.002451   0  -1   0
    2041.937110   1.001502   0.002446   0  -1   0
    2041.937340   0.998644   0.002452   0  -1   0
    2041.937570   1.002863   0.002454   0  -1   0
    2041.937800   0.999783   0.002450   0  -1   0
    2041.938040   0.998100   0.002451   0  -1   0
    2041.938270   0.999461   0.002453   0  -1   0
    2041.938500   1.000619   0.002451   0  -1   0
    2041.938730   0.998881   0.002450   0  -1   0
    2041.938960   1.001665   0.002452   0  -1   0
    2041.939190   0.996454   0.002447   0  -1   0
    2041.939420   1.001874   0.002453   0  -1   0
    2041.939660   0.997688   0.002448   0  -1   0
    2041.939890   0.999807   0.002447   0  -1   0
    2041.940120   1.002579   0.002453   0  -1   0
    2041.940350   0.993934   0.002449   0  -1   0
    2041.940580   0.997828   0.002451   0  -1   0
    2041.940810   0.997780   0.002448   0  -1   0
    2041.941040   0.994529   0.002445   0  -1   0
    2041.941280   1.003170   0.002455   0  -1   0
    2041.941510   1.001606   0.002451   0  -1   0
    2041.941970   1.003330   0.002453   0  -1   0
    2041.942200   0.995984   0.002448   0  -1   0
    2041.942430   0.999107   0.002449   0  -1   0
    2041.942670   0.998376   0.002449   0  -1   0
    2041.942900   0.997626   0.002452   0  -1   0
    2041.943130   1.001584   0.002454   0  -1   0
    2041.943360   0.997387   0.002449   0  -1   0
    2041.943590   1.006610   0.002457   0  -1   0
    2041.943820   1.003856   0.002455   0  -1   0
    2041.944050   1.002891   0.002450   0  -1   0
    2041.944290   1.003516   0.002452   0  -1   0
    2041.944520   1.001926   0.002450   0  -1   0
    2041.944750   1.000496   0.002451   0  -1   0
    2041.944980   1.002625   0.002452   0  -1   0
    2041.945210   1.000854   0.002450   0  -1   0
    2041.945440   1.003833   0.002454   0  -1   0
    2041.945670   1.000262   0.002448   0  -1   0
    2041.945910   0.999860   0.002453   0  -1   0
    2041.946140   0.998039   0.002449   0  -1   0
    2041.946370   1.000534   0.002451   0  -1   0
    2041.946600   0.997721   0.002451   0  -1   0
    2041.946830   1.001231   0.002451   0  -1   0
    2041.947060   0.999677   0.002448   0  -1   0
    2041.947290   1.002332   0.002452   0  -1   0
    2041.947530   1.001796   0.002452   0  -1   0
    2041.947760   1.002272   0.002452   0  -1   0
    2041.947990   1.002252   0.002450   0  -1   0
    2041.948220   1.002455   0.002454   0  -1   0
    2041.948450   0.995775   0.002449   0  -1   0
    2041.948680   0.998265   0.002449   0  -1   0
    2041.948920   0.997820   0.002451   0  -1   0
    2041.949150   1.000103   0.002449   0  -1   0
    2041.949380   1.003817   0.002454   0  -1   0
    2041.949610   1.002038   0.002452   0  -1   0
    2041.949840   0.997089   0.002447   0  -1   0
    2041.950070   1.002165   0.002453   0  -1   0
    2041.950300   1.001475   0.002450   0  -1   0
    2041.950540   1.004484   0.002452   0  -1   0
    2041.950770   1.000875   0.002453   0  -1   0
    2041.951000   0.997396   0.002447   0  -1   0
    2041.951230   0.994470   0.002442   0  -1   0
    2041.951460   1.000351   0.002452   0  -1   0
    2041.951920   0.998554   0.002448   0  -1   0
    2041.952160   1.003029   0.002453   0  -1   0
    2041.952390   1.002725   0.002450   0  -1   0
    2041.952620   1.003681   0.002454   0  -1   0
    2041.952850   1.000367   0.002453   0  -1   0
    2041.953080   0.996149   0.002447   0  -1   0
    2041.953310   0.994733   0.002446   0  -1   0
    2041.953540   0.999462   0.002448   0  -1   0
    2041.953780   0.999306   0.002451   0  -1   0
    2041.954010   0.997198   0.002446   0  -1   0
    2041.954240   1.000896   0.002449   0  -1   0
    2041.954470   1.001794   0.002452   0  -1   0
    2041.954700   1.000022   0.002452   0  -1   0
    2041.954930   1.000418   0.002452   0  -1   0
    2041.955170   1.000684   0.002449   0  -1   0
    2041.955400   1.001211   0.002449   0  -1   0
    2041.955630   1.002056   0.002458   0  -1   0
    2041.955860   1.003551   0.002463   0  -1   0
    2041.956090   0.997984   0.002449   0  -1   0
    2041.956320   1.000376   0.002452   0  -1   0
    2041.956550   1.002397   0.002451   0  -1   0
    2041.956790   1.002027   0.002454   0  -1   0
    2041.957020   1.000294   0.002452   0  -1   0
    2041.957250   1.000756   0.002450   0  -1   0
    2041.957480   1.001030   0.002450   0  -1   0
    2041.957710   1.000051   0.002449   0  -1   0
    2041.957940   0.998984   0.002449   0  -1   0
    2041.958170   1.002934   0.002453   0  -1   0
    2041.958410   1.001669   0.002450   0  -1   0
    2041.958640   0.998774   0.002450   0  -1   0
    2041.958870   0.998513   0.002448   0  -1   0
    2041.959100   0.997857   0.002448   0  -1   0
    2041.959330   0.999055   0.002449   0  -1   0
    2041.959560   0.993577   0.002444   0  -1   0
    2041.959790   1.002996   0.002451   0  -1   0
    2041.960030   0.999080   0.002450   0  -1   0
    2041.960260   0.998747   0.002450   0  -1   0
    2041.960490   0.997028   0.002447   0  -1   0
    2041.960720   0.995980   0.002448   0  -1   0
    2041.960950   1.001950   0.002451   0  -1   0
    2041.961180   1.002072   0.002454   0  -1   0
    2041.961420   0.996122   0.002445   0  -1   0
    2041.961650   0.996013   0.002447   0  -1   0
    2041.961880   0.997680   0.002448   0  -1   0
    2041.962110   1.001794   0.002453   0  -1   0
    2041.962340   0.993149   0.002444   0  -1   0
    2041.962570   1.000484   0.002448   0  -1   0
    2041.962800   0.998680   0.002449   0  -1   0
    2041.963040   0.996599   0.002446   0  -1   0
    2041.963270   0.991103   0.002444   0  -1   0
    2041.963500   0.997504   0.002448   0  -1   0
    2041.963960   0.997477   0.002449   0  -1   0
    2041.964190   1.001337   0.002449   0  -1   0
    2041.964420   0.992746   0.002443   0  -1   0
    2041.964660   0.996665   0.002446   0  -1   0
    2041.964890   0.996628   0.002445   0  -1   0
    2041.965120   0.997571   0.002453   0  -1   0
    2041.965350   1.001246   0.002449   0  -1   0
    2041.965580   0.999455   0.002449   0  -1   0
    2041.965810   0.995202   0.002445   0  -1   0
    2041.966040   0.995838   0.002444   0  -1   0
    2041.966280   0.996552   0.002446   0  -1   0
    2041.966740   0.995610   0.002447   0  -1   0
    2041.966970   0.996010   0.002448   0  -1   0
    2041.967200   0.993952   0.002447   0  -1   0
    2041.967430   0.992539   0.002441   0  -1   0
    2041.967670   0.992987   0.002444   0  -1   0
    2041.967900   0.993585   0.002443   0  -1   0
    2041.968130   0.995099   0.002448   0  -1   0
    2041.968360   0.994367   0.002444   0  -1   0
    2041.968590   0.992910   0.002446   0  -1   0
    2041.968820   0.994551   0.002445   0  -1   0
    2041.969050   0.993943   0.002443   0  -1   0
    2041.969290   0.996891   0.002448   0  -1   0
    2041.969520   0.996619   0.002446   0  -1   0
    2041.969750   1.001050   0.002450   0  -1   0
    2041.969980   0.997156   0.002446   0  -1   0
    2041.970210   0.991764   0.002444   0  -1   0
    2041.970440   0.992208   0.002443   0  -1   0
    2041.970670   0.991215   0.002442   0  -1   0
    2041.970910   0.990216   0.002442   0  -1   0
    2041.971140   0.990226   0.002442   0  -1   0
    2041.971370   0.995672   0.002444   0  -1   0
    2041.971600   0.987939   0.002442   0  -1   0
    2041.971830   0.987023   0.002439   0  -1   0
    2041.972060   0.994032   0.002444   0  -1   0
    2041.972290   0.990977   0.002442   0  -1   0
    2041.972530   0.988524   0.002439   0  -1   0
    2041.972760   0.989944   0.002442   0  -1   0
    2041.973220   0.992432   0.002443   0  -1   0
    2041.973450   0.987713   0.002440   0  -1   0
    2041.973680   0.987745   0.002443   0  -1   0
    2041.973910   0.992661   0.002443   0  -1   0
    2041.974150   0.985139   0.002437   0  -1   0
    2041.974380   0.988958   0.002439   0  -1   0
    2041.974610   0.988457   0.002441   0  -1   0
    2041.974840   0.987396   0.002443   0  -1   0
    2041.975070   0.985731   0.002438   0  -1   0
    2041.975300   0.985209   0.002440   0  -1   0
    2041.975540   0.987028   0.002438   0  -1   0
    2041.975770   0.992064   0.002445   0  -1   0
    2041.976000   0.991040   0.002442   0  -1   0
    2041.976230   0.987095   0.002440   0  -1   0
    2041.976460   0.992788   0.002441   0  -1   0
    2041.976690   0.988648   0.002440   0  -1   0
    2041.976920   0.986960   0.002437   0  -1   0
    2041.977160   0.986338   0.002437   0  -1   0
    2041.977390   0.989715   0.002439   0  -1   0
    2041.977620   0.986405   0.002439   0  -1   0
    2041.977850   0.986139   0.002438   0  -1   0
    2041.978080   0.987918   0.002438   0  -1   0
    2041.978310   0.986431   0.002437   0  -1   0
    2041.978540   0.986234   0.002438   0  -1   0
    2041.978780   0.985625   0.002439   0  -1   0
    2041.979240   0.981538   0.002435   0  -1   0
    2041.979470   0.988240   0.002438   0  -1   0
    2041.979700   0.981482   0.002434   0  -1   0
    2041.979930   0.988049   0.002442   0  -1   0
    2041.980160   0.985353   0.002437   0  -1   0
    2041.980400   0.986424   0.002439   0  -1   0
    2041.980630   0.983938   0.002434   0  -1   0
    2041.980860   0.981050   0.002431   0  -1   0
    2041.981090   0.981594   0.002438   0  -1   0
    2041.981320   0.982298   0.002436   0  -1   0
    2041.981550   0.985410   0.002432   0  -1   0
    2041.981790   0.981881   0.002436   0  -1   0
    2041.982020   0.985625   0.002438   0  -1   0
    2041.982250   0.984604   0.002438   0  -1   0
    2041.982480   0.983020   0.002433   0  -1   0
    2041.982710   0.979514   0.002430   0  -1   0
    2041.982940   0.978874   0.002434   0  -1   0
    2041.983170   0.981145   0.002434   0  -1   0
    2041.983410   0.987226   0.002440   0  -1   0
    2041.983640   0.983266   0.002434   0  -1   0
    2041.983870   0.984874   0.002437   0  -1   0
    2041.984100   0.985621   0.002439   0  -1   0
    2041.984330   0.980618   0.002432   0  -1   0
    2041.984560   0.981127   0.002435   0  -1   0
    2041.984790   0.980787   0.002433   0  -1   0
    2041.985030   0.986734   0.002437   0  -1   0
    2041.985260   0.984462   0.002437   0  -1   0
    2041.985490   0.983713   0.002437   0  -1   0
    2041.985720   0.978838   0.002431   0  -1   0
    2041.985950   0.980355   0.002433   0  -1   0
    2041.986180   0.980512   0.002433   0  -1   0
    2041.986410   0.983616   0.002436   0  -1   0
    2041.986880   0.983027   0.002435   0  -1   0
    2041.987110   0.983879   0.002434   0  -1   0
    2041.987340   0.986957   0.002436   0  -1   0
    2041.987570   0.980715   0.002435   0  -1   0
    2041.987800   0.984520   0.002436   0  -1   0
    2041.988040   0.980150   0.002434   0  -1   0
    2041.988270   0.981489   0.002433   0  -1   0
    2041.988500   0.983715   0.002437   0  -1   0
    2041.988730   0.986659   0.002436   0  -1   0
    2041.988960   0.979724   0.002432   0  -1   0
    2041.989190   0.983504   0.002433   0  -1   0
    2041.989420   0.986004   0.002438   0  -1   0
    2041.989660   0.982549   0.002434   0  -1   0
    2041.989890   0.982186   0.002436   0  -1   0
    2041.990120   0.984283   0.002433   0  -1   0
    2041.990350   0.984474   0.002434   0  -1   0
    2041.990580   0.987552   0.002441   0  -1   0
    2041.990810   0.980508   0.002431   0  -1   0
    2041.991040   0.983573   0.002435   0  -1   0
    2041.991280   0.984903   0.002433   0  -1   0
    2041.991510   0.978444   0.002431   0  -1   0
    2041.991740   0.984057   0.002436   0  -1   0
    2041.991970   0.979190   0.002434   0  -1   0
    2041.992200   0.978977   0.002433   0  -1   0
    2041.992430   0.978504   0.002432   0  -1   0
    2041.992660   0.979288   0.002437   0  -1   0
    2041.992900   0.981885   0.002434   0  -1   0
    2041.993130   0.978193   0.002433   0  -1   0
    2041.993360   0.979385   0.002434   0  -1   0
    2041.993590   0.979650   0.002431   0  -1   0
    2041.993820   0.983011   0.002436   0  -1   0
    2041.994050   0.984447   0.002436   0  -1   0
    2041.994290   0.983383   0.002434   0  -1   0
    2041.994520   0.985672   0.002437   0  -1   0
    2041.994750   0.980656   0.002437   0  -1   0
    2041.994980   0.981292   0.002436   0  -1   0
    2041.995210   0.980162   0.002433   0  -1   0
    2041.995440   0.979337   0.002435   0  -1   0
    2041.995670   0.976435   0.002431   0  -1   0
    2041.995910   0.992172   0.002441   0  -1   0
    2041.996140   0.976838   0.002431   0  -1   0
    2041.996370   0.982884   0.002436   0  -1   0
    2041.996600   0.981671   0.002435   0  -1   0
    2041.996830   0.976865   0.002429   0  -1   0
    2041.997060   0.977569   0.002429   0  -1   0
    2041.997290   0.984652   0.002438   0  -1   0
    2041.997530   0.986913   0.002437   0  -1   0
    2041.997760   0.978869   0.002432   0  -1   0
    2041.997990   0.980203   0.002439   0  -1   0
    2041.998220   0.977364   0.002432   0  -1   0
    2041.998450   0.984387   0.002437   0  -1   0
    2041.998680   0.981065   0.002433   0  -1   0
    2041.998910   0.985739   0.002437   0  -1   0
    2041.999150   0.982273   0.002431   0  -1   0
    2041.999380   0.979428   0.002431   0  -1   0
    2041.999610   0.977585   0.002432   0  -1   0
    2041.999840   0.980860   0.002434   0  -1   0
    2042.000070   0.983316   0.002433   0  -1   0
    2042.000300   0.978556   0.002431   0  -1   0
    2042.000540   0.981047   0.002429   0  -1   0
    2042.000770   0.980275   0.002432   0  -1   0
    2042.001000   0.980947   0.002433   0  -1   0
    2042.001230   0.985378   0.002434   0  -1   0
    2042.001460   0.985135   0.002437   0  -1   0
    2042.001690   0.981425   0.002434   0  -1   0
    2042.001920   0.979382   0.002433   0  -1   0
    2042.002160   0.982906   0.002434   0  -1   0
    2042.002390   0.977152   0.002427   0  -1   0
    2042.002620   0.979312   0.002429   0  -1   0
    2042.002850   0.981463   0.002434   0  -1   0
    2042.003080   0.981106   0.002435   0  -1   0
    2042.003310   0.982278   0.002435   0  -1   0
    2042.003540   0.983529   0.002436   0  -1   0
    2042.003780   0.980812   0.002459   0  -1   0
    2042.004010   0.982436   0.002435   0  -1   0
    2042.004240   0.979918   0.002433   0  -1   0
    2042.004470   0.983383   0.002435   0  -1   0
    2042.004700   0.981682   0.002433   0  -1   0
    2042.004930   0.984171   0.002434   0  -1   0
    2042.005160   0.980128   0.002435   0  -1   0
    2042.005400   0.984412   0.002438   0  -1   0
    2042.005630   0.978926   0.002431   0  -1   0
    2042.005860   0.984318   0.002439   0  -1   0
    2042.006090   0.982954   0.002433   0  -1   0
    2042.006320   0.982325   0.002436   0  -1   0
    2042.006550   0.980770   0.002433   0  -1   0
    2042.006780   0.975373   0.002428   0  -1   0
    2042.007020   0.985330   0.002435   0  -1   0
    2042.007250   0.981114   0.002435   0  -1   0
    2042.007480   0.983805   0.002434   0  -1   0
    2042.007710   0.984679   0.002436   0  -1   0
    2042.007940   0.979068   0.002431   0  -1   0
    2042.008170   0.981181   0.002434   0  -1   0
    2042.008410   0.977766   0.002433   0  -1   0
    2042.008640   0.986528   0.002438   0  -1   0
    2042.008870   0.980023   0.002432   0  -1   0
    2042.009330   0.980460   0.002432   0  -1   0
    2042.009560   0.979769   0.002435   0  -1   0
    2042.009790   0.980095   0.002432   0  -1   0
    2042.010030   0.981719   0.002432   0  -1   0
    2042.010260   0.984791   0.002437   0  -1   0
    2042.010490   0.985146   0.002436   0  -1   0
    2042.010950   0.985318   0.002434   0  -1   0
    2042.011180   0.986386   0.002436   0  -1   0
    2042.011410   0.981645   0.002436   0  -1   0
    2042.011650   0.983954   0.002434   0  -1   0
    2042.011880   0.984595   0.002435   0  -1   0
    2042.012110   0.983109   0.002431   0  -1   0
    2042.012340   0.982794   0.002435   0  -1   0
    2042.012570   0.980227   0.002432   0  -1   0
    2042.012800   0.988859   0.002440   0  -1   0
    2042.013030   0.985595   0.002437   0  -1   0
    2042.013270   0.983672   0.002434   0  -1   0
    2042.013500   0.984117   0.002436   0  -1   0
    2042.013730   0.987783   0.002438   0  -1   0
    2042.013960   0.989229   0.002438   0  -1   0
    2042.014190   0.984816   0.002437   0  -1   0
    2042.014660   0.987019   0.002439   0  -1   0
    2042.014890   0.983967   0.002433   0  -1   0
    2042.015120   0.987427   0.002438   0  -1   0
    2042.015580   0.988754   0.002439   0  -1   0
    2042.015810   0.988865   0.002448   0  -1   0
    2042.016040   0.982043   0.002436   0  -1   0
    2042.016280   0.985717   0.002436   0  -1   0
    2042.016510   0.986128   0.002436   0  -1   0
    2042.016740   0.987134   0.002438   0  -1   0
    2042.016970   0.984169   0.002434   0  -1   0
    2042.017200   0.988988   0.002442   0  -1   0
    2042.017430   0.987414   0.002438   0  -1   0
    2042.017660   0.988039   0.002436   0  -1   0
    2042.017900   0.985611   0.002439   0  -1   0
    2042.018130   0.987090   0.002440   0  -1   0
    2042.018360   0.991696   0.002441   0  -1   0
    2042.018590   0.989325   0.002438   0  -1   0
    2042.018820   0.988327   0.002440   0  -1   0
    2042.019050   0.990557   0.002439   0  -1   0
    2042.019280   0.987607   0.002440   0  -1   0
    2042.019520   0.990431   0.002440   0  -1   0
    2042.019750   0.984756   0.002437   0  -1   0
    2042.019980   0.988288   0.002441   0  -1   0
    2042.020210   0.987209   0.002435   0  -1   0
    2042.020440   0.986153   0.002439   0  -1   0
    2042.020670   0.987620   0.002438   0  -1   0
    2042.020910   0.989663   0.002441   0  -1   0
    2042.021140   0.995899   0.002442   0  -1   0
    2042.021370   0.988605   0.002441   0  -1   0
    2042.021600   0.993446   0.002444   0  -1   0
    2042.021830   0.992669   0.002443   0  -1   0
    2042.022060   0.991482   0.002442   0  -1   0
    2042.022290   0.991794   0.002443   0  -1   0
    2042.022530   0.986719   0.002438   0  -1   0
    2042.022990   0.987593   0.002437   0  -1   0
    2042.023220   0.989981   0.002444   0  -1   0
    2042.023450   0.988835   0.002439   0  -1   0
    2042.023680   0.992425   0.002441   0  -1   0
    2042.024150   0.995611   0.002446   0  -1   0
    2042.024380   0.989399   0.002442   0  -1   0
    2042.024610   0.993844   0.002442   0  -1   0
    2042.024840   0.989850   0.002441   0  -1   0
    2042.025070   0.987827   0.002439   0  -1   0
    2042.025300   0.990972   0.002447   0  -1   0
    2042.025530   0.990643   0.002442   0  -1   0
    2042.025770   0.990641   0.002442   0  -1   0
    2042.026000   0.994283   0.002445   0  -1   0
    2042.026230   0.992569   0.002438   0  -1   0
    2042.026460   0.991293   0.002442   0  -1   0
    2042.026690   0.994043   0.002444   0  -1   0
    2042.027160   0.992182   0.002443   0  -1   0
    2042.027390   0.991930   0.002440   0  -1   0
    2042.027620   0.993986   0.002444   0  -1   0
    2042.027850   0.994194   0.002442   0  -1   0
    2042.028080   0.990638   0.002441   0  -1   0
    2042.028310   0.992139   0.002444   0  -1   0
    2042.028540   0.992148   0.002439   0  -1   0
    2042.028780   0.995166   0.002445   0  -1   0
    2042.029010   0.993592   0.002443   0  -1   0
    2042.029240   0.989908   0.002441   0  -1   0
    2042.029470   0.993148   0.002442   0  -1   0
    2042.029700   0.991865   0.002442   0  -1   0
    2042.029930   0.998453   0.002447   0  -1   0
    2042.030160   0.994640   0.002443   0  -1   0
    2042.030400   0.999061   0.002446   0  -1   0
    2042.030630   0.995050   0.002443   0  -1   0
    2042.030860   0.998091   0.002448   0  -1   0
    2042.031090   0.998581   0.002450   0  -1   0
    2042.031320   0.994240   0.002445   0  -1   0
    2042.031550   0.995753   0.002443   0  -1   0
    2042.031780   0.998839   0.002448   0  -1   0
    2042.032020   0.994548   0.002443   0  -1   0
    2042.032250   0.994874   0.002444   0  -1   0
    2042.032480   0.996532   0.002446   0  -1   0
    2042.032710   1.000113   0.002447   0  -1   0
    2042.032940   0.997931   0.002450   0  -1   0
    2042.033170   0.994056   0.002445   0  -1   0
    2042.033410   0.994134   0.002451   0  -1   0
    2042.033640   0.995845   0.002445   0  -1   0
    2042.033870   0.994054   0.002443   0  -1   0
    2042.034100   0.994858   0.002445   0  -1   0
    2042.034330   0.996811   0.002446   0  -1   0
    2042.034560   0.994156   0.002445   0  -1   0
    2042.034790   0.992194   0.002441   0  -1   0
    2042.035030   0.990729   0.002441   0  -1   0
    2042.035260   0.997998   0.002444   0  -1   0
    2042.035490   0.998473   0.002448   0  -1   0
    2042.035720   0.991513   0.002440   0  -1   0
    2042.035950   0.998313   0.002448   0  -1   0
    2042.036180   0.995982   0.002447   0  -1   0
    2042.036410   0.992637   0.002446   0  -1   0
    2042.036650   0.999810   0.002445   0  -1   0
    2042.036880   0.998550   0.002448   0  -1   0
    2042.037110   0.999081   0.002447   0  -1   0
    2042.037340   1.002870   0.002452   0  -1   0
    2042.037570   0.997772   0.002448   0  -1   0
    2042.037800   0.993877   0.002444   0  -1   0
    2042.038030   0.998191   0.002445   0  -1   0
    2042.038270   0.993973   0.002440   0  -1   0
    2042.038500   0.995371   0.002442   0  -1   0
    2042.038730   0.994872   0.002447   0  -1   0
    2042.038960   0.998949   0.002447   0  -1   0
    2042.039190   1.002009   0.002452   0  -1   0
    2042.039420   0.998459   0.002447   0  -1   0
    2042.039650   0.997444   0.002444   0  -1   0
    2042.039890   0.997973   0.002450   0  -1   0
    2042.040120   0.992619   0.002440   0  -1   0
    2042.040350   0.995153   0.002446   0  -1   0
    2042.040580   1.000532   0.002451   0  -1   0
    2042.040810   0.999866   0.002448   0  -1   0
    2042.041040   1.000545   0.002449   0  -1   0
    2042.041280   0.998464   0.002448   0  -1   0
    2042.041510   0.998712   0.002443   0  -1   0
    2042.041740   1.001407   0.002449   0  -1   0
    2042.041970   1.003013   0.002451   0  -1   0
    2042.042200   1.000039   0.002452   0  -1   0
    2042.042430   0.999641   0.002447   0  -1   0
    2042.042660   0.999372   0.002451   0  -1   0
    2042.042900   1.003565   0.002450   0  -1   0
    2042.043130   0.998239   0.002453   0  -1   0
    2042.043360   0.993063   0.002443   0  -1   0
    2042.043590   0.999758   0.002448   0  -1   0
    2042.043820   0.996341   0.002447   0  -1   0
    2042.044050   0.998624   0.002447   0  -1   0
    2042.044280   1.000977   0.002448   0  -1   0
    2042.044520   0.998438   0.002447   0  -1   0
    2042.044750   0.997634   0.002446   0  -1   0
    2042.044980   0.995975   0.002448   0  -1   0
    2042.045210   0.996471   0.002450   0  -1   0
    2042.045440   1.000732   0.002448   0  -1   0
    2042.045670   1.002455   0.002450   0  -1   0
    2042.045900   1.005017   0.002453   0  -1   0
    2042.046140   0.999767   0.002448   0  -1   0
    2042.046370   0.997026   0.002445   0  -1   0
    2042.046600   1.001813   0.002450   0  -1   0
    2042.046830   0.997440   0.002449   0  -1   0
    2042.047060   0.997509   0.002447   0  -1   0
    2042.047290   0.997531   0.002445   0  -1   0
    2042.047530   0.997847   0.002451   0  -1   0
    2042.047760   0.997652   0.002447   0  -1   0
    2042.047990   0.996599   0.002448   0  -1   0
    2042.048220   1.000625   0.002450   0  -1   0
    2042.048450   0.999258   0.002448   0  -1   0
    2042.048680   1.002361   0.002456   0  -1   0
    2042.048910   0.996633   0.002446   0  -1   0
    2042.049150   0.999258   0.002450   0  -1   0
    2042.049380   0.996903   0.002447   0  -1   0
    2042.049610   0.998821   0.002449   0  -1   0
    2042.049840   1.000917   0.002449   0  -1   0
    2042.050070   1.000408   0.002448   0  -1   0
    2042.050300   0.997761   0.002450   0  -1   0
    2042.050530   1.001777   0.002448   0  -1   0
    2042.050770   1.000166   0.002449   0  -1   0
    2042.051000   0.997029   0.002446   0  -1   0
    2042.051230   1.002282   0.002450   0  -1   0
    2042.051460   0.996550   0.002447   0  -1   0
    2042.051920   1.000751   0.002448   0  -1   0
    2042.052150   1.003892   0.002453   0  -1   0
    2042.052390   1.002078   0.002448   0  -1   0
    2042.052620   0.998505   0.002446   0  -1   0
    2042.052850   0.997581   0.002448   0  -1   0
    2042.053080   0.997976   0.002449   0  -1   0
    2042.053310   0.999266   0.002449   0  -1   0
    2042.053540   1.000850   0.002451   0  -1   0
    2042.053780   1.003232   0.002449   0  -1   0
    2042.054010   1.000709   0.002450   0  -1   0
    2042.054240   0.997221   0.002445   0  -1   0
    2042.054470   1.000026   0.002452   0  -1   0
    2042.054700   1.001838   0.002451   0  -1   0
    2042.054930   0.998033   0.002447   0  -1   0
    2042.055160   0.999755   0.002446   0  -1   0
    2042.055400   0.997778   0.002448   0  -1   0
    2042.055630   1.004262   0.002452   0  -1   0
    2042.055860   0.995570   0.002445   0  -1   0
    2042.056090   0.997612   0.002448   0  -1   0
    2042.056320   0.998083   0.002447   0  -1   0
    2042.056550   1.002782   0.002448   0  -1   0
    2042.056780   0.998739   0.002446   0  -1   0
    2042.057020   1.000456   0.002447   0  -1   0
    2042.057250   1.001086   0.002450   0  -1   0
    2042.057480   1.000192   0.002448   0  -1   0
    2042.057710   0.996811   0.002447   0  -1   0
    2042.057940   1.000238   0.002448   0  -1   0
    2042.058170   0.994756   0.002445   0  -1   0
    2042.058400   0.996288   0.002446   0  -1   0
    2042.058640   0.999172   0.002446   0  -1   0
    2042.058870   0.999638   0.002447   0  -1   0
    2042.059100   1.000731   0.002447   0  -1   0
    2042.059330   1.003926   0.002450   0  -1   0
    2042.059560   1.002756   0.002452   0  -1   0
    2042.059790   1.001781   0.002452   0  -1   0
    2042.060030   1.000491   0.002447   0  -1   0
    2042.060260   0.997846   0.002447   0  -1   0
    2042.060490   0.999634   0.002448   0  -1   0
    2042.060720   0.997332   0.002449   0  -1   0
    2042.060950   1.002235   0.002450   0  -1   0
    2042.061180   0.999978   0.002448   0  -1   0
    2042.061410   0.999872   0.002449   0  -1   0
    2042.061650   1.004144   0.002452   0  -1   0
    2042.061880   0.999948   0.002450   0  -1   0
    2042.062110   0.998723   0.002447   0  -1   0
    2042.062340   1.002456   0.002453   0  -1   0
    2042.062570   1.001729   0.002448   0  -1   0
    2042.062800   0.999485   0.002448   0  -1   0
    2042.063030   0.999961   0.002451   0  -1   0
    2042.063270   1.002221   0.002450   0  -1   0
    2042.063500   0.999470   0.002450   0  -1   0
    2042.063730   0.998442   0.002449   0  -1   0
    2042.063960   1.000599   0.002451   0  -1   0
    2042.064190   0.999576   0.002447   0  -1   0
    2042.064420   1.000121   0.002446   0  -1   0
    2042.064650   0.998349   0.002446   0  -1   0
    2042.064890   0.999904   0.002449   0  -1   0
    2042.065120   0.999565   0.002450   0  -1   0
    2042.065350   1.004317   0.002455   0  -1   0
    2042.065580   0.999053   0.002447   0  -1   0
    2042.065810   0.995950   0.002458   0  -1   0
    2042.066040   1.003558   0.002452   0  -1   0
    2042.066280   1.005208   0.002452   0  -1   0
    2042.066510   1.001710   0.002452   0  -1   0
    2042.066740   1.000925   0.002449   0  -1   0
    2042.066970   1.002830   0.002451   0  -1   0
    2042.067200   0.997797   0.002461   0  -1   0
    2042.067430   1.002328   0.002449   0  -1   0
    2042.067660   1.000233   0.002449   0  -1   0
    2042.067900   1.003975   0.002449   0  -1   0
    2042.068130   0.996553   0.002448   0  -1   0
    2042.068360   1.001870   0.002449   0  -1   0
    2042.068590   1.000000   0.002450   0  -1   0
    2042.068820   0.998675   0.002447   0  -1   0
    2042.069050   0.999408   0.002447   0  -1   0
    2042.069280   1.003733   0.002452   0  -1   0
    2042.069520   0.997545   0.002447   0  -1   0
    2042.069750   0.996986   0.002445   0  -1   0
    2042.069980   0.999242   0.002449   0  -1   0
    2042.070440   1.002967   0.002451   0  -1   0
    2042.070670   0.998810   0.002446   0  -1   0
    2042.070900   0.998506   0.002448   0  -1   0
    2042.071140   1.000797   0.002450   0  -1   0
    2042.071370   0.997568   0.002445   0  -1   0
    2042.071600   1.002014   0.002452   0  -1   0
    2042.071830   1.003703   0.002458   0  -1   0
    2042.072060   1.001644   0.002459   0  -1   0
    2042.072290   1.001135   0.002448   0  -1   0
    2042.072520   0.996638   0.002450   0  -1   0
    2042.072760   1.001254   0.002451   0  -1   0
    2042.073220   1.002956   0.002449   0  -1   0
    2042.073450   1.003088   0.002449   0  -1   0
    2042.073680   1.006508   0.002454   0  -1   0
    2042.073910   1.004518   0.002451   0  -1   0
    2042.074150   0.993309   0.002444   0  -1   0
    2042.074380   1.000943   0.002450   0  -1   0
    2042.074840   0.999572   0.002447   0  -1   0
    2042.075070   0.997100   0.002449   0  -1   0
    2042.075300   1.002453   0.002450   0  -1   0
    2042.075530   1.001007   0.002448   0  -1   0
    2042.075770   0.999238   0.002448   0  -1   0
    2042.076000   1.001730   0.002450   0  -1   0
    2042.076230   1.001266   0.002448   0  -1   0
    2042.076460   1.004168   0.002452   0  -1   0
    2042.076690   0.999669   0.002443   0  -1   0
    2042.076920   1.001799   0.002451   0  -1   0
    2042.077150   0.998278   0.002446   0  -1   0
    2042.077390   1.004248   0.002453   0  -1   0
    2042.077620   1.000578   0.002445   0  -1   0
    2042.077850   1.001400   0.002450   0  -1   0
    2042.078080   0.998286   0.002450   0  -1   0
    2042.078310   0.998744   0.002449   0  -1   0
    2042.078540   0.996083   0.002447   0  -1   0
    2042.078770   0.999820   0.002448   0  -1   0
    2042.079010   0.998995   0.002448   0  -1   0
    2042.079240   0.999838   0.002447   0  -1   0
    2042.079470   0.998777   0.002449   0  -1   0
    2042.079700   0.996696   0.002445   0  -1   0
    2042.079930   1.000913   0.002449   0  -1   0
    2042.080160   0.996871   0.002447   0  -1   0
    2042.080400   1.001410   0.002450   0  -1   0
    2042.080630   1.001503   0.002453   0  -1   0
    2042.080860   0.996192   0.002445   0  -1   0
    2042.081090   1.000589   0.002453   0  -1   0
    2042.081320   0.997545   0.002448   0  -1   0
    2042.081550   1.000114   0.002450   0  -1   0
    2042.081780   0.997884   0.002449   0  -1   0
    2042.082020   0.998875   0.002448   0  -1   0
    2042.082250   1.003084   0.002451   0  -1   0
    2042.082480   1.000769   0.002449   0  -1   0
    2042.082710   0.999527   0.002448   0  -1   0
    2042.082940   1.002408   0.002451   0  -1   0
    2042.083170   1.001081   0.002449   0  -1   0
    2042.083400   1.005947   0.002455   0  -1   0
    2042.083640   1.000297   0.002450   0  -1   0
    2042.083870   0.997980   0.002447   0  -1   0
    2042.084100   0.999062   0.002447   0  -1   0
    2042.084330   0.997645   0.002446   0  -1   0
    2042.084560   0.999485   0.002449   0  -1   0
    2042.084790   1.000554   0.002449   0  -1   0
    2042.085020   0.998459   0.002448   0  -1   0
    2042.085260   1.002611   0.002448   0  -1   0
    2042.085490   1.003096   0.002451   0  -1   0
    2042.085720   0.999359   0.002447   0  -1   0
    2042.085950   0.998403   0.002449   0  -1   0
    2042.086180   1.000881   0.002449   0  -1   0
    2042.086410   0.996936   0.002447   0  -1   0
    2042.086650   0.999347   0.002450   0  -1   0
    2042.086880   0.997531   0.002447   0  -1   0
    2042.087110   0.998468   0.002449   0  -1   0
    2042.087340   0.999705   0.002449   0  -1   0
    2042.087570   1.000680   0.002449   0  -1   0
    2042.087800   1.001813   0.002451   0  -1   0
    2042.088030   0.996992   0.002444   0  -1   0
    2042.088270   1.003689   0.002452   0  -1   0
    2042.088730   1.000115   0.002450   0  -1   0
    2042.088960   0.998128   0.002448   0  -1   0
    2042.089190   0.999405   0.002447   0  -1   0
    2042.089420   0.999807   0.002450   0  -1   0
    2042.089650   0.998608   0.002450   0  -1   0
    2042.089890   0.998940   0.002448   0  -1   0
    2042.090120   1.001415   0.002449   0  -1   0
    2042.090350   0.997396   0.002447   0  -1   0
    2042.090580   1.000593   0.002450   0  -1   0
    2042.090810   0.999173   0.002448   0  -1   0
    2042.091040   1.001408   0.002449   0  -1   0
    2042.091270   0.999343   0.002449   0  -1   0
    2042.091510   1.003257   0.002452   0  -1   0
    2042.091740   0.994470   0.002447   0  -1   0
    2042.091970   0.998402   0.002449   0  -1   0
    2042.092200   1.001240   0.002450   0  -1   0
    2042.092430   1.005827   0.002451   0  -1   0
    2042.092660   0.997609   0.002447   0  -1   0
    2042.092900   0.997468   0.002447   0  -1   0
    2042.093130   1.000637   0.002450   0  -1   0
    2042.093360   0.996210   0.002447   0  -1   0
    2042.093590   0.998675   0.002446   0  -1   0
    2042.093820   1.004993   0.002451   0  -1   0
    2042.094050   0.997716   0.002446   0  -1   0
    2042.094280   0.999288   0.002447   0  -1   0
    2042.094520   1.004108   0.002453   0  -1   0
    2042.094750   0.998263   0.002448   0  -1   0
    2042.094980   0.998510   0.002450   0  -1   0
    2042.095210   1.003109   0.002450   0  -1   0
    2042.095440   1.003837   0.002451   0  -1   0
    2042.095670   1.002802   0.002451   0  -1   0
    2042.095900   1.003386   0.002452   0  -1   0
    2042.096140   0.999652   0.002448   0  -1   0
    2042.096370   0.998452   0.002447   0  -1   0
    2042.096600   1.003014   0.002451   0  -1   0
    2042.096830   0.997329   0.002447   0  -1   0
    2042.097060   1.003255   0.002450   0  -1   0
    2042.097290   0.999726   0.002446   0  -1   0
    2042.097520   1.004118   0.002453   0  -1   0
    2042.097760   0.997089   0.002444   0  -1   0
    2042.097990   1.003003   0.002452   0  -1   0
    2042.098220   1.002746   0.002453   0  -1   0
    2042.098450   0.996472   0.002446   0  -1   0
    2042.098680   1.000921   0.002449   0  -1   0
    2042.098910   1.001364   0.002449   0  -1   0
    2042.099150   1.001296   0.002448   0  -1   0
    2042.099380   1.000504   0.002447   0  -1   0
    2042.099610   0.996483   0.002445   0  -1   0
    2042.100070   0.998026   0.002447   0  -1   0
    2042.100300   1.003464   0.002450   0  -1   0
    2042.100530   1.003265   0.002452   0  -1   0
    2042.100770   1.003143   0.002451   0  -1   0
    2042.101000   1.003031   0.002451   0  -1   0
    2042.101230   1.001684   0.002454   0  -1   0
    2042.101460   0.997122   0.002447   0  -1   0
    2042.101920   0.997438   0.002445   0  -1   0
    2042.102150   0.997689   0.002446   0  -1   0
    2042.102390   1.002497   0.002449   0  -1   0
    2042.102850   1.002668   0.002454   0  -1   0
    2042.103080   0.996178   0.002448   0  -1   0
    2042.103310   1.001256   0.002449   0  -1   0
    2042.103540   0.999812   0.002450   0  -1   0
    2042.103770   1.000932   0.002449   0  -1   0
    2042.104010   1.004067   0.002451   0  -1   0
    2042.104240   1.000555   0.002452   0  -1   0
    2042.104470   1.003602   0.002451   0  -1   0
    2042.104700   0.996317   0.002466   0  -1   0
    2042.104930   0.996719   0.002449   0  -1   0
    2042.105160   1.002396   0.002451   0  -1   0
    2042.105390   0.999852   0.002449   0  -1   0
    2042.105630   0.994875   0.002446   0  -1   0
    2042.105860   1.001829   0.002451   0  -1   0
    2042.106090   0.999041   0.002450   0  -1   0
    2042.106550   1.001352   0.002449   0  -1   0
    2042.107020   0.999909   0.002451   0  -1   0
    2042.107250   0.997478   0.002446   0  -1   0
    2042.107480   1.002186   0.002450   0  -1   0
    2042.107710   0.999141   0.002451   0  -1   0
    2042.107940   0.999867   0.002450   0  -1   0
    2042.108170   0.999800   0.002451   0  -1   0
    2042.108400   1.001469   0.002449   0  -1   0
    2042.108640   0.998639   0.002447   0  -1   0
    2042.108870   1.001191   0.002447   0  -1   0
    2042.109100   1.000460   0.002451   0  -1   0
    2042.109330   0.993564   0.002445   0  -1   0
    2042.109560   1.000239   0.002448   0  -1   0
    2042.109790   1.001041   0.002450   0  -1   0
    2042.110020   1.000933   0.002449   0  -1   0
    2042.110260   0.996649   0.002445   0  -1   0
    2042.110490   1.001514   0.002451   0  -1   0
    2042.110720   1.002246   0.002453   0  -1   0
    2042.110950   1.000287   0.002451   0  -1   0
    2042.111410   1.003647   0.002449   0  -1   0
    2042.111640   1.001247   0.002450   0  -1   0
    2042.111880   0.996326   0.002449   0  -1   0
    2042.112110   0.997226   0.002448   0  -1   0
    2042.112340   1.001349   0.002449   0  -1   0
    2042.112570   0.997539   0.002448   0  -1   0
    2042.112800   0.996467   0.002443   0  -1   0
    2042.113030   0.994643   0.002448   0  -1   0
    2042.113270   1.000707   0.002449   0  -1   0
    2042.113500   1.003914   0.002454   0  -1   0
    2042.113730   0.999383   0.002448   0  -1   0
    2042.113960   1.000730   0.002449   0  -1   0
    2042.114190   1.004091   0.002452   0  -1   0
    2042.114420   1.004001   0.002453   0  -1   0
    2042.114650   0.994981   0.002445   0  -1   0
    2042.114890   0.999769   0.002450   0  -1   0
    2042.115120   1.001630   0.002449   0  -1   0
    2042.115350   1.001132   0.002449   0  -1   0
    2042.115580   1.000437   0.002449   0  -1   0
    2042.115810   1.000517   0.002451   0  -1   0
    2042.116040   1.001240   0.002450   0  -1   0
    2042.116270   0.998677   0.002449   0  -1   0
    2042.116510   0.999439   0.002449   0  -1   0
    2042.116740   1.000812   0.002450   0  -1   0
    2042.116970   1.000986   0.002449   0  -1   0
    2042.117200   1.001626   0.002447   0  -1   0
    2042.117430   1.002081   0.002453   0  -1   0
    2042.117660   1.001555   0.002449   0  -1   0
    2042.117890   1.001522   0.002450   0  -1   0
    2042.118130   1.000372   0.002450   0  -1   0
    2042.118360   1.000174   0.002450   0  -1   0
    2042.118590   1.003183   0.002451   0  -1   0
    2042.118820   1.000462   0.002451   0  -1   0
    2042.119050   1.001605   0.002448   0  -1   0
    2042.119280   1.003196   0.002452   0  -1   0
    2042.119520   0.995313   0.002446   0  -1   0
    2042.119750   0.998031   0.002449   0  -1   0
    2042.119980   1.000678   0.002451   0  -1   0
    2042.120210   1.001866   0.002449   0  -1   0
    2042.120440   0.999765   0.002450   0  -1   0
    2042.120670   1.002289   0.002450   0  -1   0
    2042.120900   0.999430   0.002451   0  -1   0
    2042.121140   0.996828   0.002445   0  -1   0
    2042.121370   1.002533   0.002453   0  -1   0
    2042.121600   0.998933   0.002449   0  -1   0
    2042.121830   0.999845   0.002450   0  -1   0
    2042.122060   0.997285   0.002445   0  -1   0
    2042.122290   1.003152   0.002453   0  -1   0
    2042.122520   0.998642   0.002446   0  -1   0
    2042.122760   0.997849   0.002449   0  -1   0
    2042.122990   1.002543   0.002451   0  -1   0
    2042.123220   1.001431   0.002449   0  -1   0
    2042.123680   0.998604   0.002446   0  -1   0
    2042.123910   0.999578   0.002448   0  -1   0
    2042.124380   0.998536   0.002447   0  -1   0
    2042.124610   1.008096   0.002456   0  -1   0
    2042.124840   1.003642   0.002453   0  -1   0
    2042.125070   0.999125   0.002447   0  -1   0
    2042.125300   0.999801   0.002450   0  -1   0
    2042.125770   1.000891   0.002448   0  -1   0
    2042.126000   1.003553   0.002451   0  -1   0
    2042.126230   0.996327   0.002445   0  -1   0
    2042.126460   0.998133   0.002448   0  -1   0
    2042.126690   0.999829   0.002451   0  -1   0
    2042.126920   1.003235   0.002451   0  -1   0
    2042.127150   0.993588   0.002442   0  -1   0
    2042.127390   0.997803   0.002447   0  -1   0
    2042.127620   1.001451   0.002452   0  -1   0
    2042.127850   0.998837   0.002448   0  -1   0
    2042.128080   0.995927   0.002443   0  -1   0
    2042.128310   0.996308   0.002445   0  -1   0
    2042.128540   0.999457   0.002451   0  -1   0
    2042.128770   1.004211   0.002452   0  -1   0
    2042.129010   1.001470   0.002451   0  -1   0
    2042.129240   0.999787   0.002449   0  -1   0
    2042.129470   1.006525   0.002455   0  -1   0
    2042.129700   1.000020   0.002452   0  -1   0
    2042.129930   0.999279   0.002448   0  -1   0
    2042.130160   0.997888   0.002448   0  -1   0
    2042.130390   0.999936   0.002458   0  -1   0
    2042.130630   1.000613   0.002451   0  -1   0
    2042.130860   1.000225   0.002450   0  -1   0
    2042.131090   1.007451   0.002462   0  -1   0
    2042.131320   1.002127   0.002449   0  -1   0
    2042.131550   0.997396   0.002447   0  -1   0
    2042.131780   1.000900   0.002449   0  -1   0
    2042.132250   1.000164   0.002449   0  -1   0
    2042.132480   0.997152   0.002452   0  -1   0
    2042.132710   1.000834   0.002449   0  -1   0
    2042.132940   0.997654   0.002448   0  -1   0
    2042.133170   1.000203   0.002451   0  -1   0
    2042.133400   0.999479   0.002452   0  -1   0
    2042.133640   0.999069   0.002443   0  -1   0
    2042.133870   0.998289   0.002448   0  -1   0
    2042.134100   0.998143   0.002447   0  -1   0
    2042.134330   0.999606   0.002449   0  -1   0
    2042.134560   1.000100   0.002448   0  -1   0
    2042.134790   1.003066   0.002452   0  -1   0
    2042.135020   0.995387   0.002450   0  -1   0
    2042.135260   1.000491   0.002450   0  -1   0
    2042.135490   1.000665   0.002450   0  -1   0
    2042.135720   0.998025   0.002448   0  -1   0
    2042.135950   1.001951   0.002451   0  -1   0
    2042.136180   0.999115   0.002446   0  -1   0
    2042.136410   1.001405   0.002449   0  -1   0
    2042.136640   0.995907   0.002449   0  -1   0
    2042.136880   1.001705   0.002450   0  -1   0
    2042.137570   0.997404   0.002448   0  -1   0
    2042.137800   1.005152   0.002455   0  -1   0
    2042.138030   0.997854   0.002447   0  -1   0
    2042.138260   1.003685   0.002451   0  -1   0
    2042.138500   1.002751   0.002451   0  -1   0
    2042.138960   0.995880   0.002447   0  -1   0
    2042.139190   1.002435   0.002453   0  -1   0
    2042.139420   0.995831   0.002447   0  -1   0
    2042.139650   1.001610   0.002450   0  -1   0
    2042.139890   1.002695   0.002450   0  -1   0
    2042.140120   1.000625   0.002448   0  -1   0
    2042.140350   1.001424   0.002451   0  -1   0
    2042.140580   1.002548   0.002452   0  -1   0
    2042.140810   1.001915   0.002452   0  -1   0
    2042.141040   0.998709   0.002448   0  -1   0
    2042.141270   1.002219   0.002451   0  -1   0
    2042.141510   0.997818   0.002452   0  -1   0
    2042.141740   0.996781   0.002451   0  -1   0
    2042.141970   0.993617   0.002444   0  -1   0
    2042.142200   1.001135   0.002449   0  -1   0
    2042.142430   1.000699   0.002454   0  -1   0
    2042.142660   0.999904   0.002448   0  -1   0
    2042.142890   0.996500   0.002449   0  -1   0
    2042.143130   1.005174   0.002451   0  -1   0
    2042.143360   1.002296   0.002453   0  -1   0
    2042.143590   1.001488   0.002450   0  -1   0
    2042.144050   0.997937   0.002446   0  -1   0
    2042.144280   0.996536   0.002442   0  -1   0
    2042.144510   0.997630   0.002448   0  -1   0
    2042.144750   1.001739   0.002453   0  -1   0
    2042.144980   0.999380   0.002446   0  -1   0
    2042.145210   1.001049   0.002451   0  -1   0
    2042.145440   1.001486   0.002451   0  -1   0
    2042.145670   1.001121   0.002449   0  -1   0
    2042.145900   0.998919   0.002448   0  -1   0
    2042.146140   0.996715   0.002446   0  -1   0
    2042.146370   0.999752   0.002451   0  -1   0
    2042.146600   1.001742   0.002452   0  -1   0
    2042.146830   0.998082   0.002448   0  -1   0
    2042.147060   1.003128   0.002454   0  -1   0
    2042.147290   1.002803   0.002451   0  -1   0
    2042.147520   0.993294   0.002452   0  -1   0
    2042.147760   1.004215   0.002454   0  -1   0
    2042.147990   1.002991   0.002452   0  -1   0
    2042.148220   1.001001   0.002450   0  -1   0
    2042.148450   1.002708   0.002448   0  -1   0
    2042.148680   1.002857   0.002450   0  -1   0
    2042.148910   0.998445   0.002448   0  -1   0
    2042.149140   0.995766   0.002446   0  -1   0
    2042.149380   0.999264   0.002450   0  -1   0
    2042.149610   0.999787   0.002449   0  -1   0
