# time flux flux_err jitter_flag offset_flag subset
    2058.544590   1.000319   0.002582   0  -1   -1
    2058.544820   0.999652   0.002594   0  -1   -1
    2058.545050   0.996256   0.002581   0  -1   -1
    2058.545290   0.998794   0.002583   0  -1   -1
    2058.545520   0.997438   0.002582   0  -1   -1
    2058.545750   1.004333   0.002586   0  -1   -1
    2058.545980   0.999526   0.002586   0  -1   -1
    2058.546210   1.002487   0.002586   0  -1   -1
    2058.546440   1.000612   0.002583   0  -1   -1
    2058.546670   0.997538   0.002582   0  -1   -1
    2058.546910   0.998197   0.002583   0  -1   -1
    2058.547140   1.000479   0.002584   0  -1   -1
    2058.547370   0.999722   0.002585   0  -1   -1
    2058.547600   0.998868   0.002581   0  -1   -1
    2058.547830   0.991883   0.002581   0  -1   -1
    2058.548060   1.000555   0.002585   0  -1   -1
    2058.548290   1.000077   0.002588   0  -1   -1
    2058.548530   1.001758   0.002584   0  -1   -1
    2058.548760   0.997833   0.002584   0  -1   -1
    2058.548990   0.999817   0.002585   0  -1   -1
    2058.549220   1.002396   0.002587   0  -1   -1
    2058.549450   0.999404   0.002584   0  -1   -1
    2058.549680   0.995194   0.002583   0  -1   -1
    2058.549910   1.001607   0.002586   0  -1   -1
    2058.550150   0.999680   0.002584   0  -1   -1
    2058.550380   1.003225   0.002588   0  -1   -1
    2058.550610   1.001864   0.002586   0  -1   -1
    2058.550840   1.001217   0.002585   0  -1   -1
    2058.551070   1.000312   0.002586   0  -1   -1
    2058.551300   1.002122   0.002586   0  -1   -1
    2058.551530   1.000044   0.002586   0  -1   -1
    2058.551770   0.995435   0.002583   0  -1   -1
    2058.552000   0.998531   0.002586   0  -1   -1
    2058.552460   1.002629   0.002589   0  -1   -1
    2058.552690   1.001414   0.002588   0  -1   -1
    2058.552920   0.999741   0.002587   0  -1   -1
    2058.553160   0.999816   0.002588   0  -1   -1
    2058.553390   0.996635   0.002583   0  -1   -1
    2058.553620   1.001141   0.002587   0  -1   -1
    2058.553850   0.998108   0.002586   0  -1   -1
    2058.554080   1.001205   0.002586   0  -1   -1
    2058.554310   1.000474   0.002588   0  -1   -1
    2058.554540   0.998758   0.002589   0  -1   -1
    2058.554780   0.997024   0.002585   0  -1   -1
    2058.555010   0.998200   0.002587   0  -1   -1
    2058.555240   0.998208   0.002600   0  -1   -1
    2058.555470   1.001246   0.002588   0  -1   -1
    2058.555700   1.006485   0.002591   0  -1   -1
    2058.555930   0.996383   0.002585   0  -1   -1
    2058.556160   1.000911   0.002586   0  -1   -1
    2058.556400   1.002483   0.002591   0  -1   -1
    2058.556630   0.996631   0.002584   0  -1   -1
    2058.556860   0.996879   0.002587   0  -1   -1
    2058.557090   0.998824   0.002586   0  -1   -1
    2058.557320   0.999502   0.002589   0  -1   -1
    2058.557550   0.998998   0.002588   0  -1   -1
    2058.557780   0.996691   0.002585   0  -1   -1
    2058.558020   1.001728   0.002590   0  -1   -1
    2058.558250   0.998742   0.002588   0  -1   -1
    2058.558480   0.996410   0.002588   0  -1   -1
    2058.558710   0.999039   0.002589   0  -1   -1
    2058.558940   0.996375   0.002584   0  -1   -1
    2058.559170   1.000620   0.002588   0  -1   -1
    2058.559400   1.000034   0.002590   0  -1   -1
    2058.559640   0.995988   0.002585   0  -1   -1
    2058.559870   1.007042   0.002645   0  -1   -1
    2058.560100   0.997265   0.002588   0  -1   -1
    2058.560330   0.997858   0.002588   0  -1   -1
    2058.560560   1.003262   0.002589   0  -1   -1
    2058.560790   1.002779   0.002589   0  -1   -1
    2058.561030   0.997410   0.002587   0  -1   -1
    2058.561260   0.998268   0.002589   0  -1   -1
    2058.561490   1.000445   0.002589   0  -1   -1
    2058.561720   1.000389   0.002590   0  -1   -1
    2058.561950   1.003646   0.002593   0  -1   -1
    2058.562180   1.003610   0.002592   0  -1   -1
    2058.562410   1.001442   0.002593   0  -1   -1
    2058.562650   1.001501   0.002592   0  -1   -1
    2058.562880   1.000402   0.002591   0  -1   -1
    2058.563110   1.000828   0.002590   0  -1   -1
    2058.563340   1.000731   0.002592   0  -1   -1
    2058.563570   1.004713   0.002593   0  -1   -1
    2058.563800   1.002140   0.002594   0  -1   -1
    2058.564030   1.001438   0.002592   0  -1   -1
    2058.564270   0.999283   0.002591   0  -1   -1
    2058.564500   0.998328   0.002594   0  -1   -1
    2058.564960   0.998918   0.002591   0  -1   -1
    2058.565190   1.002432   0.002594   0  -1   -1
    2058.565420   1.000577   0.002591   0  -1   -1
    2058.565650   0.998853   0.002590   0  -1   -1
    2058.565890   1.005026   0.002595   0  -1   -1
    2058.566120   0.998681   0.002591   0  -1   -1
    2058.566350   1.000556   0.002590   0  -1   -1
    2058.566580   0.997492   0.002590   0  -1   -1
    2058.567280   1.003508   0.002595   0  -1   -1
    2058.567510   0.995200   0.002592   0  -1   -1
    2058.567970   1.003801   0.002594   0  -1   -1
    2058.568200   0.995861   0.002588   0  -1   -1
    2058.568430   1.000716   0.002609   0  -1   -1
    2058.568660   1.003137   0.002595   0  -1   -1
    2058.568900   1.000437   0.002594   0  -1   -1
    2058.569130   1.004259   0.002596   0  -1   -1
    2058.569360   1.001393   0.002662   0  -1   -1
    2058.569590   1.002573   0.002593   0  -1   -1
    2058.569820   0.998170   0.002592   0  -1   -1
    2058.570050   1.001438   0.002595   0  -1   -1
    2058.570280   1.001616   0.002591   0  -1   -1
    2058.570520   1.001885   0.002593   0  -1   -1
    2058.570750   1.001921   0.002597   0  -1   -1
    2058.570980   1.003295   0.002596   0  -1   -1
    2058.571210   1.000027   0.002592   0  -1   -1
    2058.571440   1.002321   0.002594   0  -1   -1
    2058.571670   1.003214   0.002595   0  -1   -1
    2058.571900   0.996971   0.002589   0  -1   -1
    2058.572140   1.000135   0.002596   0  -1   -1
    2058.572370   0.999737   0.002594   0  -1   -1
    2058.572600   0.998107   0.002596   0  -1   -1
    2058.572830   0.999365   0.002594   0  -1   -1
    2058.573060   1.000614   0.002592   0  -1   -1
    2058.573290   1.004031   0.002598   0  -1   -1
    2058.573520   1.003014   0.002595   0  -1   -1
    2058.573990   1.001805   0.002595   0  -1   -1
    2058.574220   0.998425   0.002594   0  -1   -1
    2058.574450   1.000237   0.002596   0  -1   -1
    2058.574680   0.999005   0.002597   0  -1   -1
    2058.574910   1.002512   0.002598   0  -1   -1
    2058.575150   1.004485   0.002598   0  -1   -1
    2058.575380   1.002825   0.002599   0  -1   -1
    2058.575610   0.998927   0.002601   0  -1   -1
    2058.575840   1.003038   0.002597   0  -1   -1
    2058.576070   0.998472   0.002595   0  -1   -1
    2058.576530   1.001422   0.002601   0  -1   -1
    2058.576770   0.996666   0.002593   0  -1   -1
    2058.577000   1.000001   0.002595   0  -1   -1
    2058.577230   0.994495   0.002593   0  -1   -1
    2058.577460   0.999297   0.002596   0  -1   -1
    2058.577690   0.998133   0.002595   0  -1   -1
    2058.577920   1.000764   0.002598   0  -1   -1
    2058.578150   0.999685   0.002595   0  -1   -1
    2058.578390   1.002197   0.002596   0  -1   -1
    2058.578620   1.002069   0.002596   0  -1   -1
    2058.578850   0.997253   0.002597   0  -1   -1
    2058.579080   0.998272   0.002594   0  -1   -1
    2058.579310   0.998524   0.002593   0  -1   -1
    2058.579540   1.005242   0.002598   0  -1   -1
    2058.580010   1.001990   0.002599   0  -1   -1
    2058.580240   0.995084   0.002594   0  -1   -1
    2058.580470   0.995703   0.002593   0  -1   -1
    2058.580700   1.002005   0.002600   0  -1   -1
    2058.580930   1.006001   0.002599   0  -1   -1
    2058.581160   0.996053   0.002596   0  -1   -1
    2058.581390   1.001784   0.002599   0  -1   -1
    2058.581630   1.005961   0.002601   0  -1   -1
    2058.581860   1.000225   0.002597   0  -1   -1
    2058.582090   0.999606   0.002597   0  -1   -1
    2058.582320   0.997274   0.002597   0  -1   -1
    2058.582550   1.001484   0.002599   0  -1   -1
    2058.582780   1.001668   0.002600   0  -1   -1
    2058.583020   0.997231   0.002596   0  -1   -1
    2058.583250   0.999163   0.002598   0  -1   -1
    2058.583480   1.000571   0.002602   0  -1   -1
    2058.583710   1.003028   0.002599   0  -1   -1
    2058.584170   0.997071   0.002595   0  -1   -1
    2058.584400   0.999729   0.002597   0  -1   -1
    2058.584640   0.999453   0.002597   0  -1   -1
    2058.584870   0.996940   0.002600   0  -1   -1
    2058.585100   1.001718   0.002599   0  -1   -1
    2058.585330   1.005616   0.002600   0  -1   -1
    2058.585560   0.998876   0.002597   0  -1   -1
    2058.585790   1.000768   0.002600   0  -1   -1
    2058.586020   0.997787   0.002596   0  -1   -1
    2058.586260   1.004007   0.002603   0  -1   -1
    2058.586490   0.999818   0.002600   0  -1   -1
    2058.586720   0.993819   0.002596   0  -1   -1
    2058.586950   1.001374   0.002600   0  -1   -1
    2058.587180   0.997013   0.002596   0  -1   -1
    2058.587410   1.000653   0.002599   0  -1   -1
    2058.587880   0.999597   0.002601   0  -1   -1
    2058.588110   1.003248   0.002636   0  -1   -1
    2058.588570   0.999582   0.002600   0  -1   -1
    2058.588800   1.001872   0.002602   0  -1   -1
    2058.589030   0.997531   0.002600   0  -1   -1
    2058.589500   1.001378   0.002603   0  -1   -1
    2058.589730   0.997785   0.002601   0  -1   -1
    2058.589960   0.996815   0.002598   0  -1   -1
    2058.590190   1.003988   0.002604   0  -1   -1
    2058.590420   1.001130   0.002599   0  -1   -1
    2058.590650   1.003094   0.002604   0  -1   -1
    2058.590890   0.998752   0.002600   0  -1   -1
    2058.591120   0.996753   0.002598   0  -1   -1
    2058.591580   1.001064   0.002602   0  -1   -1
    2058.591810   0.998644   0.002600   0  -1   -1
    2058.592040   0.999494   0.002601   0  -1   -1
    2058.592270   0.997671   0.002600   0  -1   -1
    2058.592510   1.000784   0.002604   0  -1   -1
    2058.592740   0.998525   0.002599   0  -1   -1
    2058.592970   1.001407   0.002604   0  -1   -1
    2058.593200   1.000494   0.002603   0  -1   -1
    2058.593430   0.999855   0.002602   0  -1   -1
    2058.593660   0.996307   0.002598   0  -1   -1
    2058.593890   0.998669   0.002600   0  -1   -1
    2058.594130   1.002712   0.002603   0  -1   -1
    2058.594360   1.000790   0.002599   0  -1   -1
    2058.594590   1.000110   0.002601   0  -1   -1
    2058.594820   1.004079   0.002603   0  -1   -1
    2058.595050   1.000375   0.002601   0  -1   -1
    2058.595280   1.000513   0.002604   0  -1   -1
    2058.595510   1.001429   0.002605   0  -1   -1
    2058.595750   1.000645   0.002602   0  -1   -1
    2058.595980   1.002029   0.002603   0  -1   -1
    2058.596210   0.996476   0.002606   0  -1   -1
    2058.596440   0.999680   0.002598   0  -1   -1
    2058.596670   0.998234   0.002602   0  -1   -1
    2058.596900   1.000450   0.002603   0  -1   -1
    2058.597140   0.999094   0.002602   0  -1   -1
    2058.597370   0.998798   0.002602   0  -1   -1
    2058.597600   0.993999   0.002599   0  -1   -1
    2058.597830   1.003177   0.002604   0  -1   -1
    2058.598060   0.999692   0.002603   0  -1   -1
    2058.598290   1.000732   0.002602   0  -1   -1
    2058.598520   0.999130   0.002602   0  -1   -1
    2058.598760   0.996636   0.002601   0  -1   -1
    2058.598990   0.998925   0.002603   0  -1   -1
    2058.599220   1.002625   0.002603   0  -1   -1
    2058.599450   1.000704   0.002601   0  -1   -1
    2058.599680   1.003714   0.002607   0  -1   -1
    2058.599910   0.999277   0.002602   0  -1   -1
    2058.600140   1.002177   0.002606   0  -1   -1
    2058.600380   0.999136   0.002605   0  -1   -1
    2058.600610   1.004262   0.002605   0  -1   -1
    2058.600840   1.003812   0.002607   0  -1   -1
    2058.601070   0.999523   0.002603   0  -1   -1
    2058.601300   1.002550   0.002606   0  -1   -1
    2058.601530   0.998088   0.002603   0  -1   -1
    2058.601760   0.999594   0.002602   0  -1   -1
    2058.602000   0.999981   0.002605   0  -1   -1
    2058.602230   1.000675   0.002605   0  -1   -1
    2058.602460   1.000996   0.002606   0  -1   -1
    2058.602690   0.999138   0.002603   0  -1   -1
    2058.602920   0.998797   0.002605   0  -1   -1
    2058.603150   0.999474   0.002603   0  -1   -1
    2058.603380   1.001593   0.002605   0  -1   -1
    2058.603620   0.997720   0.002604   0  -1   -1
    2058.603850   0.999931   0.002604   0  -1   -1
    2058.604080   1.001684   0.002608   0  -1   -1
    2058.604310   0.995194   0.002604   0  -1   -1
    2058.604540   1.000785   0.002605   0  -1   -1
    2058.604770   0.996818   0.002602   0  -1   -1
    2058.605010   0.998494   0.002606   0  -1   -1
    2058.605240   0.996039   0.002603   0  -1   -1
    2058.605470   0.998576   0.002607   0  -1   -1
    2058.605700   1.000674   0.002605   0  -1   -1
    2058.605930   1.003492   0.002610   0  -1   -1
    2058.606160   0.998879   0.002605   0  -1   -1
    2058.606390   1.003325   0.002607   0  -1   -1
    2058.606630   0.998460   0.002605   0  -1   -1
    2058.606860   1.001192   0.002607   0  -1   -1
    2058.607090   1.005256   0.002608   0  -1   -1
    2058.607320   1.002365   0.002628   0  -1   -1
    2058.607550   1.003966   0.002611   0  -1   -1
    2058.607780   1.002289   0.002609   0  -1   -1
    2058.608010   1.000006   0.002608   0  -1   -1
    2058.608250   1.000297   0.002606   0  -1   -1
    2058.608480   1.002541   0.002608   0  -1   -1
    2058.608710   1.001629   0.002607   0  -1   -1
    2058.608940   1.004410   0.002611   0  -1   -1
    2058.609170   1.004086   0.002609   0  -1   -1
    2058.609400   0.997145   0.002604   0  -1   -1
    2058.609630   0.996327   0.002603   0  -1   -1
    2058.609870   0.999291   0.002608   0  -1   -1
    2058.610100   0.997590   0.002605   0  -1   -1
    2058.610330   1.002644   0.002607   0  -1   -1
    2058.610560   1.003563   0.002611   0  -1   -1
    2058.610790   1.005194   0.002612   0  -1   -1
    2058.611020   0.996971   0.002607   0  -1   -1
    2058.611260   1.000266   0.002608   0  -1   -1
    2058.611490   0.994689   0.002605   0  -1   -1
    2058.611720   1.003657   0.002610   0  -1   -1
    2058.611950   1.001076   0.002607   0  -1   -1
    2058.612180   1.000348   0.002609   0  -1   -1
    2058.612410   0.998545   0.002606   0  -1   -1
    2058.612640   0.997393   0.002603   0  -1   -1
    2058.612880   0.999382   0.002608   0  -1   -1
    2058.613110   1.002129   0.002611   0  -1   -1
    2058.613340   0.998706   0.002608   0  -1   -1
    2058.613570   1.001436   0.002610   0  -1   -1
    2058.613800   1.000581   0.002608   0  -1   -1
    2058.614030   0.998541   0.002608   0  -1   -1
    2058.614260   1.009994   0.002615   0  -1   -1
    2058.614500   0.999515   0.002608   0  -1   -1
    2058.614730   0.998924   0.002610   0  -1   -1
    2058.614960   1.002732   0.002608   0  -1   -1
    2058.615190   1.002832   0.002611   0  -1   -1
    2058.615420   0.995839   0.002607   0  -1   -1
    2058.615650   1.002678   0.002612   0  -1   -1
    2058.615880   1.002478   0.002611   0  -1   -1
    2058.616120   0.998577   0.002609   0  -1   -1
    2058.616350   1.003804   0.002612   0  -1   -1
    2058.616580   0.997417   0.002609   0  -1   -1
    2058.616810   0.997315   0.002611   0  -1   -1
    2058.617040   1.000307   0.002610   0  -1   -1
    2058.617500   1.000110   0.002608   0  -1   -1
    2058.617740   1.001545   0.002612   0  -1   -1
    2058.617970   0.996816   0.002609   0  -1   -1
    2058.618200   0.997802   0.002610   0  -1   -1
    2058.618430   1.008859   0.002618   0  -1   -1
    2058.618660   0.997199   0.002608   0  -1   -1
    2058.618890   1.001313   0.002608   0  -1   -1
    2058.619130   1.007576   0.002616   0  -1   -1
    2058.619360   1.002383   0.002611   0  -1   -1
    2058.620050   1.002957   0.002612   0  -1   -1
    2058.620280   0.996742   0.002608   0  -1   -1
    2058.620510   1.002379   0.002611   0  -1   -1
    2058.620750   0.998370   0.002609   0  -1   -1
    2058.620980   1.001647   0.002611   0  -1   -1
    2058.621440   1.006127   0.002616   0  -1   -1
    2058.621670   1.003803   0.002614   0  -1   -1
    2058.621900   1.000705   0.002612   0  -1   -1
    2058.622130   0.998303   0.002609   0  -1   -1
    2058.622370   1.001410   0.002613   0  -1   -1
    2058.622600   0.996255   0.002609   0  -1   -1
    2058.622830   1.001290   0.002613   0  -1   -1
    2058.623060   0.999452   0.002611   0  -1   -1
    2058.623290   0.999684   0.002611   0  -1   -1
    2058.623520   0.996810   0.002612   0  -1   -1
    2058.623750   0.999408   0.002613   0  -1   -1
    2058.623990   1.000885   0.002612   0  -1   -1
    2058.624220   0.997054   0.002611   0  -1   -1
    2058.624450   1.000244   0.002611   0  -1   -1
    2058.624680   1.000367   0.002612   0  -1   -1
    2058.624910   0.999493   0.002613   0  -1   -1
    2058.625140   1.004287   0.002614   0  -1   -1
    2058.625370   1.002973   0.002615   0  -1   -1
    2058.625610   0.999162   0.002612   0  -1   -1
    2058.625840   0.998846   0.002614   0  -1   -1
    2058.626070   0.999687   0.002615   0  -1   -1
    2058.626300   0.997469   0.002610   0  -1   -1
    2058.626530   1.002219   0.002613   0  -1   -1
    2058.626760   0.999565   0.002612   0  -1   -1
    2058.627000   0.996812   0.002611   0  -1   -1
    2058.627230   0.998597   0.002611   0  -1   -1
    2058.627460   1.003966   0.002613   0  -1   -1
    2058.627690   0.999302   0.002615   0  -1   -1
    2058.627920   0.999832   0.002620   0  -1   -1
    2058.628150   1.001328   0.002614   0  -1   -1
    2058.628380   1.001049   0.002613   0  -1   -1
    2058.628620   0.999643   0.002612   0  -1   -1
    2058.628850   1.000929   0.002616   0  -1   -1
    2058.629080   0.998762   0.002613   0  -1   -1
    2058.629310   0.999810   0.002615   0  -1   -1
    2058.629540   0.999431   0.002611   0  -1   -1
    2058.629770   0.998284   0.002615   0  -1   -1
    2058.630000   0.999704   0.002613   0  -1   -1
    2058.630240   1.000559   0.002615   0  -1   -1
    2058.630470   1.002222   0.002615   0  -1   -1
    2058.630700   0.999581   0.002614   0  -1   -1
    2058.630930   0.998124   0.002614   0  -1   -1
    2058.631160   1.000492   0.002614   0  -1   -1
    2058.631390   0.996501   0.002609   0  -1   -1
    2058.631620   1.001795   0.002619   0  -1   -1
    2058.631860   1.001604   0.002615   0  -1   -1
    2058.632090   1.001465   0.002615   0  -1   -1
    2058.632320   1.004400   0.002617   0  -1   -1
    2058.632550   1.000457   0.002616   0  -1   -1
    2058.632780   1.003452   0.002617   0  -1   -1
    2058.633010   1.005279   0.002619   0  -1   -1
    2058.633250   0.999209   0.002614   0  -1   -1
    2058.633480   0.998968   0.002613   0  -1   -1
    2058.633710   1.004783   0.002618   0  -1   -1
    2058.633940   1.004948   0.002617   0  -1   -1
    2058.634170   0.997751   0.002612   0  -1   -1
    2058.634400   1.000215   0.002616   0  -1   -1
    2058.634630   0.996029   0.002613   0  -1   -1
    2058.634870   1.000427   0.002612   0  -1   -1
    2058.635100   0.997254   0.002611   0  -1   -1
    2058.635330   1.001731   0.002617   0  -1   -1
    2058.635560   0.994771   0.002614   0  -1   -1
    2058.635790   1.000132   0.002617   0  -1   -1
    2058.636020   1.000805   0.002617   0  -1   -1
    2058.636250   0.998884   0.002615   0  -1   -1
    2058.636490   1.002236   0.002618   0  -1   -1
    2058.636720   0.999748   0.002617   0  -1   -1
    2058.636950   0.995135   0.002611   0  -1   -1
    2058.637180   0.999078   0.002624   0  -1   -1
    2058.637410   0.997839   0.002613   0  -1   -1
    2058.637640   1.001389   0.002619   0  -1   -1
    2058.637870   0.996953   0.002614   0  -1   -1
    2058.638110   1.002638   0.002617   0  -1   -1
    2058.638340   1.003760   0.002617   0  -1   -1
    2058.638570   1.002272   0.002618   0  -1   -1
    2058.638800   1.000002   0.002615   0  -1   -1
    2058.639030   1.000111   0.002617   0  -1   -1
    2058.639260   1.003487   0.002619   0  -1   -1
    2058.639730   1.000461   0.002615   0  -1   -1
    2058.639960   1.001302   0.002617   0  -1   -1
    2058.640190   1.007697   0.002621   0  -1   -1
    2058.640420   1.002780   0.002620   0  -1   -1
    2058.640650   0.997460   0.002617   0  -1   -1
    2058.640880   1.000719   0.002619   0  -1   -1
    2058.641120   1.002077   0.002617   0  -1   -1
    2058.641350   1.001742   0.002619   0  -1   -1
    2058.641580   1.003409   0.002621   0  -1   -1
    2058.641810   0.997633   0.002614   0  -1   -1
    2058.642040   0.999174   0.002617   0  -1   -1
    2058.642270   0.996655   0.002615   0  -1   -1
    2058.642500   1.006108   0.002619   0  -1   -1
    2058.642740   0.999978   0.002617   0  -1   -1
    2058.642970   0.997607   0.002616   0  -1   -1
    2058.643200   1.002267   0.002618   0  -1   -1
    2058.643430   0.995312   0.002616   0  -1   -1
    2058.643660   0.996219   0.002615   0  -1   -1
    2058.643890   0.998572   0.002616   0  -1   -1
    2058.644120   0.997738   0.002618   0  -1   -1
    2058.644360   1.000025   0.002618   0  -1   -1
    2058.644590   1.003368   0.002622   0  -1   -1
    2058.644820   0.999876   0.002619   0  -1   -1
    2058.645050   1.000800   0.002619   0  -1   -1
    2058.645280   1.002625   0.002619   0  -1   -1
    2058.645510   1.000748   0.002619   0  -1   -1
    2058.645740   1.002095   0.002621   0  -1   -1
    2058.645980   0.999791   0.002621   0  -1   -1
    2058.646210   1.002958   0.002619   0  -1   -1
    2058.646440   0.998521   0.002619   0  -1   -1
    2058.646670   1.000016   0.002617   0  -1   -1
    2058.646900   1.000113   0.002619   0  -1   -1
    2058.647130   1.000154   0.002620   0  -1   -1
    2058.647360   1.000964   0.002618   0  -1   -1
    2058.647830   1.002162   0.002619   0  -1   -1
    2058.648060   1.005038   0.002621   0  -1   -1
    2058.648290   0.997284   0.002617   0  -1   -1
    2058.648520   0.998530   0.002619   0  -1   -1
    2058.648750   0.999252   0.002620   0  -1   -1
    2058.648990   0.999866   0.002617   0  -1   -1
    2058.649220   1.002316   0.002618   0  -1   -1
    2058.649450   0.995254   0.002616   0  -1   -1
    2058.649680   0.999034   0.002617   0  -1   -1
    2058.649910   1.005278   0.002622   0  -1   -1
    2058.650140   1.001917   0.002619   0  -1   -1
    2058.650370   0.998195   0.002617   0  -1   -1
    2058.650610   1.001565   0.002621   0  -1   -1
    2058.650840   1.000345   0.002619   0  -1   -1
    2058.651070   0.996923   0.002616   0  -1   -1
    2058.651530   0.997168   0.002617   0  -1   -1
    2058.651760   0.995161   0.002617   0  -1   -1
    2058.651990   1.000914   0.002621   0  -1   -1
    2058.652230   1.002130   0.002622   0  -1   -1
    2058.652460   1.004961   0.002622   0  -1   -1
    2058.652690   0.998438   0.002620   0  -1   -1
    2058.652920   1.000153   0.002618   0  -1   -1
    2058.653150   1.000385   0.002619   0  -1   -1
    2058.653380   0.997264   0.002619   0  -1   -1
    2058.653610   1.001454   0.002621   0  -1   -1
    2058.653850   1.002900   0.002622   0  -1   -1
    2058.654080   0.995737   0.002618   0  -1   -1
    2058.654310   1.001758   0.002621   0  -1   -1
    2058.654540   1.001697   0.002622   0  -1   -1
    2058.654770   0.997769   0.002620   0  -1   -1
    2058.655000   1.001491   0.002616   0  -1   -1
    2058.655240   1.003268   0.002625   0  -1   -1
    2058.655470   0.998183   0.002618   0  -1   -1
    2058.655700   1.000397   0.002623   0  -1   -1
    2058.655930   1.004858   0.002621   0  -1   -1
    2058.656160   0.997915   0.002617   0  -1   -1
    2058.656390   1.001322   0.002625   0  -1   -1
    2058.656620   1.001444   0.002620   0  -1   -1
    2058.656860   0.997278   0.002619   0  -1   -1
    2058.657090   1.000402   0.002623   0  -1   -1
    2058.657320   0.997407   0.002620   0  -1   -1
    2058.657550   1.002050   0.002622   0  -1   -1
    2058.657780   0.996955   0.002621   0  -1   -1
    2058.658240   0.998083   0.002618   0  -1   -1
    2058.658480   0.998133   0.002620   0  -1   -1
    2058.658710   1.003405   0.002625   0  -1   -1
    2058.658940   0.999543   0.002618   0  -1   -1
    2058.659170   0.999489   0.002621   0  -1   -1
    2058.659400   0.996844   0.002619   0  -1   -1
    2058.659860   0.998478   0.002620   0  -1   -1
    2058.660100   0.996670   0.002620   0  -1   -1
    2058.660330   0.996637   0.002619   0  -1   -1
    2058.660560   1.000690   0.002621   0  -1   -1
    2058.660790   0.996870   0.002618   0  -1   -1
    2058.661020   0.998747   0.002621   0  -1   -1
    2058.661250   1.000567   0.002623   0  -1   -1
    2058.661480   0.993762   0.002617   0  -1   -1
    2058.661720   0.997428   0.002621   0  -1   -1
    2058.661950   0.998070   0.002620   0  -1   -1
    2058.662180   0.995638   0.002620   0  -1   -1
    2058.662410   0.997586   0.002618   0  -1   -1
    2058.662640   0.995038   0.002621   0  -1   -1
    2058.662870   0.989229   0.002614   0  -1   -1
    2058.663110   0.996107   0.002620   0  -1   -1
    2058.663340   0.999736   0.002623   0  -1   -1
    2058.663570   0.997508   0.002623   0  -1   -1
    2058.663800   0.996363   0.002620   0  -1   -1
    2058.664030   0.996055   0.002618   0  -1   -1
    2058.664260   0.993923   0.002618   0  -1   -1
    2058.664490   0.997993   0.002618   0  -1   -1
    2058.664730   0.995771   0.002619   0  -1   -1
    2058.664960   0.996138   0.002625   0  -1   -1
    2058.665190   0.999038   0.002623   0  -1   -1
    2058.665650   0.990471   0.002615   0  -1   -1
    2058.665880   0.995319   0.002618   0  -1   -1
    2058.666110   0.998872   0.002623   0  -1   -1
    2058.666350   0.995353   0.002620   0  -1   -1
    2058.666810   0.992814   0.002623   0  -1   -1
    2058.667040   0.993763   0.002617   0  -1   -1
    2058.667270   0.999576   0.002624   0  -1   -1
    2058.667500   0.993302   0.002615   0  -1   -1
    2058.667730   0.992648   0.002618   0  -1   -1
    2058.667970   0.994728   0.002619   0  -1   -1
    2058.668200   0.992042   0.002617   0  -1   -1
    2058.668430   0.993308   0.002617   0  -1   -1
    2058.668660   0.998589   0.002621   0  -1   -1
    2058.668890   0.992608   0.002623   0  -1   -1
    2058.669120   0.990246   0.002616   0  -1   -1
    2058.669350   0.993071   0.002620   0  -1   -1
    2058.669590   0.992435   0.002618   0  -1   -1
    2058.669820   0.991275   0.002617   0  -1   -1
    2058.670280   0.988444   0.002613   0  -1   -1
    2058.670510   0.991783   0.002617   0  -1   -1
    2058.670740   0.992372   0.002619   0  -1   -1
    2058.671210   0.995867   0.002619   0  -1   -1
    2058.671440   0.991934   0.002618   0  -1   -1
    2058.671670   0.998183   0.002623   0  -1   -1
    2058.671900   0.991679   0.002619   0  -1   -1
    2058.672130   0.992792   0.002620   0  -1   -1
    2058.672360   0.990187   0.002617   0  -1   -1
    2058.672600   0.988653   0.002617   0  -1   -1
    2058.672830   0.990779   0.002618   0  -1   -1
    2058.673060   0.995384   0.002621   0  -1   -1
    2058.673290   0.987345   0.002616   0  -1   -1
    2058.673520   0.991650   0.002619   0  -1   -1
    2058.673750   0.991552   0.002616   0  -1   -1
    2058.673980   0.991006   0.002616   0  -1   -1
    2058.674220   0.990255   0.002618   0  -1   -1
    2058.674450   0.985331   0.002615   0  -1   -1
    2058.674680   0.987962   0.002618   0  -1   -1
    2058.674910   0.987748   0.002616   0  -1   -1
    2058.675140   0.987345   0.002617   0  -1   -1
    2058.675370   0.992405   0.002618   0  -1   -1
    2058.675600   0.985406   0.002615   0  -1   -1
    2058.675840   0.991557   0.002616   0  -1   -1
    2058.676300   0.985625   0.002614   0  -1   -1
    2058.676530   0.987706   0.002616   0  -1   -1
    2058.676760   0.988770   0.002615   0  -1   -1
    2058.676990   0.983779   0.002614   0  -1   -1
    2058.677230   0.988280   0.002616   0  -1   -1
    2058.677460   0.984221   0.002613   0  -1   -1
    2058.677920   0.988456   0.002616   0  -1   -1
    2058.678150   0.981756   0.002613   0  -1   -1
    2058.678380   0.991277   0.002617   0  -1   -1
    2058.678610   0.987864   0.002616   0  -1   -1
    2058.678850   0.989132   0.002618   0  -1   -1
    2058.679080   0.990677   0.002617   0  -1   -1
    2058.679310   0.987144   0.002615   0  -1   -1
    2058.679540   0.987910   0.002616   0  -1   -1
    2058.679770   0.987284   0.002616   0  -1   -1
    2058.680000   0.986127   0.002613   0  -1   -1
    2058.680230   0.984006   0.002615   0  -1   -1
    2058.680470   0.987121   0.002615   0  -1   -1
    2058.680700   0.985270   0.002614   0  -1   -1
    2058.680930   0.986261   0.002614   0  -1   -1
    2058.681160   0.988488   0.002616   0  -1   -1
    2058.681620   0.982374   0.002610   0  -1   -1
    2058.681850   0.983856   0.002615   0  -1   -1
    2058.682090   0.985669   0.002615   0  -1   -1
    2058.682550   0.980539   0.002611   0  -1   -1
    2058.682780   0.984954   0.002613   0  -1   -1
    2058.683010   0.983877   0.002615   0  -1   -1
    2058.683240   0.983735   0.002614   0  -1   -1
    2058.683470   0.983075   0.002615   0  -1   -1
    2058.683710   0.983087   0.002615   0  -1   -1
    2058.684170   0.988367   0.002617   0  -1   -1
    2058.684400   0.984929   0.002616   0  -1   -1
    2058.684630   0.984560   0.002616   0  -1   -1
    2058.684860   0.989474   0.002619   0  -1   -1
    2058.685100   0.986483   0.002616   0  -1   -1
    2058.685330   0.986490   0.002620   0  -1   -1
    2058.685560   0.986490   0.002617   0  -1   -1
    2058.685790   0.981187   0.002612   0  -1   -1
    2058.686020   0.985051   0.002610   0  -1   -1
    2058.686250   0.982788   0.002613   0  -1   -1
    2058.686480   0.982457   0.002613   0  -1   -1
    2058.686720   0.984542   0.002614   0  -1   -1
    2058.686950   0.985940   0.002614   0  -1   -1
    2058.687180   0.986878   0.002628   0  -1   -1
    2058.687410   0.985144   0.002615   0  -1   -1
    2058.687640   0.985065   0.002616   0  -1   -1
    2058.687870   0.987948   0.002617   0  -1   -1
    2058.688100   0.983471   0.002617   0  -1   -1
    2058.688340   0.983464   0.002616   0  -1   -1
    2058.688570   0.987139   0.002617   0  -1   -1
    2058.688800   0.979248   0.002612   0  -1   -1
    2058.689030   0.983584   0.002619   0  -1   -1
    2058.689260   0.980921   0.002614   0  -1   -1
    2058.689490   0.987614   0.002618   0  -1   -1
    2058.689720   0.982384   0.002614   0  -1   -1
    2058.689960   0.985615   0.002615   0  -1   -1
    2058.690190   0.987225   0.002619   0  -1   -1
    2058.690420   0.988123   0.002618   0  -1   -1
    2058.690650   0.987323   0.002619   0  -1   -1
    2058.690880   0.982607   0.002612   0  -1   -1
    2058.691110   0.985220   0.002616   0  -1   -1
    2058.691340   0.986381   0.002617   0  -1   -1
    2058.691580   0.987722   0.002620   0  -1   -1
    2058.691810   0.986930   0.002617   0  -1   -1
    2058.692040   0.983799   0.002618   0  -1   -1
    2058.692270   0.982811   0.002617   0  -1   -1
    2058.692500   0.982848   0.002617   0  -1   -1
    2058.692730   0.982571   0.002617   0  -1   -1
    2058.692970   0.980983   0.002615   0  -1   -1
    2058.693200   0.980566   0.002614   0  -1   -1
    2058.693430   0.984394   0.002617   0  -1   -1
    2058.693660   0.986244   0.002617   0  -1   -1
    2058.693890   0.985748   0.002616   0  -1   -1
    2058.694120   0.982166   0.002616   0  -1   -1
    2058.694350   0.979860   0.002614   0  -1   -1
    2058.694590   0.984173   0.002616   0  -1   -1
    2058.694820   0.984002   0.002618   0  -1   -1
    2058.695050   0.983941   0.002618   0  -1   -1
    2058.695280   0.980437   0.002614   0  -1   -1
    2058.695510   0.985171   0.002617   0  -1   -1
    2058.695740   0.985212   0.002617   0  -1   -1
    2058.695970   0.980913   0.002619   0  -1   -1
    2058.696210   0.982556   0.002613   0  -1   -1
    2058.696440   0.982661   0.002617   0  -1   -1
    2058.696670   0.986264   0.002618   0  -1   -1
    2058.696900   0.985392   0.002619   0  -1   -1
    2058.697130   0.982571   0.002616   0  -1   -1
    2058.697360   0.988007   0.002618   0  -1   -1
    2058.697590   0.984564   0.002624   0  -1   -1
    2058.697830   0.983914   0.002617   0  -1   -1
    2058.698060   0.978948   0.002615   0  -1   -1
    2058.698290   0.983191   0.002617   0  -1   -1
    2058.698520   0.981877   0.002623   0  -1   -1
    2058.698750   0.986488   0.002619   0  -1   -1
    2058.698980   0.981926   0.002617   0  -1   -1
    2058.699220   0.979818   0.002616   0  -1   -1
    2058.699450   0.985835   0.002619   0  -1   -1
    2058.699680   0.983534   0.002618   0  -1   -1
    2058.700140   0.981900   0.002616   0  -1   -1
    2058.700370   0.986720   0.002617   0  -1   -1
    2058.700600   0.982407   0.002617   0  -1   -1
    2058.700840   0.981663   0.002616   0  -1   -1
    2058.701070   0.982324   0.002618   0  -1   -1
    2058.701300   0.987072   0.002621   0  -1   -1
    2058.701760   0.983669   0.002617   0  -1   -1
    2058.701990   0.980982   0.002617   0  -1   -1
    2058.702220   0.984420   0.002618   0  -1   -1
    2058.702460   0.982643   0.002617   0  -1   -1
    2058.702690   0.984425   0.002619   0  -1   -1
    2058.702920   0.982355   0.002618   0  -1   -1
    2058.703150   0.984934   0.002616   0  -1   -1
    2058.703380   0.989528   0.002621   0  -1   -1
    2058.703610   0.980273   0.002615   0  -1   -1
    2058.703840   0.983406   0.002618   0  -1   -1
    2058.704310   0.975685   0.002612   0  -1   -1
    2058.704540   0.984712   0.002620   0  -1   -1
    2058.704770   0.984157   0.002619   0  -1   -1
    2058.705000   0.982556   0.002617   0  -1   -1
    2058.705230   0.985138   0.002618   0  -1   -1
    2058.705460   0.984293   0.002621   0  -1   -1
    2058.705700   0.986901   0.002620   0  -1   -1
    2058.705930   0.983312   0.002620   0  -1   -1
    2058.706620   0.982882   0.002617   0  -1   -1
    2058.706850   0.982020   0.002618   0  -1   -1
    2058.707090   0.983521   0.002618   0  -1   -1
    2058.707320   0.985861   0.002618   0  -1   -1
    2058.707550   0.986942   0.002622   0  -1   -1
    2058.707780   0.990422   0.002623   0  -1   -1
    2058.708010   0.986936   0.002623   0  -1   -1
    2058.708240   0.982576   0.002616   0  -1   -1
    2058.708470   0.983636   0.002619   0  -1   -1
    2058.708710   0.985756   0.002619   0  -1   -1
    2058.708940   0.986231   0.002620   0  -1   -1
    2058.709170   0.985574   0.002621   0  -1   -1
    2058.709400   0.981862   0.002616   0  -1   -1
    2058.709630   0.989474   0.002624   0  -1   -1
    2058.709860   0.986294   0.002627   0  -1   -1
    2058.710090   0.990792   0.002624   0  -1   -1
    2058.710330   0.987661   0.002620   0  -1   -1
    2058.710560   0.983914   0.002618   0  -1   -1
    2058.710790   0.983786   0.002628   0  -1   -1
    2058.711020   0.984944   0.002618   0  -1   -1
    2058.711250   0.989288   0.002624   0  -1   -1
    2058.711480   0.987282   0.002623   0  -1   -1
    2058.711710   0.984298   0.002619   0  -1   -1
    2058.711950   0.986139   0.002620   0  -1   -1
    2058.712180   0.987151   0.002620   0  -1   -1
    2058.712410   0.991761   0.002627   0  -1   -1
    2058.712640   0.988020   0.002625   0  -1   -1
    2058.712870   0.989185   0.002625   0  -1   -1
    2058.713100   0.989415   0.002623   0  -1   -1
    2058.713330   0.988212   0.002624   0  -1   -1
    2058.713570   0.986425   0.002618   0  -1   -1
    2058.713800   0.985887   0.002622   0  -1   -1
    2058.714030   0.984662   0.002619   0  -1   -1
    2058.714260   0.990238   0.002625   0  -1   -1
    2058.714490   0.988095   0.002623   0  -1   -1
    2058.714720   0.987916   0.002623   0  -1   -1
    2058.714960   0.984205   0.002617   0  -1   -1
    2058.715190   0.985792   0.002623   0  -1   -1
    2058.715420   0.984147   0.002620   0  -1   -1
    2058.715650   0.986480   0.002622   0  -1   -1
    2058.715880   0.992572   0.002626   0  -1   -1
    2058.716110   0.985632   0.002622   0  -1   -1
    2058.716340   0.983157   0.002621   0  -1   -1
    2058.716580   0.987330   0.002624   0  -1   -1
    2058.716810   0.990029   0.002625   0  -1   -1
    2058.717040   0.987689   0.002624   0  -1   -1
    2058.717270   0.984146   0.002620   0  -1   -1
    2058.717500   0.990781   0.002625   0  -1   -1
    2058.717730   0.987084   0.002621   0  -1   -1
    2058.717960   0.989514   0.002625   0  -1   -1
    2058.718200   0.988036   0.002625   0  -1   -1
    2058.718430   0.990900   0.002626   0  -1   -1
    2058.718660   0.990213   0.002624   0  -1   -1
    2058.718890   0.993064   0.002630   0  -1   -1
    2058.719120   0.987791   0.002623   0  -1   -1
    2058.719350   0.993833   0.002626   0  -1   -1
    2058.719580   0.985722   0.002622   0  -1   -1
    2058.719820   0.991249   0.002624   0  -1   -1
    2058.720050   0.985472   0.002624   0  -1   -1
    2058.720280   0.988779   0.002626   0  -1   -1
    2058.720510   0.988353   0.002623   0  -1   -1
    2058.720740   0.992093   0.002624   0  -1   -1
    2058.720970   0.991587   0.002627   0  -1   -1
    2058.721210   0.989530   0.002625   0  -1   -1
    2058.721440   0.992471   0.002626   0  -1   -1
    2058.721670   0.990213   0.002627   0  -1   -1
    2058.721900   0.989790   0.002626   0  -1   -1
    2058.722130   0.986999   0.002626   0  -1   -1
    2058.722360   0.988198   0.002625   0  -1   -1
    2058.722590   0.991506   0.002628   0  -1   -1
    2058.722830   0.991934   0.002629   0  -1   -1
    2058.723060   0.994041   0.002627   0  -1   -1
    2058.723290   0.991693   0.002629   0  -1   -1
    2058.723520   0.995435   0.002628   0  -1   -1
    2058.723750   0.992136   0.002627   0  -1   -1
    2058.723980   0.992967   0.002626   0  -1   -1
    2058.724450   0.997143   0.002631   0  -1   -1
    2058.724680   0.995475   0.002629   0  -1   -1
    2058.724910   0.997518   0.002630   0  -1   -1
    2058.725140   0.997221   0.002629   0  -1   -1
    2058.725370   0.996876   0.002632   0  -1   -1
    2058.725600   0.996149   0.002629   0  -1   -1
    2058.725830   0.993194   0.002629   0  -1   -1
    2058.726070   0.995160   0.002630   0  -1   -1
    2058.726300   0.988978   0.002626   0  -1   -1
    2058.726530   0.992973   0.002628   0  -1   -1
    2058.726760   0.999068   0.002632   0  -1   -1
    2058.726990   0.996022   0.002631   0  -1   -1
    2058.727220   0.991588   0.002631   0  -1   -1
    2058.727450   0.996275   0.002631   0  -1   -1
    2058.727920   0.992311   0.002628   0  -1   -1
    2058.728150   0.997686   0.002632   0  -1   -1
    2058.728380   1.000812   0.002636   0  -1   -1
    2058.728610   0.993515   0.002630   0  -1   -1
    2058.728840   0.999906   0.002635   0  -1   -1
    2058.729080   0.997414   0.002632   0  -1   -1
    2058.729310   0.994204   0.002628   0  -1   -1
    2058.729540   0.994654   0.002630   0  -1   -1
    2058.729770   0.999113   0.002635   0  -1   -1
    2058.730000   0.995481   0.002633   0  -1   -1
    2058.730230   0.996382   0.002633   0  -1   -1
    2058.730460   0.997878   0.002634   0  -1   -1
    2058.730700   0.991444   0.002631   0  -1   -1
    2058.730930   0.997569   0.002633   0  -1   -1
    2058.731160   0.994923   0.002631   0  -1   -1
    2058.731390   0.999800   0.002639   0  -1   -1
    2058.731620   1.002160   0.002635   0  -1   -1
    2058.731850   0.999325   0.002633   0  -1   -1
    2058.732080   0.996456   0.002634   0  -1   -1
    2058.732320   0.997281   0.002632   0  -1   -1
    2058.732550   0.997307   0.002634   0  -1   -1
    2058.732780   0.998993   0.002632   0  -1   -1
    2058.733010   1.000041   0.002635   0  -1   -1
    2058.733240   1.001388   0.002633   0  -1   -1
    2058.733470   0.996243   0.002632   0  -1   -1
    2058.733700   0.996707   0.002635   0  -1   -1
    2058.733940   1.002470   0.002636   0  -1   -1
    2058.734170   0.999304   0.002635   0  -1   -1
    2058.734400   0.998577   0.002632   0  -1   -1
    2058.734630   0.997767   0.002634   0  -1   -1
    2058.734860   1.001146   0.002636   0  -1   -1
    2058.735090   1.001060   0.002633   0  -1   -1
    2058.735320   0.996657   0.002634   0  -1   -1
    2058.735560   1.003369   0.002639   0  -1   -1
    2058.735790   0.998391   0.002633   0  -1   -1
    2058.736020   0.999367   0.002636   0  -1   -1
    2058.736250   0.994813   0.002631   0  -1   -1
    2058.736480   0.999717   0.002633   0  -1   -1
    2058.736710   0.999944   0.002635   0  -1   -1
    2058.736950   1.000579   0.002635   0  -1   -1
    2058.737180   1.001233   0.002636   0  -1   -1
    2058.737410   1.002002   0.002635   0  -1   -1
    2058.737640   1.003286   0.002636   0  -1   -1
    2058.737870   1.000063   0.002636   0  -1   -1
    2058.738100   0.996955   0.002636   0  -1   -1
    2058.738330   1.005905   0.002639   0  -1   -1
    2058.738570   1.000665   0.002635   0  -1   -1
    2058.738800   0.998713   0.002636   0  -1   -1
    2058.739030   0.997355   0.002632   0  -1   -1
    2058.739260   1.002473   0.002636   0  -1   -1
    2058.739490   0.999676   0.002637   0  -1   -1
    2058.739720   0.998910   0.002630   0  -1   -1
    2058.739950   1.000471   0.002638   0  -1   -1
    2058.740190   1.002617   0.002636   0  -1   -1
    2058.740420   1.001758   0.002638   0  -1   -1
    2058.740650   0.998344   0.002635   0  -1   -1
    2058.741110   0.998461   0.002637   0  -1   -1
    2058.741340   1.002430   0.002636   0  -1   -1
    2058.741570   1.002059   0.002634   0  -1   -1
    2058.741810   1.002459   0.002637   0  -1   -1
    2058.742040   0.999719   0.002636   0  -1   -1
    2058.742270   0.997111   0.002636   0  -1   -1
    2058.742500   0.998102   0.002635   0  -1   -1
    2058.742730   1.002670   0.002637   0  -1   -1
    2058.742960   1.001286   0.002635   0  -1   -1
    2058.743190   1.002435   0.002640   0  -1   -1
    2058.743430   1.001603   0.002639   0  -1   -1
    2058.743660   0.997374   0.002634   0  -1   -1
    2058.743890   0.997137   0.002636   0  -1   -1
    2058.744120   1.002802   0.002644   0  -1   -1
    2058.744350   1.001197   0.002636   0  -1   -1
    2058.744580   0.998203   0.002633   0  -1   -1
    2058.744820   1.003237   0.002639   0  -1   -1
    2058.745050   0.997069   0.002638   0  -1   -1
    2058.745280   1.001553   0.002636   0  -1   -1
    2058.745510   1.001515   0.002637   0  -1   -1
    2058.745740   0.997384   0.002634   0  -1   -1
    2058.745970   1.001086   0.002638   0  -1   -1
    2058.746440   0.997297   0.002635   0  -1   -1
    2058.746670   1.002129   0.002636   0  -1   -1
    2058.746900   0.998967   0.002636   0  -1   -1
    2058.747130   1.003261   0.002641   0  -1   -1
    2058.747360   1.000398   0.002636   0  -1   -1
    2058.747590   0.998791   0.002636   0  -1   -1
    2058.747820   0.999795   0.002637   0  -1   -1
    2058.748060   1.001748   0.002638   0  -1   -1
    2058.748290   1.002114   0.002637   0  -1   -1
    2058.748520   1.002407   0.002640   0  -1   -1
    2058.748750   0.997812   0.002637   0  -1   -1
    2058.748980   0.996225   0.002639   0  -1   -1
    2058.749210   0.998451   0.002637   0  -1   -1
    2058.749440   1.001664   0.002638   0  -1   -1
    2058.749680   1.000796   0.002639   0  -1   -1
    2058.749910   1.003169   0.002640   0  -1   -1
    2058.750140   1.001845   0.002636   0  -1   -1
    2058.750370   1.002239   0.002639   0  -1   -1
    2058.750600   1.000783   0.002639   0  -1   -1
    2058.750830   1.003411   0.002641   0  -1   -1
    2058.751070   1.002360   0.002639   0  -1   -1
    2058.751300   1.003656   0.002638   0  -1   -1
    2058.751530   1.002433   0.002640   0  -1   -1
    2058.751760   0.995039   0.002635   0  -1   -1
    2058.751990   1.004803   0.002641   0  -1   -1
    2058.752220   0.997498   0.002636   0  -1   -1
    2058.752450   0.998450   0.002635   0  -1   -1
    2058.752690   1.003423   0.002640   0  -1   -1
    2058.752920   0.998446   0.002635   0  -1   -1
    2058.753150   1.001436   0.002638   0  -1   -1
    2058.753380   1.000740   0.002639   0  -1   -1
    2058.753610   1.003255   0.002640   0  -1   -1
    2058.753840   1.001662   0.002637   0  -1   -1
    2058.754070   1.000279   0.002636   0  -1   -1
    2058.754310   0.997757   0.002636   0  -1   -1
    2058.754540   1.001240   0.002637   0  -1   -1
    2058.754770   1.002594   0.002638   0  -1   -1
    2058.755000   1.002816   0.002639   0  -1   -1
    2058.755230   1.000687   0.002639   0  -1   -1
    2058.755460   0.995650   0.002636   0  -1   -1
    2058.755690   0.996183   0.002635   0  -1   -1
    2058.755930   1.001711   0.002637   0  -1   -1
    2058.756160   1.003031   0.002640   0  -1   -1
    2058.756390   0.997749   0.002635   0  -1   -1
    2058.756620   1.001811   0.002637   0  -1   -1
    2058.756850   0.995557   0.002637   0  -1   -1
    2058.757080   1.001940   0.002638   0  -1   -1
    2058.757310   0.998301   0.002640   0  -1   -1
    2058.757550   0.996500   0.002635   0  -1   -1
    2058.757780   0.999642   0.002637   0  -1   -1
    2058.758010   0.998924   0.002643   0  -1   -1
    2058.758240   1.002806   0.002642   0  -1   -1
    2058.758470   1.002129   0.002640   0  -1   -1
    2058.758700   1.004130   0.002640   0  -1   -1
    2058.758940   0.999678   0.002638   0  -1   -1
    2058.759170   1.000568   0.002637   0  -1   -1
    2058.759400   0.998167   0.002639   0  -1   -1
    2058.759630   0.999818   0.002640   0  -1   -1
    2058.759860   1.000189   0.002638   0  -1   -1
    2058.760090   0.995153   0.002637   0  -1   -1
    2058.760320   0.999659   0.002646   0  -1   -1
    2058.760560   1.005767   0.002643   0  -1   -1
    2058.760790   1.003810   0.002640   0  -1   -1
    2058.761020   1.003883   0.002641   0  -1   -1
    2058.761480   0.995605   0.002658   0  -1   -1
    2058.761710   0.999373   0.002638   0  -1   -1
    2058.761940   0.998127   0.002637   0  -1   -1
    2058.762180   0.996076   0.002633   0  -1   -1
    2058.762410   1.001593   0.002641   0  -1   -1
    2058.762640   0.999539   0.002640   0  -1   -1
    2058.762870   1.005060   0.002642   0  -1   -1
    2058.763100   0.997027   0.002645   0  -1   -1
    2058.763330   0.999436   0.002640   0  -1   -1
    2058.763560   0.998581   0.002637   0  -1   -1
    2058.763800   0.998736   0.002640   0  -1   -1
    2058.764030   1.000550   0.002640   0  -1   -1
    2058.764260   0.995825   0.002636   0  -1   -1
    2058.764490   1.000230   0.002642   0  -1   -1
    2058.764720   0.998038   0.002636   0  -1   -1
    2058.764950   0.997815   0.002638   0  -1   -1
    2058.765180   1.001951   0.002637   0  -1   -1
    2058.765420   0.997982   0.002638   0  -1   -1
    2058.765650   0.999396   0.002638   0  -1   -1
    2058.765880   1.004784   0.002645   0  -1   -1
    2058.766110   1.000114   0.002641   0  -1   -1
    2058.766340   1.000099   0.002638   0  -1   -1
    2058.766570   1.001601   0.002643   0  -1   -1
    2058.766810   0.999393   0.002639   0  -1   -1
    2058.767040   0.998794   0.002641   0  -1   -1
    2058.767270   0.999075   0.002640   0  -1   -1
    2058.767500   1.001957   0.002641   0  -1   -1
    2058.767730   0.996738   0.002640   0  -1   -1
    2058.767960   1.001189   0.002652   0  -1   -1
    2058.768190   1.006226   0.002643   0  -1   -1
    2058.768430   0.996755   0.002638   0  -1   -1
    2058.768660   1.003864   0.002645   0  -1   -1
    2058.768890   1.000880   0.002641   0  -1   -1
    2058.769120   1.001769   0.002641   0  -1   -1
    2058.769350   1.002775   0.002641   0  -1   -1
    2058.769580   0.999765   0.002640   0  -1   -1
    2058.769810   0.999658   0.002640   0  -1   -1
    2058.770050   1.000978   0.002640   0  -1   -1
    2058.770280   1.000470   0.002641   0  -1   -1
    2058.770510   1.002252   0.002642   0  -1   -1
    2058.770740   0.998954   0.002638   0  -1   -1
    2058.770970   1.000636   0.002642   0  -1   -1
    2058.771200   0.996175   0.002639   0  -1   -1
    2058.771430   1.003578   0.002643   0  -1   -1
    2058.771670   1.005334   0.002647   0  -1   -1
    2058.771900   0.998118   0.002641   0  -1   -1
    2058.772130   1.003350   0.002643   0  -1   -1
    2058.772360   1.000726   0.002641   0  -1   -1
    2058.772590   1.002236   0.002644   0  -1   -1
    2058.773060   0.998888   0.002640   0  -1   -1
    2058.773290   0.996459   0.002639   0  -1   -1
    2058.773520   0.997302   0.002639   0  -1   -1
    2058.773750   0.999540   0.002642   0  -1   -1
    2058.773980   0.996747   0.002641   0  -1   -1
    2058.774210   1.000647   0.002641   0  -1   -1
    2058.774440   1.002704   0.002645   0  -1   -1
    2058.774680   1.000329   0.002639   0  -1   -1
    2058.774910   1.003714   0.002640   0  -1   -1
    2058.775140   1.004138   0.002644   0  -1   -1
    2058.775370   1.000073   0.002641   0  -1   -1
    2058.775600   0.998578   0.002642   0  -1   -1
    2058.775830   0.999796   0.002639   0  -1   -1
    2058.776060   0.997199   0.002640   0  -1   -1
    2058.776300   1.001463   0.002639   0  -1   -1
    2058.776760   1.001750   0.002643   0  -1   -1
    2058.776990   0.998113   0.002640   0  -1   -1
    2058.777220   1.000170   0.002643   0  -1   -1
    2058.777450   0.998549   0.002645   0  -1   -1
    2058.777680   1.001652   0.002638   0  -1   -1
    2058.777920   1.001684   0.002643   0  -1   -1
    2058.778150   1.003375   0.002644   0  -1   -1
    2058.778380   1.004766   0.002645   0  -1   -1
    2058.778610   1.000225   0.002641   0  -1   -1
    2058.778840   1.004129   0.002646   0  -1   -1
    2058.779070   1.003257   0.002644   0  -1   -1
    2058.779300   0.997561   0.002640   0  -1   -1
    2058.779540   0.998581   0.002641   0  -1   -1
    2058.779770   1.004454   0.002644   0  -1   -1
    2058.780000   1.000322   0.002643   0  -1   -1
    2058.780230   0.999261   0.002643   0  -1   -1
    2058.780460   0.999140   0.002643   0  -1   -1
    2058.780690   1.002802   0.002646   0  -1   -1
    2058.780930   0.998500   0.002639   0  -1   -1
    2058.781160   0.999414   0.002643   0  -1   -1
    2058.781390   0.999508   0.002644   0  -1   -1
    2058.781620   1.000418   0.002644   0  -1   -1
    2058.781850   0.999175   0.002645   0  -1   -1
    2058.782080   0.998562   0.002640   0  -1   -1
    2058.782310   0.997557   0.002641   0  -1   -1
    2058.782550   0.996014   0.002640   0  -1   -1
    2058.782780   0.996576   0.002640   0  -1   -1
    2058.783010   1.000615   0.002642   0  -1   -1
    2058.783240   0.996040   0.002640   0  -1   -1
    2058.783470   1.003116   0.002644   0  -1   -1
    2058.783700   0.999521   0.002644   0  -1   -1
    2058.783930   0.996983   0.002642   0  -1   -1
    2058.784170   0.998345   0.002642   0  -1   -1
    2058.784400   1.001173   0.002645   0  -1   -1
    2058.784630   1.001242   0.002645   0  -1   -1
    2058.784860   0.995844   0.002641   0  -1   -1
    2058.785090   1.000072   0.002644   0  -1   -1
    2058.785320   1.001613   0.002644   0  -1   -1
    2058.785550   0.999689   0.002645   0  -1   -1
    2058.785790   0.999371   0.002645   0  -1   -1
    2058.786020   1.000718   0.002645   0  -1   -1
    2058.786250   1.000865   0.002644   0  -1   -1
    2058.786480   1.001454   0.002642   0  -1   -1
    2058.786710   1.001470   0.002645   0  -1   -1
    2058.786940   0.997714   0.002644   0  -1   -1
    2058.787170   0.998987   0.002646   0  -1   -1
    2058.787410   0.997394   0.002644   0  -1   -1
    2058.787640   1.002935   0.002646   0  -1   -1
    2058.787870   1.000796   0.002646   0  -1   -1
    2058.788100   1.001233   0.002646   0  -1   -1
    2058.788330   0.998029   0.002639   0  -1   -1
    2058.788560   1.008021   0.002651   0  -1   -1
    2058.789030   0.998825   0.002645   0  -1   -1
    2058.789260   1.001359   0.002644   0  -1   -1
    2058.789490   0.996157   0.002645   0  -1   -1
    2058.789720   0.999617   0.002645   0  -1   -1
    2058.789950   1.000692   0.002644   0  -1   -1
    2058.790180   0.998550   0.002641   0  -1   -1
    2058.790420   0.996553   0.002644   0  -1   -1
    2058.790650   1.003029   0.002652   0  -1   -1
    2058.790880   0.998862   0.002645   0  -1   -1
    2058.791110   1.001380   0.002647   0  -1   -1
    2058.791340   0.997986   0.002642   0  -1   -1
    2058.791570   1.004198   0.002649   0  -1   -1
    2058.791800   0.995929   0.002641   0  -1   -1
    2058.792040   1.000507   0.002643   0  -1   -1
    2058.792270   1.003347   0.002647   0  -1   -1
    2058.792500   1.003321   0.002648   0  -1   -1
    2058.792730   1.002768   0.002646   0  -1   -1
    2058.792960   0.999889   0.002646   0  -1   -1
    2058.793190   1.002911   0.002647   0  -1   -1
    2058.793420   0.997581   0.002642   0  -1   -1
    2058.793660   1.003748   0.002648   0  -1   -1
    2058.793890   0.998869   0.002646   0  -1   -1
    2058.794120   0.999718   0.002645   0  -1   -1
    2058.794350   1.001065   0.002646   0  -1   -1
    2058.794580   1.000953   0.002645   0  -1   -1
    2058.794810   0.998759   0.002645   0  -1   -1
    2058.795050   1.004304   0.002648   0  -1   -1
    2058.795280   1.002551   0.002645   0  -1   -1
    2058.795510   1.002759   0.002645   0  -1   -1
    2058.795740   0.998506   0.002644   0  -1   -1
    2058.795970   0.998035   0.002646   0  -1   -1
    2058.796430   1.001152   0.002648   0  -1   -1
    2058.796670   1.002546   0.002647   0  -1   -1
    2058.796900   0.998903   0.002647   0  -1   -1
    2058.797130   1.002333   0.002649   0  -1   -1
    2058.797360   1.002053   0.002649   0  -1   -1
    2058.797590   0.997992   0.002645   0  -1   -1
    2058.797820   1.000940   0.002647   0  -1   -1
    2058.798050   0.999066   0.002645   0  -1   -1
    2058.798290   0.994707   0.002643   0  -1   -1
    2058.798520   1.000367   0.002646   0  -1   -1
    2058.798750   1.000160   0.002644   0  -1   -1
    2058.798980   0.994923   0.002644   0  -1   -1
    2058.799210   1.001086   0.002650   0  -1   -1
    2058.799440   1.001408   0.002647   0  -1   -1
    2058.799670   0.999995   0.002648   0  -1   -1
    2058.799910   1.001389   0.002648   0  -1   -1
    2058.800140   0.998389   0.002705   0  -1   -1
    2058.800370   1.002573   0.002648   0  -1   -1
    2058.800600   1.000093   0.002647   0  -1   -1
    2058.800830   1.000504   0.002648   0  -1   -1
    2058.801060   0.999478   0.002646   0  -1   -1
    2058.801290   0.998239   0.002646   0  -1   -1
    2058.801530   1.003128   0.002650   0  -1   -1
    2058.801760   0.996985   0.002645   0  -1   -1
    2058.801990   1.002882   0.002648   0  -1   -1
    2058.802450   1.006434   0.002651   0  -1   -1
    2058.802920   0.997274   0.002645   0  -1   -1
    2058.803150   0.999771   0.002649   0  -1   -1
    2058.803380   0.998630   0.002649   0  -1   -1
    2058.803610   1.003589   0.002649   0  -1   -1
    2058.803840   1.001316   0.002649   0  -1   -1
    2058.804070   1.000121   0.002649   0  -1   -1
    2058.804300   1.004617   0.002651   0  -1   -1
    2058.804540   0.996558   0.002647   0  -1   -1
    2058.804770   1.006138   0.002652   0  -1   -1
    2058.805000   0.998511   0.002646   0  -1   -1
    2058.805230   1.000009   0.002648   0  -1   -1
    2058.805460   0.998705   0.002648   0  -1   -1
    2058.805690   1.005175   0.002649   0  -1   -1
    2058.805920   1.003481   0.002651   0  -1   -1
    2058.806160   0.998890   0.002648   0  -1   -1
    2058.806390   1.001352   0.002649   0  -1   -1
    2058.806620   1.001905   0.002647   0  -1   -1
    2058.806850   0.999466   0.002648   0  -1   -1
    2058.807080   0.995604   0.002645   0  -1   -1
    2058.807310   0.999873   0.002650   0  -1   -1
    2058.807540   1.004804   0.002652   0  -1   -1
    2058.807780   0.997128   0.002646   0  -1   -1
    2058.808010   0.998891   0.002648   0  -1   -1
    2058.808240   1.002276   0.002650   0  -1   -1
    2058.808470   1.001728   0.002651   0  -1   -1
    2058.808700   1.001178   0.002650   0  -1   -1
    2058.808930   1.001232   0.002649   0  -1   -1
    2058.809160   0.998980   0.002646   0  -1   -1
    2058.809400   1.002245   0.002649   0  -1   -1
    2058.809860   1.004979   0.002653   0  -1   -1
    2058.810090   1.001528   0.002652   0  -1   -1
    2058.810320   0.999032   0.002650   0  -1   -1
    2058.810550   0.996208   0.002646   0  -1   -1
    2058.810790   0.999147   0.002651   0  -1   -1
    2058.811020   0.999991   0.002650   0  -1   -1
    2058.811250   1.002297   0.002651   0  -1   -1
    2058.811480   0.998805   0.002649   0  -1   -1
    2058.811710   1.001801   0.002650   0  -1   -1
    2058.811940   1.002085   0.002650   0  -1   -1
    2058.812170   0.993107   0.002646   0  -1   -1
    2058.812410   0.994617   0.002646   0  -1   -1
    2058.812640   1.001045   0.002652   0  -1   -1
    2058.812870   0.998261   0.002649   0  -1   -1
    2058.813100   1.002090   0.002651   0  -1   -1
    2058.813330   1.002897   0.002653   0  -1   -1
    2058.813790   0.999111   0.002651   0  -1   -1
    2058.814030   1.002703   0.002650   0  -1   -1
    2058.814260   1.003706   0.002652   0  -1   -1
    2058.814490   1.004074   0.002651   0  -1   -1
    2058.814720   0.998919   0.002650   0  -1   -1
    2058.814950   0.999547   0.002653   0  -1   -1
    2058.815180   0.999029   0.002648   0  -1   -1
    2058.815650   0.999576   0.002654   0  -1   -1
    2058.815880   1.000966   0.002652   0  -1   -1
    2058.816110   1.005961   0.002654   0  -1   -1
    2058.816340   1.000400   0.002669   0  -1   -1
    2058.816570   0.996650   0.002648   0  -1   -1
    2058.816800   1.005359   0.002656   0  -1   -1
    2058.817040   0.999622   0.002651   0  -1   -1
    2058.817270   0.992944   0.002648   0  -1   -1
    2058.817500   0.998555   0.002651   0  -1   -1
    2058.817730   1.001342   0.002652   0  -1   -1
    2058.817960   0.998653   0.002653   0  -1   -1
    2058.818190   1.002383   0.002654   0  -1   -1
    2058.818420   1.006333   0.002657   0  -1   -1
    2058.818660   1.001740   0.002651   0  -1   -1
    2058.818890   0.998758   0.002650   0  -1   -1
    2058.819120   1.005654   0.002656   0  -1   -1
    2058.819350   0.997436   0.002651   0  -1   -1
    2058.819580   0.997216   0.002651   0  -1   -1
    2058.819810   0.994359   0.002649   0  -1   -1
    2058.820040   0.999491   0.002655   0  -1   -1
    2058.820280   1.000105   0.002654   0  -1   -1
    2058.820510   1.000320   0.002652   0  -1   -1
    2058.820740   0.997345   0.002650   0  -1   -1
    2058.821200   0.997203   0.002652   0  -1   -1
    2058.821430   1.003494   0.002656   0  -1   -1
    2058.821900   0.999682   0.002654   0  -1   -1
    2058.822130   1.000056   0.002653   0  -1   -1
    2058.822360   0.996557   0.002649   0  -1   -1
    2058.822590   1.001430   0.002653   0  -1   -1
    2058.822820   0.998940   0.002653   0  -1   -1
    2058.823050   1.000868   0.002656   0  -1   -1
    2058.823280   0.999422   0.002650   0  -1   -1
    2058.823520   0.995964   0.002652   0  -1   -1
    2058.823750   0.999323   0.002655   0  -1   -1
    2058.823980   1.001878   0.002653   0  -1   -1
    2058.824210   0.996203   0.002651   0  -1   -1
    2058.824440   1.005503   0.002657   0  -1   -1
    2058.824670   1.000773   0.002655   0  -1   -1
    2058.824910   1.001520   0.002653   0  -1   -1
    2058.825140   1.002698   0.002654   0  -1   -1
    2058.825600   1.002655   0.002656   0  -1   -1
    2058.825830   1.004309   0.002661   0  -1   -1
    2058.826060   1.001458   0.002655   0  -1   -1
    2058.826290   1.000038   0.002653   0  -1   -1
    2058.826530   1.001919   0.002657   0  -1   -1
    2058.826760   1.003715   0.002656   0  -1   -1
    2058.826990   1.002967   0.002655   0  -1   -1
    2058.827220   1.000312   0.002654   0  -1   -1
    2058.827450   1.000935   0.002655   0  -1   -1
    2058.827680   0.998759   0.002654   0  -1   -1
    2058.828150   1.002790   0.002660   0  -1   -1
    2058.828380   0.997715   0.002652   0  -1   -1
    2058.828610   1.000787   0.002654   0  -1   -1
    2058.828840   1.003686   0.002656   0  -1   -1
    2058.829070   1.001687   0.002657   0  -1   -1
    2058.829300   0.998133   0.002655   0  -1   -1
    2058.829530   1.001355   0.002654   0  -1   -1
    2058.829770   1.003578   0.002656   0  -1   -1
    2058.830000   1.009100   0.002662   0  -1   -1
    2058.830230   1.002013   0.002656   0  -1   -1
    2058.830460   1.001757   0.002655   0  -1   -1
    2058.830690   1.003230   0.002658   0  -1   -1
    2058.830920   1.000577   0.002655   0  -1   -1
    2058.831150   0.999215   0.002653   0  -1   -1
    2058.831390   1.005130   0.002660   0  -1   -1
    2058.831620   1.003618   0.002655   0  -1   -1
    2058.831850   1.001524   0.002658   0  -1   -1
    2058.832080   1.000702   0.002655   0  -1   -1
    2058.832310   0.997464   0.002654   0  -1   -1
    2058.832540   1.000127   0.002656   0  -1   -1
    2058.832780   0.999429   0.002654   0  -1   -1
    2058.833010   0.999778   0.002653   0  -1   -1
    2058.833240   1.001828   0.002657   0  -1   -1
    2058.833700   0.998568   0.002654   0  -1   -1
    2058.833930   0.998459   0.002656   0  -1   -1
    2058.834160   1.001785   0.002658   0  -1   -1
    2058.834400   1.003230   0.002660   0  -1   -1
    2058.834630   1.005217   0.002658   0  -1   -1
    2058.834860   0.998501   0.002659   0  -1   -1
    2058.835090   0.998775   0.002655   0  -1   -1
    2058.835320   0.997617   0.002655   0  -1   -1
    2058.835550   0.999633   0.002688   0  -1   -1
    2058.835780   1.004367   0.002661   0  -1   -1
    2058.836020   0.995602   0.002653   0  -1   -1
    2058.836250   0.997575   0.002662   0  -1   -1
    2058.836480   1.004141   0.002658   0  -1   -1
    2058.836710   0.999545   0.002660   0  -1   -1
    2058.836940   0.997315   0.002655   0  -1   -1
    2058.837170   0.997430   0.002655   0  -1   -1
    2058.837400   1.000391   0.002660   0  -1   -1
    2058.837640   1.005333   0.002661   0  -1   -1
    2058.837870   1.002680   0.002664   0  -1   -1
    2058.838100   0.999239   0.002657   0  -1   -1
    2058.838330   0.999592   0.002657   0  -1   -1
    2058.838560   0.998128   0.002656   0  -1   -1
    2058.838790   0.998686   0.002658   0  -1   -1
    2058.839030   1.001200   0.002659   0  -1   -1
    2058.839260   0.993714   0.002656   0  -1   -1
    2058.839490   1.002507   0.002658   0  -1   -1
    2058.839720   1.001488   0.002658   0  -1   -1
    2058.839950   1.000870   0.002659   0  -1   -1
    2058.840180   0.998944   0.002656   0  -1   -1
    2058.840410   0.998458   0.002671   0  -1   -1
    2058.840650   1.000711   0.002659   0  -1   -1
    2058.840880   0.998996   0.002658   0  -1   -1
    2058.841110   0.997786   0.002657   0  -1   -1
    2058.841340   1.002548   0.002659   0  -1   -1
    2058.841570   1.003375   0.002663   0  -1   -1
    2058.842030   1.006987   0.002661   0  -1   -1
    2058.842270   1.000963   0.002660   0  -1   -1
    2058.842500   1.000136   0.002657   0  -1   -1
    2058.842730   0.998255   0.002658   0  -1   -1
    2058.842960   0.999354   0.002660   0  -1   -1
    2058.843190   0.999323   0.002657   0  -1   -1
    2058.843420   0.994726   0.002654   0  -1   -1
    2058.843650   1.001702   0.002659   0  -1   -1
    2058.843890   1.005486   0.002665   0  -1   -1
    2058.844120   0.999401   0.002659   0  -1   -1
    2058.844350   1.000779   0.002660   0  -1   -1
    2058.844580   1.001064   0.002657   0  -1   -1
    2058.844810   1.007887   0.002667   0  -1   -1
    2058.845040   1.005229   0.002664   0  -1   -1
    2058.845270   1.003113   0.002661   0  -1   -1
    2058.845510   0.998974   0.002658   0  -1   -1
    2058.845740   0.999384   0.002658   0  -1   -1
    2058.845970   1.005041   0.002662   0  -1   -1
    2058.846200   0.999324   0.002660   0  -1   -1
    2058.846430   0.998055   0.002657   0  -1   -1
    2058.846660   1.001752   0.002661   0  -1   -1
    2058.846900   1.003248   0.002661   0  -1   -1
    2058.847130   0.998535   0.002656   0  -1   -1
    2058.847360   0.998587   0.002660   0  -1   -1
    2058.847590   1.006592   0.002663   0  -1   -1
    2058.847820   0.999463   0.002659   0  -1   -1
    2058.848050   0.999882   0.002662   0  -1   -1
    2058.848280   0.999631   0.002659   0  -1   -1
    2058.848520   0.997280   0.002660   0  -1   -1
    2058.848750   0.999652   0.002659   0  -1   -1
    2058.848980   1.004724   0.002663   0  -1   -1
    2058.849210   0.996715   0.002658   0  -1   -1
    2058.849670   1.003000   0.002662   0  -1   -1
    2058.849900   0.997864   0.002659   0  -1   -1
