# time flux flux_err jitter_flag offset_flag subset
    2037.772100   1.001444   0.002424   0  -1   -1
    2037.772330   0.997820   0.002425   0  -1   -1
    2037.772560   0.996243   0.002422   0  -1   -1
    2037.773030   0.999538   0.002426   0  -1   -1
    2037.773260   1.001413   0.002427   0  -1   -1
    2037.773490   1.002465   0.002427   0  -1   -1
    2037.773720   0.998192   0.002425   0  -1   -1
    2037.773950   1.002468   0.002424   0  -1   -1
    2037.774180   0.995783   0.002422   0  -1   -1
    2037.774420   1.003740   0.002428   0  -1   -1
    2037.774650   1.001414   0.002426   0  -1   -1
    2037.774880   1.001250   0.002426   0  -1   -1
    2037.775110   1.001738   0.002427   0  -1   -1
    2037.775340   1.000488   0.002426   0  -1   -1
    2037.775570   1.000663   0.002428   0  -1   -1
    2037.775800   1.001716   0.002426   0  -1   -1
    2037.776040   1.000136   0.002426   0  -1   -1
    2037.776270   0.997132   0.002422   0  -1   -1
    2037.776500   1.001893   0.002428   0  -1   -1
    2037.776730   0.999288   0.002426   0  -1   -1
    2037.776960   0.994993   0.002424   0  -1   -1
    2037.777190   1.000417   0.002427   0  -1   -1
    2037.777420   1.000664   0.002430   0  -1   -1
    2037.777660   1.001281   0.002423   0  -1   -1
    2037.777890   0.998341   0.002422   0  -1   -1
    2037.778120   1.002540   0.002427   0  -1   -1
    2037.778350   1.000898   0.002425   0  -1   -1
    2037.778580   0.998589   0.002426   0  -1   -1
    2037.778810   0.997817   0.002423   0  -1   -1
    2037.779050   0.998692   0.002423   0  -1   -1
    2037.779280   1.001644   0.002428   0  -1   -1
    2037.779510   0.997933   0.002424   0  -1   -1
    2037.779740   0.996870   0.002423   0  -1   -1
    2037.779970   0.995430   0.002422   0  -1   -1
    2037.780200   1.002194   0.002426   0  -1   -1
    2037.780430   0.998414   0.002426   0  -1   -1
    2037.780670   0.998507   0.002422   0  -1   -1
    2037.780900   1.001127   0.002426   0  -1   -1
    2037.781130   0.999630   0.002423   0  -1   -1
    2037.781360   0.998524   0.002424   0  -1   -1
    2037.781820   0.998332   0.002423   0  -1   -1
    2037.782050   0.996522   0.002425   0  -1   -1
    2037.782290   1.001755   0.002424   0  -1   -1
    2037.782520   0.998852   0.002425   0  -1   -1
    2037.782750   1.002784   0.002426   0  -1   -1
    2037.782980   1.002832   0.002428   0  -1   -1
    2037.783210   0.999655   0.002423   0  -1   -1
    2037.783440   1.001063   0.002425   0  -1   -1
    2037.783670   0.997995   0.002426   0  -1   -1
    2037.783910   0.998785   0.002424   0  -1   -1
    2037.784140   0.999970   0.002425   0  -1   -1
    2037.784370   0.999440   0.002424   0  -1   -1
    2037.784600   0.999773   0.002426   0  -1   -1
    2037.784830   0.997337   0.002423   0  -1   -1
    2037.785060   0.999569   0.002424   0  -1   -1
    2037.785300   1.001749   0.002427   0  -1   -1
    2037.785530   0.997844   0.002424   0  -1   -1
    2037.785760   1.001619   0.002427   0  -1   -1
    2037.785990   0.999197   0.002424   0  -1   -1
    2037.786220   1.009866   0.002527   0  -1   -1
    2037.786450   1.000755   0.002427   0  -1   -1
    2037.786680   1.006054   0.002431   0  -1   -1
    2037.786920   1.000674   0.002425   0  -1   -1
    2037.787150   1.003272   0.002426   0  -1   -1
    2037.787380   0.999107   0.002425   0  -1   -1
    2037.787610   1.000333   0.002425   0  -1   -1
    2037.787840   1.001369   0.002426   0  -1   -1
    2037.788070   1.000430   0.002424   0  -1   -1
    2037.788300   1.002417   0.002435   0  -1   -1
    2037.788540   1.002638   0.002427   0  -1   -1
    2037.788770   0.997584   0.002425   0  -1   -1
    2037.789000   1.000291   0.002426   0  -1   -1
    2037.789230   0.996154   0.002421   0  -1   -1
    2037.789460   1.005785   0.002431   0  -1   -1
    2037.789690   0.997268   0.002424   0  -1   -1
    2037.789920   0.997954   0.002426   0  -1   -1
    2037.790160   0.998788   0.002424   0  -1   -1
    2037.790390   1.000143   0.002427   0  -1   -1
    2037.790620   0.995924   0.002424   0  -1   -1
    2037.790850   0.999506   0.002425   0  -1   -1
    2037.791310   0.998316   0.002425   0  -1   -1
    2037.791550   1.002190   0.002428   0  -1   -1
    2037.791780   1.004913   0.002429   0  -1   -1
    2037.792010   0.996710   0.002424   0  -1   -1
    2037.792240   1.005009   0.002431   0  -1   -1
    2037.792470   1.003778   0.002426   0  -1   -1
    2037.792700   1.000059   0.002426   0  -1   -1
    2037.792930   0.998214   0.002423   0  -1   -1
    2037.793170   1.003111   0.002430   0  -1   -1
    2037.793400   0.996539   0.002422   0  -1   -1
    2037.793630   0.999636   0.002424   0  -1   -1
    2037.793860   0.999418   0.002424   0  -1   -1
    2037.794090   1.000023   0.002423   0  -1   -1
    2037.794320   1.003531   0.002429   0  -1   -1
    2037.794550   1.001269   0.002427   0  -1   -1
    2037.794790   0.999147   0.002425   0  -1   -1
    2037.795020   0.998902   0.002422   0  -1   -1
    2037.795250   0.998212   0.002426   0  -1   -1
    2037.795480   0.999359   0.002426   0  -1   -1
    2037.795710   1.001318   0.002426   0  -1   -1
    2037.795940   1.000118   0.002427   0  -1   -1
    2037.796170   1.001693   0.002428   0  -1   -1
    2037.796410   1.002746   0.002429   0  -1   -1
    2037.796640   1.002737   0.002426   0  -1   -1
    2037.796870   0.993910   0.002422   0  -1   -1
    2037.797100   0.999221   0.002423   0  -1   -1
    2037.797330   0.997547   0.002426   0  -1   -1
    2037.797560   1.002488   0.002427   0  -1   -1
    2037.797800   1.001938   0.002428   0  -1   -1
    2037.798030   0.996724   0.002424   0  -1   -1
    2037.798260   1.001201   0.002428   0  -1   -1
    2037.798490   1.001548   0.002425   0  -1   -1
    2037.798720   1.001151   0.002426   0  -1   -1
    2037.798950   0.997542   0.002425   0  -1   -1
    2037.799180   1.004071   0.002430   0  -1   -1
    2037.799420   1.001073   0.002427   0  -1   -1
    2037.799650   1.001179   0.002425   0  -1   -1
    2037.799880   0.998893   0.002426   0  -1   -1
    2037.800110   1.000002   0.002427   0  -1   -1
    2037.800340   0.998831   0.002426   0  -1   -1
    2037.800570   0.994818   0.002423   0  -1   -1
    2037.800800   1.003378   0.002428   0  -1   -1
    2037.801040   0.999167   0.002424   0  -1   -1
    2037.801270   1.002307   0.002429   0  -1   -1
    2037.801730   0.997048   0.002423   0  -1   -1
    2037.801960   1.001977   0.002428   0  -1   -1
    2037.802190   0.998549   0.002426   0  -1   -1
    2037.802420   0.994386   0.002422   0  -1   -1
    2037.802660   1.001086   0.002427   0  -1   -1
    2037.802890   0.999752   0.002427   0  -1   -1
    2037.803120   1.000850   0.002425   0  -1   -1
    2037.803350   1.002308   0.002428   0  -1   -1
    2037.803580   1.002546   0.002427   0  -1   -1
    2037.803810   1.000768   0.002425   0  -1   -1
    2037.804050   0.998916   0.002427   0  -1   -1
    2037.804280   0.998177   0.002424   0  -1   -1
    2037.804510   0.998579   0.002425   0  -1   -1
    2037.804740   0.999529   0.002426   0  -1   -1
    2037.804970   0.999276   0.002425   0  -1   -1
    2037.805200   0.998214   0.002423   0  -1   -1
    2037.805430   1.000206   0.002427   0  -1   -1
    2037.805670   0.999130   0.002425   0  -1   -1
    2037.805900   1.001269   0.002427   0  -1   -1
    2037.806130   1.000088   0.002426   0  -1   -1
    2037.806360   1.002136   0.002428   0  -1   -1
    2037.806590   1.000043   0.002426   0  -1   -1
    2037.806820   0.998851   0.002426   0  -1   -1
    2037.807050   1.000719   0.002428   0  -1   -1
    2037.807290   0.998312   0.002424   0  -1   -1
    2037.807520   0.999572   0.002425   0  -1   -1
    2037.807750   0.998766   0.002425   0  -1   -1
    2037.807980   0.997922   0.002422   0  -1   -1
    2037.808210   0.997680   0.002425   0  -1   -1
    2037.808440   1.001333   0.002429   0  -1   -1
    2037.808670   0.996644   0.002426   0  -1   -1
    2037.808910   0.996183   0.002424   0  -1   -1
    2037.809140   0.999118   0.002425   0  -1   -1
    2037.809370   1.005041   0.002430   0  -1   -1
    2037.809600   0.997903   0.002431   0  -1   -1
    2037.809830   0.995293   0.002425   0  -1   -1
    2037.810060   1.002098   0.002427   0  -1   -1
    2037.810300   1.002338   0.002428   0  -1   -1
    2037.810530   0.996875   0.002425   0  -1   -1
    2037.810760   1.000690   0.002429   0  -1   -1
    2037.810990   0.999249   0.002424   0  -1   -1
    2037.811220   1.004165   0.002428   0  -1   -1
    2037.811450   0.997838   0.002424   0  -1   -1
    2037.811680   0.998197   0.002425   0  -1   -1
    2037.811920   0.997589   0.002424   0  -1   -1
    2037.812150   1.000495   0.002425   0  -1   -1
    2037.812380   0.998322   0.002427   0  -1   -1
    2037.812610   0.999459   0.002424   0  -1   -1
    2037.812840   1.002539   0.002425   0  -1   -1
    2037.813070   0.998565   0.002425   0  -1   -1
    2037.813300   0.998126   0.002425   0  -1   -1
    2037.813540   1.000979   0.002425   0  -1   -1
    2037.813770   1.001589   0.002426   0  -1   -1
    2037.814000   0.996925   0.002424   0  -1   -1
    2037.814230   0.993913   0.002422   0  -1   -1
    2037.814460   0.998724   0.002423   0  -1   -1
    2037.814690   0.996948   0.002425   0  -1   -1
    2037.814920   0.998386   0.002424   0  -1   -1
    2037.815390   1.003146   0.002429   0  -1   -1
    2037.815620   1.003002   0.002428   0  -1   -1
    2037.815850   0.995575   0.002424   0  -1   -1
    2037.816080   0.999685   0.002424   0  -1   -1
    2037.816310   0.999790   0.002425   0  -1   -1
    2037.816550   1.004397   0.002428   0  -1   -1
    2037.816780   1.001941   0.002427   0  -1   -1
    2037.817240   0.997606   0.002424   0  -1   -1
    2037.817470   1.001560   0.002427   0  -1   -1
    2037.817700   1.001474   0.002427   0  -1   -1
    2037.817930   0.999549   0.002425   0  -1   -1
    2037.818170   1.003122   0.002428   0  -1   -1
    2037.818400   1.005209   0.002432   0  -1   -1
    2037.818630   0.998007   0.002424   0  -1   -1
    2037.818860   1.003748   0.002429   0  -1   -1
    2037.819090   1.000543   0.002425   0  -1   -1
    2037.819320   0.997312   0.002422   0  -1   -1
    2037.819550   1.000968   0.002427   0  -1   -1
    2037.819790   0.994914   0.002421   0  -1   -1
    2037.820020   0.999185   0.002424   0  -1   -1
    2037.820250   1.000999   0.002422   0  -1   -1
    2037.820710   1.004872   0.002432   0  -1   -1
    2037.821170   1.001389   0.002428   0  -1   -1
    2037.821410   1.003621   0.002426   0  -1   -1
    2037.821640   1.001030   0.002428   0  -1   -1
    2037.821870   0.996739   0.002423   0  -1   -1
    2037.822100   1.001738   0.002427   0  -1   -1
    2037.822330   1.001631   0.002427   0  -1   -1
    2037.822560   1.002064   0.002427   0  -1   -1
    2037.822790   1.000936   0.002425   0  -1   -1
    2037.823030   1.000048   0.002426   0  -1   -1
    2037.823260   1.001318   0.002430   0  -1   -1
    2037.823490   1.000544   0.002426   0  -1   -1
    2037.823720   1.002571   0.002427   0  -1   -1
    2037.823950   0.995640   0.002423   0  -1   -1
    2037.824180   0.999764   0.002422   0  -1   -1
    2037.824420   1.002255   0.002427   0  -1   -1
    2037.824650   1.000252   0.002428   0  -1   -1
    2037.824880   1.002182   0.002426   0  -1   -1
    2037.825110   1.001642   0.002426   0  -1   -1
    2037.825340   0.997092   0.002424   0  -1   -1
    2037.825570   1.000441   0.002426   0  -1   -1
    2037.825800   0.999466   0.002424   0  -1   -1
    2037.826040   0.995930   0.002422   0  -1   -1
    2037.826500   1.001815   0.002428   0  -1   -1
    2037.826730   0.999421   0.002426   0  -1   -1
    2037.826960   0.996057   0.002422   0  -1   -1
    2037.827190   0.998730   0.002422   0  -1   -1
    2037.827420   0.999902   0.002426   0  -1   -1
    2037.827660   1.003461   0.002427   0  -1   -1
    2037.827890   0.997878   0.002426   0  -1   -1
    2037.828120   1.003166   0.002427   0  -1   -1
    2037.828350   1.000448   0.002427   0  -1   -1
    2037.828580   0.999641   0.002425   0  -1   -1
    2037.828810   1.000996   0.002427   0  -1   -1
    2037.829040   1.002082   0.002428   0  -1   -1
    2037.829280   1.001090   0.002426   0  -1   -1
    2037.829510   0.996512   0.002424   0  -1   -1
    2037.829740   1.001041   0.002429   0  -1   -1
    2037.829970   1.002046   0.002427   0  -1   -1
    2037.830200   0.999304   0.002425   0  -1   -1
    2037.830430   0.999104   0.002424   0  -1   -1
    2037.830670   0.998797   0.002427   0  -1   -1
    2037.830900   1.001731   0.002427   0  -1   -1
    2037.831130   0.997478   0.002429   0  -1   -1
    2037.831360   0.997842   0.002423   0  -1   -1
    2037.831590   0.996967   0.002427   0  -1   -1
    2037.831820   1.002208   0.002430   0  -1   -1
    2037.832050   1.001646   0.002427   0  -1   -1
    2037.832290   0.997854   0.002428   0  -1   -1
    2037.832520   1.003339   0.002426   0  -1   -1
    2037.832750   1.004092   0.002427   0  -1   -1
    2037.832980   0.998163   0.002423   0  -1   -1
    2037.833210   1.001318   0.002428   0  -1   -1
    2037.833440   0.999991   0.002424   0  -1   -1
    2037.833670   0.996249   0.002424   0  -1   -1
    2037.833910   0.997047   0.002424   0  -1   -1
    2037.834140   1.002726   0.002425   0  -1   -1
    2037.834370   1.000332   0.002427   0  -1   -1
    2037.834600   1.002520   0.002427   0  -1   -1
    2037.834830   0.997495   0.002425   0  -1   -1
    2037.835060   0.996459   0.002421   0  -1   -1
    2037.835290   1.003065   0.002428   0  -1   -1
    2037.835530   1.001191   0.002428   0  -1   -1
    2037.835760   1.000488   0.002428   0  -1   -1
    2037.835990   0.999117   0.002423   0  -1   -1
    2037.836220   1.003245   0.002428   0  -1   -1
    2037.836450   0.997965   0.002424   0  -1   -1
    2037.836680   0.998976   0.002426   0  -1   -1
    2037.836920   0.994035   0.002422   0  -1   -1
    2037.837150   0.996936   0.002423   0  -1   -1
    2037.837380   1.003361   0.002425   0  -1   -1
    2037.837610   1.003566   0.002427   0  -1   -1
    2037.837840   1.002013   0.002429   0  -1   -1
    2037.838070   0.998515   0.002425   0  -1   -1
    2037.838300   0.997938   0.002426   0  -1   -1
    2037.838540   0.996960   0.002423   0  -1   -1
    2037.838770   0.997180   0.002423   0  -1   -1
    2037.839000   0.997727   0.002423   0  -1   -1
    2037.839230   0.998341   0.002422   0  -1   -1
    2037.839460   0.999049   0.002427   0  -1   -1
    2037.839690   1.000580   0.002426   0  -1   -1
    2037.839920   1.002690   0.002428   0  -1   -1
    2037.840160   1.000335   0.002425   0  -1   -1
    2037.840390   1.002015   0.002427   0  -1   -1
    2037.840620   0.999731   0.002429   0  -1   -1
    2037.840850   0.999707   0.002426   0  -1   -1
    2037.841080   1.003535   0.002427   0  -1   -1
    2037.841310   1.001601   0.002428   0  -1   -1
    2037.841540   1.006637   0.002430   0  -1   -1
    2037.841780   1.002480   0.002424   0  -1   -1
    2037.842010   1.000164   0.002426   0  -1   -1
    2037.842240   0.999265   0.002422   0  -1   -1
    2037.842470   0.997115   0.002424   0  -1   -1
    2037.842700   0.998794   0.002424   0  -1   -1
    2037.842930   1.001249   0.002427   0  -1   -1
    2037.843400   0.997077   0.002425   0  -1   -1
    2037.843630   1.003535   0.002427   0  -1   -1
    2037.843860   0.998639   0.002425   0  -1   -1
    2037.844090   0.995293   0.002422   0  -1   -1
    2037.844320   0.999817   0.002427   0  -1   -1
    2037.844550   0.996330   0.002424   0  -1   -1
    2037.844790   1.004285   0.002429   0  -1   -1
    2037.845020   1.001684   0.002427   0  -1   -1
    2037.845250   1.002374   0.002426   0  -1   -1
    2037.845480   1.000122   0.002426   0  -1   -1
    2037.845710   1.000040   0.002426   0  -1   -1
    2037.845940   1.002816   0.002430   0  -1   -1
    2037.846170   0.995632   0.002424   0  -1   -1
    2037.846410   1.002154   0.002428   0  -1   -1
    2037.846640   0.999708   0.002427   0  -1   -1
    2037.846870   0.998621   0.002426   0  -1   -1
    2037.847100   0.998917   0.002425   0  -1   -1
    2037.847330   0.999958   0.002429   0  -1   -1
    2037.847560   0.997826   0.002423   0  -1   -1
    2037.847790   1.001439   0.002428   0  -1   -1
    2037.848030   1.003188   0.002427   0  -1   -1
    2037.848260   0.995474   0.002423   0  -1   -1
    2037.848490   1.000392   0.002426   0  -1   -1
    2037.848720   0.999989   0.002423   0  -1   -1
    2037.848950   1.004098   0.002427   0  -1   -1
    2037.849180   0.999918   0.002426   0  -1   -1
    2037.849420   1.002094   0.002428   0  -1   -1
    2037.849650   0.997068   0.002424   0  -1   -1
    2037.849880   0.995728   0.002422   0  -1   -1
    2037.850110   0.996736   0.002423   0  -1   -1
    2037.850340   1.000928   0.002427   0  -1   -1
    2037.850570   1.002309   0.002428   0  -1   -1
    2037.850800   0.999367   0.002425   0  -1   -1
    2037.851040   0.995239   0.002423   0  -1   -1
    2037.851270   1.000183   0.002425   0  -1   -1
    2037.851500   1.002303   0.002429   0  -1   -1
    2037.851730   1.003303   0.002427   0  -1   -1
    2037.851960   1.000228   0.002426   0  -1   -1
    2037.852190   1.003694   0.002430   0  -1   -1
    2037.852420   1.002142   0.002427   0  -1   -1
    2037.852660   0.995064   0.002422   0  -1   -1
    2037.852890   0.998967   0.002422   0  -1   -1
    2037.853120   1.000103   0.002427   0  -1   -1
    2037.853350   0.997845   0.002424   0  -1   -1
    2037.853580   1.000911   0.002427   0  -1   -1
    2037.853810   1.004188   0.002430   0  -1   -1
    2037.854040   1.000923   0.002429   0  -1   -1
    2037.854280   1.000404   0.002425   0  -1   -1
    2037.854510   1.000510   0.002427   0  -1   -1
    2037.854740   1.002439   0.002427   0  -1   -1
    2037.854970   1.004608   0.002430   0  -1   -1
    2037.855430   0.996557   0.002423   0  -1   -1
    2037.855670   1.000334   0.002428   0  -1   -1
    2037.855900   0.997403   0.002426   0  -1   -1
    2037.856130   1.002087   0.002427   0  -1   -1
    2037.856360   1.000295   0.002424   0  -1   -1
    2037.856590   1.001225   0.002428   0  -1   -1
    2037.856820   0.996473   0.002424   0  -1   -1
    2037.857050   0.996280   0.002424   0  -1   -1
    2037.857290   1.000822   0.002424   0  -1   -1
    2037.857520   0.999179   0.002424   0  -1   -1
    2037.857750   1.001885   0.002428   0  -1   -1
    2037.857980   0.999357   0.002423   0  -1   -1
    2037.858210   1.002423   0.002426   0  -1   -1
    2037.858440   1.001166   0.002429   0  -1   -1
    2037.858670   1.000131   0.002426   0  -1   -1
    2037.859140   0.994824   0.002422   0  -1   -1
    2037.859370   1.001248   0.002426   0  -1   -1
    2037.859600   1.002667   0.002429   0  -1   -1
    2037.859830   0.999367   0.002423   0  -1   -1
    2037.860060   1.004000   0.002429   0  -1   -1
    2037.860290   1.002278   0.002428   0  -1   -1
    2037.860530   1.005049   0.002437   0  -1   -1
    2037.861220   1.003530   0.002431   0  -1   -1
    2037.861450   1.001142   0.002428   0  -1   -1
    2037.861680   1.000127   0.002426   0  -1   -1
    2037.861920   1.001469   0.002428   0  -1   -1
    2037.862150   1.001579   0.002426   0  -1   -1
    2037.862380   1.002315   0.002429   0  -1   -1
    2037.862610   0.998884   0.002425   0  -1   -1
    2037.862840   0.996720   0.002422   0  -1   -1
    2037.863070   1.004528   0.002428   0  -1   -1
    2037.863300   1.001087   0.002427   0  -1   -1
    2037.863540   1.002966   0.002428   0  -1   -1
    2037.864000   0.999361   0.002424   0  -1   -1
    2037.864230   1.000419   0.002427   0  -1   -1
    2037.864460   0.999681   0.002427   0  -1   -1
    2037.864690   1.001960   0.002433   0  -1   -1
    2037.864920   1.002284   0.002425   0  -1   -1
    2037.865160   0.997327   0.002426   0  -1   -1
    2037.865390   0.997989   0.002425   0  -1   -1
    2037.865620   0.997523   0.002423   0  -1   -1
    2037.865850   0.997879   0.002423   0  -1   -1
    2037.866080   1.001381   0.002429   0  -1   -1
    2037.866310   0.997405   0.002423   0  -1   -1
    2037.866540   0.996896   0.002424   0  -1   -1
    2037.866780   0.998152   0.002423   0  -1   -1
    2037.867010   0.999178   0.002426   0  -1   -1
    2037.867240   1.002844   0.002428   0  -1   -1
    2037.867470   1.002593   0.002428   0  -1   -1
    2037.867700   0.998684   0.002426   0  -1   -1
    2037.867930   0.996572   0.002425   0  -1   -1
    2037.868170   0.997108   0.002424   0  -1   -1
    2037.868400   1.003600   0.002428   0  -1   -1
    2037.868630   1.000935   0.002427   0  -1   -1
    2037.868860   0.998195   0.002426   0  -1   -1
    2037.869090   0.996641   0.002423   0  -1   -1
    2037.869320   1.001122   0.002428   0  -1   -1
    2037.869550   1.000204   0.002425   0  -1   -1
    2037.869790   1.001923   0.002429   0  -1   -1
    2037.870020   0.999184   0.002425   0  -1   -1
    2037.870250   1.002807   0.002429   0  -1   -1
    2037.870480   1.001326   0.002427   0  -1   -1
    2037.870710   0.999996   0.002429   0  -1   -1
    2037.870940   1.003244   0.002428   0  -1   -1
    2037.871170   1.002151   0.002429   0  -1   -1
    2037.871410   0.999872   0.002426   0  -1   -1
    2037.871640   1.000032   0.002428   0  -1   -1
    2037.871870   0.997271   0.002423   0  -1   -1
    2037.872100   0.999115   0.002425   0  -1   -1
    2037.872330   0.996367   0.002423   0  -1   -1
    2037.872560   0.999756   0.002426   0  -1   -1
    2037.872790   0.998221   0.002426   0  -1   -1
    2037.873030   1.004908   0.002430   0  -1   -1
    2037.873260   1.000527   0.002428   0  -1   -1
    2037.873490   0.997487   0.002423   0  -1   -1
    2037.873720   1.000091   0.002426   0  -1   -1
    2037.874180   1.003123   0.002428   0  -1   -1
    2037.874410   0.999524   0.002427   0  -1   -1
    2037.874650   1.000277   0.002426   0  -1   -1
    2037.874880   1.001453   0.002428   0  -1   -1
    2037.875110   1.001926   0.002426   0  -1   -1
    2037.875340   0.999673   0.002425   0  -1   -1
    2037.875570   0.998395   0.002424   0  -1   -1
    2037.875800   0.999456   0.002428   0  -1   -1
    2037.876040   0.997878   0.002422   0  -1   -1
    2037.876270   0.994713   0.002420   0  -1   -1
    2037.876500   0.998880   0.002425   0  -1   -1
    2037.876730   1.004273   0.002429   0  -1   -1
    2037.876960   1.000182   0.002426   0  -1   -1
    2037.877420   0.997387   0.002423   0  -1   -1
    2037.877660   1.004526   0.002430   0  -1   -1
    2037.877890   1.001308   0.002425   0  -1   -1
    2037.878120   1.004738   0.002428   0  -1   -1
    2037.878350   1.002117   0.002429   0  -1   -1
    2037.878580   0.999110   0.002422   0  -1   -1
    2037.878810   1.001752   0.002427   0  -1   -1
    2037.879040   1.000162   0.002428   0  -1   -1
    2037.879280   1.000771   0.002426   0  -1   -1
    2037.879510   0.999641   0.002424   0  -1   -1
    2037.879740   1.001464   0.002427   0  -1   -1
    2037.879970   0.996211   0.002423   0  -1   -1
    2037.880200   0.999431   0.002427   0  -1   -1
    2037.880430   0.999178   0.002427   0  -1   -1
    2037.880660   0.999489   0.002428   0  -1   -1
    2037.880900   1.002737   0.002428   0  -1   -1
    2037.881130   1.005014   0.002429   0  -1   -1
    2037.881360   1.004372   0.002428   0  -1   -1
    2037.881590   1.007308   0.002431   0  -1   -1
    2037.881820   0.999518   0.002426   0  -1   -1
    2037.882050   1.001478   0.002428   0  -1   -1
    2037.882290   0.998456   0.002424   0  -1   -1
    2037.882520   1.000339   0.002427   0  -1   -1
    2037.882750   1.006300   0.002433   0  -1   -1
    2037.882980   1.001771   0.002427   0  -1   -1
    2037.883210   1.003726   0.002430   0  -1   -1
    2037.883440   0.995850   0.002421   0  -1   -1
    2037.883670   0.998179   0.002424   0  -1   -1
    2037.883910   0.999795   0.002428   0  -1   -1
    2037.884140   0.995414   0.002422   0  -1   -1
    2037.884370   0.998541   0.002425   0  -1   -1
    2037.884600   0.999934   0.002426   0  -1   -1
    2037.884830   0.999212   0.002424   0  -1   -1
    2037.885060   1.000921   0.002426   0  -1   -1
    2037.885290   1.001166   0.002427   0  -1   -1
    2037.885530   1.000910   0.002425   0  -1   -1
    2037.885760   1.005319   0.002429   0  -1   -1
    2037.885990   0.999242   0.002427   0  -1   -1
    2037.886220   1.002107   0.002428   0  -1   -1
    2037.886450   0.997167   0.002424   0  -1   -1
    2037.886680   1.000107   0.002428   0  -1   -1
    2037.886910   1.001159   0.002427   0  -1   -1
    2037.887150   1.000600   0.002428   0  -1   -1
    2037.887380   1.000135   0.002438   0  -1   -1
    2037.887610   0.998583   0.002429   0  -1   -1
    2037.887840   1.001292   0.002427   0  -1   -1
    2037.888070   0.999293   0.002425   0  -1   -1
    2037.888300   0.996341   0.002425   0  -1   -1
    2037.888540   0.998573   0.002426   0  -1   -1
    2037.888770   0.999292   0.002427   0  -1   -1
    2037.889000   1.002873   0.002427   0  -1   -1
    2037.889230   0.998628   0.002424   0  -1   -1
    2037.889460   0.998408   0.002426   0  -1   -1
    2037.889690   0.999431   0.002425   0  -1   -1
    2037.889920   0.995615   0.002425   0  -1   -1
    2037.890160   1.002278   0.002433   0  -1   -1
    2037.890390   1.000071   0.002425   0  -1   -1
    2037.890620   1.000499   0.002427   0  -1   -1
    2037.890850   1.001588   0.002429   0  -1   -1
    2037.891080   0.999394   0.002424   0  -1   -1
    2037.891310   1.004117   0.002429   0  -1   -1
    2037.891540   1.001560   0.002427   0  -1   -1
    2037.891780   0.996867   0.002422   0  -1   -1
    2037.892010   0.999173   0.002427   0  -1   -1
    2037.892240   1.000219   0.002428   0  -1   -1
    2037.892470   0.998885   0.002424   0  -1   -1
    2037.892700   0.995740   0.002424   0  -1   -1
    2037.892930   1.000256   0.002426   0  -1   -1
    2037.893160   0.998760   0.002426   0  -1   -1
    2037.893400   0.997111   0.002424   0  -1   -1
    2037.893630   0.998476   0.002426   0  -1   -1
    2037.893860   0.997676   0.002424   0  -1   -1
    2037.894090   1.000766   0.002429   0  -1   -1
    2037.894320   0.999697   0.002426   0  -1   -1
    2037.894550   1.000954   0.002427   0  -1   -1
    2037.895020   0.999572   0.002426   0  -1   -1
    2037.895250   0.999591   0.002425   0  -1   -1
    2037.895480   0.999185   0.002423   0  -1   -1
    2037.895710   0.999346   0.002425   0  -1   -1
    2037.895940   0.996168   0.002422   0  -1   -1
    2037.896170   1.003598   0.002428   0  -1   -1
    2037.896410   0.998634   0.002422   0  -1   -1
    2037.896640   0.999562   0.002424   0  -1   -1
    2037.896870   1.002765   0.002428   0  -1   -1
    2037.897100   1.001536   0.002426   0  -1   -1
    2037.897330   0.998081   0.002424   0  -1   -1
    2037.897560   0.999278   0.002423   0  -1   -1
    2037.897790   0.996071   0.002425   0  -1   -1
    2037.898030   1.004059   0.002430   0  -1   -1
    2037.898260   1.002274   0.002429   0  -1   -1
    2037.898490   1.001431   0.002428   0  -1   -1
    2037.898720   1.002123   0.002424   0  -1   -1
    2037.898950   1.001779   0.002427   0  -1   -1
    2037.899180   1.003252   0.002428   0  -1   -1
    2037.899410   0.999309   0.002425   0  -1   -1
    2037.899650   1.000924   0.002426   0  -1   -1
    2037.899880   0.996740   0.002425   0  -1   -1
    2037.900110   0.998200   0.002424   0  -1   -1
    2037.900340   1.002097   0.002427   0  -1   -1
    2037.900570   1.000653   0.002426   0  -1   -1
    2037.900800   1.003692   0.002428   0  -1   -1
    2037.901040   1.002263   0.002426   0  -1   -1
    2037.901270   0.997794   0.002425   0  -1   -1
    2037.901500   0.994931   0.002422   0  -1   -1
    2037.901730   1.001007   0.002426   0  -1   -1
    2037.901960   0.995674   0.002427   0  -1   -1
    2037.902190   1.002003   0.002427   0  -1   -1
    2037.902420   1.003300   0.002430   0  -1   -1
    2037.902660   1.003256   0.002425   0  -1   -1
    2037.902890   0.997617   0.002424   0  -1   -1
    2037.903120   0.996362   0.002421   0  -1   -1
    2037.903350   0.998478   0.002424   0  -1   -1
    2037.903580   1.001925   0.002427   0  -1   -1
    2037.903810   0.996950   0.002423   0  -1   -1
    2037.904040   0.999020   0.002431   0  -1   -1
    2037.904280   0.997047   0.002424   0  -1   -1
    2037.904510   1.006814   0.002446   0  -1   -1
    2037.904740   0.998871   0.002425   0  -1   -1
    2037.904970   1.001842   0.002427   0  -1   -1
    2037.905200   0.999946   0.002428   0  -1   -1
    2037.905430   0.999206   0.002426   0  -1   -1
    2037.905660   0.998780   0.002426   0  -1   -1
    2037.905900   1.001215   0.002426   0  -1   -1
    2037.906130   1.001615   0.002428   0  -1   -1
    2037.906360   1.001001   0.002451   0  -1   -1
    2037.906590   0.998774   0.002424   0  -1   -1
    2037.906820   0.997947   0.002426   0  -1   -1
    2037.907050   1.003560   0.002427   0  -1   -1
    2037.907290   1.001073   0.002428   0  -1   -1
    2037.907750   0.998656   0.002423   0  -1   -1
    2037.907980   0.997318   0.002423   0  -1   -1
    2037.908210   0.999272   0.002427   0  -1   -1
    2037.908440   1.000849   0.002425   0  -1   -1
    2037.908910   0.998844   0.002423   0  -1   -1
    2037.909140   1.001933   0.002428   0  -1   -1
    2037.909370   1.001306   0.002426   0  -1   -1
    2037.909600   0.997540   0.002423   0  -1   -1
    2037.909830   0.999840   0.002426   0  -1   -1
    2037.910060   0.996141   0.002422   0  -1   -1
    2037.910290   0.997504   0.002424   0  -1   -1
    2037.910530   0.998134   0.002423   0  -1   -1
    2037.910760   0.996281   0.002423   0  -1   -1
    2037.910990   1.000583   0.002426   0  -1   -1
    2037.911220   0.994688   0.002422   0  -1   -1
    2037.911450   0.995107   0.002423   0  -1   -1
    2037.911680   1.000054   0.002427   0  -1   -1
    2037.911910   0.998523   0.002425   0  -1   -1
    2037.912150   1.001164   0.002427   0  -1   -1
    2037.912380   0.999729   0.002425   0  -1   -1
    2037.912610   0.997651   0.002425   0  -1   -1
    2037.912840   0.996814   0.002423   0  -1   -1
    2037.913070   1.002615   0.002427   0  -1   -1
    2037.913300   0.999663   0.002427   0  -1   -1
    2037.913540   1.001063   0.002448   0  -1   -1
    2037.913770   0.999343   0.002426   0  -1   -1
    2037.914000   1.000411   0.002427   0  -1   -1
    2037.914230   0.997395   0.002424   0  -1   -1
    2037.914460   1.000129   0.002425   0  -1   -1
    2037.914690   0.996335   0.002422   0  -1   -1
    2037.914920   0.994420   0.002421   0  -1   -1
    2037.915160   0.996493   0.002423   0  -1   -1
    2037.915390   1.002186   0.002427   0  -1   -1
    2037.915620   0.998736   0.002425   0  -1   -1
    2037.915850   0.997116   0.002424   0  -1   -1
    2037.916080   0.996179   0.002423   0  -1   -1
    2037.916310   0.996589   0.002423   0  -1   -1
    2037.916540   0.994713   0.002420   0  -1   -1
    2037.916780   0.999227   0.002427   0  -1   -1
    2037.917010   1.000154   0.002427   0  -1   -1
    2037.917240   1.002139   0.002427   0  -1   -1
    2037.917470   0.997008   0.002424   0  -1   -1
    2037.917700   0.996380   0.002422   0  -1   -1
    2037.917930   1.000363   0.002426   0  -1   -1
    2037.918160   1.001971   0.002425   0  -1   -1
    2037.918400   0.993795   0.002420   0  -1   -1
    2037.918630   0.996472   0.002423   0  -1   -1
    2037.918860   0.997026   0.002428   0  -1   -1
    2037.919090   1.000460   0.002427   0  -1   -1
    2037.919320   0.996546   0.002425   0  -1   -1
    2037.919550   0.997825   0.002420   0  -1   -1
    2037.919790   0.998089   0.002425   0  -1   -1
    2037.920020   1.001328   0.002425   0  -1   -1
    2037.920250   0.996954   0.002426   0  -1   -1
    2037.920480   0.997506   0.002424   0  -1   -1
    2037.920710   0.998816   0.002424   0  -1   -1
    2037.920940   0.996317   0.002423   0  -1   -1
    2037.921170   0.997499   0.002424   0  -1   -1
    2037.921410   1.001775   0.002425   0  -1   -1
    2037.921640   1.000149   0.002423   0  -1   -1
    2037.921870   1.002807   0.002429   0  -1   -1
    2037.922100   0.996099   0.002423   0  -1   -1
    2037.922330   0.996193   0.002423   0  -1   -1
    2037.922560   0.997756   0.002424   0  -1   -1
    2037.922790   0.998702   0.002433   0  -1   -1
    2037.923030   0.994000   0.002421   0  -1   -1
    2037.923260   0.994551   0.002418   0  -1   -1
    2037.923720   1.001371   0.002428   0  -1   -1
    2037.923950   1.001267   0.002426   0  -1   -1
    2037.924180   0.993742   0.002422   0  -1   -1
    2037.924410   1.002248   0.002430   0  -1   -1
    2037.924650   0.995973   0.002421   0  -1   -1
    2037.924880   0.994943   0.002422   0  -1   -1
    2037.925110   0.992958   0.002422   0  -1   -1
    2037.925340   0.996244   0.002424   0  -1   -1
    2037.925570   0.997862   0.002425   0  -1   -1
    2037.925800   0.998303   0.002424   0  -1   -1
    2037.926030   0.995976   0.002424   0  -1   -1
    2037.926270   0.995653   0.002424   0  -1   -1
    2037.926500   0.994935   0.002424   0  -1   -1
    2037.926730   0.997319   0.002422   0  -1   -1
    2037.926960   1.001758   0.002426   0  -1   -1
    2037.927190   1.002517   0.002427   0  -1   -1
    2037.927420   0.997261   0.002424   0  -1   -1
    2037.927660   0.996163   0.002421   0  -1   -1
    2037.927890   0.998190   0.002424   0  -1   -1
    2037.928120   0.994502   0.002422   0  -1   -1
    2037.928350   1.001323   0.002426   0  -1   -1
    2037.928580   0.996374   0.002424   0  -1   -1
    2037.928810   0.996159   0.002423   0  -1   -1
    2037.929040   0.999702   0.002426   0  -1   -1
    2037.929280   0.996110   0.002421   0  -1   -1
    2037.929510   1.001679   0.002427   0  -1   -1
    2037.929740   0.997849   0.002426   0  -1   -1
    2037.929970   0.995498   0.002421   0  -1   -1
    2037.930200   0.994938   0.002422   0  -1   -1
    2037.930430   0.997018   0.002423   0  -1   -1
    2037.930660   0.995172   0.002420   0  -1   -1
    2037.930900   0.995382   0.002422   0  -1   -1
    2037.931130   0.995305   0.002423   0  -1   -1
    2037.931590   0.998863   0.002425   0  -1   -1
    2037.931820   0.996860   0.002422   0  -1   -1
    2037.932050   0.994973   0.002421   0  -1   -1
    2037.932280   0.996228   0.002423   0  -1   -1
    2037.932520   0.994603   0.002425   0  -1   -1
    2037.932750   1.000442   0.002426   0  -1   -1
    2037.932980   0.997493   0.002424   0  -1   -1
    2037.933210   0.999223   0.002427   0  -1   -1
    2037.933440   0.995983   0.002423   0  -1   -1
    2037.933670   0.999144   0.002426   0  -1   -1
    2037.933910   1.000191   0.002427   0  -1   -1
    2037.934140   0.993166   0.002420   0  -1   -1
    2037.934370   1.000438   0.002427   0  -1   -1
    2037.934600   1.000992   0.002426   0  -1   -1
    2037.934830   0.996049   0.002425   0  -1   -1
    2037.935060   0.997425   0.002426   0  -1   -1
    2037.935290   0.995320   0.002421   0  -1   -1
    2037.935530   1.000020   0.002435   0  -1   -1
    2037.935760   0.993178   0.002423   0  -1   -1
    2037.935990   0.997665   0.002425   0  -1   -1
    2037.936220   0.997709   0.002424   0  -1   -1
    2037.936450   0.996651   0.002423   0  -1   -1
    2037.936680   0.999525   0.002427   0  -1   -1
    2037.936910   1.000690   0.002424   0  -1   -1
    2037.937150   0.996481   0.002423   0  -1   -1
    2037.937380   1.002996   0.002425   0  -1   -1
    2037.937610   0.994112   0.002421   0  -1   -1
    2037.937840   0.999660   0.002429   0  -1   -1
    2037.938070   0.993597   0.002422   0  -1   -1
    2037.938300   0.996364   0.002423   0  -1   -1
    2037.938530   1.000312   0.002427   0  -1   -1
    2037.938770   0.996445   0.002423   0  -1   -1
    2037.939000   0.996873   0.002425   0  -1   -1
    2037.939230   0.996903   0.002424   0  -1   -1
    2037.939460   0.996557   0.002422   0  -1   -1
    2037.939690   0.999529   0.002425   0  -1   -1
    2037.939920   0.997380   0.002424   0  -1   -1
    2037.940160   0.998120   0.002424   0  -1   -1
    2037.940390   0.997555   0.002423   0  -1   -1
    2037.940620   0.997018   0.002422   0  -1   -1
    2037.940850   1.000063   0.002428   0  -1   -1
    2037.941080   1.000374   0.002427   0  -1   -1
    2037.941310   0.998989   0.002424   0  -1   -1
    2037.941540   0.996947   0.002421   0  -1   -1
    2037.941780   1.000408   0.002428   0  -1   -1
    2037.942010   0.995632   0.002425   0  -1   -1
    2037.942240   0.993481   0.002421   0  -1   -1
    2037.942470   0.996184   0.002422   0  -1   -1
    2037.942700   0.996132   0.002423   0  -1   -1
    2037.942930   0.997682   0.002426   0  -1   -1
    2037.943160   0.995467   0.002420   0  -1   -1
    2037.943400   0.995138   0.002422   0  -1   -1
    2037.943630   0.999319   0.002425   0  -1   -1
    2037.943860   0.998426   0.002423   0  -1   -1
    2037.944090   0.998232   0.002424   0  -1   -1
    2037.944320   0.999575   0.002426   0  -1   -1
    2037.944550   1.001827   0.002427   0  -1   -1
    2037.944780   0.995208   0.002422   0  -1   -1
    2037.945020   0.996207   0.002422   0  -1   -1
    2037.945250   1.002124   0.002427   0  -1   -1
    2037.945480   0.999723   0.002425   0  -1   -1
    2037.945710   0.997092   0.002425   0  -1   -1
    2037.945940   0.997653   0.002424   0  -1   -1
    2037.946170   0.995193   0.002424   0  -1   -1
    2037.946410   0.994436   0.002421   0  -1   -1
    2037.946640   0.994209   0.002420   0  -1   -1
    2037.946870   0.998499   0.002434   0  -1   -1
    2037.947100   0.993024   0.002422   0  -1   -1
    2037.947330   1.001587   0.002429   0  -1   -1
    2037.947560   0.995901   0.002423   0  -1   -1
    2037.947790   0.997502   0.002425   0  -1   -1
    2037.948030   0.998278   0.002422   0  -1   -1
    2037.948260   0.997630   0.002425   0  -1   -1
    2037.948490   0.994054   0.002422   0  -1   -1
    2037.948720   0.994211   0.002422   0  -1   -1
    2037.948950   0.997370   0.002423   0  -1   -1
    2037.949180   0.998419   0.002425   0  -1   -1
    2037.949410   0.997391   0.002423   0  -1   -1
    2037.949650   1.001908   0.002430   0  -1   -1
    2037.949880   0.997707   0.002424   0  -1   -1
    2037.950110   0.999514   0.002425   0  -1   -1
    2037.950340   0.999684   0.002424   0  -1   -1
    2037.950570   0.995862   0.002423   0  -1   -1
    2037.950800   1.000418   0.002426   0  -1   -1
    2037.951030   0.997707   0.002424   0  -1   -1
    2037.951270   0.996749   0.002423   0  -1   -1
    2037.951500   0.998176   0.002424   0  -1   -1
    2037.951730   0.996554   0.002420   0  -1   -1
    2037.951960   0.999213   0.002424   0  -1   -1
    2037.952190   0.995266   0.002421   0  -1   -1
    2037.952420   0.996000   0.002426   0  -1   -1
    2037.952660   0.995973   0.002421   0  -1   -1
    2037.952890   0.997805   0.002425   0  -1   -1
    2037.953120   1.000796   0.002427   0  -1   -1
    2037.953350   0.999110   0.002425   0  -1   -1
    2037.953580   1.001867   0.002428   0  -1   -1
    2037.953810   0.998090   0.002424   0  -1   -1
    2037.954040   0.996103   0.002424   0  -1   -1
    2037.954280   0.998358   0.002425   0  -1   -1
    2037.954510   1.001211   0.002424   0  -1   -1
    2037.954740   0.999549   0.002425   0  -1   -1
    2037.954970   0.997810   0.002423   0  -1   -1
    2037.955430   0.995408   0.002422   0  -1   -1
    2037.955660   0.996451   0.002423   0  -1   -1
    2037.955900   0.993213   0.002421   0  -1   -1
    2037.956360   0.997748   0.002425   0  -1   -1
    2037.956590   0.997111   0.002422   0  -1   -1
    2037.956820   0.994598   0.002422   0  -1   -1
    2037.957050   0.997516   0.002427   0  -1   -1
    2037.957280   0.995711   0.002423   0  -1   -1
    2037.957520   0.996105   0.002423   0  -1   -1
    2037.957750   0.995974   0.002424   0  -1   -1
    2037.957980   1.000937   0.002425   0  -1   -1
    2037.958210   0.997210   0.002425   0  -1   -1
    2037.958440   0.998105   0.002425   0  -1   -1
    2037.958910   0.999835   0.002425   0  -1   -1
    2037.959140   0.998540   0.002424   0  -1   -1
    2037.959370   0.997818   0.002424   0  -1   -1
    2037.959600   0.995915   0.002422   0  -1   -1
    2037.959830   0.997697   0.002425   0  -1   -1
    2037.960060   0.997571   0.002423   0  -1   -1
    2037.960290   0.991201   0.002418   0  -1   -1
    2037.960530   0.999378   0.002426   0  -1   -1
    2037.960760   0.997583   0.002424   0  -1   -1
    2037.960990   0.997837   0.002425   0  -1   -1
    2037.961220   0.997836   0.002425   0  -1   -1
    2037.961450   0.996878   0.002423   0  -1   -1
    2037.961680   0.995819   0.002423   0  -1   -1
    2037.961910   0.997287   0.002426   0  -1   -1
    2037.962150   0.995943   0.002421   0  -1   -1
    2037.962380   0.999059   0.002428   0  -1   -1
    2037.962610   0.995041   0.002423   0  -1   -1
    2037.963070   0.997484   0.002423   0  -1   -1
    2037.963300   0.996094   0.002425   0  -1   -1
    2037.963530   0.994141   0.002421   0  -1   -1
    2037.963770   1.002316   0.002442   0  -1   -1
    2037.964000   0.997364   0.002439   0  -1   -1
    2037.964230   1.001187   0.002427   0  -1   -1
    2037.964460   0.994561   0.002422   0  -1   -1
    2037.964690   0.995478   0.002422   0  -1   -1
    2037.964920   0.995486   0.002423   0  -1   -1
    2037.965160   1.002626   0.002430   0  -1   -1
    2037.965390   0.996875   0.002424   0  -1   -1
    2037.965620   0.997179   0.002423   0  -1   -1
    2037.965850   0.998266   0.002424   0  -1   -1
    2037.966080   0.999700   0.002428   0  -1   -1
    2037.966310   0.997853   0.002426   0  -1   -1
    2037.966540   1.000353   0.002432   0  -1   -1
    2037.966780   0.997828   0.002426   0  -1   -1
    2037.967010   0.994810   0.002421   0  -1   -1
    2037.967240   0.993885   0.002423   0  -1   -1
    2037.967470   0.994597   0.002422   0  -1   -1
    2037.967700   0.997478   0.002423   0  -1   -1
    2037.967930   0.996918   0.002446   0  -1   -1
    2037.968160   0.993811   0.002423   0  -1   -1
    2037.968400   0.998510   0.002424   0  -1   -1
    2037.968630   0.995332   0.002423   0  -1   -1
    2037.968860   0.997781   0.002423   0  -1   -1
    2037.969090   0.999826   0.002426   0  -1   -1
    2037.969320   0.998947   0.002425   0  -1   -1
    2037.969550   1.002493   0.002428   0  -1   -1
    2037.969780   1.000921   0.002427   0  -1   -1
    2037.970020   0.996998   0.002422   0  -1   -1
    2037.970250   0.998508   0.002424   0  -1   -1
    2037.970480   0.996774   0.002422   0  -1   -1
    2037.970710   0.994352   0.002424   0  -1   -1
    2037.970940   1.003605   0.002429   0  -1   -1
    2037.971170   0.999363   0.002425   0  -1   -1
    2037.971410   0.995408   0.002423   0  -1   -1
    2037.971640   1.000871   0.002426   0  -1   -1
    2037.971870   0.997221   0.002427   0  -1   -1
    2037.972100   0.998221   0.002424   0  -1   -1
    2037.972330   1.002619   0.002426   0  -1   -1
    2037.972560   1.002116   0.002430   0  -1   -1
    2037.972790   0.998617   0.002425   0  -1   -1
    2037.973260   0.995694   0.002421   0  -1   -1
    2037.973490   0.997303   0.002422   0  -1   -1
    2037.973720   0.999876   0.002427   0  -1   -1
    2037.973950   0.997490   0.002424   0  -1   -1
    2037.974180   0.997764   0.002424   0  -1   -1
    2037.974650   0.997796   0.002425   0  -1   -1
    2037.974880   0.993621   0.002423   0  -1   -1
    2037.975110   0.999738   0.002425   0  -1   -1
    2037.975340   0.997110   0.002425   0  -1   -1
    2037.975570   1.000989   0.002429   0  -1   -1
    2037.975800   0.995796   0.002424   0  -1   -1
    2037.976030   1.001961   0.002427   0  -1   -1
    2037.976270   0.996129   0.002424   0  -1   -1
    2037.976500   1.001625   0.002426   0  -1   -1
    2037.976960   0.996925   0.002424   0  -1   -1
    2037.977190   0.999581   0.002425   0  -1   -1
    2037.977420   0.999325   0.002426   0  -1   -1
    2037.977650   0.996752   0.002423   0  -1   -1
    2037.977890   0.999543   0.002425   0  -1   -1
    2037.978120   0.994136   0.002422   0  -1   -1
    2037.978350   1.000162   0.002426   0  -1   -1
    2037.978580   0.997255   0.002424   0  -1   -1
    2037.978810   1.001402   0.002430   0  -1   -1
    2037.979040   0.998707   0.002425   0  -1   -1
    2037.979280   0.996163   0.002422   0  -1   -1
    2037.979510   0.996066   0.002426   0  -1   -1
    2037.979740   0.997326   0.002426   0  -1   -1
    2037.979970   0.995904   0.002426   0  -1   -1
    2037.980200   0.998465   0.002426   0  -1   -1
    2037.980430   1.002164   0.002427   0  -1   -1
    2037.980900   1.002343   0.002427   0  -1   -1
    2037.981130   1.002149   0.002429   0  -1   -1
    2037.981360   1.004078   0.002429   0  -1   -1
    2037.981590   1.002085   0.002428   0  -1   -1
    2037.981820   0.999593   0.002426   0  -1   -1
    2037.982050   1.000138   0.002425   0  -1   -1
    2037.982280   1.001243   0.002429   0  -1   -1
    2037.982520   1.000499   0.002428   0  -1   -1
    2037.982750   1.005118   0.002428   0  -1   -1
    2037.982980   0.995845   0.002423   0  -1   -1
    2037.983440   0.997383   0.002425   0  -1   -1
    2037.983670   1.002486   0.002430   0  -1   -1
    2037.983900   0.999865   0.002427   0  -1   -1
    2037.984140   0.995546   0.002427   0  -1   -1
    2037.984370   0.999609   0.002425   0  -1   -1
    2037.984600   1.001752   0.002426   0  -1   -1
    2037.984830   0.999346   0.002426   0  -1   -1
    2037.985290   1.001010   0.002431   0  -1   -1
    2037.985530   0.998733   0.002425   0  -1   -1
    2037.985760   0.999671   0.002426   0  -1   -1
    2037.985990   1.001944   0.002427   0  -1   -1
    2037.986220   0.998926   0.002430   0  -1   -1
    2037.986450   1.000777   0.002426   0  -1   -1
    2037.986680   0.999048   0.002424   0  -1   -1
    2037.986910   1.001567   0.002427   0  -1   -1
    2037.987150   0.999895   0.002430   0  -1   -1
    2037.987380   0.999601   0.002427   0  -1   -1
    2037.987610   1.001607   0.002429   0  -1   -1
    2037.987840   1.000121   0.002428   0  -1   -1
    2037.988070   1.000260   0.002425   0  -1   -1
    2037.988300   1.002083   0.002428   0  -1   -1
    2037.988530   0.997236   0.002424   0  -1   -1
    2037.988770   1.003580   0.002428   0  -1   -1
    2037.989000   0.997942   0.002426   0  -1   -1
    2037.989230   1.004209   0.002431   0  -1   -1
    2037.989460   1.006047   0.002429   0  -1   -1
    2037.989690   0.997343   0.002425   0  -1   -1
    2037.989920   0.998067   0.002424   0  -1   -1
    2037.990150   0.997424   0.002426   0  -1   -1
    2037.990390   1.000640   0.002426   0  -1   -1
    2037.990620   0.996804   0.002425   0  -1   -1
    2037.990850   1.001312   0.002427   0  -1   -1
    2037.991080   1.003680   0.002429   0  -1   -1
    2037.991310   1.001778   0.002429   0  -1   -1
    2037.991540   0.995618   0.002422   0  -1   -1
    2037.991780   0.996415   0.002424   0  -1   -1
    2037.992010   0.999166   0.002424   0  -1   -1
    2037.992240   1.001402   0.002428   0  -1   -1
    2037.992470   0.999929   0.002426   0  -1   -1
    2037.992700   1.000683   0.002428   0  -1   -1
    2037.992930   1.000052   0.002425   0  -1   -1
    2037.993160   0.999730   0.002426   0  -1   -1
    2037.993400   1.004802   0.002431   0  -1   -1
    2037.993630   1.000744   0.002424   0  -1   -1
    2037.993860   1.000379   0.002426   0  -1   -1
    2037.994090   0.998038   0.002425   0  -1   -1
    2037.994320   0.996865   0.002423   0  -1   -1
    2037.994550   1.003883   0.002429   0  -1   -1
    2037.994780   0.998634   0.002427   0  -1   -1
    2037.995020   1.005597   0.002429   0  -1   -1
    2037.995250   0.997465   0.002424   0  -1   -1
    2037.995480   0.999972   0.002427   0  -1   -1
    2037.995710   0.997608   0.002425   0  -1   -1
    2037.995940   0.997439   0.002424   0  -1   -1
    2037.996170   0.998128   0.002424   0  -1   -1
    2037.996400   1.003711   0.002432   0  -1   -1
    2037.996640   1.005429   0.002429   0  -1   -1
    2037.996870   1.000332   0.002428   0  -1   -1
    2037.997100   0.999155   0.002426   0  -1   -1
    2037.997330   1.002815   0.002430   0  -1   -1
    2037.997560   1.000809   0.002426   0  -1   -1
    2037.997790   0.997987   0.002422   0  -1   -1
    2037.998030   1.001152   0.002428   0  -1   -1
    2037.998260   0.995094   0.002423   0  -1   -1
    2037.998490   1.000521   0.002441   0  -1   -1
    2037.998720   1.002171   0.002429   0  -1   -1
    2037.998950   1.004884   0.002429   0  -1   -1
    2037.999410   1.002081   0.002428   0  -1   -1
    2037.999650   1.002527   0.002430   0  -1   -1
    2037.999880   1.003436   0.002428   0  -1   -1
    2038.000110   0.995778   0.002424   0  -1   -1
    2038.000570   0.998873   0.002427   0  -1   -1
    2038.000800   0.998484   0.002426   0  -1   -1
    2038.001030   0.997544   0.002426   0  -1   -1
    2038.001500   1.000890   0.002425   0  -1   -1
    2038.001730   1.003916   0.002429   0  -1   -1
    2038.001960   1.001377   0.002428   0  -1   -1
    2038.002190   1.001746   0.002427   0  -1   -1
    2038.002420   1.000246   0.002428   0  -1   -1
    2038.002650   1.002018   0.002430   0  -1   -1
    2038.002890   1.000098   0.002424   0  -1   -1
    2038.003120   0.999629   0.002426   0  -1   -1
    2038.003350   0.999112   0.002428   0  -1   -1
    2038.003580   1.002123   0.002426   0  -1   -1
    2038.003810   0.998581   0.002425   0  -1   -1
    2038.004040   1.003253   0.002428   0  -1   -1
    2038.004280   1.000632   0.002429   0  -1   -1
    2038.004510   0.999558   0.002426   0  -1   -1
    2038.004740   1.002152   0.002430   0  -1   -1
    2038.004970   1.003376   0.002429   0  -1   -1
    2038.005200   0.999526   0.002425   0  -1   -1
    2038.005430   1.000721   0.002427   0  -1   -1
    2038.005660   1.001701   0.002426   0  -1   -1
    2038.005900   0.998439   0.002425   0  -1   -1
    2038.006130   0.999561   0.002427   0  -1   -1
    2038.006360   1.005218   0.002430   0  -1   -1
    2038.006590   1.000811   0.002427   0  -1   -1
    2038.006820   0.999378   0.002427   0  -1   -1
    2038.007050   0.999338   0.002428   0  -1   -1
    2038.007280   0.996413   0.002426   0  -1   -1
    2038.007520   0.996403   0.002425   0  -1   -1
    2038.007750   1.000636   0.002426   0  -1   -1
    2038.007980   1.005200   0.002432   0  -1   -1
    2038.008210   0.997901   0.002426   0  -1   -1
    2038.008440   0.996653   0.002425   0  -1   -1
    2038.008670   1.001319   0.002427   0  -1   -1
    2038.008900   1.001619   0.002428   0  -1   -1
    2038.009140   1.004001   0.002429   0  -1   -1
    2038.009370   0.998806   0.002425   0  -1   -1
    2038.009600   1.000457   0.002427   0  -1   -1
    2038.010060   0.999474   0.002425   0  -1   -1
    2038.010290   1.000824   0.002426   0  -1   -1
    2038.010530   1.001927   0.002428   0  -1   -1
    2038.010760   1.001393   0.002426   0  -1   -1
    2038.010990   1.000621   0.002427   0  -1   -1
    2038.011220   0.999784   0.002427   0  -1   -1
    2038.011450   0.999766   0.002426   0  -1   -1
    2038.011910   1.002704   0.002428   0  -1   -1
    2038.012150   1.001192   0.002428   0  -1   -1
    2038.012380   0.999577   0.002427   0  -1   -1
    2038.012610   0.998885   0.002425   0  -1   -1
    2038.012840   1.002684   0.002429   0  -1   -1
    2038.013070   1.002015   0.002429   0  -1   -1
    2038.013300   1.002996   0.002428   0  -1   -1
    2038.013530   1.000763   0.002425   0  -1   -1
    2038.013770   1.003448   0.002428   0  -1   -1
    2038.014000   1.000772   0.002427   0  -1   -1
    2038.014230   0.998090   0.002425   0  -1   -1
    2038.014460   0.999255   0.002425   0  -1   -1
    2038.014690   1.002352   0.002430   0  -1   -1
    2038.014920   1.000017   0.002427   0  -1   -1
    2038.015150   1.002756   0.002426   0  -1   -1
    2038.015390   0.998693   0.002425   0  -1   -1
    2038.015620   1.001095   0.002428   0  -1   -1
    2038.015850   1.002519   0.002430   0  -1   -1
    2038.016080   0.998297   0.002426   0  -1   -1
    2038.016310   1.002345   0.002428   0  -1   -1
    2038.016540   0.995169   0.002422   0  -1   -1
    2038.016780   0.999205   0.002427   0  -1   -1
    2038.017010   1.003078   0.002429   0  -1   -1
    2038.017240   0.999625   0.002428   0  -1   -1
    2038.017470   0.996873   0.002423   0  -1   -1
    2038.017700   1.000882   0.002427   0  -1   -1
    2038.017930   1.000452   0.002427   0  -1   -1
    2038.018160   0.996861   0.002426   0  -1   -1
    2038.018400   0.999780   0.002426   0  -1   -1
    2038.018630   0.997910   0.002427   0  -1   -1
    2038.018860   1.004005   0.002428   0  -1   -1
    2038.019090   0.998742   0.002425   0  -1   -1
    2038.019320   0.998261   0.002427   0  -1   -1
    2038.019550   0.998309   0.002425   0  -1   -1
    2038.019780   1.005436   0.002430   0  -1   -1
    2038.020020   1.002653   0.002430   0  -1   -1
    2038.020250   0.993610   0.002422   0  -1   -1
    2038.020480   1.000999   0.002427   0  -1   -1
    2038.020710   0.999949   0.002427   0  -1   -1
    2038.020940   0.999811   0.002426   0  -1   -1
    2038.021170   1.003071   0.002430   0  -1   -1
    2038.021400   1.002006   0.002426   0  -1   -1
    2038.021640   1.002692   0.002429   0  -1   -1
    2038.021870   1.008017   0.002434   0  -1   -1
    2038.022100   0.997389   0.002424   0  -1   -1
    2038.022330   1.000396   0.002427   0  -1   -1
    2038.022560   0.995951   0.002427   0  -1   -1
    2038.022790   0.996012   0.002425   0  -1   -1
    2038.023030   1.003702   0.002428   0  -1   -1
    2038.023260   1.003750   0.002430   0  -1   -1
    2038.023490   0.999565   0.002427   0  -1   -1
    2038.023720   1.001370   0.002429   0  -1   -1
    2038.023950   0.999910   0.002426   0  -1   -1
    2038.024180   1.003990   0.002429   0  -1   -1
    2038.024410   1.001473   0.002429   0  -1   -1
    2038.024650   1.000606   0.002426   0  -1   -1
    2038.024880   1.001746   0.002429   0  -1   -1
    2038.025110   1.000229   0.002428   0  -1   -1
    2038.025340   0.999154   0.002423   0  -1   -1
    2038.025570   0.999690   0.002427   0  -1   -1
    2038.025800   0.997999   0.002425   0  -1   -1
    2038.026030   1.000494   0.002428   0  -1   -1
    2038.026270   0.996865   0.002424   0  -1   -1
    2038.026500   1.003111   0.002429   0  -1   -1
    2038.026730   0.997923   0.002426   0  -1   -1
    2038.026960   0.999777   0.002428   0  -1   -1
    2038.027190   0.994851   0.002423   0  -1   -1
    2038.027420   0.998532   0.002425   0  -1   -1
    2038.027890   0.998015   0.002426   0  -1   -1
    2038.028120   0.995924   0.002423   0  -1   -1
    2038.028350   1.002878   0.002428   0  -1   -1
    2038.028580   1.002539   0.002431   0  -1   -1
    2038.028810   0.994846   0.002423   0  -1   -1
    2038.029040   1.006405   0.002432   0  -1   -1
    2038.029270   0.995318   0.002420   0  -1   -1
    2038.029510   1.003227   0.002432   0  -1   -1
    2038.029740   0.998675   0.002426   0  -1   -1
    2038.029970   1.001041   0.002428   0  -1   -1
    2038.030200   1.000624   0.002427   0  -1   -1
    2038.030430   0.999154   0.002427   0  -1   -1
    2038.030660   1.003282   0.002429   0  -1   -1
    2038.030900   0.998918   0.002427   0  -1   -1
    2038.031130   1.002329   0.002431   0  -1   -1
    2038.031360   0.996571   0.002426   0  -1   -1
    2038.031590   1.000681   0.002429   0  -1   -1
    2038.031820   1.004419   0.002430   0  -1   -1
    2038.032050   0.999343   0.002426   0  -1   -1
    2038.032280   1.001788   0.002429   0  -1   -1
    2038.032520   0.996090   0.002426   0  -1   -1
    2038.032750   0.999659   0.002427   0  -1   -1
    2038.032980   0.998567   0.002427   0  -1   -1
    2038.033210   0.996220   0.002425   0  -1   -1
    2038.033440   1.002699   0.002428   0  -1   -1
    2038.033670   0.999355   0.002428   0  -1   -1
    2038.033900   0.998597   0.002425   0  -1   -1
    2038.034140   1.000078   0.002427   0  -1   -1
    2038.034370   0.999276   0.002426   0  -1   -1
    2038.034600   1.002632   0.002428   0  -1   -1
    2038.034830   0.998875   0.002427   0  -1   -1
    2038.035060   1.001997   0.002429   0  -1   -1
    2038.035290   0.998029   0.002425   0  -1   -1
    2038.035520   1.000776   0.002428   0  -1   -1
    2038.035760   0.998399   0.002426   0  -1   -1
    2038.035990   0.999430   0.002427   0  -1   -1
    2038.036220   0.999560   0.002426   0  -1   -1
    2038.036450   0.999053   0.002426   0  -1   -1
    2038.036680   1.002347   0.002432   0  -1   -1
    2038.036910   1.002056   0.002429   0  -1   -1
    2038.037150   1.001563   0.002426   0  -1   -1
    2038.037380   1.001190   0.002428   0  -1   -1
    2038.037610   1.000396   0.002428   0  -1   -1
    2038.037840   1.000341   0.002427   0  -1   -1
    2038.038300   1.003988   0.002430   0  -1   -1
    2038.038530   0.997921   0.002422   0  -1   -1
    2038.038770   1.001447   0.002428   0  -1   -1
    2038.039000   0.998616   0.002426   0  -1   -1
    2038.039230   1.002282   0.002429   0  -1   -1
    2038.039460   0.999402   0.002428   0  -1   -1
    2038.039690   1.003318   0.002428   0  -1   -1
    2038.039920   1.005334   0.002431   0  -1   -1
    2038.040150   0.997681   0.002425   0  -1   -1
    2038.040390   0.999290   0.002426   0  -1   -1
    2038.040620   0.998693   0.002424   0  -1   -1
    2038.040850   1.003901   0.002429   0  -1   -1
    2038.041080   1.000713   0.002428   0  -1   -1
    2038.041310   0.999795   0.002427   0  -1   -1
    2038.041540   1.001154   0.002427   0  -1   -1
    2038.041770   1.001811   0.002428   0  -1   -1
    2038.042010   1.000550   0.002428   0  -1   -1
    2038.042240   1.000291   0.002428   0  -1   -1
    2038.042470   1.004670   0.002429   0  -1   -1
    2038.042700   0.999689   0.002429   0  -1   -1
    2038.042930   1.001294   0.002427   0  -1   -1
    2038.043160   1.002049   0.002428   0  -1   -1
    2038.043400   0.998575   0.002426   0  -1   -1
    2038.043630   0.998627   0.002426   0  -1   -1
    2038.043860   1.002631   0.002429   0  -1   -1
    2038.044090   1.000178   0.002428   0  -1   -1
    2038.044320   0.997910   0.002423   0  -1   -1
    2038.044550   0.998600   0.002425   0  -1   -1
    2038.044780   1.000703   0.002441   0  -1   -1
    2038.045020   1.003348   0.002431   0  -1   -1
    2038.045250   0.996186   0.002422   0  -1   -1
    2038.045480   1.002319   0.002429   0  -1   -1
    2038.045710   0.996755   0.002426   0  -1   -1
    2038.045940   0.997587   0.002425   0  -1   -1
    2038.046170   1.003704   0.002431   0  -1   -1
    2038.046400   0.999148   0.002425   0  -1   -1
    2038.046640   0.995902   0.002424   0  -1   -1
    2038.046870   1.004810   0.002429   0  -1   -1
    2038.047100   0.999059   0.002428   0  -1   -1
    2038.047330   1.000251   0.002425   0  -1   -1
    2038.047560   1.002296   0.002427   0  -1   -1
    2038.047790   1.003823   0.002430   0  -1   -1
    2038.048260   1.002252   0.002429   0  -1   -1
    2038.048490   0.995952   0.002422   0  -1   -1
    2038.048720   1.004250   0.002430   0  -1   -1
    2038.048950   1.000692   0.002429   0  -1   -1
    2038.049180   1.001899   0.002430   0  -1   -1
    2038.049410   1.001330   0.002428   0  -1   -1
    2038.049650   0.997778   0.002425   0  -1   -1
    2038.050340   0.998406   0.002427   0  -1   -1
    2038.050570   0.999541   0.002438   0  -1   -1
    2038.050800   0.999096   0.002440   0  -1   -1
    2038.051030   1.006200   0.002430   0  -1   -1
    2038.051270   1.001808   0.002430   0  -1   -1
    2038.051500   1.001084   0.002428   0  -1   -1
    2038.051730   1.002709   0.002430   0  -1   -1
    2038.051960   0.999296   0.002426   0  -1   -1
    2038.052420   1.000152   0.002425   0  -1   -1
    2038.052650   1.002446   0.002429   0  -1   -1
