# epoch flux flux_err dx dy fwhm fwhmx fwhmy sky airmass
  3147.06239  0.99605  0.00215 -0.57866 -0.61981  5.79332  5.79332  5.79332    570.91147  1.22712
  3147.06272  1.00249  0.00215 -0.65948 -0.43225  5.90833  5.90833  5.90833    575.44193  1.22684
  3147.06305  0.99941  0.00215 -0.70321 -0.27898  5.87238  5.87238  5.87238    577.87748  1.22660
  3147.06338  0.99749  0.00215 -0.54148 -0.58875  5.81170  5.81170  5.81170    578.02479  1.22637
  3147.06371  0.99797  0.00215 -0.31432 -0.28136  5.85117  5.85117  5.85117    577.15793  1.22612
  3147.06404  0.99952  0.00215 -0.03740 -0.30802  5.93200  5.93200  5.93200    570.42705  1.22587
  3147.06437  0.99971  0.00214  0.18406 -0.34413  6.72530  6.72530  6.72530    569.02550  1.22562
  3147.06471  1.00139  0.00213  0.18626 -0.23958  6.57236  6.57236  6.57236    569.45963  1.22538
  3147.06504  0.99861  0.00213  0.25724 -0.22866  5.73419  5.73419  5.73419    572.28683  1.22514
  3147.06536  0.99737  0.00214 -0.21834 -0.44926  6.01933  6.01933  6.01933    576.84844  1.22491
  3147.06569  0.99883  0.00213 -0.35168 -0.35122  5.84698  5.84698  5.84698    584.31586  1.22468
  3147.06602  1.00157  0.00214 -0.25604 -0.74377  7.06934  7.06934  7.06934    590.06020  1.22443
  3147.06636  1.00135  0.00215 -0.34375 -0.67975  5.83355  5.83355  5.83355    596.14518  1.22421
  3147.06669  0.99856  0.00216 -0.44210 -0.35489  6.18124  6.18124  6.18124    600.16997  1.22398
  3147.06701  0.99908  0.00216 -0.32505 -0.43397  6.08828  6.08828  6.08828    606.80312  1.22374
  3147.06734  1.00125  0.00215 -0.36686 -0.65555  5.77930  5.77930  5.77930    610.56941  1.22354
  3147.06767  1.00115  0.00216 -0.18525 -0.29412  5.96203  5.96203  5.96203    610.94547  1.22328
  3147.06801  0.98882  0.00215  0.04260 -0.35381  5.99189  5.99189  5.99189    611.75425  1.22305
  3147.06833  0.99631  0.00215  0.10875  0.25244  5.86544  5.86544  5.86544    611.48442  1.22284
  3147.06866  0.99666  0.00215  0.21202 -0.36912  5.93125  5.93125  5.93125    612.28754  1.22260
  3147.06899  1.00347  0.00215  0.28675 -0.42229  5.97273  5.97273  5.97273    612.93272  1.22238
  3147.06932  1.00100  0.00215 -0.03105 -0.20497  6.04564  6.04564  6.04564    622.03045  1.22217
  3147.06966  0.99753  0.00216 -0.26679 -0.31483  6.83719  6.83719  6.83719    632.44618  1.22195
  3147.06999  1.00020  0.00215 -0.58009 -0.74147  5.71761  5.71761  5.71761    641.47238  1.22173
  3147.07032  1.00093  0.00214 -0.51537 -0.90335  5.69113  5.69113  5.69113    641.58640  1.22151
  3147.07065  1.00091  0.00215 -0.44345 -0.34447  5.79647  5.79647  5.79647    637.94334  1.22129
  3147.07098  1.00036  0.00215  0.09044 -0.66295  5.76064  5.76064  5.76064    635.19263  1.22108
  3147.07131  1.00358  0.00213  1.12230 -0.90939  5.65775  5.65775  5.65775    635.81728  1.22084
  3147.07163  0.99577  0.00214 -0.05364 -0.42598  5.80525  5.80525  5.80525    637.52195  1.22066
  3147.07196  0.99874  0.00213 -0.21832 -0.46324  5.58906  5.58906  5.58906    635.80028  1.22043
  3147.07229  0.99583  0.00214 -0.32914 -0.22017  6.16952  6.16952  6.16952    628.68130  1.22024
  3147.07263  0.99752  0.00216 -0.26116 -0.60199  5.78261  5.78261  5.78261    622.98300  1.22000
  3147.07297  0.99791  0.00217 -0.09339 -0.49182  5.73033  5.73033  5.73033    624.34632  1.21979
  3147.07330  1.00668  0.00217 -0.16619 -0.11800  6.00015  6.00015  6.00015    630.03966  1.21959
  3147.07363  0.99676  0.00216 -0.03722 -0.28633  6.03051  6.03051  6.03051    635.12535  1.21939
  3147.07395  0.99672  0.00217  0.05710 -0.33288  6.10431  6.10431  6.10431    635.15581  1.21918
  3147.07428  1.00151  0.00218  0.06816 -0.71277  5.79404  5.79404  5.79404    632.22096  1.21898
  3147.07461  1.00006  0.00219  0.06270 -0.44697  6.10998  6.10998  6.10998    630.67705  1.21877
  3147.07494  0.99531  0.00220 -0.43114 -0.42019  6.11244  6.11244  6.11244    630.24788  1.21859
  3147.07527  0.99599  0.00220 -0.40238 -0.46191  6.08515  6.08515  6.08515    632.38385  1.21838
  3147.07560  1.00210  0.00221 -0.22617 -0.48061  5.87213  5.87213  5.87213    638.49079  1.21819
  3147.07593  0.99788  0.00221 -0.09615 -0.12904  6.16134  6.16134  6.16134    641.44334  1.21799
  3147.07626  0.99904  0.00220  0.94126 -0.02771  6.00681  6.00681  6.00681    637.35977  1.21777
  3147.07659  0.99794  0.00220 -0.05196 -0.26749  6.16361  6.16361  6.16361    635.13244  1.21759
  3147.07693  0.99811  0.00220 -0.33824 -0.23204  6.06266  6.06266  6.06266    633.73442  1.21739
  3147.07726  0.99528  0.00220 -0.52293 -0.21580  6.04932  6.04932  6.04932    640.98796  1.21721
  3147.07759  0.99726  0.00220 -0.52642 -0.51043  5.92680  5.92680  5.92680    648.69759  1.21701
  3147.07792  0.99969  0.00221 -0.43456 -0.77992  5.91232  5.91232  5.91232    659.39802  1.21683
  3147.07825  1.00147  0.00221 -0.04704 -0.75999  5.93395  5.93395  5.93395    663.07011  1.21662
  3147.07858  1.00001  0.00221  0.25212 -0.47145  5.75171  5.75171  5.75171    663.56941  1.21644
  3147.07891  0.99518  0.00221  0.23564 -0.39936  5.86803  5.86803  5.86803    659.19547  1.21626
  3147.07923  0.99279  0.00221  0.25032 -0.60899  5.79730  5.79730  5.79730    656.50212  1.21607
  3147.07956  0.99694  0.00221  0.04255 -0.14270  6.04991  6.04991  6.04991    654.84703  1.21590
  3147.07989  0.99771  0.00221 -0.27988  0.15609  5.89669  5.89669  5.89669    650.41147  1.21572
  3147.08022  0.99573  0.00222 -0.49292 -0.24898  5.93986  5.93986  5.93986    650.94830  1.21553
  3147.08055  0.99862  0.00222 -0.40913 -0.25693  5.95225  5.95225  5.95225    653.34136  1.21536
  3147.08088  1.00340  0.00223 -0.35918 -0.22099  6.00698  6.00698  6.00698    655.28399  1.21518
  3147.08121  1.00141  0.00223 -0.50498 -0.37202  6.00039  6.00039  6.00039    653.69830  1.21501
  3147.08154  0.99749  0.00223 -0.20908 -0.40889  6.02959  6.02959  6.02959    649.24646  1.21482
  3147.08187  0.99930  0.00223  0.08122 -0.59115  5.99723  5.99723  5.99723    645.59915  1.21464
  3147.08220  0.99543  0.00223  0.07249 -0.42161  5.95216  5.95216  5.95216    643.39093  1.21447
  3147.08253  0.99930  0.00222  0.12063 -0.22356  6.00531  6.00531  6.00531    640.07365  1.21430
  3147.08286  0.99950  0.00222  0.15136 -0.30418  6.27868  6.27868  6.27868    642.00921  1.21412
  3147.08318  0.99727  0.00222 -0.26490 -0.23517  6.11869  6.11869  6.11869    647.61402  1.21397
  3147.08351  0.99937  0.00221 -0.35745 -0.16357  5.94450  5.94450  5.94450    659.52691  1.21379
  3147.08384  0.99666  0.00222 -0.59121 -0.10248  5.86675  5.86675  5.86675    667.57790  1.21362
  3147.08417  0.99804  0.00223 -0.50936 -0.06316  5.91103  5.91103  5.91103    671.87465  1.21345
  3147.08450  1.00287  0.00223 -0.43667 -0.22912  5.94161  5.94161  5.94161    679.65368  1.21328
  3147.08483  1.00249  0.00222 -0.46243 -0.06088  5.93929  5.93929  5.93929    685.96955  1.21313
  3147.08516  0.99808  0.00222 -0.35745 -0.18595  5.87355  5.87355  5.87355    694.38739  1.21295
  3147.08550  0.99957  0.00221 -0.03615 -0.15912  5.97719  5.97719  5.97719    694.81516  1.21280
  3147.08583  1.00169  0.00220  0.08121 -0.33380  6.02735  6.02735  6.02735    690.68343  1.21263
  3147.08616  0.99689  0.00219  0.25914 -0.64489  6.00257  6.00257  6.00257    687.02550  1.21246
  3147.08649  0.99766  0.00218  0.24811 -0.51113  5.82535  5.82535  5.82535    677.32365  1.21232
  3147.08682  0.99923  0.00218 -0.02025  0.00528  5.81025  5.81025  5.81025    672.58994  1.21216
  3147.08715  0.99762  0.00218 -0.35721  0.00436  5.85987  5.85987  5.85987    669.11756  1.21201
  3147.08748  0.99807  0.00219 -0.17972 -0.16178  5.96648  5.96648  5.96648    674.23371  1.21185
  3147.08780  0.99761  0.00221 -0.12635 -0.05677  6.02354  6.02354  6.02354    669.33074  1.21170
  3147.08814  0.99468  0.00222 -0.05147 -0.05347  6.04508  6.04508  6.04508    668.22875  1.21155
  3147.08847  1.00458  0.00224  0.14971 -0.36208  6.00011  6.00011  6.00011    670.82365  1.21139
  3147.08880  1.00074  0.00225 -0.13924  0.03923  6.12655  6.12655  6.12655    673.92564  1.21124
  3147.08912  1.00451  0.00225 -0.37760 -0.23371  6.24811  6.24811  6.24811    673.93130  1.21109
  3147.08945  0.99926  0.00225 -0.28106 -0.55711  5.95475  5.95475  5.95475    674.53329  1.21095
  3147.08979  1.00170  0.00225 -0.32916 -0.56324  5.98088  5.98088  5.98088    671.69830  1.21080
  3147.09012  1.00307  0.00225 -0.22159 -0.52457  6.12827  6.12827  6.12827    670.46742  1.21065
  3147.09044  0.99670  0.00225 -0.15514 -0.32293  6.22208  6.22208  6.22208    672.80312  1.21052
  3147.09077  0.99550  0.00225 -0.20878 -0.47592  6.11780  6.11780  6.11780    674.46813  1.21037
  3147.09110  0.99992  0.00225 -0.14950 -0.27146  6.24892  6.24892  6.24892    674.39448  1.21023
  3147.09143  0.99703  0.00225 -0.09662 -0.14127  6.33049  6.33049  6.33049    671.30807  1.21009
  3147.09176  1.00127  0.00225 -0.13800  0.00875  6.20434  6.20434  6.20434    672.38173  1.20996
  3147.09209  1.00159  0.00225 -0.08760 -0.34053  6.23389  6.23389  6.23389    679.75212  1.20982
  3147.09242  0.99842  0.00225  0.05785 -0.28969  6.29092  6.29092  6.29092    686.20113  1.20967
  3147.09275  1.00003  0.00226  0.21926 -0.03656  6.20578  6.20578  6.20578    693.61544  1.20953
  3147.09308  1.00092  0.00225  0.08249 -0.07735  6.23354  6.23354  6.23354    689.64306  1.20941
  3147.09341  0.99849  0.00224 -0.33569 -0.64388  6.14343  6.14343  6.14343    682.10340  1.20928
  3147.09375  0.99747  0.00223 -0.32292 -0.55849  6.13020  6.13020  6.13020    674.57649  1.20914
  3147.09408  0.99596  0.00223 -0.16542 -0.08472  6.17046  6.17046  6.17046    671.76487  1.20902
  3147.09441  0.99661  0.00222 -0.29712  0.10606  6.13599  6.13599  6.13599    665.64023  1.20889
  3147.09474  0.99907  0.00222 -0.32941 -0.44004  5.93412  5.93412  5.93412    670.38456  1.20876
  3147.09507  0.99647  0.00221 -0.37866 -0.03551  6.06269  6.06269  6.06269    674.37677  1.20863
  3147.09540  0.99791  0.00219 -0.26332 -0.14348  6.03691  6.03691  6.03691    673.96742  1.20851
  3147.09573  0.99617  0.00218 -0.20799  0.18624  5.84978  5.84978  5.84978    674.53683  1.20837
  3147.09606  1.00196  0.00217 -0.11164 -0.01048  5.89632  5.89632  5.89632    673.71176  1.20825
  3147.09639  0.99718  0.00216 -0.16587 -0.06308  6.66320  6.66320  6.66320    673.17422  1.20814
  3147.09672  1.00220  0.00214 -0.00905  0.03456  6.47786  6.47786  6.47786    670.04037  1.20800
  3147.09705  0.99449  0.00213 -0.30774 -0.18296  5.83085  5.83085  5.83085    666.94193  1.20790
  3147.09738  0.99992  0.00213 -0.23057 -0.49598  5.81770  5.81770  5.81770    658.66006  1.20779
  3147.09771  0.99399  0.00211 -0.29661 -0.50223  6.40995  6.40995  6.40995    654.51629  1.20766
  3147.09804  0.99676  0.00210 -0.20496 -0.50236  5.60971  5.60971  5.60971    648.28824  1.20754
  3147.09837  0.99955  0.00209 -0.21650 -0.14854  6.66226  6.66226  6.66226    642.16431  1.20743
  3147.09869  0.99615  0.00207 -0.13590 -0.12262  6.40831  6.40831  6.40831    645.16076  1.20733
  3147.09902  1.00473  0.00207 -0.25832  0.25129  6.07423  6.07423  6.07423    642.69547  1.20720
  3147.09935  0.99785  0.00203 -0.29869  0.21343  5.48395  5.48395  5.48395    651.13739  1.20710
  3147.09968  0.99835  0.00205 -0.27276 -0.11377  5.50082  5.50082  5.50082    646.27408  1.20699
  3147.10001  0.99917  0.00207 -0.33085 -0.12248  6.29143  6.29143  6.29143    639.99717  1.20689
  3147.10034  1.00399  0.00208 -0.35771 -0.21584  5.77672  5.77672  5.77672    630.45113  1.20677
  3147.10067  1.00649  0.00209 -0.27046  0.01683  5.85698  5.85698  5.85698    628.61331  1.20667
  3147.10100  0.99999  0.00210 -0.35709 -0.11633  6.08551  6.08551  6.08551    629.47380  1.20657
  3147.10133  0.99923  0.00208 -0.38753 -0.22165  6.51831  6.51831  6.51831    638.97450  1.20646
  3147.10166  1.00492  0.00204 -0.28890 -0.56751  5.66527  5.66527  5.66527    650.27550  1.20636
  3147.10199  1.00649  0.00205 -0.20269 -0.35476  5.54071  5.54071  5.54071    657.12748  1.20625
  3147.10232  0.99370  0.00204 -0.22361 -0.16679  5.84075  5.84075  5.84075    667.15368  1.20616
  3147.10265  1.00041  0.00203 -0.32437 -0.24479  5.63795  5.63795  5.63795    674.23725  1.20605
  3147.10298  0.99791  0.00203 -0.57715  0.08964  5.27735  5.27735  5.27735    672.68414  1.20597
  3147.10331  1.00009  0.00204 -0.60684 -0.03485  5.83176  5.83176  5.83176    668.86473  1.20585
  3147.10364  0.99908  0.00202 -0.55271  0.05571  5.35756  5.35756  5.35756    672.99221  1.20577
  3147.10397  0.99758  0.00204 -0.56506 -0.26882  5.48052  5.48052  5.48052    670.20538  1.20566
  3147.10430  1.00325  0.00206 -0.51424 -0.09581  5.64253  5.64253  5.64253    664.71176  1.20559
  3147.10463  1.00381  0.00206 -0.55068 -0.04091  5.51778  5.51778  5.51778    662.61119  1.20549
  3147.10496  1.00807  0.00206 -0.63224 -0.14693  6.09109  6.09109  6.09109    656.94334  1.20539
  3147.10529  1.00174  0.00207 -0.55280 -0.51902  5.99709  5.99709  5.99709    650.86756  1.20532
  3147.10562  1.00318  0.00208 -0.29996 -0.05588  6.23768  6.23768  6.23768    641.14731  1.20522
  3147.10595  0.99378  0.00208 -0.09519  0.02805  5.69553  5.69553  5.69553    633.90935  1.20514
  3147.10628  0.99786  0.00208  0.11492 -0.25713  5.80282  5.80282  5.80282    629.20963  1.20504
  3147.10661  0.99958  0.00207  0.10599 -0.22733  5.82389  5.82389  5.82389    626.10694  1.20495
  3147.10694  1.00172  0.00205 -0.26788  0.01929  5.67797  5.67797  5.67797    626.72380  1.20488
  3147.10727  0.99297  0.00209 -0.56993 -0.12676  6.09228  6.09228  6.09228    618.81161  1.20479
  3147.10760  0.99841  0.00209 -0.63605 -0.06860  5.95171  5.95171  5.95171    619.96459  1.20472
  3147.10793  0.99982  0.00205 -0.64591 -0.02016  6.16337  6.16337  6.16337    628.66501  1.20464
  3147.10825  1.00134  0.00205 -0.74698  0.28120  6.07807  6.07807  6.07807    627.18414  1.20456
  3147.10858  1.00150  0.00208 -0.69916 -0.28195  6.35249  6.35249  6.35249    623.76700  1.20449
  3147.10891  0.99697  0.00204 -0.61506 -0.35683  6.02516  6.02516  6.02516    633.17351  1.20441
  3147.10924  0.99893  0.00203 -0.14184 -0.70894  5.46461  5.46461  5.46461    639.62677  1.20434
  3147.11024  1.00579  0.00195 -0.38080 -0.60298  4.64250  4.64250  4.64250    642.54178  1.20412
  3147.11056  1.00331  0.00198 -0.14818 -0.30291  5.03615  5.03615  5.03615    635.57790  1.20405
  3147.11089  0.99807  0.00204 -0.07908 -0.17213  5.58487  5.58487  5.58487    619.75283  1.20398
  3147.11122  0.99695  0.00208 -0.51782  0.44820  5.65902  5.65902  5.65902    615.48442  1.20392
  3147.11155  0.99910  0.00201 -0.73807 -0.05214  5.81253  5.81253  5.81253    629.40722  1.20386
  3147.11188  0.99320  0.00196 -0.00727 -0.21150  5.01055  5.01055  5.01055    642.69051  1.20379
  3147.11254  1.00407  0.00199 -0.11116 -0.23564  5.30921  5.30921  5.30921    634.86048  1.20363
  3147.11287  1.00516  0.00195 -0.72151 -0.30765  4.49980  4.49980  4.49980    643.52337  1.20361
  3147.11320  0.99432  0.00193 -0.80461 -0.51398  4.42539  4.42539  4.42539    644.58853  1.20354
  3147.11386  1.00422  0.00192  0.08550 -0.43394  4.90936  4.90936  4.90936    640.99788  1.20342
  3147.11419  1.00410  0.00191  0.59675 -0.56773  4.26471  4.26471  4.26471    639.24221  1.20336
  3147.11485  0.99636  0.00192 -0.40602 -0.00461  4.46001  4.46001  4.46001    622.40156  1.20325
  3147.11550  1.00518  0.00178 -0.61412 -0.18922  4.80578  4.80578  4.80578    653.67210  1.20315
  3147.11583  1.00903  0.00178 -0.66189 -0.51575  5.28280  5.28280  5.28280    654.36402  1.20310
  3147.11649  1.00075  0.00174 -0.00950 -0.05744  5.39435  5.39435  5.39435    661.67139  1.20299
  3147.11682  0.99489  0.00170 -0.06335 -0.37408  5.62136  5.62136  5.62136    665.50354  1.20295
  3147.11715  1.00533  0.00169 -0.10939 -0.36579  5.48050  5.48050  5.48050    665.33357  1.20291
  3147.11748  1.01250  0.00172 -0.27645 -0.28123  5.19910  5.19910  5.19910    654.80807  1.20287
  3147.11781  1.00903  0.00171 -0.08078 -0.03478  5.26199  5.26199  5.26199    649.58853  1.20283
  3147.11814  0.99618  0.00177  0.43672  0.16098  4.00330  4.00330  4.00330    630.89873  1.20277
  3147.11847  1.00415  0.00177 -0.08256  0.02146  4.87411  4.87411  4.87411    624.76416  1.20274
  3147.11880  0.99835  0.00182 -0.37265 -0.00286  3.74194  3.74194  3.74194    608.11615  1.20269
  3147.11913  0.99379  0.00184 -0.46303  0.06892  3.90154  3.90154  3.90154    598.58003  1.20265
  3147.11946  1.00260  0.00185 -0.42611 -0.10831  4.42317  4.42317  4.42317    589.61048  1.20260
  3147.11979  0.99683  0.00188 -0.33704 -0.22552  4.65154  4.65154  4.65154    578.60198  1.20259
  3147.12012  0.99837  0.00191 -0.31135 -0.08902  4.93156  4.93156  4.93156    568.75637  1.20254
  3147.12045  0.99349  0.00190 -0.43105 -0.24586  4.79203  4.79203  4.79203    574.76558  1.20252
  3147.12078  1.00682  0.00193 -0.45311 -0.48778  4.96079  4.96079  4.96079    565.98017  1.20248
  3147.12111  0.99851  0.00194 -0.21251 -0.48974  5.28200  5.28200  5.28200    563.75354  1.20245
  3147.12144  0.99839  0.00193  0.00953 -0.51639  5.03739  5.03739  5.03739    558.28045  1.20243
  3147.12177  1.00301  0.00189  0.04422 -0.15213  4.65190  4.65190  4.65190    558.87040  1.20240
  3147.12210  0.99705  0.00185 -0.08776 -0.39837  4.46617  4.46617  4.46617    560.85623  1.20237
  3147.12242  1.00383  0.00182 -0.04751 -0.21163  4.91992  4.91992  4.91992    561.41643  1.20234
  3147.12275  0.99027  0.00179  0.00156  0.29597  4.36616  4.36616  4.36616    565.38102  1.20231
  3147.12309  1.00854  0.00178 -0.01377  0.38335  4.32749  4.32749  4.32749    566.90510  1.20229
  3147.12342  1.01331  0.00175 -0.10878  0.04276  4.23143  4.23143  4.23143    568.86261  1.20226
  3147.12375  0.99782  0.00175  0.09777 -0.30370  4.05926  4.05926  4.05926    567.44547  1.20224
  3147.12441  0.99799  0.00172 -0.00092 -0.21713  4.52095  4.52095  4.52095    568.69972  1.20220
  3147.12474  1.00038  0.00174 -0.13492 -0.42558  4.73982  4.73982  4.73982    565.95680  1.20219
  3147.12507  0.99634  0.00176 -0.08931 -0.52031  4.52384  4.52384  4.52384    559.66218  1.20217
  3147.12540  0.99912  0.00180 -0.21768 -0.33884  5.13505  5.13505  5.13505    550.15085  1.20215
  3147.12573  0.99590  0.00180 -0.35962 -0.34809  5.00472  5.00472  5.00472    550.48513  1.20215
  3147.12606  0.99873  0.00180 -0.38954 -0.30082  4.28257  4.28257  4.28257    548.14731  1.20212
  3147.12639  0.99907  0.00181 -0.26711 -0.12477  4.43919  4.43919  4.43919    543.57436  1.20211
  3147.12672  1.00283  0.00182  0.51533 -0.28744  4.50956  4.50956  4.50956    540.07153  1.20211
  3147.12705  0.99100  0.00185  0.74249  0.11455  4.65803  4.65803  4.65803    530.02125  1.20208
  3147.12738  1.00358  0.00192  0.33980 -0.39676  4.95384  4.95384  4.95384    515.64518  1.20207
  3147.12771  0.99865  0.00195 -0.00002 -0.00018  5.23828  5.23828  5.23828    512.90297  1.20208
  3147.12804  1.00233  0.00196 -0.11598 -0.19151  5.30837  5.30837  5.30837    517.04391  1.20208
  3147.12837  0.99886  0.00197 -0.24761 -0.61355  5.19756  5.19756  5.19756    521.43343  1.20205
  3147.12870  0.99516  0.00198 -0.32636 -0.51850  5.31511  5.31511  5.31511    528.02620  1.20206
  3147.12903  1.00877  0.00200 -0.49939 -0.36842  5.94740  5.94740  5.94740    532.17351  1.20206
  3147.12936  1.00192  0.00200 -0.50560 -0.37144  5.34146  5.34146  5.34146    539.80666  1.20206
  3147.12969  0.99916  0.00202 -0.61113 -0.48637  5.34393  5.34393  5.34393    541.08428  1.20207
  3147.13002  1.00181  0.00205  0.03549 -0.36337  5.74615  5.74615  5.74615    538.88739  1.20205
  3147.13035  0.99877  0.00206  0.45890  0.05326  5.77065  5.77065  5.77065    540.04887  1.20205
  3147.13068  0.99700  0.00207  0.32341  0.32353  5.70172  5.70172  5.70172    539.13173  1.20206
  3147.13101  1.00471  0.00207  0.64907  0.03836  5.76457  5.76457  5.76457    537.80099  1.20208
  3147.13134  0.99915  0.00205  0.62497 -0.50164  5.79369  5.79369  5.79369    537.28470  1.20207
  3147.13167  1.00223  0.00203  0.10745 -0.12666  5.74517  5.74517  5.74517    537.38102  1.20208
  3147.13200  0.99981  0.00203 -0.03386  0.15678  5.55529  5.55529  5.55529    534.31303  1.20209
  3147.13233  0.99946  0.00204 -0.06794 -0.29759  5.70515  5.70515  5.70515    530.56232  1.20210
  3147.13266  1.00103  0.00207 -0.07915 -0.57254  5.64639  5.64639  5.64639    524.24575  1.20211
  3147.13299  1.00089  0.00207 -0.15725 -0.41755  5.50730  5.50730  5.50730    525.06303  1.20213
  3147.13332  1.00375  0.00209 -0.26987 -0.27359  6.08739  6.08739  6.08739    523.22450  1.20215
  3147.13365  1.00149  0.00211  0.08758 -0.17635  6.13345  6.13345  6.13345    516.64235  1.20215
  3147.13398  0.99865  0.00211  0.20123 -0.42534  5.84704  5.84704  5.84704    513.50708  1.20217
  3147.13431  0.99808  0.00210  0.31905 -0.08385  6.02612  6.02612  6.02612    518.73513  1.20219
  3147.13464  0.99773  0.00210  0.49580  0.15114  5.79142  5.79142  5.79142    516.87606  1.20220
  3147.13497  1.00145  0.00206  0.58153 -0.10901  5.79273  5.79273  5.79273    523.32720  1.20223
  3147.13530  1.00284  0.00207  0.50738 -0.26808  5.88322  5.88322  5.88322    521.23300  1.20223
  3147.13563  0.99697  0.00205  0.08259  0.04495  5.61816  5.61816  5.61816    526.38314  1.20226
  3147.13596  0.99945  0.00206 -0.22233  0.15485  5.55330  5.55330  5.55330    529.60623  1.20228
  3147.13629  0.99896  0.00206 -0.26068 -0.34411  5.65621  5.65621  5.65621    535.49504  1.20231
  3147.13662  1.00226  0.00208 -0.22861 -0.63973  5.58989  5.58989  5.58989    540.86686  1.20234
  3147.13695  0.99968  0.00211 -0.05353 -0.31004  5.89306  5.89306  5.89306    544.45609  1.20235
  3147.13728  0.99496  0.00209  0.25935 -0.29455  5.84804  5.84804  5.84804    552.05453  1.20239
  3147.13761  1.00105  0.00212  1.32195 -0.55725  5.75791  5.75791  5.75791    549.84561  1.20240
  3147.13794  1.00137  0.00213  1.17085 -0.07160  6.09275  6.09275  6.09275    548.52691  1.20244
  3147.13827  1.00116  0.00215 -0.01577  0.01057  5.90623  5.90623  5.90623    552.60482  1.20248
  3147.13860  1.00191  0.00212  0.00118  0.07419  5.75119  5.75119  5.75119    557.09632  1.20252
  3147.13893  1.00475  0.00214  0.07226 -0.33633  6.16062  6.16062  6.16062    551.72734  1.20254
  3147.13926  0.99753  0.00214  0.11823 -0.59526  6.02602  6.02602  6.02602    547.01062  1.20258
  3147.13959  1.00036  0.00214  0.15750 -0.23562  6.12601  6.12601  6.12601    542.63598  1.20261
  3147.13992  0.99998  0.00215  0.13247 -0.22369  6.14707  6.14707  6.14707    539.33569  1.20266
  3147.14025  0.99857  0.00215  0.21286 -0.69544  6.08583  6.08583  6.08583    539.09490  1.20269
  3147.14058  0.99972  0.00215  0.75274 -0.62070  6.09648  6.09648  6.09648    538.23300  1.20273
  3147.14091  1.00072  0.00216  0.78191 -0.44736  6.24184  6.24184  6.24184    540.39093  1.20275
  3147.14124  0.99884  0.00217  0.17017 -0.19778  6.23136  6.23136  6.23136    546.85765  1.20281
  3147.14156  0.99967  0.00218  0.19049 -0.51069  6.15860  6.15860  6.15860    546.54816  1.20285
  3147.14189  0.99950  0.00218  0.12755 -0.32158  6.37449  6.37449  6.37449    548.12323  1.20291
  3147.14222  1.00244  0.00217  0.12614 -0.07289  6.63226  6.63226  6.63226    545.05524  1.20294
  3147.14255  0.99979  0.00216  0.14347  0.00424  6.31002  6.31002  6.31002    544.00496  1.20299
  3147.14288  0.99896  0.00214  0.11250 -0.19384  6.18420  6.18420  6.18420    549.27266  1.20304
  3147.14322  1.00048  0.00213  0.37886 -0.37185  5.73188  5.73188  5.73188    551.56586  1.20309
  3147.14354  1.00337  0.00214  0.33338 -0.05925  5.92772  5.92772  5.92772    548.75354  1.20314
  3147.14388  0.99830  0.00215  0.20140 -0.16470  5.99546  5.99546  5.99546    539.38244  1.20320
  3147.14420  0.99777  0.00215  0.12052 -0.74364  5.90975  5.90975  5.90975    529.93059  1.20325
  3147.14454  1.00673  0.00214  0.07243 -0.27208  6.24501  6.24501  6.24501    517.60552  1.20329
  3147.14487  0.99966  0.00214 -0.00098 -0.36106  6.21160  6.21160  6.21160    507.39164  1.20335
  3147.14520  1.00021  0.00213  0.36954 -0.29926  6.05249  6.05249  6.05249    500.45184  1.20341
  3147.14553  0.99801  0.00212  0.92328 -0.42230  5.81126  5.81126  5.81126    501.40793  1.20345
  3147.14586  0.99998  0.00211  0.14190  0.04539  6.22072  6.22072  6.22072    502.28329  1.20352
  3147.14619  1.00257  0.00211  0.14858 -0.04263  6.20290  6.20290  6.20290    504.49717  1.20360
  3147.14651  1.00262  0.00211  0.03967  0.14825  6.16257  6.16257  6.16257    507.86331  1.20364
  3147.14684  1.00112  0.00211  0.13317 -0.12889  6.29456  6.29456  6.29456    507.21813  1.20371
  3147.14718  1.00173  0.00210  0.11850 -0.06277  6.21742  6.21742  6.21742    508.70822  1.20377
  3147.14751  0.99897  0.00210  0.16681 -0.19364  6.05050  6.05050  6.05050    510.56161  1.20384
  3147.14784  1.00180  0.00210  0.19273 -0.57017  5.73521  5.73521  5.73521    510.76346  1.20390
  3147.14817  1.00678  0.00209  0.18581 -0.76007  6.01372  6.01372  6.01372    510.12323  1.20396
  3147.14850  1.00233  0.00207  0.17101 -0.39130  7.04497  7.04497  7.04497    510.86402  1.20404
  3147.14882  1.00007  0.00205  0.22921 -0.54431  5.61230  5.61230  5.61230    509.00921  1.20411
  3147.14915  0.99823  0.00203  0.30415 -0.50254  5.28514  5.28514  5.28514    509.23654  1.20417
  3147.14948  1.00295  0.00201  0.30873 -0.00570  5.49508  5.49508  5.49508    515.33924  1.20424
  3147.14981  1.00163  0.00201  0.37383  0.21121  5.42795  5.42795  5.42795    521.87181  1.20432
  3147.15014  0.99805  0.00202  0.29843  0.05493  5.41442  5.41442  5.41442    533.05099  1.20440
  3147.15047  1.00070  0.00203  0.48441  0.08799  5.44816  5.44816  5.44816    546.64589  1.20446
  3147.15080  0.99921  0.00202  0.51128 -0.05098  5.63808  5.63808  5.63808    563.69688  1.20453
  3147.15113  0.99886  0.00202  0.11525  0.38187  5.36821  5.36821  5.36821    575.62606  1.20463
  3147.15146  1.00454  0.00203  0.05152 -0.00202  5.42516  5.42516  5.42516    579.11190  1.20471
  3147.15179  1.00035  0.00204 -0.13252 -0.30205  5.48809  5.48809  5.48809    577.76416  1.20478
  3147.15212  1.00055  0.00204 -0.14897 -0.57728  5.59594  5.59594  5.59594    570.49150  1.20487
  3147.15245  1.00053  0.00203 -0.38881 -0.40713  5.41554  5.41554  5.41554    566.06161  1.20496
  3147.15278  1.00518  0.00205 -0.05435 -0.15424  5.64781  5.64781  5.64781    555.84136  1.20503
  3147.15311  0.99932  0.00204  0.36354 -0.25000  5.39812  5.39812  5.39812    546.83782  1.20512
  3147.15344  1.00254  0.00206  0.45446 -0.30703  5.67531  5.67531  5.67531    536.74150  1.20520
  3147.15377  1.00187  0.00207  0.40350  0.01568  5.61061  5.61061  5.61061    533.10836  1.20530
  3147.15410  0.99423  0.00210  0.45106  0.06821  5.71304  5.71304  5.71304    528.99717  1.20539
  3147.15443  1.00088  0.00211  0.29709 -0.30344  5.98346  5.98346  5.98346    534.99363  1.20546
  3147.15476  0.99988  0.00213 -0.11091 -0.19906  6.02098  6.02098  6.02098    539.31799  1.20556
  3147.15509  1.00078  0.00214 -0.07497 -0.23838  6.12115  6.12115  6.12115    548.12465  1.20566
  3147.15542  1.00009  0.00215 -0.03672 -0.05677  6.03039  6.03039  6.03039    555.82295  1.20575
  3147.15575  0.99992  0.00215 -0.17465 -0.67928  5.81117  5.81117  5.81117    559.54745  1.20584
  3147.15608  0.99766  0.00215 -0.10602 -0.59980  5.87345  5.87345  5.87345    561.04958  1.20595
  3147.15641  0.99869  0.00215 -0.15382 -0.30057  5.97462  5.97462  5.97462    558.10623  1.20604
  3147.15674  1.00015  0.00215 -0.06169 -0.25684  6.33667  6.33667  6.33667    551.32932  1.20614
  3147.15707  0.99996  0.00215  0.25106 -0.55470  5.86962  5.86962  5.86962    542.30241  1.20623
  3147.15740  1.00029  0.00214  0.15521 -0.36501  6.03240  6.03240  6.03240    529.44193  1.20634
  3147.15773  1.00054  0.00213  0.09177 -0.20428  6.29106  6.29106  6.29106    517.42280  1.20644
  3147.15806  1.00031  0.00213  0.03305 -0.02347  6.17953  6.17953  6.17953    510.96317  1.20654
  3147.15839  0.99912  0.00213 -0.04038  0.00650  6.25210  6.25210  6.25210    511.40510  1.20664
  3147.15872  1.00022  0.00214 -0.01404 -0.40521  6.19378  6.19378  6.19378    511.03116  1.20674
  3147.15905  0.99914  0.00215  0.05590  0.01481  6.26112  6.26112  6.26112    513.25637  1.20685
  3147.15938  0.99943  0.00215  0.09988  0.06810  6.44875  6.44875  6.44875    511.42210  1.20697
  3147.15971  1.00218  0.00215  0.08818 -0.46207  6.22283  6.22283  6.22283    514.30028  1.20709
  3147.16004  0.99797  0.00216 -0.00092 -0.80643  6.35746  6.35746  6.35746    517.43909  1.20718
  3147.16037  1.00197  0.00217  0.35208 -0.03005  6.33336  6.33336  6.33336    519.84773  1.20730
  3147.16070  1.00112  0.00217  0.32746 -0.27981  6.25828  6.25828  6.25828    523.62606  1.20742
  3147.16103  0.99732  0.00217  0.62216 -0.40906  6.16896  6.16896  6.16896    520.56161  1.20751
  3147.16135  0.99761  0.00217  0.73902 -0.49454  6.18406  6.18406  6.18406    517.92635  1.20764
  3147.16168  0.99783  0.00217  0.21249 -0.18178  6.30598  6.30598  6.30598    519.72663  1.20775
  3147.16201  1.00129  0.00217 -0.17003  0.05524  6.31793  6.31793  6.31793    521.84632  1.20788
  3147.16234  1.00130  0.00217 -0.22390 -0.06393  6.43227  6.43227  6.43227    520.94688  1.20800
  3147.16267  1.00122  0.00218 -0.27471 -0.15715  6.47049  6.47049  6.47049    522.11048  1.20811
  3147.16300  0.99906  0.00218 -0.28605 -0.14966  6.43283  6.43283  6.43283    520.14377  1.20823
  3147.16333  1.00080  0.00218 -0.38570 -0.15846  6.45247  6.45247  6.45247    519.26204  1.20836
  3147.16366  1.00087  0.00218 -0.12173 -0.61338  6.26490  6.26490  6.26490    523.77195  1.20848
  3147.16399  1.00011  0.00219  0.23203 -0.35855  6.30497  6.30497  6.30497    531.23229  1.20860
  3147.16432  1.00405  0.00219  0.36353 -0.36208  6.18637  6.18637  6.18637    539.31657  1.20873
  3147.16465  1.00311  0.00220  0.83073 -0.45677  6.20702  6.20702  6.20702    544.59632  1.20887
  3147.16498  1.00391  0.00220  0.79074 -0.31535  6.15496  6.15496  6.15496    548.63598  1.20897
  3147.16531  0.99929  0.00220  0.03824  0.12164  6.52123  6.52123  6.52123    552.69263  1.20912
  3147.16564  1.00284  0.00220 -0.07532 -0.05815  6.60488  6.60488  6.60488    550.79887  1.20925
  3147.16597  1.00148  0.00220 -0.01011  0.12912  6.41779  6.41779  6.41779    548.24504  1.20938
  3147.16630  1.00217  0.00220  0.04592 -0.34476  7.49378  7.49378  7.49378    546.00496  1.20952
  3147.16663  1.00300  0.00220 -0.00537 -0.25266  6.37291  6.37291  6.37291    545.68201  1.20963
  3147.16696  1.00099  0.00220  0.02909 -0.36828  6.33924  6.33924  6.33924    544.34419  1.20980
  3147.16729  1.00192  0.00220  0.03928 -0.51685  6.27757  6.27757  6.27757    544.36544  1.20991
  3147.16762  1.00042  0.00220 -0.06537 -0.87291  6.31808  6.31808  6.31808    544.14023  1.21007
  3147.16795  1.00196  0.00220 -0.07497 -0.61050  6.32362  6.32362  6.32362    545.45184  1.21020
  3147.16828  0.99813  0.00220 -0.20408 -0.47916  6.20960  6.20960  6.20960    546.93697  1.21034
  3147.16861  0.99616  0.00220 -0.29832 -0.25129  6.30090  6.30090  6.30090    548.22875  1.21049
  3147.16894  0.99917  0.00220  0.12554 -0.60371  6.27563  6.27563  6.27563    546.34844  1.21062
  3147.16927  0.99966  0.00220  0.17826 -0.25079  6.29752  6.29752  6.29752    545.37040  1.21076
  3147.16960  1.00116  0.00220  0.07859 -0.41864  6.28192  6.28192  6.28192    546.72663  1.21092
  3147.16993  1.00170  0.00219  0.02467 -0.23954  6.25895  6.25895  6.25895    545.11686  1.21106
  3147.17026  0.99895  0.00219  0.02414 -0.57305  6.13825  6.13825  6.13825    546.38314  1.21120
  3147.17059  1.00125  0.00219 -0.00716 -0.39347  6.14464  6.14464  6.14464    547.28966  1.21135
  3147.17092  1.00378  0.00219 -0.18136 -0.27047  6.16945  6.16945  6.16945    549.32224  1.21151
  3147.17125  1.00253  0.00220 -0.30125 -0.56527  6.14222  6.14222  6.14222    557.42493  1.21166
  3147.17158  1.00056  0.00220 -0.62172 -0.57611  6.00828  6.00828  6.00828    560.07790  1.21182
  3147.17192  1.00236  0.00220 -0.58310 -0.85871  5.99829  5.99829  5.99829    564.09207  1.21197
  3147.17225  1.00224  0.00220 -0.78130 -0.60833  5.97024  5.97024  5.97024    566.29391  1.21214
  3147.17258  0.99588  0.00220 -0.82698 -0.48648  5.97134  5.97134  5.97134    568.44547  1.21230
  3147.17291  1.00149  0.00220 -0.33452 -0.25856  6.05926  6.05926  6.05926    568.68697  1.21244
  3147.17324  1.00020  0.00221 -0.36218 -0.09371  6.04572  6.04572  6.04572    573.62323  1.21261
  3147.17357  1.00111  0.00221 -0.30154 -0.01279  6.12624  6.12624  6.12624    579.56941  1.21277
  3147.17390  1.00655  0.00221 -0.16291 -0.23975  6.07366  6.07366  6.07366    582.30382  1.21293
  3147.17423  1.00441  0.00221 -0.33075 -0.58070  6.14223  6.14223  6.14223    586.46530  1.21308
  3147.17456  0.99576  0.00222 -0.26479 -0.36882  6.02659  6.02659  6.02659    592.09207  1.21326
  3147.17489  0.99683  0.00221 -0.27929 -0.57989  6.10954  6.10954  6.10954    592.19901  1.21341
  3147.17522  0.99886  0.00221 -0.04755 -0.84820  6.11305  6.11305  6.11305    590.88810  1.21358
  3147.17555  1.00088  0.00221 -0.21929 -0.96831  6.08918  6.08918  6.08918    582.99292  1.21376
  3147.17589  1.00085  0.00220 -0.21202 -0.71484  5.82655  5.82655  5.82655    575.85340  1.21392
  3147.17622  1.00076  0.00219 -0.28692 -0.49577  6.02817  6.02817  6.02817    567.47592  1.21409
  3147.17654  1.00273  0.00219 -0.43864 -0.65794  6.05325  6.05325  6.05325    557.66501  1.21427
  3147.17687  1.00375  0.00218 -0.58065 -0.44556  5.93867  5.93867  5.93867    553.69830  1.21443
  3147.17720  0.99973  0.00218 -0.44571 -0.13674  6.04620  6.04620  6.04620    552.40368  1.21461
  3147.17754  0.99810  0.00218 -0.45965 -0.42787  6.10019  6.10019  6.10019    552.63314  1.21479
  3147.17786  0.99895  0.00219 -0.37253 -0.48868  6.05432  6.05432  6.05432    559.01771  1.21498
  3147.17819  1.00049  0.00219  0.43255 -0.30550  6.07103  6.07103  6.07103    568.08215  1.21513
  3147.17852  1.00283  0.00220 -0.28920 -0.30908  5.98549  5.98549  5.98549    581.37252  1.21534
  3147.17885  0.99806  0.00221 -0.64970 -0.45795  5.84654  5.84654  5.84654    587.69476  1.21551
  3147.17918  0.99815  0.00221 -0.58353 -0.71820  6.02029  6.02029  6.02029    590.91289  1.21569
  3147.17951  1.00073  0.00222 -0.80289 -0.58382  6.33919  6.33919  6.33919    592.91076  1.21587
  3147.17984  1.00184  0.00221 -0.62850 -0.79793  6.12526  6.12526  6.12526    588.78824  1.21606
  3147.18017  1.00293  0.00221  0.47037 -0.90539  5.92374  5.92374  5.92374    581.86827  1.21623
  3147.18050  1.00044  0.00221  0.05680 -0.67203  6.17938  6.17938  6.17938    581.59348  1.21641
  3147.18084  0.99978  0.00221 -0.35337 -0.45797  6.06467  6.06467  6.06467    578.41926  1.21661
  3147.18116  1.00259  0.00220 -0.41149 -0.39968  5.90012  5.90012  5.90012    573.39164  1.21680
  3147.18149  1.00411  0.00220 -0.53981 -0.16881  6.01414  6.01414  6.01414    570.31516  1.21699
  3147.18182  1.00038  0.00220 -0.64783 -0.53691  5.93595  5.93595  5.93595    571.41218  1.21717
  3147.18215  0.99830  0.00220 -0.81049 -0.51028  6.09457  6.09457  6.09457    568.48229  1.21736
  3147.18248  1.00006  0.00220 -0.72549 -0.28902  6.24250  6.24250  6.24250    564.53329  1.21757
  3147.18281  0.99867  0.00220 -0.63080 -0.64074  5.97598  5.97598  5.97598    558.50071  1.21775
  3147.18314  0.99942  0.00220 -0.48401 -0.86466  6.15831  6.15831  6.15831    558.71105  1.21795
  3147.18347  1.00140  0.00220 -0.52102 -0.75700  6.04113  6.04113  6.04113    562.37323  1.21815
  3147.18380  0.99890  0.00220 -0.32795 -0.59536  6.00703  6.00703  6.00703    563.11402  1.21834
  3147.18413  1.00127  0.00220 -0.32442 -0.59676  6.00745  6.00745  6.00745    564.40014  1.21855
  3147.18446  0.99985  0.00220 -0.40906 -0.70374  5.99583  5.99583  5.99583    561.29462  1.21874
  3147.18479  0.99965  0.00220 -0.23375 -0.35535  6.05200  6.05200  6.05200    559.97025  1.21895
  3147.18512  0.99945  0.00220 -0.22454 -0.32867  6.03682  6.03682  6.03682    563.18980  1.21916
  3147.18545  1.00078  0.00220 -0.29754 -0.35232  6.07450  6.07450  6.07450    563.86402  1.21935
  3147.18579  0.99971  0.00221 -0.50139 -0.23822  6.02070  6.02070  6.02070    566.53754  1.21956
  3147.18612  0.99809  0.00220 -0.35743 -0.28931  6.09557  6.09557  6.09557    564.12323  1.21977
  3147.18645  1.00042  0.00220 -0.37858 -0.44067  6.15099  6.15099  6.15099    560.61544  1.21999
  3147.18678  0.99868  0.00220 -0.52270 -0.64669  5.89618  5.89618  5.89618    557.19759  1.22019
  3147.18711  1.00341  0.00220 -0.50308 -0.66685  5.91534  5.91534  5.91534    557.49646  1.22040
  3147.18744  0.99519  0.00221 -0.54986 -0.93312  6.13734  6.13734  6.13734    560.79958  1.22060
  3147.18777  1.00177  0.00221 -0.37670 -0.54808  6.01709  6.01709  6.01709    564.31728  1.22082
  3147.18810  0.99662  0.00221 -0.36824 -0.45192  6.07555  6.07555  6.07555    564.85411  1.22105
  3147.18843  1.00046  0.00221 -0.36504 -0.55788  6.21155  6.21155  6.21155    563.77054  1.22126
  3147.18876  0.99669  0.00221 -0.41292 -0.35938  6.08443  6.08443  6.08443    564.09419  1.22148
  3147.18909  0.99842  0.00221 -0.02072 -0.17144  6.08807  6.08807  6.08807    567.18414  1.22169
  3147.18942  1.00280  0.00222 -0.10377 -0.24061  6.02878  6.02878  6.02878    572.98938  1.22191
  3147.18975  0.99900  0.00222 -0.53966 -0.53353  6.08499  6.08499  6.08499    583.73725  1.22214
  3147.19008  1.00130  0.00223 -0.55288 -0.50175  6.03289  6.03289  6.03289    587.53187  1.22236
  3147.19041  0.99742  0.00223 -0.55615 -0.36987  6.12407  6.12407  6.12407    590.03966  1.22257
  3147.19074  1.00136  0.00223 -0.57972 -0.70515  6.02321  6.02321  6.02321    589.48371  1.22279
  3147.19107  1.00011  0.00222 -0.80075 -0.77391  6.14909  6.14909  6.14909    583.82153  1.22302
  3147.19140  0.99651  0.00222 -0.86534 -0.68090  6.38714  6.38714  6.38714    574.37677  1.22326
  3147.19173  0.99904  0.00222 -0.84112 -0.65951  6.39608  6.39608  6.39608    567.45822  1.22349
  3147.19206  1.00577  0.00221 -0.38204 -0.68491  6.34415  6.34415  6.34415    558.19972  1.22370
  3147.19239  1.00234  0.00221 -0.35703 -0.64935  6.27594  6.27594  6.27594    550.96955  1.22394
  3147.19272  0.99818  0.00220 -0.27582 -0.49739  6.26331  6.26331  6.26331    541.04745  1.22417
  3147.19305  1.00038  0.00220 -0.19099 -0.13806  6.26106  6.26106  6.26106    535.60765  1.22440
  3147.19338  1.00290  0.00219 -0.17919 -0.29439  6.17656  6.17656  6.17656    530.99008  1.22465
  3147.19371  0.99862  0.00219 -0.20268 -0.60472  6.31630  6.31630  6.31630    523.35977  1.22487
  3147.19404  0.99995  0.00218 -0.09953 -0.33641  6.13243  6.13243  6.13243    517.72946  1.22511
  3147.19436  1.00645  0.00218 -0.12737 -0.23991  6.08764  6.08764  6.08764    515.48371  1.22535
  3147.19469  1.00208  0.00218 -0.18723 -0.63411  6.00752  6.00752  6.00752    513.29533  1.22558
  3147.19502  1.00218  0.00218 -0.52989 -0.69671  6.10846  6.10846  6.10846    514.08924  1.22583
  3147.19535  1.00077  0.00217 -0.52739 -0.50191  6.04349  6.04349  6.04349    512.46884  1.22606
  3147.19568  1.00151  0.00217 -0.65118 -0.52358  5.96996  5.96996  5.96996    514.07365  1.22631
  3147.19602  0.99970  0.00218 -0.71496 -0.67672  6.25661  6.25661  6.25661    519.19901  1.22655
  3147.19635  1.00123  0.00218 -0.64768 -0.54132  5.93665  5.93665  5.93665    525.47521  1.22678
  3147.19668  1.00419  0.00219 -0.61743 -0.24317  5.89805  5.89805  5.89805    533.16856  1.22704
  3147.19701  0.99897  0.00219 -0.70631 -0.22073  6.20854  6.20854  6.20854    539.45892  1.22729
  3147.19734  0.99863  0.00220 -0.73954 -0.22216  6.02305  6.02305  6.02305    544.41289  1.22755
  3147.19767  1.00054  0.00219 -0.56495 -0.49108  6.24819  6.24819  6.24819    541.11756  1.22780
  3147.19800  1.00092  0.00219 -0.31202 -0.24076  6.01249  6.01249  6.01249    532.91856  1.22804
  3147.19833  1.00259  0.00218 -0.40783 -0.44829  6.31014  6.31014  6.31014    526.71742  1.22829
  3147.19866  1.00528  0.00218 -0.47085 -0.71604  5.93518  5.93518  5.93518    523.92564  1.22855
  3147.19899  1.00221  0.00218 -0.44680 -0.67129  5.90325  5.90325  5.90325    524.73513  1.22881
  3147.19932  0.99984  0.00218 -0.39854 -0.50972  6.01810  6.01810  6.01810    525.43414  1.22906
  3147.19965  1.00525  0.00218 -0.50767 -0.38869  5.89256  5.89256  5.89256    526.41926  1.22933
  3147.19998  1.00432  0.00218 -0.50263 -0.49637  5.95267  5.95267  5.95267    531.19759  1.22959
  3147.20032  0.99841  0.00217 -0.52048 -0.54033  5.88868  5.88868  5.88868    529.66218  1.22984
  3147.20064  0.99904  0.00216 -0.43458 -0.26892  5.91260  5.91260  5.91260    526.17068  1.23010
  3147.20097  1.00166  0.00215 -0.54003 -0.04871  5.90302  5.90302  5.90302    525.19830  1.23036
  3147.20130  1.00329  0.00215 -0.52442 -0.01636  5.80224  5.80224  5.80224    530.40156  1.23063
  3147.20163  1.00184  0.00215 -0.56991 -0.32890  5.74898  5.74898  5.74898    538.68414  1.23089
  3147.20196  1.00207  0.00214 -0.25803  0.04159  5.69269  5.69269  5.69269    544.58853  1.23118
  3147.20230  0.99938  0.00214 -0.33798 -0.13532  5.78946  5.78946  5.78946    543.33286  1.23143
  3147.20263  1.00145  0.00214 -0.31334 -0.74450  5.70013  5.70013  5.70013    536.00283  1.23169
  3147.20296  1.00213  0.00214 -0.46337 -0.45585  5.83035  5.83035  5.83035    528.07365  1.23198
  3147.20329  1.00123  0.00214 -0.43872 -0.46957  5.88756  5.88756  5.88756    520.84703  1.23224
  3147.20362  1.00089  0.00214 -0.61703 -0.33882  5.88650  5.88650  5.88650    510.37110  1.23251
  3147.20395  0.99611  0.00213 -0.56105 -0.31733  5.91953  5.91953  5.91953    501.24292  1.23279
  3147.20428  1.00044  0.00214 -0.65839  0.08349  6.17281  6.17281  6.17281    497.49433  1.23306
  3147.20461  0.99798  0.00214 -0.28112 -0.23231  6.13126  6.13126  6.13126    498.25637  1.23334
  3147.20494  0.99561  0.00213 -0.24716  0.16888  6.03418  6.03418  6.03418    500.88810  1.23360
  3147.20527  1.00009  0.00213 -0.38030 -0.02038  6.11531  6.11531  6.11531    499.55807  1.23389
  3147.20560  1.00138  0.00212 -0.34361 -0.00688  5.89126  5.89126  5.89126    499.13527  1.23419
  3147.20593  0.99836  0.00211 -0.66369 -0.27671  5.83241  5.83241  5.83241    502.08569  1.23447
  3147.20626  0.99856  0.00211 -0.73093 -0.16761  5.97053  5.97053  5.97053    502.96742  1.23475
  3147.20659  0.99868  0.00211 -0.77325 -0.56508  5.79971  5.79971  5.79971    501.85127  1.23502
  3147.20692  1.00343  0.00210 -0.92944 -0.42826  5.98588  5.98588  5.98588    503.82295  1.23532
  3147.20725  1.00022  0.00209 -0.95622 -0.19779  6.11176  6.11176  6.11176    494.65864  1.23561
  3147.20758  1.00017  0.00207 -0.40416 -0.27204  5.89719  5.89719  5.89719    491.01558  1.23589
  3147.20791  0.99732  0.00208 -0.30632 -0.35597  5.98113  5.98113  5.98113    484.58711  1.23617
  3147.20824  1.00529  0.00208 -0.42350  0.12244  5.75279  5.75279  5.75279    481.87677  1.23647
  3147.20857  1.00208  0.00207 -0.33597  0.31588  5.73102  5.73102  5.73102    478.53329  1.23675
  3147.20890  0.99605  0.00208 -0.38197  0.38855  5.78909  5.78909  5.78909    476.01062  1.23705
  3147.20923  0.99937  0.00209 -0.38902 -0.09500  5.92032  5.92032  5.92032    473.78116  1.23734
  3147.20956  0.99749  0.00211 -0.51068  0.00199  5.91387  5.91387  5.91387    473.74363  1.23764
  3147.20989  0.99816  0.00212 -0.49354  0.19577  5.96389  5.96389  5.96389    477.68626  1.23795
  3147.21022  0.99790  0.00213  0.23674 -0.08710  6.08827  6.08827  6.08827    480.57861  1.23821
  3147.21055  1.00064  0.00213 -0.40902 -0.34299  5.98710  5.98710  5.98710    482.34915  1.23855
  3147.21088  0.99603  0.00213 -0.55075 -0.33733  5.94081  5.94081  5.94081    481.33074  1.23883
  3147.21121  1.00146  0.00213 -0.68178  0.03042  6.00808  6.00808  6.00808    480.72592  1.23914
  3147.21154  1.00400  0.00213 -0.68433 -0.00271  6.04635  6.04635  6.04635    484.81516  1.23943
  3147.21187  0.99868  0.00213 -0.71997 -0.05318  6.12756  6.12756  6.12756    485.60623  1.23974
  3147.21220  1.00244  0.00214 -0.78688  0.43883  6.02921  6.02921  6.02921    489.03116  1.24005
  3147.21254  1.00116  0.00214 -0.77375  0.42118  6.03614  6.03614  6.03614    491.90935  1.24034
  3147.21287  0.99973  0.00215 -0.76782  0.19847  6.05086  6.05086  6.05086    491.43484  1.24068
  3147.21321  0.99662  0.00215 -0.82135 -0.02069  7.22267  7.22267  7.22267    491.34632  1.24098
  3147.21354  0.99951  0.00214 -0.78170  0.18462  5.93607  5.93607  5.93607    493.18343  1.24130
  3147.21387  0.99858  0.00213 -0.45674  0.22165  5.78444  5.78444  5.78444    499.47025  1.24160
  3147.21420  1.00038  0.00215 -0.33844 -0.44750  5.86820  5.86820  5.86820    506.12110  1.24192
  3147.21453  0.99729  0.00215 -0.23790 -0.36512  5.92578  5.92578  5.92578    519.86261  1.24223
  3147.21486  1.00007  0.00216 -0.40069 -0.35584  6.12302  6.12302  6.12302    529.95822  1.24256
  3147.21519  0.99684  0.00217 -0.43146 -0.31042  6.01142  6.01142  6.01142    530.59065  1.24288
  3147.21552  0.99578  0.00218 -0.46122 -0.33232  5.93702  5.93702  5.93702    529.32224  1.24319
  3147.21585  1.00037  0.00218 -0.62030  0.28171  5.95284  5.95284  5.95284    522.52904  1.24350
  3147.21618  0.99619  0.00217 -0.69257  0.37951  6.05199  6.05199  6.05199    521.16643  1.24383
  3147.21652  0.99745  0.00217 -0.69919  0.42913  5.98936  5.98936  5.98936    517.50283  1.24416
  3147.21685  1.00017  0.00218 -0.70216  0.20155  6.01363  6.01363  6.01363    515.47663  1.24448
  3147.21718  1.00084  0.00218 -0.40813  0.03250  6.04317  6.04317  6.04317    516.07011  1.24480
  3147.21751  1.00361  0.00216 -0.47909  0.30352  6.08656  6.08656  6.08656    516.32224  1.24513
  3147.21784  1.00398  0.00216 -0.52185  0.21246  5.95221  5.95221  5.95221    514.73725  1.24545
  3147.21817  0.99661  0.00218 -0.54788 -0.17841  6.05357  6.05357  6.05357    509.91006  1.24578
  3147.21850  0.99794  0.00218 -0.54455 -0.12504  6.23472  6.23472  6.23472    506.24150  1.24612
  3147.21883  1.00086  0.00218 -0.66820  0.18383  6.04915  6.04915  6.04915    504.76700  1.24645
  3147.21916  1.00259  0.00217 -0.35526  0.20376  6.05131  6.05131  6.05131    503.53399  1.24678
  3147.21949  1.00408  0.00218 -0.42547 -0.00055  6.06261  6.06261  6.06261    505.94759  1.24713
  3147.21983  1.00284  0.00218 -0.47456  0.36321  6.15874  6.15874  6.15874    501.54816  1.24747
  3147.22016  1.00108  0.00217 -0.43537  0.23171  6.17673  6.17673  6.17673    496.09561  1.24780
  3147.22050  1.00059  0.00216 -0.58050  0.52543  6.04364  6.04364  6.04364    483.34348  1.24815
  3147.22083  1.00111  0.00216 -0.61287  0.25435  5.94544  5.94544  5.94544    476.33994  1.24850
  3147.22116  1.00281  0.00215 -0.62295  0.22950  5.92761  5.92761  5.92761    473.17847  1.24882
  3147.22149  0.99672  0.00215 -0.65000  0.23269  5.77955  5.77955  5.77955    473.61544  1.24917
  3147.22183  0.99785  0.00214 -0.74213  0.21572  5.90659  5.90659  5.90659    476.25071  1.24950
  3147.22216  0.99904  0.00214 -0.35326 -0.30310  6.07335  6.07335  6.07335    476.59632  1.24985
  3147.22249  0.99614  0.00215 -0.44775 -0.07507  6.11732  6.11732  6.11732    473.48513  1.25020
  3147.22282  0.99926  0.00214 -0.48468  0.33830  6.08495  6.08495  6.08495    466.49079  1.25056
  3147.22315  0.99803  0.00213 -0.63971  0.14445  6.02676  6.02676  6.02676    460.39731  1.25091
  3147.22348  1.00327  0.00213 -0.60286  0.02492  5.89546  5.89546  5.89546    461.42493  1.25123
  3147.22381  1.00064  0.00213 -0.82630  0.32212  6.10634  6.10634  6.10634    460.82153  1.25160
  3147.22414  0.99723  0.00213 -0.76988  0.64793  5.98044  5.98044  5.98044    463.90085  1.25194
  3147.22447  0.99985  0.00211 -0.42919  0.37940  5.99833  5.99833  5.99833    461.31870  1.25232
  3147.22481  1.00005  0.00212 -0.45154  0.47756  5.92737  5.92737  5.92737    466.26700  1.25266
  3147.22514  1.00090  0.00211 -0.57713  0.50399  5.81024  5.81024  5.81024    467.02975  1.25302
  3147.22547  0.99509  0.00210 -0.45255  0.53371  5.89223  5.89223  5.89223    468.66926  1.25337
  3147.22580  1.00447  0.00209 -0.44586  0.14272  5.83830  5.83830  5.83830    473.70113  1.25373
  3147.22613  0.99879  0.00208 -0.45107 -0.15568  6.84621  6.84621  6.84621    479.10694  1.25409
  3147.22646  1.00155  0.00207 -0.57651  0.05083  5.65786  5.65786  5.65786    484.35057  1.25445
  3147.22679  1.00072  0.00207 -0.56199  0.12029  5.68251  5.68251  5.68251    484.78541  1.25481
  3147.22712  1.00042  0.00208 -0.80851 -0.06920  5.88488  5.88488  5.88488    485.81161  1.25518
  3147.22744  0.99827  0.00208 -0.82321  0.37668  5.82902  5.82902  5.82902    486.99646  1.25552
  3147.22777  0.99993  0.00210 -0.48538  0.51502  5.88215  5.88215  5.88215    486.64306  1.25589
  3147.22811  0.99522  0.00210 -0.51318  0.59150  5.87885  5.87885  5.87885    483.98725  1.25626
  3147.22844  1.00021  0.00209 -0.55127  0.07556  5.84481  5.84481  5.84481    489.15722  1.25664
  3147.22877  0.99688  0.00206 -0.57038  0.01319  5.53317  5.53317  5.53317    501.13314  1.25701
  3147.22910  1.00105  0.00205 -0.53743  0.18966  6.51409  6.51409  6.51409    507.67139  1.25737
  3147.22943  0.99997  0.00206 -0.62040  0.20980  5.55705  5.55705  5.55705    502.77479  1.25773
  3147.22976  1.00124  0.00206 -0.46092 -0.06348  5.65718  5.65718  5.65718    499.40439  1.25812
  3147.23010  0.99944  0.00202 -0.46875 -0.06329  5.53065  5.53065  5.53065    501.83782  1.25851
  3147.23043  0.99771  0.00202 -0.60127 -0.04136  5.44192  5.44192  5.44192    499.87323  1.25888
  3147.23076  0.99977  0.00204 -0.65151  0.16136  5.53122  5.53122  5.53122    493.43697  1.25926
  3147.23108  1.00115  0.00205 -0.78958  0.01224  5.62753  5.62753  5.62753    491.35127  1.25964
  3147.23142  1.00183  0.00204 -0.62867  0.41646  5.62814  5.62814  5.62814    492.16076  1.26001
  3147.23175  0.99838  0.00204 -0.53387  0.61410  5.61310  5.61310  5.61310    496.21742  1.26040
  3147.23208  1.00317  0.00202 -0.57731  0.56562  5.68755  5.68755  5.68755    504.00496  1.26078
  3147.23240  0.99809  0.00207 -0.54787  0.45237  6.42918  6.42918  6.42918    498.73017  1.26116
  3147.23274  1.00094  0.00205 -0.59308  0.47325  5.80913  5.80913  5.80913    506.74433  1.26155
  3147.23307  0.99719  0.00204 -0.59577  0.56577  6.63339  6.63339  6.63339    514.97238  1.26193
  3147.23340  0.99798  0.00209 -0.51927  0.53314  5.59498  5.59498  5.59498    508.26416  1.26232
  3147.23372  0.99650  0.00211 -0.62926 -0.16441  5.92225  5.92225  5.92225    504.59136  1.26271
  3147.23405  0.99736  0.00209 -0.77915  0.04635  5.92792  5.92792  5.92792    509.50992  1.26308
  3147.23438  0.99576  0.00206 -0.76542  0.16745  5.58022  5.58022  5.58022    514.92351  1.26348
  3147.23471  1.00155  0.00207 -0.75775  0.34925  5.69027  5.69027  5.69027    514.79108  1.26388
  3147.23504  0.99434  0.00210 -0.83464  0.04261  5.86940  5.86940  5.86940    513.15156  1.26425
  3147.23537  0.99710  0.00208 -0.68266  0.59475  5.85437  5.85437  5.85437    512.13952  1.26467
  3147.23569  0.99836  0.00206 -0.60837  0.57419  5.78541  5.78541  5.78541    509.58569  1.26506
  3147.23602  0.99942  0.00204 -0.63399  0.55562  6.49933  6.49933  6.49933    501.09773  1.26543
  3147.23636  0.99724  0.00203 -0.64193  0.26570  5.78089  5.78089  5.78089    492.00496  1.26583
  3147.23668  0.99604  0.00203 -0.70986  0.60330  6.63114  6.63114  6.63114    484.51204  1.26624
  3147.23701  0.99913  0.00203 -0.64200  0.51102  5.68945  5.68945  5.68945    481.68059  1.26665
  3147.23734  0.99848  0.00201 -0.52716  0.66057  6.37172  6.37172  6.37172    486.21813  1.26705
  3147.23800  1.00228  0.00203 -0.78777  0.28072  5.74868  5.74868  5.74868    488.41501  1.26784
  3147.23833  0.99912  0.00204 -0.82456  0.14861  5.68620  5.68620  5.68620    488.87465  1.26826
  3147.23866  0.99791  0.00206 -0.73266  0.33881  5.79760  5.79760  5.79760    485.49221  1.26865
  3147.23899  1.00053  0.00208 -0.58747  0.10217  5.98125  5.98125  5.98125    487.30028  1.26906
  3147.23932  0.99772  0.00209 -0.63646  0.69552  5.89757  5.89757  5.89757    492.41926  1.26948
  3147.23966  0.99786  0.00209 -0.80437  0.66175  5.96680  5.96680  5.96680    497.52195  1.26991
  3147.23998  0.99502  0.00208 -0.73697  0.58876  5.86689  5.86689  5.86689    504.63739  1.27031
  3147.24031  0.99852  0.00207 -0.72772  0.53742  5.73830  5.73830  5.73830    506.66360  1.27073
  3147.24064  0.99677  0.00205 -0.64682  0.53674  5.70410  5.70410  5.70410    507.93909  1.27114
  3147.24097  0.99673  0.00204 -0.72209  0.53621  5.58700  5.58700  5.58700    504.80170  1.27158
  3147.24130  0.99612  0.00205 -0.64239  0.35528  6.64478  6.64478  6.64478    497.56374  1.27197
  3147.24163  0.99754  0.00205 -0.61952  0.02921  5.68386  5.68386  5.68386    496.12677  1.27240
  3147.24196  0.99981  0.00205 -0.39243  0.15659  5.73463  5.73463  5.73463    494.72663  1.27282
  3147.24229  0.99932  0.00204 -0.68429  0.12791  6.46859  6.46859  6.46859    496.25708  1.27325
  3147.24262  1.00097  0.00203 -0.63302  0.22655  5.66481  5.66481  5.66481    500.38810  1.27365
  3147.24295  1.00114  0.00201 -1.02722  0.27358  6.32043  6.32043  6.32043    506.10765  1.27410
  3147.24328  0.99780  0.00204 -0.62512  0.46523  6.35108  6.35108  6.35108    507.17635  1.27453
  3147.24361  0.99600  0.00205 -0.81083  0.49891  5.81715  5.81715  5.81715    511.02054  1.27494
  3147.24394  0.99914  0.00206 -0.73910  0.31728  5.86908  5.86908  5.86908    516.45113  1.27537
  3147.24427  1.00265  0.00206 -0.64150  0.07927  5.66391  5.66391  5.66391    518.30028  1.27580
  3147.24460  1.00008  0.00206 -0.50804  0.43300  5.65015  5.65015  5.65015    525.60340  1.27624
  3147.24493  0.99609  0.00208 -0.64612  0.68229  5.81414  5.81414  5.81414    529.15297  1.27667
  3147.24526  1.00008  0.00206 -0.87874  0.20558  5.68013  5.68013  5.68013    537.22875  1.27709
  3147.24559  0.99604  0.00208 -0.45340 -0.14535  6.30280  6.30280  6.30280    537.40297  1.27752
  3147.24592  1.00014  0.00208 -0.70468 -0.09267  5.70289  5.70289  5.70289    538.60977  1.27798
  3147.24625  1.00014  0.00208 -0.82889  0.11566  6.28140  6.28140  6.28140    541.93909  1.27843
  3147.24658  0.99743  0.00208 -0.98976  0.00962  5.71911  5.71911  5.71911    542.49079  1.27884
  3147.24691  1.00161  0.00208 -0.63563  0.07494  5.83174  5.83174  5.83174    540.43980  1.27930
  3147.24724  0.99487  0.00208 -0.67956  0.41133  6.04779  6.04779  6.04779    543.69759  1.27974
  3147.24757  0.99633  0.00207 -0.89683  0.52869  5.78465  5.78465  5.78465    551.03612  1.28017
  3147.24790  0.99634  0.00207 -0.87567  0.40163  5.95069  5.95069  5.95069    554.41926  1.28062
  3147.24823  0.99783  0.00209 -0.69868  0.39112  5.79493  5.79493  5.79493    552.00850  1.28106
  3147.24856  0.99685  0.00211 -0.81372  0.57497  5.96984  5.96984  5.96984    546.69830  1.28151
  3147.24890  0.99402  0.00212 -0.74021  0.33693  5.83899  5.83899  5.83899    549.79037  1.28197
  3147.24924  0.99749  0.00213 -0.68020 -0.30181  5.90654  5.90654  5.90654    553.92280  1.28242
  3147.24956  1.00146  0.00213 -0.67127 -0.21230  5.76551  5.76551  5.76551    562.30382  1.28288
  3147.24990  0.99378  0.00210 -0.57232 -0.08728  5.54816  5.54816  5.54816    571.32578  1.28332
  3147.25022  0.99619  0.00207 -0.61741 -0.18825  5.58512  5.58512  5.58512    576.78258  1.28377
  3147.25055  1.00431  0.00208 -0.62290 -0.11848  5.63764  5.63764  5.63764    575.01629  1.28425
  3147.25088  1.00001  0.00208 -0.80023  0.24846  6.37412  6.37412  6.37412    575.32153  1.28471
  3147.25121  0.99678  0.00212 -0.99168  0.08072  5.73193  5.73193  5.73193    572.47167  1.28515
  3147.25154  0.99136  0.00211 -0.51862  0.17826  6.54941  6.54941  6.54941    574.78399  1.28561
  3147.25187  0.99776  0.00208 -0.43201  0.08965  5.57321  5.57321  5.57321    575.65156  1.28607
  3147.25220  1.00289  0.00205  0.06785 -0.02609  5.54657  5.54657  5.54657    579.89164  1.28650
  3147.25253  0.99883  0.00205 -0.92667  0.07077  5.45932  5.45932  5.45932    579.04745  1.28698
  3147.25286  0.99727  0.00207 -1.03281  0.03757  5.63019  5.63019  5.63019    580.12465  1.28744
  3147.25319  0.99862  0.00208 -1.10305 -0.09432  6.38982  6.38982  6.38982    581.85411  1.28792
  3147.25352  0.99578  0.00207 -1.02609 -0.03137  5.51843  5.51843  5.51843    584.55028  1.28838
  3147.25385  1.00100  0.00205 -1.01279 -0.32445  5.35191  5.35191  5.35191    588.08569  1.28886
  3147.25418  0.99733  0.00207 -0.65419 -0.13464  6.29358  6.29358  6.29358    582.58074  1.28932
  3147.25451  0.99554  0.00207 -0.43830 -0.22952  6.30525  6.30525  6.30525    583.00496  1.28978
  3147.25484  1.00009  0.00207 -0.53426 -0.05592  6.21437  6.21437  6.21437    585.71530  1.29027
  3147.25517  0.99689  0.00209 -0.44978  0.04775  5.58948  5.58948  5.58948    585.96034  1.29076
  3147.25550  1.00252  0.00210 -0.47974  0.41409  5.57448  5.57448  5.57448    591.17776  1.29122
  3147.25583  1.00183  0.00211 -0.66109  0.01414  5.60911  5.60911  5.60911    600.38669  1.29169
  3147.25616  0.99462  0.00211 -0.59068  0.14516  6.35748  6.35748  6.35748    611.11686  1.29217
  3147.25649  1.00132  0.00209 -0.68799 -0.04773  5.55933  5.55933  5.55933    621.97946  1.29264
  3147.25682  0.99642  0.00209 -0.72804 -0.07477  5.64947  5.64947  5.64947    627.91785  1.29314
  3147.25715  1.00352  0.00210 -0.84678 -0.59062  5.59437  5.59437  5.59437    627.06232  1.29362
  3147.25748  1.00086  0.00210 -0.79392 -0.49451  5.38921  5.38921  5.38921    626.47309  1.29408
  3147.25781  1.00009  0.00210 -0.99385 -0.20791  5.59890  5.59890  5.59890    622.73584  1.29457
  3147.25814  0.99540  0.00210 -1.07494 -0.22261  5.63018  5.63018  5.63018    616.48442  1.29505
  3147.25847  0.99729  0.00213 -1.13969 -0.24088  5.76684  5.76684  5.76684    613.69405  1.29555
  3147.25880  0.99748  0.00215 -0.38650 -0.18549  5.86309  5.86309  5.86309    613.11544  1.29601
  3147.25913  0.99979  0.00216 -0.59654  0.16399  5.81136  5.81136  5.81136    609.99363  1.29651
  3147.25945  1.00006  0.00215 -0.52000  0.09251  5.76011  5.76011  5.76011    617.00000  1.29701
  3147.25979  0.99664  0.00216 -0.69640  0.12023  5.71115  5.71115  5.71115    616.73088  1.29748
  3147.26012  0.99257  0.00217 -0.78721  0.10490  5.76884  5.76884  5.76884    618.13527  1.29798
  3147.26045  1.00052  0.00216 -1.00315 -0.01565  6.00061  6.00061  6.00061    616.60057  1.29848
  3147.26078  1.00120  0.00216 -1.02303 -0.14581  6.02729  6.02729  6.02729    620.75142  1.29898
  3147.26111  0.99566  0.00216 -1.05310 -0.52335  6.06005  6.06005  6.06005    621.38669  1.29947
  3147.26144  0.99870  0.00213 -1.06441 -0.47965  5.69068  5.69068  5.69068    617.80312  1.29998
  3147.26177  0.99291  0.00211 -0.71970 -0.17597  5.59546  5.59546  5.59546    612.18980  1.30047
  3147.26210  0.99750  0.00210 -0.76787  0.09157  5.52037  5.52037  5.52037    606.22380  1.30097
  3147.26243  1.00131  0.00208 -0.79486 -0.35025  5.57675  5.57675  5.57675    603.02125  1.30147
  3147.26276  0.99593  0.00209 -0.71669 -0.04032  5.62686  5.62686  5.62686    598.26062  1.30197
  3147.26309  0.99786  0.00207 -0.69545  0.15373  5.46577  5.46577  5.46577    596.05382  1.30248
  3147.26342  0.99965  0.00207 -0.48310  0.07365  5.50873  5.50873  5.50873    592.71176  1.30299
  3147.26375  1.00065  0.00208 -0.59012 -0.16150  5.65306  5.65306  5.65306    586.75425  1.30350
  3147.26408  0.99844  0.00207 -0.77442  0.14046  5.41443  5.41443  5.41443    585.44263  1.30401
  3147.26441  1.00137  0.00207 -0.74382 -0.19439  6.47023  6.47023  6.47023    582.33074  1.30452
  3147.26474  1.00129  0.00209 -0.60653 -0.25603  5.64213  5.64213  5.64213    576.28258  1.30502
  3147.26507  0.99794  0.00209 -0.68312 -0.67718  5.57487  5.57487  5.57487    570.12323  1.30555
  3147.26540  0.99893  0.00208 -0.76602 -0.40352  5.55258  5.55258  5.55258    560.30878  1.30607
  3147.26573  1.00125  0.00209 -0.87745 -0.22678  5.74450  5.74450  5.74450    551.47805  1.30656
  3147.26605  0.99783  0.00205 -0.91129 -0.53325  5.66257  5.66257  5.66257    554.42068  1.30709
  3147.26638  0.99765  0.00207 -1.01468 -0.43477  5.66189  5.66189  5.66189    541.95892  1.30759
  3147.26671  1.00147  0.00204 -0.95550 -0.01552  5.48528  5.48528  5.48528    539.48371  1.30812
  3147.26704  1.00743  0.00202 -0.83813  0.23643  5.45216  5.45216  5.45216    533.67068  1.30863
  3147.26737  0.99543  0.00202 -0.75479  0.03419  5.49933  5.49933  5.49933    529.30453  1.30915
  3147.26770  0.99890  0.00202 -0.74174 -0.14105  5.69493  5.69493  5.69493    526.27125  1.30970
  3147.26803  1.00000  0.00200 -0.81187 -0.07224  5.52757  5.52757  5.52757    531.30453  1.31022
  3147.26836  1.00083  0.00201 -0.94590 -0.04986  6.19731  6.19731  6.19731    529.45751  1.31072
  3147.26869  0.99529  0.00199 -1.05464 -0.36113  5.42351  5.42351  5.42351    530.64023  1.31127
  3147.26902  0.99925  0.00197 -0.90887 -0.55043  5.86226  5.86226  5.86226    534.44972  1.31179
  3147.26935  1.00227  0.00194 -1.07575 -0.48765  5.68094  5.68094  5.68094    533.57720  1.31231
  3147.26968  0.99443  0.00194 -0.86434 -0.25245  5.64434  5.64434  5.64434    524.20751  1.31284
  3147.27001  1.00293  0.00192 -0.88339 -0.09094  5.56932  5.56932  5.56932    513.74504  1.31338
  3147.27067  0.99824  0.00189  0.00054 -0.01346  5.45097  5.45097  5.45097    511.81870  1.31443
  3147.27100  0.99880  0.00190 -0.98247  0.16983  5.59672  5.59672  5.59672    513.43768  1.31497
  3147.27133  0.99889  0.00190 -1.25618  0.09579  5.37102  5.37102  5.37102    515.17847  1.31551
  3147.27166  0.99633  0.00191 -1.38672 -0.00669  5.58959  5.58959  5.58959    504.81091  1.31606
  3147.27199  1.00122  0.00192 -1.38516  0.13390  5.48800  5.48800  5.48800    495.65581  1.31661
  3147.27232  0.99796  0.00195 -1.48469 -0.01818  5.89013  5.89013  5.89013    487.39306  1.31716
  3147.27265  0.99617  0.00196 -1.02694 -0.32517  5.90799  5.90799  5.90799    486.21388  1.31771
  3147.27298  0.99770  0.00199 -0.97590 -0.20162  5.76205  5.76205  5.76205    478.44405  1.31824
  3147.27330  1.00024  0.00200 -0.74249 -0.20000  6.27355  6.27355  6.27355    478.06161  1.31878
  3147.27396  0.99844  0.00204 -0.89183 -0.29481  6.03289  6.03289  6.03289    473.16714  1.31988
  3147.27429  0.99901  0.00207 -0.91173 -0.05289  5.96209  5.96209  5.96209    473.54108  1.32043
  3147.27462  1.00144  0.00209 -0.88851  0.09280  5.97196  5.97196  5.97196    470.58782  1.32097
  3147.27495  0.99790  0.00209 -0.87861  0.28151  5.91779  5.91779  5.91779    465.77054  1.32154
  3147.27528  0.99969  0.00208 -0.75422  0.09449  5.83896  5.83896  5.83896    466.66714  1.32209
  3147.27562  0.99580  0.00208 -0.81466 -0.05238  5.79553  5.79553  5.79553    464.89518  1.32266
  3147.27595  0.99737  0.00206 -0.83185  0.08294  5.92827  5.92827  5.92827    464.27620  1.32321
  3147.27628  0.99149  0.00205 -0.76310 -0.01301  5.62175  5.62175  5.62175    465.31799  1.32375
  3147.27661  0.99603  0.00203 -0.82779 -0.59341  5.68948  5.68948  5.68948    465.15297  1.32432
  3147.27693  0.99671  0.00202 -0.82330 -0.22865  5.62352  5.62352  5.62352    458.55878  1.32489
  3147.27726  0.99903  0.00200 -1.02673 -0.17610  5.61750  5.61750  5.61750    453.38669  1.32543
  3147.27760  1.00101  0.00199 -1.01246  0.07893  5.63866  5.63866  5.63866    449.83357  1.32600
  3147.27792  0.99972  0.00197 -0.75494 -0.15521  5.40359  5.40359  5.40359    447.62677  1.32657
  3147.27825  0.99707  0.00198 -0.67568 -0.05269  5.52323  5.52323  5.52323    445.60836  1.32714
  3147.27858  1.00077  0.00199 -0.60767  0.17534  5.43838  5.43838  5.43838    446.24008  1.32772
  3147.27891  0.99938  0.00198 -0.66143  0.37974  5.59531  5.59531  5.59531    451.29533  1.32828
  3147.27924  0.99387  0.00198 -0.68314  0.09958  5.66881  5.66881  5.66881    454.94476  1.32884
  3147.27957  1.00096  0.00199 -0.73598  0.19233  6.31911  6.31911  6.31911    455.78895  1.32940
  3147.27990  0.99701  0.00201 -0.96018  0.17775  5.86767  5.86767  5.86767    454.86756  1.32998
  3147.28023  0.99890  0.00201 -0.98521  0.25851  5.80433  5.80433  5.80433    450.69193  1.33055
  3147.28056  0.99662  0.00202 -1.11841 -0.33548  5.79977  5.79977  5.79977    451.10765  1.33115
  3147.28089  1.00239  0.00202 -0.96313 -0.24808  6.04547  6.04547  6.04547    449.58994  1.33170
  3147.28122  0.99753  0.00203 -0.99968 -0.10414  5.95838  5.95838  5.95838    448.62748  1.33230
  3147.28155  1.00207  0.00203 -1.03794 -0.10683  5.95649  5.95649  5.95649    450.26700  1.33287
  3147.28188  1.00137  0.00205 -1.01633 -0.21049  5.98217  5.98217  5.98217    450.54674  1.33344
  3147.28221  0.99566  0.00206 -1.06736  0.08575  5.87747  5.87747  5.87747    456.16643  1.33404
  3147.28254  0.99917  0.00205 -0.87645 -0.00206  5.84884  5.84884  5.84884    458.27266  1.33463
  3147.28287  0.99631  0.00206 -1.01825  0.59210  5.92435  5.92435  5.92435    462.00850  1.33522
  3147.28320  0.99493  0.00207 -0.73742  0.08547  5.82078  5.82078  5.82078    455.12040  1.33579
  3147.28353  0.99726  0.00208 -0.61664  0.20888  5.86217  5.86217  5.86217    452.15439  1.33638
  3147.28386  0.99287  0.00207 -1.01447  0.24033  6.07823  6.07823  6.07823    450.74433  1.33700
  3147.28420  1.00052  0.00208 -0.90675 -0.19819  6.03750  6.03750  6.03750    444.55878  1.33758
  3147.28453  0.99844  0.00209 -0.92242 -0.29018  5.95423  5.95423  5.95423    446.47592  1.33817
  3147.28486  0.99817  0.00208 -1.03841 -0.31987  5.90144  5.90144  5.90144    450.68130  1.33875
  3147.28519  0.99934  0.00208 -0.72981 -0.34087  5.83899  5.83899  5.83899    453.34419  1.33935
  3147.28552  1.00016  0.00208 -0.65744 -0.26363  5.77996  5.77996  5.77996    458.10411  1.33997
  3147.28585  1.00544  0.00209 -0.81984 -0.17701  5.85557  5.85557  5.85557    455.34207  1.34058
  3147.28618  1.00181  0.00210 -0.89048  0.13544  5.96586  5.96586  5.96586    456.50567  1.34117
  3147.28684  0.99910  0.00211 -0.71494  0.20396  5.91083  5.91083  5.91083    457.00425  1.34236
  3147.28717  0.99529  0.00211 -0.67930  0.07979  5.95403  5.95403  5.95403    460.39164  1.34297
  3147.28751  0.99622  0.00211 -0.48377  0.29281  5.83295  5.83295  5.83295    462.99717  1.34358
  3147.28784  1.00049  0.00211 -0.63109  0.10497  5.83404  5.83404  5.83404    465.99575  1.34419
  3147.28817  0.99788  0.00211 -0.67216 -0.14532  6.02849  6.02849  6.02849    467.05807  1.34480
  3147.28850  0.99678  0.00211 -0.54481 -0.35771  6.17111  6.17111  6.17111    465.28824  1.34542
  3147.28883  0.99567  0.00211 -0.57089 -0.25045  6.06321  6.06321  6.06321    465.51700  1.34601
  3147.28916  0.99938  0.00211 -0.45607  0.15675  5.99982  5.99982  5.99982    467.57649  1.34662
  3147.28948  0.99524  0.00212 -0.55762 -0.21047  6.01737  6.01737  6.01737    470.62819  1.34724
  3147.28981  0.99519  0.00212 -0.50746  0.02885  6.29707  6.29707  6.29707    474.10907  1.34785
  3147.29014  1.00047  0.00213 -0.24059  0.28803  6.01410  6.01410  6.01410    478.25425  1.34845
  3147.29047  0.99678  0.00212 -0.36071  0.29404  5.94379  5.94379  5.94379    479.84915  1.34908
  3147.29080  0.99877  0.00212 -0.46794  0.08360  6.10010  6.10010  6.10010    478.60623  1.34970
  3147.29113  0.99725  0.00212 -0.43440  0.09317  6.06063  6.06063  6.06063    480.13952  1.35033
  3147.29146  0.99982  0.00212 -0.33637  0.22107  5.91790  5.91790  5.91790    482.73584  1.35095
  3147.29179  1.00714  0.00213 -0.40821  0.20149  6.10649  6.10649  6.10649    484.04037  1.35157
  3147.29212  0.99899  0.00213 -0.40531 -0.53407  5.91392  5.91392  5.91392    480.92351  1.35217
  3147.29244  0.99542  0.00214 -0.19340 -0.41747  5.94982  5.94982  5.94982    479.09136  1.35279
  3147.29277  0.99856  0.00214 -0.13697 -0.10518  6.33181  6.33181  6.33181    476.57932  1.35341
  3147.29310  0.99608  0.00215 -0.21549  0.08184  6.07041  6.07041  6.07041    473.98867  1.35405
  3147.29343  0.99775  0.00215 -0.20231 -0.10860  6.29119  6.29119  6.29119    470.51983  1.35466
  3147.29376  0.99491  0.00215 -0.21941 -0.02527  6.07757  6.07757  6.07757    472.13385  1.35529
  3147.29409  0.99916  0.00215 -0.30390  0.27608  6.13059  6.13059  6.13059    473.52195  1.35596
  3147.29442  0.99748  0.00215 -0.38557  0.25383  6.19738  6.19738  6.19738    474.62394  1.35658
  3147.29475  1.00072  0.00216 -0.37971  0.05890  6.28397  6.28397  6.28397    479.04320  1.35720
  3147.29508  0.99601  0.00216 -0.45256  0.10191  6.43265  6.43265  6.43265    481.68980  1.35783
  3147.29541  0.99928  0.00216 -0.47347  0.28079  6.19664  6.19664  6.19664    485.55453  1.35847
  3147.29575  0.99719  0.00216 -0.45764  0.07933  6.28589  6.28589  6.28589    485.19263  1.35913
  3147.29608  0.99614  0.00216 -0.46771 -0.35578  6.23452  6.23452  6.23452    484.08994  1.35976
  3147.29641  0.99585  0.00216 -0.16760 -0.14012  6.11677  6.11677  6.11677    477.53116  1.36040
  3147.29674  0.99582  0.00215  0.05793  0.21735  6.23867  6.23867  6.23867    471.76983  1.36105
  3147.29707  0.99390  0.00215  0.20743  0.13330  6.14488  6.14488  6.14488    469.59844  1.36167
  3147.29740  1.00171  0.00215  0.16866 -0.28358  6.09803  6.09803  6.09803    468.88244  1.36234
  3147.29773  0.99735  0.00216 -0.35821 -0.07065  6.12275  6.12275  6.12275    472.10482  1.36301
  3147.29806  0.99642  0.00216 -0.64112  0.15044  6.07297  6.07297  6.07297    476.20326  1.36363
  3147.29839  1.00035  0.00216 -0.57342  0.23579  6.03590  6.03590  6.03590    480.20255  1.36432
  3147.29871  0.99552  0.00216 -0.63557  0.25886  6.07525  6.07525  6.07525    479.27195  1.36495
  3147.29905  0.99236  0.00216 -0.52040  0.00812  6.15128  6.15128  6.15128    475.61048  1.36557
  3147.29938  0.99837  0.00216 -0.55569  0.11149  6.11612  6.11612  6.11612    472.82720  1.36625
  3147.29971  0.99895  0.00216 -0.64954  0.15739  7.55145  7.55145  7.55145    472.76204  1.36692
  3147.30004  0.99889  0.00216 -0.60593 -0.24387  6.14219  6.14219  6.14219    471.41714  1.36756
  3147.30037  0.99725  0.00216 -0.19063 -0.47974  6.13732  6.13732  6.13732    471.41006  1.36822
  3147.30070  0.99587  0.00216 -0.12027  0.12215  6.45961  6.45961  6.45961    469.66785  1.36887
  3147.30103  0.99899  0.00215  0.06648  0.14470  6.44590  6.44590  6.44590    466.64802  1.36955
  3147.30136  0.99864  0.00215 -0.06252 -0.01987  6.45648  6.45648  6.45648    460.06586  1.37019
  3147.30169  0.99909  0.00215  0.01858  0.30447  6.36216  6.36216  6.36216    455.39873  1.37088
  3147.30202  0.99714  0.00214 -0.03310  0.63425  6.37310  6.37310  6.37310    447.30949  1.37154
  3147.30235  0.99964  0.00214  0.33191  0.37411  6.42969  6.42969  6.42969    443.04391  1.37219
  3147.30268  0.99960  0.00214  0.40025  0.49602  6.22298  6.22298  6.22298    443.73088  1.37287
  3147.30301  1.00025  0.00214  0.21738  0.07752  6.43998  6.43998  6.43998    449.56091  1.37355
  3147.30334  0.99812  0.00215  0.11228  0.43313  6.29160  6.29160  6.29160    456.88810  1.37420
  3147.30367  0.99766  0.00215  0.09485  0.29935  6.21649  6.21649  6.21649    460.43343  1.37488
  3147.30400  0.99981  0.00215  0.09568 -0.22150  6.39373  6.39373  6.39373    462.24646  1.37557
  3147.30433  0.99581  0.00215  0.00000  0.00000  6.34039  6.34039  6.34039    462.69476  1.37622
  3147.30466  1.00692  0.00215 -0.20623  0.16855  6.31832  6.31832  6.31832    459.96317  1.37692
  3147.30499  0.99869  0.00215 -0.30848  0.24621  6.48299  6.48299  6.48299    458.10907  1.37758
  3147.30532  0.99481  0.00216 -0.32225  0.16599  6.38230  6.38230  6.38230    461.49575  1.37826
  3147.30566  0.99673  0.00216 -0.25876  0.12481  6.34321  6.34321  6.34321    462.47025  1.37895
  3147.30599  0.99765  0.00216 -0.22774  0.84988  6.38774  6.38774  6.38774    461.48088  1.37964
  3147.30632  0.99679  0.00216 -0.17210  0.70723  6.18654  6.18654  6.18654    458.41572  1.38032
  3147.30665  0.99673  0.00215 -0.10123  0.35072  6.33758  6.33758  6.33758    453.30737  1.38101
  3147.30698  1.00007  0.00215 -0.03835  0.40745  6.23836  6.23836  6.23836    448.56728  1.38169
  3147.30731  1.00082  0.00215 -0.00878  0.19653  6.32799  6.32799  6.32799    443.11402  1.38238
  3147.30764  0.99737  0.00215 -0.04722 -0.10580  6.53295  6.53295  6.53295    438.91856  1.38306
  3147.30797  0.99986  0.00214 -0.04990 -0.25179  6.46651  6.46651  6.46651    439.26487  1.38376
  3147.30830  0.99972  0.00215 -0.03144 -0.12408  6.65942  6.65942  6.65942    443.86898  1.38446
  3147.30863  0.99888  0.00215 -0.07729  0.11947  6.54496  6.54496  6.54496    450.58215  1.38517
  3147.30896  0.99848  0.00216 -0.06677  0.61942  6.43588  6.43588  6.43588    457.35127  1.38585
  3147.30930  1.00183  0.00216 -0.03962  0.15462  6.61099  6.61099  6.61099    462.29816  1.38656
  3147.30964  0.99633  0.00216  0.08365  0.69113  6.52687  6.52687  6.52687    465.66997  1.38726
  3147.30997  0.99851  0.00216  0.23378  0.65822  6.58397  6.58397  6.58397    467.27054  1.38797
  3147.31030  1.00210  0.00216  0.42674  0.37567  6.23576  6.23576  6.23576    462.94830  1.38865
  3147.31063  0.99608  0.00216  0.44174  0.64286  6.50658  6.50658  6.50658    461.31445  1.38937
  3147.31096  0.99793  0.00216  0.33337  0.59574  6.60476  6.60476  6.60476    459.66289  1.39009
  3147.31128  1.00155  0.00216  0.25731  0.38496  6.49404  6.49404  6.49404    459.94476  1.39078
  3147.31162  0.99922  0.00216 -0.03199 -0.05913  6.57531  6.57531  6.57531    455.12819  1.39147
  3147.31195  0.99934  0.00216 -0.02105 -0.03708  6.43789  6.43789  6.43789    455.81941  1.39219
  3147.31228  0.99486  0.00216 -0.14932  0.06333  6.25662  6.25662  6.25662    458.72238  1.39290
  3147.31261  0.99690  0.00216 -0.31476  0.02915  6.17932  6.17932  6.17932    463.24717  1.39361
  3147.31294  0.99704  0.00216 -0.25022 -0.11956  6.38451  6.38451  6.38451    471.68626  1.39430
  3147.31327  1.00320  0.00217 -0.49579  0.50553  6.23339  6.23339  6.23339    480.97805  1.39505
  3147.31360  1.00022  0.00217 -0.52609  0.34533  6.28517  6.28517  6.28517    486.82649  1.39573
  3147.31393  1.00268  0.00218 -0.47172  0.26579  6.32288  6.32288  6.32288    492.07861  1.39646
  3147.31426  0.99933  0.00218 -0.44927  0.05841  6.24044  6.24044  6.24044    489.44830  1.39717
  3147.31459  0.99929  0.00218 -0.50354  0.08780  6.29577  6.29577  6.29577    487.95042  1.39789
  3147.31492  0.99810  0.00217 -0.54571  0.03922  6.33564  6.33564  6.33564    482.93909  1.39863
  3147.31525  1.00370  0.00217 -0.60182  0.01675  6.32234  6.32234  6.32234    481.10623  1.39934
  3147.31558  1.00487  0.00217 -0.58471 -0.27114  6.29105  6.29105  6.29105    480.66006  1.40006
  3147.31591  1.00040  0.00217 -0.61414 -0.31806  6.36874  6.36874  6.36874    478.96459  1.40078
  3147.31624  0.99945  0.00217 -0.64209  0.06787  6.45557  6.45557  6.45557    485.66785  1.40146
  3147.31657  1.00097  0.00218 -0.71816  0.52822  6.45294  6.45294  6.45294    493.59703  1.40222
  3147.31690  1.00089  0.00218 -0.71712  0.06820  6.16914  6.16914  6.16914    500.74079  1.40295
  3147.31723  1.00283  0.00219 -1.07958  0.12528  6.24319  6.24319  6.24319    505.86261  1.40370
  3147.31756  0.99956  0.00219 -0.63398  0.15356  6.29458  6.29458  6.29458    509.64023  1.40442
  3147.31789  1.00249  0.00219 -0.37060  0.70542  6.24183  6.24183  6.24183    512.58286  1.40513
  3147.31822  1.00433  0.00219 -0.24113  0.41930  6.11181  6.11181  6.11181    514.53258  1.40587
  3147.31855  1.00203  0.00219 -0.29012  0.31155  6.15314  6.15314  6.15314    515.03116  1.40663
  3147.31888  1.00035  0.00219 -0.19164  0.31573  6.16545  6.16545  6.16545    513.22096  1.40734
  3147.31921  1.00231  0.00219 -0.27705  0.28043  6.16538  6.16538  6.16538    507.76275  1.40807
  3147.31954  0.99663  0.00218 -0.32521 -0.17737  6.15500  6.15500  6.15500    499.06374  1.40883
  3147.31987  1.00052  0.00218 -0.30244  0.10616  6.21134  6.21134  6.21134    497.17210  1.40955
  3147.32021  0.99525  0.00218 -0.50405 -0.10220  6.27618  6.27618  6.27618    501.02904  1.41029
  3147.32053  1.00047  0.00219 -0.32373 -0.09449  7.23135  7.23135  7.23135    504.97309  1.41104
  3147.32087  0.99715  0.00219 -0.37743  0.21792  6.10570  6.10570  6.10570    503.69830  1.41177
  3147.32120  0.99547  0.00218 -0.35398  0.20018  5.92200  5.92200  5.92200    492.99504  1.41252
  3147.32153  0.99918  0.00218 -0.34655  0.50663  6.14204  6.14204  6.14204    490.82153  1.41327
  3147.32186  1.00044  0.00218 -0.20977  0.48371  6.08502  6.08502  6.08502    488.78187  1.41401
  3147.32218  0.99956  0.00218 -0.04183  0.33930  6.17050  6.17050  6.17050    488.43697  1.41476
  3147.32251  0.99922  0.00218 -0.01842  0.54642  6.24569  6.24569  6.24569    489.75000  1.41552
  3147.32284  0.99438  0.00219 -0.11217  0.43055  6.11329  6.11329  6.11329    497.70751  1.41628
  3147.32317  0.99815  0.00219 -0.16718  0.25469  6.17263  6.17263  6.17263    512.68201  1.41702
  3147.32350  1.00162  0.00220 -0.25487  0.01227  6.28861  6.28861  6.28861    530.15581  1.41777
  3147.32383  1.00370  0.00221 -0.22893 -0.01586  6.31525  6.31525  6.31525    545.54603  1.41852
  3147.32417  1.00035  0.00222 -0.31985  0.54074  6.10372  6.10372  6.10372    551.94618  1.41933
  3147.32450  1.00113  0.00222 -0.29831  0.19475  6.18603  6.18603  6.18603    547.99433  1.42005
  3147.32483  1.00107  0.00221 -0.23271  0.15775  6.16114  6.16114  6.16114    539.71459  1.42081
  3147.32516  0.99855  0.00221 -0.28154  0.67232  6.20654  6.20654  6.20654    537.18626  1.42160
  3147.32549  1.00353  0.00221 -0.34857  0.53452  7.12367  7.12367  7.12367    544.09632  1.42235
  3147.32582  0.99663  0.00221 -0.37708  0.65854  6.31836  6.31836  6.31836    542.16431  1.42311
  3147.32616  1.00085  0.00221 -0.41714  0.48753  6.18291  6.18291  6.18291    537.37394  1.42392
  3147.32682  1.00582  0.00221 -0.17087  0.32261  6.16924  6.16924  6.16924    538.94405  1.42545
  3147.32715  1.00020  0.00221  0.30454  0.07516  6.35299  6.35299  6.35299    551.31586  1.42622
  3147.32748  1.00350  0.00222  0.34841  0.06986  6.15732  6.15732  6.15732    563.99433  1.42695
  3147.32781  1.00015  0.00222  0.23842  0.17753  6.28464  6.28464  6.28464    569.71176  1.42775
  3147.32814  1.00095  0.00222 -0.23731  0.33873  6.23206  6.23206  6.23206    570.14093  1.42855
  3147.32847  1.00612  0.00222 -0.29268  0.13409  6.12478  6.12478  6.12478    568.91431  1.42933
  3147.32880  1.00291  0.00222 -0.32302  0.28945  6.10706  6.10706  6.10706    577.03541  1.43011
  3147.32914  1.00179  0.00222 -0.32812  0.52544  6.08023  6.08023  6.08023    583.42351  1.43086
  3147.32946  1.00053  0.00223 -0.43107  0.46332  6.20684  6.20684  6.20684    586.63598  1.43163
  3147.32979  1.00169  0.00223 -0.32089  0.25294  6.10924  6.10924  6.10924    593.84065  1.43245
  3147.33012  1.00510  0.00224 -0.37313  0.23860  6.93811  6.93811  6.93811    598.48654  1.43321
  3147.33045  1.00108  0.00224 -0.39690  0.35830  6.09493  6.09493  6.09493    600.00071  1.43400
  3147.33079  0.99900  0.00224 -0.33544  0.40882  6.10602  6.10602  6.10602    600.83428  1.43475
  3147.33112  0.99783  0.00224 -0.18243  0.07263  6.11065  6.11065  6.11065    599.25921  1.43558
  3147.33145  1.00396  0.00224 -0.00350  0.07366  6.14115  6.14115  6.14115    595.23442  1.43634
  3147.33177  1.00521  0.00224 -0.01324  0.26693  6.27422  6.27422  6.27422    591.04745  1.43712
  3147.33210  0.99844  0.00223  0.06598  0.19341  6.18910  6.18910  6.18910    586.71034  1.43792
  3147.33244  0.99829  0.00223  0.08060  0.06426  6.17891  6.17891  6.17891    584.95538  1.43873
  3147.33277  1.00391  0.00223  0.14541  0.19259  6.09515  6.09515  6.09515    586.96105  1.43952
  3147.33310  1.00338  0.00223  0.11781  0.40069  6.10411  6.10411  6.10411    592.74292  1.44030
  3147.33343  1.00277  0.00223 -0.12449  0.59433  6.09443  6.09443  6.09443    595.80241  1.44113
  3147.33376  1.00478  0.00223 -0.26529  0.36194  6.10420  6.10420  6.10420    598.01700  1.44192
  3147.33409  0.99979  0.00223 -0.43840  0.65444  6.10555  6.10555  6.10555    596.08853  1.44273
  3147.33442  0.99895  0.00223 -0.72467  0.67479  6.12625  6.12625  6.12625    591.05382  1.44352
  3147.33476  1.00033  0.00222 -0.61851  0.72801  6.45436  6.45436  6.45436    583.08569  1.44433
  3147.33509  0.99942  0.00222 -0.64948  0.15067  6.00974  6.00974  6.00974    578.38598  1.44512
  3147.33542  0.99868  0.00222 -0.49287  0.29752  6.08115  6.08115  6.08115    577.01841  1.44593
  3147.33575  1.00396  0.00222 -0.22588  0.27761  6.08514  6.08514  6.08514    579.71317  1.44675
  3147.33609  1.00444  0.00223 -0.23605  0.50143  6.10906  6.10906  6.10906    584.99221  1.44756
  3147.33642  1.00693  0.00223 -0.16200  0.33605  6.04427  6.04427  6.04427    585.71884  1.44838
  3147.33675  1.00576  0.00223 -0.01624  0.47679  6.13476  6.13476  6.13476    589.69830  1.44919
  3147.33708  1.00462  0.00223  0.22913  0.70132  6.08960  6.08960  6.08960    592.27620  1.45000
  3147.33741  1.00266  0.00222  0.26337  0.99825  6.25998  6.25998  6.25998    592.41997  1.45080
  3147.33774  1.00487  0.00222 -0.12308  0.72108  6.19833  6.19833  6.19833    587.18909  1.45165
  3147.33807  1.00209  0.00221 -0.40598  0.53586  6.00638  6.00638  6.00638    582.98229  1.45245
  3147.33840  1.00425  0.00221 -0.27821  0.71984  6.30922  6.30922  6.30922    581.95609  1.45325
  3147.33873  1.00673  0.00220 -0.38967  0.69695  6.04940  6.04940  6.04940    577.13881  1.45410
  3147.33906  1.00300  0.00220 -0.38656  0.24568  5.94058  5.94058  5.94058    577.91572  1.45490
  3147.33939  1.00208  0.00220 -0.34709  0.39226  5.98365  5.98365  5.98365    575.19405  1.45574
  3147.33972  0.99942  0.00219 -0.38084  0.50994  5.95728  5.95728  5.95728    573.91147  1.45655
  3147.34006  1.00044  0.00219 -0.33360  0.61458  5.97789  5.97789  5.97789    572.44688  1.45740
  3147.34039  1.00131  0.00219 -0.33939  0.43884  5.94261  5.94261  5.94261    570.44688  1.45819
  3147.34072  1.00729  0.00220 -0.34591  0.69751  6.09844  6.09844  6.09844    565.61756  1.45903
  3147.34105  0.99985  0.00220 -0.26499  0.90208  6.06442  6.06442  6.06442    560.93414  1.45985
  3147.34137  1.00343  0.00220 -0.30523  0.93946  6.02783  6.02783  6.02783    553.99788  1.46066
  3147.34170  1.00218  0.00220 -0.16775  0.83746  6.01962  6.01962  6.01962    549.59136  1.46147
  3147.34203  1.00297  0.00220  0.02278  0.68806  6.06468  6.06468  6.06468    545.58711  1.46235
  3147.34236  0.99994  0.00221  0.01009  1.17863  6.07510  6.07510  6.07510    543.43130  1.46316
  3147.34270  1.00274  0.00221 -0.05935  0.65973  6.25635  6.25635  6.25635    543.45326  1.46401
  3147.34303  1.00402  0.00221 -0.04063  0.53591  6.06408  6.06408  6.06408    543.34207  1.46485
  3147.34336  0.99969  0.00221  0.06897  0.40468  6.02563  6.02563  6.02563    542.73300  1.46570
  3147.34369  1.00475  0.00221  0.03833  0.62400  6.07798  6.07798  6.07798    546.13314  1.46654
  3147.34402  0.99718  0.00221 -0.04415  0.62109  6.06719  6.06719  6.06719    549.33499  1.46740
  3147.34436  0.99963  0.00221  0.07172  0.89311  6.21001  6.21001  6.21001    551.99858  1.46821
  3147.34469  1.00488  0.00221  0.04926  1.08662  6.13914  6.13914  6.13914    552.56941  1.46910
  3147.34502  1.00522  0.00221 -0.07126  1.05467  6.08631  6.08631  6.08631    550.96176  1.46992
  3147.34536  1.00140  0.00221 -0.04347  0.86404  6.19445  6.19445  6.19445    552.34065  1.47078
  3147.34569  0.99969  0.00221 -0.10358  0.91214  5.94421  5.94421  5.94421    551.49008  1.47165
  3147.34603  0.99986  0.00221 -0.15072  0.91691  6.00381  6.00381  6.00381    549.22592  1.47252
  3147.34636  1.00305  0.00221 -0.16012  1.11789  5.96170  5.96170  5.96170    546.70397  1.47336
  3147.34669  0.99872  0.00221 -0.32745  0.53463  6.03866  6.03866  6.03866    549.76062  1.47420
  3147.34702  0.99812  0.00221 -0.33540  0.76058  6.17687  6.17687  6.17687    554.88810  1.47509
  3147.34735  1.00068  0.00222 -0.42010  0.94543  5.98622  5.98622  5.98622    558.82861  1.47594
  3147.34768  1.00243  0.00221  0.01164  1.06229  5.97123  5.97123  5.97123    557.21034  1.47675
  3147.34801  0.99917  0.00221  0.18590  0.74040  6.02592  6.02592  6.02592    554.18626  1.47762
  3147.34834  1.00161  0.00221  0.25901  0.82518  5.93541  5.93541  5.93541    554.84632  1.47850
  3147.34867  1.00095  0.00221  0.25657  0.93279  5.91383  5.91383  5.91383    556.74858  1.47933
  3147.34899  1.00090  0.00220  0.06139  1.24072  5.97555  5.97555  5.97555    560.81091  1.48020
  3147.34932  1.00454  0.00221  0.13767  0.80727  5.87889  5.87889  5.87889    563.61119  1.48105
  3147.34966  1.00393  0.00222  0.21762  0.87508  5.92924  5.92924  5.92924    564.61686  1.48191
  3147.34998  1.00344  0.00222  0.18445  1.02112  5.91037  5.91037  5.91037    566.98229  1.48277
  3147.35031  1.00568  0.00222  0.14439  1.05255  5.96230  5.96230  5.96230    568.19547  1.48367
  3147.35064  1.00135  0.00222  0.18411  0.64499  5.95845  5.95845  5.95845    567.54958  1.48453
  3147.35097  1.00344  0.00222  0.16597  0.55263  5.90998  5.90998  5.90998    568.54037  1.48534
  3147.35130  0.99912  0.00222  0.24235  0.55975  6.08987  6.08987  6.08987    570.37960  1.48622
  3147.35163  1.00127  0.00222  0.18824  0.92750  5.90952  5.90952  5.90952    573.71388  1.48708
  3147.35196  1.00564  0.00222  0.14476  0.49607  5.86485  5.86485  5.86485    577.02975  1.48795
  3147.35228  1.00465  0.00222  0.08947  1.13709  6.14388  6.14388  6.14388    582.31020  1.48882
  3147.35262  1.00119  0.00223  0.23098  0.76823  6.03519  6.03519  6.03519    584.89023  1.48970
  3147.35294  0.99905  0.00223  0.24823  1.03604  5.94659  5.94659  5.94659    587.04037  1.49059
  3147.35327  1.00203  0.00223  0.28477  0.70874  6.01080  6.01080  6.01080    590.00637  1.49145
  3147.35360  0.99721  0.00224  0.27499  0.81780  6.00360  6.00360  6.00360    594.64660  1.49235
  3147.35393  1.00726  0.00224  0.15200  1.05767  5.92453  5.92453  5.92453    598.32082  1.49325
  3147.35426  1.00146  0.00224  0.17213  1.04343  6.15223  6.15223  6.15223    603.34632  1.49411
  3147.35459  1.00271  0.00225  0.12664  0.56131  5.88879  5.88879  5.88879    606.68272  1.49494
  3147.35492  1.00275  0.00225  0.08410  0.37695  6.16366  6.16366  6.16366    603.39802  1.49584
  3147.35525  1.00299  0.00225  0.15742  0.78310  5.94252  5.94252  5.94252    601.86686  1.49674
  3147.35558  1.00034  0.00224  0.01353  0.58605  5.85742  5.85742  5.85742    597.89518  1.49764
  3147.35591  1.00088  0.00224  0.08850  0.63839  5.82892  5.82892  5.82892    594.87181  1.49850
  3147.35624  0.99783  0.00224  0.02819  1.11195  5.93688  5.93688  5.93688    593.16289  1.49939
  3147.35657  0.99992  0.00224  0.00927  1.18356  5.89135  5.89135  5.89135    596.58003  1.50026
  3147.35689  1.00437  0.00224  0.10282  1.16066  5.92141  5.92141  5.92141    595.38952  1.50120
  3147.35723  1.00136  0.00224  0.35774  0.84659  6.09548  6.09548  6.09548    595.34561  1.50205
  3147.35755  1.00306  0.00224  0.33212  1.09992  6.08051  6.08051  6.08051    596.26912  1.50297
  3147.35788  1.00409  0.00223  0.32992  1.15358  6.19460  6.19460  6.19460    598.08499  1.50384
  3147.35821  1.00147  0.00224  0.16161  0.95451  6.09627  6.09627  6.09627    598.32295  1.50472
  3147.35854  1.00272  0.00224 -0.02100  0.62928  6.21023  6.21023  6.21023    602.46105  1.50562
  3147.35887  0.99786  0.00224  0.03505  0.61033  6.16163  6.16163  6.16163    602.39448  1.50651
  3147.35920  0.99958  0.00224  0.53890  0.65177  6.28124  6.28124  6.28124    601.60977  1.50744
  3147.35952  0.99857  0.00224  0.64937  0.73932  6.45149  6.45149  6.45149    598.09773  1.50833
  3147.35985  0.99530  0.00223  0.56766  0.74859  6.23450  6.23450  6.23450    596.11473  1.50919
  3147.36018  0.99566  0.00222  0.03115  0.98257  6.19747  6.19747  6.19747    600.57790  1.51012
  3147.36051  1.00130  0.00221 -0.02659  0.82814  6.12144  6.12144  6.12144    605.24858  1.51106
  3147.36084  1.00463  0.00219 -0.08468  1.24872  6.03681  6.03681  6.03681    613.03470  1.51193
  3147.36117  0.99967  0.00220 -0.25361  0.98764  6.08095  6.08095  6.08095    616.91218  1.51283
  3147.36150  1.00088  0.00221 -0.08387  0.98719  6.09677  6.09677  6.09677    625.19051  1.51375
  3147.36183  1.00178  0.00222  0.31550  1.31609  6.10684  6.10684  6.10684    632.75212  1.51465
  3147.36217  1.00428  0.00222  0.48964  0.65455  6.12174  6.12174  6.12174    635.46317  1.51558
  3147.36250  1.00185  0.00222  1.02499  0.41225  6.03268  6.03268  6.03268    633.10198  1.51646
  3147.36282  1.00376  0.00222  0.52819  0.57684  6.03066  6.03066  6.03066    632.63385  1.51741
  3147.36315  1.00604  0.00221  0.01881  0.93083  6.10121  6.10121  6.10121    627.72521  1.51835
  3147.36348  1.00492  0.00221  0.07251  0.76192  6.14123  6.14123  6.14123    622.28470  1.51923
  3147.36381  1.00033  0.00220  0.02897  0.69069  6.18694  6.18694  6.18694    617.10907  1.52013
  3147.36414  1.00142  0.00218 -0.09284  1.20281  6.80983  6.80983  6.80983    611.51700  1.52106
  3147.36447  0.99863  0.00216 -0.10875  1.06283  6.68025  6.68025  6.68025    609.01487  1.52196
  3147.36480  1.00544  0.00216 -0.18686  1.13168  6.69920  6.69920  6.69920    607.29249  1.52295
  3147.36513  0.99654  0.00219 -0.01119  0.84303  6.17846  6.17846  6.17846    608.33357  1.52382
  3147.36546  1.00163  0.00220  0.29800  1.04043  6.84981  6.84981  6.84981    614.70255  1.52475
  3147.36579  0.99547  0.00219  0.29140  1.04492  6.78103  6.78103  6.78103    627.78399  1.52569
  3147.36612  0.99730  0.00220  0.49300  0.78279  6.77978  6.77978  6.77978    640.15439  1.52659
  3147.36645  0.99762  0.00219  0.23759  0.76333  6.15856  6.15856  6.15856    655.05524  1.52755
  3147.36678  1.00052  0.00218  0.18757  0.50144  6.12826  6.12826  6.12826    667.34136  1.52844
  3147.36710  1.00690  0.00219  0.32841  0.67039  6.15891  6.15891  6.15891    671.68201  1.52938
  3147.36743  0.99969  0.00219  0.26121  0.75047  6.54746  6.54746  6.54746    673.47450  1.53032
  3147.36776  0.99835  0.00219  0.32165  0.66067  6.54982  6.54982  6.54982    669.06303  1.53124
  3147.36809  1.00226  0.00217  0.29890  0.79832  5.83077  5.83077  5.83077    668.55241  1.53216
  3147.36842  1.00328  0.00216  0.26832  0.96017  5.93321  5.93321  5.93321    668.46176  1.53314
  3147.36875  0.99985  0.00218  0.27727  1.00328  6.38424  6.38424  6.38424    671.16926  1.53404
  3147.36908  0.99941  0.00221  0.40917  0.94885  5.92050  5.92050  5.92050    679.01558  1.53498
  3147.36941  1.00233  0.00220  0.34655  0.96912  5.83184  5.83184  5.83184    695.47167  1.53592
  3147.36974  1.00634  0.00220  0.28302  1.02420  5.69890  5.69890  5.69890    712.88385  1.53684
  3147.37006  1.00601  0.00218  0.23743  0.66085  6.03789  6.03789  6.03789    728.59065  1.53777
  3147.37039  1.00748  0.00218  0.20212  0.40258  5.90930  5.90930  5.90930    736.38527  1.53874
  3147.37072  1.00459  0.00219  0.22904  0.33591  5.58425  5.58425  5.58425    734.50425  1.53970
  3147.37105  1.00715  0.00218  0.39313  0.88491  6.01982  6.01982  6.01982    730.00496  1.54065
  3147.37138  1.00195  0.00219  0.55129  0.42236  5.97246  5.97246  5.97246    720.78824  1.54158
  3147.37171  0.99898  0.00222  0.45919  0.82809  5.71296  5.71296  5.71296    715.13598  1.54253
  3147.37204  1.00427  0.00221  0.52289  1.07606  5.70228  5.70228  5.70228    713.52479  1.54348
  3147.37237  1.00150  0.00216  0.50053  1.26295  5.77506  5.77506  5.77506    716.74008  1.54441
  3147.37269  1.00145  0.00214  0.49414  0.97725  5.78350  5.78350  5.78350    713.87606  1.54534
  3147.37302  1.00105  0.00213  0.53731  1.24707  5.52051  5.52051  5.52051    712.47309  1.54629
  3147.37335  1.00117  0.00211  0.44721  1.22835  5.35554  5.35554  5.35554    709.00425  1.54724
  3147.37368  1.00478  0.00209  0.43218  1.01122  5.22375  5.22375  5.22375    704.79391  1.54824
  3147.37401  1.00664  0.00211  0.37121  0.92803  5.53487  5.53487  5.53487    698.08286  1.54919
  3147.37434  1.00670  0.00212  0.29059  0.69521  5.64374  5.64374  5.64374    698.71388  1.55014
  3147.37467  1.00584  0.00215  0.13984  0.83417  5.12440  5.12440  5.12440    703.89731  1.55108
  3147.37500  0.99835  0.00213  0.25581  1.07717  5.73080  5.73080  5.73080    720.05241  1.55205
  3147.37533  0.99678  0.00215  0.69586  0.60876  5.12052  5.12052  5.12052    737.79816  1.55300
  3147.37566  1.00439  0.00214  0.65023  1.41238  5.51489  5.51489  5.51489    750.96884  1.55398
  3147.37599  0.99956  0.00213  0.62463  1.12470  5.02509  5.02509  5.02509    757.61969  1.55493
  3147.37632  1.00425  0.00215  0.64779  1.49978  5.18273  5.18273  5.18273    758.84632  1.55593
  3147.37665  1.00436  0.00219  0.67756  1.33072  5.76945  5.76945  5.76945    759.37535  1.55686
  3147.37730  0.99929  0.00219  0.17150  1.05538  5.93240  5.93240  5.93240    750.64589  1.55882
  3147.37763  1.00276  0.00214  0.09514  1.36599  5.44151  5.44151  5.44151    750.51204  1.55981
  3147.37796  0.99891  0.00215 -0.01750  0.70382  5.79768  5.79768  5.79768    744.65935  1.56073
  3147.37829  1.00186  0.00217  0.00408  0.83150  5.98974  5.98974  5.98974    742.81728  1.56174
  3147.37862  1.00711  0.00222  0.27975  0.82722  6.05440  6.05440  6.05440    738.89448  1.56265
  3147.37895  0.99924  0.00223  0.42218  1.01678  5.96086  5.96086  5.96086    743.05028  1.56368
  3147.37928  1.00126  0.00224  0.53037  0.85832  5.97998  5.97998  5.97998    739.28329  1.56460
  3147.37961  1.00154  0.00224  0.60409  1.24942  6.48335  6.48335  6.48335    737.12394  1.56563
  3147.37994  1.00271  0.00220  1.26518  0.96350  6.42107  6.42107  6.42107    728.74504  1.56657
  3147.38027  1.00317  0.00220  1.26065  1.48268  6.41624  6.41624  6.41624    716.79391  1.56758
  3147.38060  1.00276  0.00215  0.44203  0.81602  6.11818  6.11818  6.11818    719.25283  1.56857
  3147.38092  1.00066  0.00215  0.23385  1.11497  5.79852  5.79852  5.79852    714.90722  1.56954
  3147.38125  1.00100  0.00217  0.11068  1.04292  5.88933  5.88933  5.88933    716.75567  1.57051
  3147.38158  1.00355  0.00221  0.17668  0.98793  5.74386  5.74386  5.74386    719.55099  1.57151
  3147.38191  0.99794  0.00222  0.49978  0.66188  6.32439  6.32439  6.32439    725.83782  1.57248
  3147.38224  1.00128  0.00222  0.73169  0.79075  5.97917  5.97917  5.97917    734.22592  1.57348
  3147.38257  0.99593  0.00224  0.68397  0.93616  6.22285  6.22285  6.22285    745.60057  1.57444
  3147.38290  1.00174  0.00227  0.84073  0.83610  5.85335  5.85335  5.85335    745.27550  1.57543
  3147.38323  1.00636  0.00228  0.83294  0.71953  5.92001  5.92001  5.92001    745.40793  1.57646
  3147.38355  0.99998  0.00228  0.69524  1.03593  5.92774  5.92774  5.92774    743.17989  1.57743
  3147.38388  1.00009  0.00229  0.73013  1.26598  5.86555  5.86555  5.86555    736.46742  1.57840
  3147.38421  0.99799  0.00228  0.71380  1.11269  6.21230  6.21230  6.21230    734.26700  1.57937
  3147.38454  0.99995  0.00227  0.74352  0.87566  6.35542  6.35542  6.35542    736.38314  1.58038
  3147.38487  1.00060  0.00227  0.56108  0.99578  5.95686  5.95686  5.95686    744.64377  1.58138
  3147.38520  0.99660  0.00227  0.31879  0.90204  5.96960  5.96960  5.96960    751.62677  1.58236
  3147.38553  1.00292  0.00227  0.32815  0.58403  6.57455  6.57455  6.57455    759.82082  1.58341
  3147.38586  0.99924  0.00225  0.32582  0.48816  6.07394  6.07394  6.07394    766.42989  1.58439
  3147.38619  1.00322  0.00226  0.08897  0.19149  5.97761  5.97761  5.97761    768.09419  1.58539
  3147.38652  1.00321  0.00228  0.35628  0.76196  6.40659  6.40659  6.40659    765.66856  1.58638
  3147.38684  1.00115  0.00226  0.52926  0.90986  6.16457  6.16457  6.16457    760.67422  1.58736
  3147.38717  1.00525  0.00226  0.61358  0.53205  6.11142  6.11142  6.11142    755.23513  1.58835
  3147.38750  0.99478  0.00224  0.67639  1.13067  6.54418  6.54418  6.54418    755.34136  1.58938
  3147.38783  0.99694  0.00220  0.63324  0.99332  6.19885  6.19885  6.19885    760.50567  1.59037
  3147.38816  0.99826  0.00218  0.74215  1.15984  5.55362  5.55362  5.55362    767.85340  1.59140
  3147.38849  1.00662  0.00216  0.80159  1.10267  5.47788  5.47788  5.47788    772.40864  1.59240
  3147.38882  1.00454  0.00217  0.76814  1.01359  5.69659  5.69659  5.69659    775.26558  1.59341
  3147.38915  1.00038  0.00216  0.64605  1.00137  5.35607  5.35607  5.35607    777.62748  1.59445
  3147.38948  1.01022  0.00220  0.59972  0.66924  5.41078  5.41078  5.41078    776.67918  1.59548
  3147.38981  1.00477  0.00225  0.56632  0.27460  6.06465  6.06465  6.06465    775.00142  1.59647
  3147.39014  0.99842  0.00227  0.62794  0.56424  6.15786  6.15786  6.15786    780.13456  1.59745
  3147.39047  0.99559  0.00226  0.66383  0.68064  6.17836  6.17836  6.17836    782.40368  1.59844
  3147.39080  1.00281  0.00221  0.70855  0.59933  5.57148  5.57148  5.57148    785.89660  1.59947
  3147.39112  0.99995  0.00218  0.65986  1.08462  5.42599  5.42599  5.42599    785.70113  1.60051
  3147.39145  0.99157  0.00217  0.45824  1.23860  5.57360  5.57360  5.57360    775.94547  1.60153
  3147.39178  1.00142  0.00215  0.31070  1.43946  5.72148  5.72148  5.72148    766.14873  1.60255
  3147.39211  1.00092  0.00212  0.18898  0.99627  5.91670  5.91670  5.91670    760.10623  1.60353
  3147.39244  1.00254  0.00207  0.14892  0.91198  5.94006  5.94006  5.94006    759.25921  1.60457
  3147.39277  1.00158  0.00206  0.14623  1.19815  5.33887  5.33887  5.33887    756.38102  1.60563
  3147.39309  1.00854  0.00206  0.48151  0.97887  5.34647  5.34647  5.34647    755.75708  1.60666
  3147.39342  1.00045  0.00208  0.82687  0.51339  4.58643  4.58643  4.58643    758.16006  1.60763
  3147.39375  1.00790  0.00208  0.91025  0.52913  4.62060  4.62060  4.62060    759.51629  1.60867
  3147.39408  0.99841  0.00208  0.87642  0.43107  4.76170  4.76170  4.76170    760.41997  1.60971
  3147.39441  0.99892  0.00207  0.83676  0.67635  4.48515  4.48515  4.48515    762.37677  1.61071
  3147.39474  1.00248  0.00205  0.74115  0.56543  4.40603  4.40603  4.40603    755.48229  1.61174
  3147.39507  1.00197  0.00205  0.50007  0.97266  5.03971  5.03971  5.03971    745.20822  1.61276
  3147.39539  1.00208  0.00205  0.28153  1.19632  5.46023  5.46023  5.46023    734.98017  1.61381
  3147.39572  1.00332  0.00206  0.17407  1.23896  5.66138  5.66138  5.66138    725.80807  1.61484
  3147.39605  1.00306  0.00207  0.10410  0.98174  5.45368  5.45368  5.45368    720.23017  1.61590
  3147.39638  0.99643  0.00210  0.04831  1.01938  5.63875  5.63875  5.63875    715.04816  1.61692
  3147.39671  1.00186  0.00214  0.30383  1.13684  5.72103  5.72103  5.72103    718.62110  1.61796
  3147.39704  1.00397  0.00216  0.48023  1.31553  5.37286  5.37286  5.37286    722.91147  1.61900
  3147.39737  1.00057  0.00218  0.56986  0.73652  5.74417  5.74417  5.74417    729.37394  1.62002
  3147.39770  0.99751  0.00219  0.50631  0.76535  5.94851  5.94851  5.94851    734.72946  1.62102
  3147.39803  1.00411  0.00219  0.57310  1.06074  5.87802  5.87802  5.87802    736.54249  1.62210
  3147.39836  1.00418  0.00220  0.55540  1.06337  5.88198  5.88198  5.88198    735.62323  1.62314
  3147.39869  0.99539  0.00219  0.48326  0.74078  5.65220  5.65220  5.65220    735.32153  1.62417
  3147.39902  1.00228  0.00222  0.57917  0.87064  5.91436  5.91436  5.91436    726.64731  1.62523
  3147.39935  1.00024  0.00222  0.49307  1.38774  5.91224  5.91224  5.91224    715.23442  1.62626
  3147.39967  0.99735  0.00221  0.52020  1.30290  5.83850  5.83850  5.83850    706.46813  1.62736
  3147.40001  1.00313  0.00222  0.48416  1.22203  6.33421  6.33421  6.33421    702.89589  1.62834
  3147.40033  1.00240  0.00222  0.34878  0.89292  6.00546  6.00546  6.00546    704.16714  1.62941
  3147.40066  1.00082  0.00220  0.53180  1.07771  6.13802  6.13802  6.13802    706.48371  1.63049
  3147.40099  1.00401  0.00219  0.54641  1.18764  6.13546  6.13546  6.13546    714.05170  1.63150
  3147.40132  1.00395  0.00218  0.52068  0.71052  5.61482  5.61482  5.61482    723.89235  1.63256
  3147.40198  1.00519  0.00219  0.54131  0.64842  5.60077  5.60077  5.60077    732.39164  1.63465
  3147.40231  0.99870  0.00221  0.58178  0.97683  5.81958  5.81958  5.81958    730.27762  1.63573
