descriptor Tc_phase m_phase 
-1.500000 -2.860849 
-1.499000 -2.768603 
-1.498000 -2.676152 
-1.497000 -2.583497 
-1.496000 -2.490643 
-1.495000 -2.397592 
-1.494000 -2.304347 
-1.493000 -2.210911 
-1.492000 -2.117286 
-1.491000 -2.023476 
-1.490000 -1.929483 
-1.489000 -1.835312 
-1.488000 -1.740964 
-1.487000 -1.646442 
-1.486000 -1.551751 
-1.485000 -1.456892 
-1.484000 -1.361869 
-1.483000 -1.266686 
-1.482000 -1.171344 
-1.481000 -1.075848 
-1.480000 -0.980201 
-1.479000 -0.884405 
-1.478000 -0.788464 
-1.477000 -0.692382 
-1.476000 -0.596161 
-1.475000 -0.499805 
-1.474000 -0.403317 
-1.473000 -0.306701 
-1.472000 -0.209959 
-1.471000 -0.113096 
-1.470000 -0.016114 
-1.469000 0.080983 
-1.468000 0.178191 
-1.467000 0.275508 
-1.466000 0.372929 
-1.465000 0.470451 
-1.464000 0.568071 
-1.463000 0.665785 
-1.462000 0.763589 
-1.461000 0.861481 
-1.460000 0.959455 
-1.459000 1.057510 
-1.458000 1.155640 
-1.457000 1.253843 
-1.456000 1.352115 
-1.455000 1.450451 
-1.454000 1.548849 
-1.453000 1.647304 
-1.452000 1.745813 
-1.451000 1.844372 
-1.450000 1.942978 
-1.449000 2.041625 
-1.448000 2.140311 
-1.447000 2.239032 
-1.446000 2.337783 
-1.445000 2.436561 
-1.444000 2.535362 
-1.443000 2.634182 
-1.442000 2.733017 
-1.441000 2.831863 
-1.440000 2.930716 
-1.439000 3.029571 
-1.438000 3.128426 
-1.437000 3.227275 
-1.436000 3.326115 
-1.435000 3.424942 
-1.434000 3.523751 
-1.433000 3.622538 
-1.432000 3.721300 
-1.431000 3.820031 
-1.430000 3.918729 
-1.429000 4.017388 
-1.428000 4.116004 
-1.427000 4.214573 
-1.426000 4.313091 
-1.425000 4.411553 
-1.424000 4.509956 
-1.423000 4.608294 
-1.422000 4.706564 
-1.421000 4.804761 
-1.420000 4.902881 
-1.419000 5.000919 
-1.418000 5.098871 
-1.417000 5.196733 
-1.416000 5.294500 
-1.415000 5.392167 
-1.414000 5.489730 
-1.413000 5.587185 
-1.412000 5.684527 
-1.411000 5.781751 
-1.410000 5.878853 
-1.409000 5.975829 
-1.408000 6.072674 
-1.407000 6.169383 
-1.406000 6.265952 
-1.405000 6.362375 
-1.404000 6.458649 
-1.403000 6.554769 
-1.402000 6.650730 
-1.401000 6.746527 
-1.400000 6.842157 
-1.399000 6.937613 
-1.398000 7.032891 
-1.397000 7.127987 
-1.396000 7.222896 
-1.395000 7.317613 
-1.394000 7.412133 
-1.393000 7.506452 
-1.392000 7.600565 
-1.391000 7.694467 
-1.390000 7.788153 
-1.389000 7.881618 
-1.388000 7.974858 
-1.387000 8.067868 
-1.386000 8.160642 
-1.385000 8.253177 
-1.384000 8.345467 
-1.383000 8.437507 
-1.382000 8.529292 
-1.381000 8.620818 
-1.380000 8.712080 
-1.379000 8.803072 
-1.378000 8.893791 
-1.377000 8.984230 
-1.376000 9.074386 
-1.375000 9.164252 
-1.374000 9.253825 
-1.373000 9.343099 
-1.372000 9.432069 
-1.371000 9.520731 
-1.370000 9.609079 
-1.369000 9.697109 
-1.368000 9.784816 
-1.367000 9.872194 
-1.366000 9.959239 
-1.365000 10.045945 
-1.364000 10.132308 
-1.363000 10.218324 
-1.362000 10.303986 
-1.361000 10.389290 
-1.360000 10.474231 
-1.359000 10.558804 
-1.358000 10.643004 
-1.357000 10.726827 
-1.356000 10.810267 
-1.355000 10.893319 
-1.354000 10.975978 
-1.353000 11.058240 
-1.352000 11.140100 
-1.351000 11.221552 
-1.350000 11.302591 
-1.349000 11.383214 
-1.348000 11.463414 
-1.347000 11.543188 
-1.346000 11.622529 
-1.345000 11.701434 
-1.344000 11.779897 
-1.343000 11.857914 
-1.342000 11.935479 
-1.341000 12.012589 
-1.340000 12.089237 
-1.339000 12.165419 
-1.338000 12.241131 
-1.337000 12.316367 
-1.336000 12.391124 
-1.335000 12.465395 
-1.334000 12.539176 
-1.333000 12.612464 
-1.332000 12.685252 
-1.331000 12.757536 
-1.330000 12.829311 
-1.329000 12.900573 
-1.328000 12.971318 
-1.327000 13.041540 
-1.326000 13.111234 
-1.325000 13.180397 
-1.324000 13.249024 
-1.323000 13.317110 
-1.322000 13.384650 
-1.321000 13.451640 
-1.320000 13.518076 
-1.319000 13.583953 
-1.318000 13.649266 
-1.317000 13.714012 
-1.316000 13.778185 
-1.315000 13.841782 
-1.314000 13.904798 
-1.313000 13.967228 
-1.312000 14.029069 
-1.311000 14.090316 
-1.310000 14.150964 
-1.309000 14.211011 
-1.308000 14.270451 
-1.307000 14.329279 
-1.306000 14.387494 
-1.305000 14.445089 
-1.304000 14.502061 
-1.303000 14.558405 
-1.302000 14.614119 
-1.301000 14.669198 
-1.300000 14.723637 
-1.299000 14.777434 
-1.298000 14.830583 
-1.297000 14.883082 
-1.296000 14.934927 
-1.295000 14.986113 
-1.294000 15.036637 
-1.293000 15.086495 
-1.292000 15.135684 
-1.291000 15.184199 
-1.290000 15.232038 
-1.289000 15.279197 
-1.288000 15.325672 
-1.287000 15.371460 
-1.286000 15.416557 
-1.285000 15.460961 
-1.284000 15.504666 
-1.283000 15.547672 
-1.282000 15.589973 
-1.281000 15.631567 
-1.280000 15.672451 
-1.279000 15.712621 
-1.278000 15.752075 
-1.277000 15.790809 
-1.276000 15.828820 
-1.275000 15.866106 
-1.274000 15.902663 
-1.273000 15.938489 
-1.272000 15.973581 
-1.271000 16.007936 
-1.270000 16.041551 
-1.269000 16.074424 
-1.268000 16.106552 
-1.267000 16.137933 
-1.266000 16.168563 
-1.265000 16.198441 
-1.264000 16.227564 
-1.263000 16.255930 
-1.262000 16.283536 
-1.261000 16.310381 
-1.260000 16.336461 
-1.259000 16.361775 
-1.258000 16.386321 
-1.257000 16.410096 
-1.256000 16.433099 
-1.255000 16.455327 
-1.254000 16.476780 
-1.253000 16.497454 
-1.252000 16.517348 
-1.251000 16.536461 
-1.250000 16.554791 
-1.249000 16.572336 
-1.248000 16.589094 
-1.247000 16.605065 
-1.246000 16.620246 
-1.245000 16.634636 
-1.244000 16.648234 
-1.243000 16.661040 
-1.242000 16.673050 
-1.241000 16.684265 
-1.240000 16.694683 
-1.239000 16.704303 
-1.238000 16.713125 
-1.237000 16.721146 
-1.236000 16.728368 
-1.235000 16.734787 
-1.234000 16.740405 
-1.233000 16.745220 
-1.232000 16.749232 
-1.231000 16.752439 
-1.230000 16.754843 
-1.229000 16.756441 
-1.228000 16.757234 
-1.227000 16.757221 
-1.226000 16.756403 
-1.225000 16.754779 
-1.224000 16.752348 
-1.223000 16.749111 
-1.222000 16.745068 
-1.221000 16.740219 
-1.220000 16.734564 
-1.219000 16.728103 
-1.218000 16.720836 
-1.217000 16.712764 
-1.216000 16.703886 
-1.215000 16.694204 
-1.214000 16.683718 
-1.213000 16.672429 
-1.212000 16.660336 
-1.211000 16.647441 
-1.210000 16.633745 
-1.209000 16.619248 
-1.208000 16.603950 
-1.207000 16.587854 
-1.206000 16.570959 
-1.205000 16.553268 
-1.204000 16.534780 
-1.203000 16.515498 
-1.202000 16.495422 
-1.201000 16.474553 
-1.200000 16.452894 
-1.199000 16.430445 
-1.198000 16.407207 
-1.197000 16.383183 
-1.196000 16.358374 
-1.195000 16.332781 
-1.194000 16.306407 
-1.193000 16.279252 
-1.192000 16.251319 
-1.191000 16.222609 
-1.190000 16.193125 
-1.189000 16.162868 
-1.188000 16.131841 
-1.187000 16.100045 
-1.186000 16.067483 
-1.185000 16.034157 
-1.184000 16.000069 
-1.183000 15.965221 
-1.182000 15.929616 
-1.181000 15.893256 
-1.180000 15.856144 
-1.179000 15.818282 
-1.178000 15.779673 
-1.177000 15.740320 
-1.176000 15.700224 
-1.175000 15.659389 
-1.174000 15.617818 
-1.173000 15.575513 
-1.172000 15.532478 
-1.171000 15.488715 
-1.170000 15.444227 
-1.169000 15.399017 
-1.168000 15.353089 
-1.167000 15.306446 
-1.166000 15.259090 
-1.165000 15.211025 
-1.164000 15.162255 
-1.163000 15.112782 
-1.162000 15.062611 
-1.161000 15.011743 
-1.160000 14.960184 
-1.159000 14.907936 
-1.158000 14.855003 
-1.157000 14.801389 
-1.156000 14.747097 
-1.155000 14.692131 
-1.154000 14.636494 
-1.153000 14.580192 
-1.152000 14.523226 
-1.151000 14.465602 
-1.150000 14.407323 
-1.149000 14.348393 
-1.148000 14.288816 
-1.147000 14.228596 
-1.146000 14.167737 
-1.145000 14.106243 
-1.144000 14.044119 
-1.143000 13.981368 
-1.142000 13.917995 
-1.141000 13.854005 
-1.140000 13.789400 
-1.139000 13.724186 
-1.138000 13.658367 
-1.137000 13.591948 
-1.136000 13.524932 
-1.135000 13.457325 
-1.134000 13.389130 
-1.133000 13.320352 
-1.132000 13.250997 
-1.131000 13.181067 
-1.130000 13.110569 
-1.129000 13.039507 
-1.128000 12.967884 
-1.127000 12.895707 
-1.126000 12.822979 
-1.125000 12.749706 
-1.124000 12.675892 
-1.123000 12.601542 
-1.122000 12.526661 
-1.121000 12.451253 
-1.120000 12.375324 
-1.119000 12.298879 
-1.118000 12.221922 
-1.117000 12.144458 
-1.116000 12.066492 
-1.115000 11.988029 
-1.114000 11.909075 
-1.113000 11.829634 
-1.112000 11.749711 
-1.111000 11.669312 
-1.110000 11.588441 
-1.109000 11.507103 
-1.108000 11.425304 
-1.107000 11.343048 
-1.106000 11.260342 
-1.105000 11.177189 
-1.104000 11.093595 
-1.103000 11.009566 
-1.102000 10.925106 
-1.101000 10.840221 
-1.100000 10.754916 
-1.099000 10.669195 
-1.098000 10.583065 
-1.097000 10.496531 
-1.096000 10.409598 
-1.095000 10.322270 
-1.094000 10.234554 
-1.093000 10.146455 
-1.092000 10.057977 
-1.091000 9.969127 
-1.090000 9.879909 
-1.089000 9.790329 
-1.088000 9.700392 
-1.087000 9.610103 
-1.086000 9.519468 
-1.085000 9.428492 
-1.084000 9.337180 
-1.083000 9.245538 
-1.082000 9.153571 
-1.081000 9.061285 
-1.080000 8.968684 
-1.079000 8.875774 
-1.078000 8.782560 
-1.077000 8.689048 
-1.076000 8.595242 
-1.075000 8.501149 
-1.074000 8.406774 
-1.073000 8.312121 
-1.072000 8.217197 
-1.071000 8.122006 
-1.070000 8.026553 
-1.069000 7.930845 
-1.068000 7.834887 
-1.067000 7.738683 
-1.066000 7.642238 
-1.065000 7.545560 
-1.064000 7.448651 
-1.063000 7.351519 
-1.062000 7.254167 
-1.061000 7.156602 
-1.060000 7.058828 
-1.059000 6.960851 
-1.058000 6.862676 
-1.057000 6.764308 
-1.056000 6.665752 
-1.055000 6.567014 
-1.054000 6.468099 
-1.053000 6.369011 
-1.052000 6.269757 
-1.051000 6.170341 
-1.050000 6.070768 
-1.049000 5.971043 
-1.048000 5.871172 
-1.047000 5.771160 
-1.046000 5.671011 
-1.045000 5.570732 
-1.044000 5.470326 
-1.043000 5.369799 
-1.042000 5.269155 
-1.041000 5.168401 
-1.040000 5.067541 
-1.039000 4.966579 
-1.038000 4.865521 
-1.037000 4.764372 
-1.036000 4.663137 
-1.035000 4.561820 
-1.034000 4.460427 
-1.033000 4.358962 
-1.032000 4.257430 
-1.031000 4.155836 
-1.030000 4.054185 
-1.029000 3.952482 
-1.028000 3.850731 
-1.027000 3.748938 
-1.026000 3.647106 
-1.025000 3.545241 
-1.024000 3.443347 
-1.023000 3.341429 
-1.022000 3.239492 
-1.021000 3.137541 
-1.020000 3.035579 
-1.019000 2.933612 
-1.018000 2.831644 
-1.017000 2.729679 
-1.016000 2.627723 
-1.015000 2.525780 
-1.014000 2.423854 
-1.013000 2.321950 
-1.012000 2.220071 
-1.011000 2.118224 
-1.010000 2.016411 
-1.009000 1.914638 
-1.008000 1.812908 
-1.007000 1.711227 
-1.006000 1.609598 
-1.005000 1.508025 
-1.004000 1.406514 
-1.003000 1.305067 
-1.002000 1.203690 
-1.001000 1.102387 
-1.000000 1.001162 
-0.999000 0.900018 
-0.998000 0.798961 
-0.997000 0.697993 
-0.996000 0.597120 
-0.995000 0.496345 
-0.994000 0.395673 
-0.993000 0.295107 
-0.992000 0.194651 
-0.991000 0.094309 
-0.990000 -0.005914 
-0.989000 -0.106015 
-0.988000 -0.205990 
-0.987000 -0.305836 
-0.986000 -0.405548 
-0.985000 -0.505122 
-0.984000 -0.604555 
-0.983000 -0.703842 
-0.982000 -0.802982 
-0.981000 -0.901968 
-0.980000 -1.000798 
-0.979000 -1.099469 
-0.978000 -1.197976 
-0.977000 -1.296316 
-0.976000 -1.394485 
-0.975000 -1.492480 
-0.974000 -1.590297 
-0.973000 -1.687933 
-0.972000 -1.785384 
-0.971000 -1.882647 
-0.970000 -1.979718 
-0.969000 -2.076594 
-0.968000 -2.173272 
-0.967000 -2.269748 
-0.966000 -2.366018 
-0.965000 -2.462080 
-0.964000 -2.557931 
-0.963000 -2.653566 
-0.962000 -2.748983 
-0.961000 -2.844178 
-0.960000 -2.939149 
-0.959000 -3.033892 
-0.958000 -3.128404 
-0.957000 -3.222681 
-0.956000 -3.316722 
-0.955000 -3.410522 
-0.954000 -3.504079 
-0.953000 -3.597390 
-0.952000 -3.690451 
-0.951000 -3.783260 
-0.950000 -3.875814 
-0.949000 -3.968110 
-0.948000 -4.060144 
-0.947000 -4.151915 
-0.946000 -4.243419 
-0.945000 -4.334653 
-0.944000 -4.425615 
-0.943000 -4.516302 
-0.942000 -4.606710 
-0.941000 -4.696839 
-0.940000 -4.786683 
-0.939000 -4.876242 
-0.938000 -4.965512 
-0.937000 -5.054491 
-0.936000 -5.143176 
-0.935000 -5.231564 
-0.934000 -5.319653 
-0.933000 -5.407441 
-0.932000 -5.494924 
-0.931000 -5.582101 
-0.930000 -5.668968 
-0.929000 -5.755524 
-0.928000 -5.841766 
-0.927000 -5.927692 
-0.926000 -6.013299 
-0.925000 -6.098584 
-0.924000 -6.183546 
-0.923000 -6.268183 
-0.922000 -6.352491 
-0.921000 -6.436469 
-0.920000 -6.520114 
-0.919000 -6.603424 
-0.918000 -6.686398 
-0.917000 -6.769032 
-0.916000 -6.851325 
-0.915000 -6.933274 
-0.914000 -7.014877 
-0.913000 -7.096133 
-0.912000 -7.177039 
-0.911000 -7.257593 
-0.910000 -7.337792 
-0.909000 -7.417636 
-0.908000 -7.497122 
-0.907000 -7.576249 
-0.906000 -7.655013 
-0.905000 -7.733413 
-0.904000 -7.811448 
-0.903000 -7.889115 
-0.902000 -7.966412 
-0.901000 -8.043338 
-0.900000 -8.119891 
-0.899000 -8.196069 
-0.898000 -8.271870 
-0.897000 -8.347292 
-0.896000 -8.422335 
-0.895000 -8.496995 
-0.894000 -8.571271 
-0.893000 -8.645161 
-0.892000 -8.718665 
-0.891000 -8.791780 
-0.890000 -8.864504 
-0.889000 -8.936836 
-0.888000 -9.008774 
-0.887000 -9.080317 
-0.886000 -9.151463 
-0.885000 -9.222210 
-0.884000 -9.292558 
-0.883000 -9.362504 
-0.882000 -9.432047 
-0.881000 -9.501186 
-0.880000 -9.569918 
-0.879000 -9.638244 
-0.878000 -9.706160 
-0.877000 -9.773666 
-0.876000 -9.840761 
-0.875000 -9.907442 
-0.874000 -9.973709 
-0.873000 -10.039561 
-0.872000 -10.104995 
-0.871000 -10.170011 
-0.870000 -10.234607 
-0.869000 -10.298782 
-0.868000 -10.362535 
-0.867000 -10.425865 
-0.866000 -10.488770 
-0.865000 -10.551249 
-0.864000 -10.613301 
-0.863000 -10.674924 
-0.862000 -10.736118 
-0.861000 -10.796882 
-0.860000 -10.857213 
-0.859000 -10.917112 
-0.858000 -10.976577 
-0.857000 -11.035607 
-0.856000 -11.094200 
-0.855000 -11.152356 
-0.854000 -11.210074 
-0.853000 -11.267353 
-0.852000 -11.324191 
-0.851000 -11.380588 
-0.850000 -11.436542 
-0.849000 -11.492053 
-0.848000 -11.547120 
-0.847000 -11.601742 
-0.846000 -11.655917 
-0.845000 -11.709645 
-0.844000 -11.762925 
-0.843000 -11.815757 
-0.842000 -11.868138 
-0.841000 -11.920069 
-0.840000 -11.971548 
-0.839000 -12.022574 
-0.838000 -12.073148 
-0.837000 -12.123267 
-0.836000 -12.172932 
-0.835000 -12.222141 
-0.834000 -12.270893 
-0.833000 -12.319189 
-0.832000 -12.367026 
-0.831000 -12.414404 
-0.830000 -12.461323 
-0.829000 -12.507782 
-0.828000 -12.553780 
-0.827000 -12.599317 
-0.826000 -12.644391 
-0.825000 -12.689002 
-0.824000 -12.733150 
-0.823000 -12.776834 
-0.822000 -12.820052 
-0.821000 -12.862805 
-0.820000 -12.905092 
-0.819000 -12.946912 
-0.818000 -12.988265 
-0.817000 -13.029150 
-0.816000 -13.069566 
-0.815000 -13.109514 
-0.814000 -13.148991 
-0.813000 -13.187999 
-0.812000 -13.226536 
-0.811000 -13.264602 
-0.810000 -13.302196 
-0.809000 -13.339318 
-0.808000 -13.375967 
-0.807000 -13.412143 
-0.806000 -13.447845 
-0.805000 -13.483074 
-0.804000 -13.517827 
-0.803000 -13.552106 
-0.802000 -13.585909 
-0.801000 -13.619237 
-0.800000 -13.652088 
-0.799000 -13.684463 
-0.798000 -13.716361 
-0.797000 -13.747781 
-0.796000 -13.778723 
-0.795000 -13.809188 
-0.794000 -13.839173 
-0.793000 -13.868681 
-0.792000 -13.897708 
-0.791000 -13.926257 
-0.790000 -13.954325 
-0.789000 -13.981914 
-0.788000 -14.009022 
-0.787000 -14.035649 
-0.786000 -14.061796 
-0.785000 -14.087461 
-0.784000 -14.112645 
-0.783000 -14.137347 
-0.782000 -14.161566 
-0.781000 -14.185304 
-0.780000 -14.208559 
-0.779000 -14.231332 
-0.778000 -14.253621 
-0.777000 -14.275428 
-0.776000 -14.296751 
-0.775000 -14.317591 
-0.774000 -14.337947 
-0.773000 -14.357819 
-0.772000 -14.377207 
-0.771000 -14.396111 
-0.770000 -14.414531 
-0.769000 -14.432466 
-0.768000 -14.449917 
-0.767000 -14.466883 
-0.766000 -14.483364 
-0.765000 -14.499361 
-0.764000 -14.514872 
-0.763000 -14.529898 
-0.762000 -14.544439 
-0.761000 -14.558495 
-0.760000 -14.572065 
-0.759000 -14.585150 
-0.758000 -14.597750 
-0.757000 -14.609864 
-0.756000 -14.621492 
-0.755000 -14.632635 
-0.754000 -14.643293 
-0.753000 -14.653464 
-0.752000 -14.663150 
-0.751000 -14.672351 
-0.750000 -14.681066 
-0.749000 -14.689295 
-0.748000 -14.697038 
-0.747000 -14.704296 
-0.746000 -14.711069 
-0.745000 -14.717356 
-0.744000 -14.723157 
-0.743000 -14.728473 
-0.742000 -14.733304 
-0.741000 -14.737649 
-0.740000 -14.741510 
-0.739000 -14.744885 
-0.738000 -14.747775 
-0.737000 -14.750180 
-0.736000 -14.752100 
-0.735000 -14.753536 
-0.734000 -14.754487 
-0.733000 -14.754953 
-0.732000 -14.754935 
-0.731000 -14.754433 
-0.730000 -14.753447 
-0.729000 -14.751977 
-0.728000 -14.750023 
-0.727000 -14.747585 
-0.726000 -14.744664 
-0.725000 -14.741260 
-0.724000 -14.737372 
-0.723000 -14.733002 
-0.722000 -14.728149 
-0.721000 -14.722814 
-0.720000 -14.716996 
-0.719000 -14.710696 
-0.718000 -14.703914 
-0.717000 -14.696651 
-0.716000 -14.688906 
-0.715000 -14.680680 
-0.714000 -14.671974 
-0.713000 -14.662786 
-0.712000 -14.653118 
-0.711000 -14.642971 
-0.710000 -14.632343 
-0.709000 -14.621236 
-0.708000 -14.609649 
-0.707000 -14.597583 
-0.706000 -14.585039 
-0.705000 -14.572017 
-0.704000 -14.558516 
-0.703000 -14.544538 
-0.702000 -14.530082 
-0.701000 -14.515150 
-0.700000 -14.499740 
-0.699000 -14.483854 
-0.698000 -14.467493 
-0.697000 -14.450655 
-0.696000 -14.433343 
-0.695000 -14.415555 
-0.694000 -14.397293 
-0.693000 -14.378557 
-0.692000 -14.359347 
-0.691000 -14.339664 
-0.690000 -14.319508 
-0.689000 -14.298879 
-0.688000 -14.277778 
-0.687000 -14.256206 
-0.686000 -14.234163 
-0.685000 -14.211648 
-0.684000 -14.188664 
-0.683000 -14.165210 
-0.682000 -14.141286 
-0.681000 -14.116893 
-0.680000 -14.092032 
-0.679000 -14.066703 
-0.678000 -14.040907 
-0.677000 -14.014644 
-0.676000 -13.987914 
-0.675000 -13.960718 
-0.674000 -13.933057 
-0.673000 -13.904931 
-0.672000 -13.876341 
-0.671000 -13.847287 
-0.670000 -13.817770 
-0.669000 -13.787790 
-0.668000 -13.757348 
-0.667000 -13.726445 
-0.666000 -13.695081 
-0.665000 -13.663256 
-0.664000 -13.630972 
-0.663000 -13.598228 
-0.662000 -13.565026 
-0.661000 -13.531366 
-0.660000 -13.497249 
-0.659000 -13.462675 
-0.658000 -13.427645 
-0.657000 -13.392160 
-0.656000 -13.356220 
-0.655000 -13.319826 
-0.654000 -13.282979 
-0.653000 -13.245679 
-0.652000 -13.207928 
-0.651000 -13.169725 
-0.650000 -13.131071 
-0.649000 -13.091968 
-0.648000 -13.052415 
-0.647000 -13.012415 
-0.646000 -12.971966 
-0.645000 -12.931071 
-0.644000 -12.889729 
-0.643000 -12.847943 
-0.642000 -12.805711 
-0.641000 -12.763036 
-0.640000 -12.719918 
-0.639000 -12.676358 
-0.638000 -12.632356 
-0.637000 -12.587914 
-0.636000 -12.543032 
-0.635000 -12.497711 
-0.634000 -12.451952 
-0.633000 -12.405756 
-0.632000 -12.359124 
-0.631000 -12.312056 
-0.630000 -12.264554 
-0.629000 -12.216617 
-0.628000 -12.168249 
-0.627000 -12.119448 
-0.626000 -12.070216 
-0.625000 -12.020555 
-0.624000 -11.970464 
-0.623000 -11.919945 
-0.622000 -11.869000 
-0.621000 -11.817628 
-0.620000 -11.765830 
-0.619000 -11.713609 
-0.618000 -11.660964 
-0.617000 -11.607897 
-0.616000 -11.554409 
-0.615000 -11.500501 
-0.614000 -11.446174 
-0.613000 -11.391429 
-0.612000 -11.336266 
-0.611000 -11.280688 
-0.610000 -11.224695 
-0.609000 -11.168289 
-0.608000 -11.111469 
-0.607000 -11.054238 
-0.606000 -10.996597 
-0.605000 -10.938547 
-0.604000 -10.880088 
-0.603000 -10.821223 
-0.602000 -10.761952 
-0.601000 -10.702276 
-0.600000 -10.642197 
-0.599000 -10.581715 
-0.598000 -10.520833 
-0.597000 -10.459551 
-0.596000 -10.397871 
-0.595000 -10.335793 
-0.594000 -10.273319 
-0.593000 -10.210451 
-0.592000 -10.147189 
-0.591000 -10.083535 
-0.590000 -10.019491 
-0.589000 -9.955057 
-0.588000 -9.890234 
-0.587000 -9.825026 
-0.586000 -9.759431 
-0.585000 -9.693453 
-0.584000 -9.627092 
-0.583000 -9.560350 
-0.582000 -9.493228 
-0.581000 -9.425727 
-0.580000 -9.357850 
-0.579000 -9.289597 
-0.578000 -9.220970 
-0.577000 -9.151971 
-0.576000 -9.082600 
-0.575000 -9.012860 
-0.574000 -8.942752 
-0.573000 -8.872277 
-0.572000 -8.801438 
-0.571000 -8.730235 
-0.570000 -8.658671 
-0.569000 -8.586746 
-0.568000 -8.514462 
-0.567000 -8.441822 
-0.566000 -8.368826 
-0.565000 -8.295477 
-0.564000 -8.221775 
-0.563000 -8.147723 
-0.562000 -8.073323 
-0.561000 -7.998575 
-0.560000 -7.923483 
-0.559000 -7.848046 
-0.558000 -7.772268 
-0.557000 -7.696150 
-0.556000 -7.619694 
-0.555000 -7.542902 
-0.554000 -7.465775 
-0.553000 -7.388315 
-0.552000 -7.310524 
-0.551000 -7.232404 
-0.550000 -7.153957 
-0.549000 -7.075185 
-0.548000 -6.996089 
-0.547000 -6.916672 
-0.546000 -6.836936 
-0.545000 -6.756882 
-0.544000 -6.676512 
-0.543000 -6.595829 
-0.542000 -6.514834 
-0.541000 -6.433529 
-0.540000 -6.351917 
-0.539000 -6.270000 
-0.538000 -6.187779 
-0.537000 -6.105257 
-0.536000 -6.022436 
-0.535000 -5.939317 
-0.534000 -5.855904 
-0.533000 -5.772198 
-0.532000 -5.688201 
-0.531000 -5.603916 
-0.530000 -5.519345 
-0.529000 -5.434490 
-0.528000 -5.349353 
-0.527000 -5.263936 
-0.526000 -5.178243 
-0.525000 -5.092275 
-0.524000 -5.006034 
-0.523000 -4.919523 
-0.522000 -4.832744 
-0.521000 -4.745699 
-0.520000 -4.658392 
-0.519000 -4.570824 
-0.518000 -4.482997 
-0.517000 -4.394915 
-0.516000 -4.306580 
-0.515000 -4.217993 
-0.514000 -4.129159 
-0.513000 -4.040078 
-0.512000 -3.950755 
-0.511000 -3.861190 
-0.510000 -3.771388 
-0.509000 -3.681350 
-0.508000 -3.591079 
-0.507000 -3.500578 
-0.506000 -3.409849 
-0.505000 -3.318896 
-0.504000 -3.227720 
-0.503000 -3.136324 
-0.502000 -3.044712 
-0.501000 -2.952886 
-0.500000 -2.860849 
-0.499000 -2.768603 
-0.498000 -2.676152 
-0.497000 -2.583497 
-0.496000 -2.490643 
-0.495000 -2.397592 
-0.494000 -2.304347 
-0.493000 -2.210911 
-0.492000 -2.117286 
-0.491000 -2.023476 
-0.490000 -1.929483 
-0.489000 -1.835312 
-0.488000 -1.740964 
-0.487000 -1.646442 
-0.486000 -1.551751 
-0.485000 -1.456892 
-0.484000 -1.361869 
-0.483000 -1.266686 
-0.482000 -1.171344 
-0.481000 -1.075848 
-0.480000 -0.980201 
-0.479000 -0.884405 
-0.478000 -0.788464 
-0.477000 -0.692382 
-0.476000 -0.596161 
-0.475000 -0.499805 
-0.474000 -0.403317 
-0.473000 -0.306701 
-0.472000 -0.209959 
-0.471000 -0.113096 
-0.470000 -0.016114 
-0.469000 0.080983 
-0.468000 0.178191 
-0.467000 0.275508 
-0.466000 0.372929 
-0.465000 0.470451 
-0.464000 0.568071 
-0.463000 0.665785 
-0.462000 0.763589 
-0.461000 0.861481 
-0.460000 0.959455 
-0.459000 1.057510 
-0.458000 1.155640 
-0.457000 1.253843 
-0.456000 1.352115 
-0.455000 1.450451 
-0.454000 1.548849 
-0.453000 1.647304 
-0.452000 1.745813 
-0.451000 1.844372 
-0.450000 1.942978 
-0.449000 2.041625 
-0.448000 2.140311 
-0.447000 2.239032 
-0.446000 2.337783 
-0.445000 2.436561 
-0.444000 2.535362 
-0.443000 2.634182 
-0.442000 2.733017 
-0.441000 2.831863 
-0.440000 2.930716 
-0.439000 3.029571 
-0.438000 3.128426 
-0.437000 3.227275 
-0.436000 3.326115 
-0.435000 3.424942 
-0.434000 3.523751 
-0.433000 3.622538 
-0.432000 3.721300 
-0.431000 3.820031 
-0.430000 3.918729 
-0.429000 4.017388 
-0.428000 4.116004 
-0.427000 4.214573 
-0.426000 4.313091 
-0.425000 4.411553 
-0.424000 4.509956 
-0.423000 4.608294 
-0.422000 4.706564 
-0.421000 4.804761 
-0.420000 4.902881 
-0.419000 5.000919 
-0.418000 5.098871 
-0.417000 5.196733 
-0.416000 5.294500 
-0.415000 5.392167 
-0.414000 5.489730 
-0.413000 5.587185 
-0.412000 5.684527 
-0.411000 5.781751 
-0.410000 5.878853 
-0.409000 5.975829 
-0.408000 6.072674 
-0.407000 6.169383 
-0.406000 6.265952 
-0.405000 6.362375 
-0.404000 6.458649 
-0.403000 6.554769 
-0.402000 6.650730 
-0.401000 6.746527 
-0.400000 6.842157 
-0.399000 6.937613 
-0.398000 7.032891 
-0.397000 7.127987 
-0.396000 7.222896 
-0.395000 7.317613 
-0.394000 7.412133 
-0.393000 7.506452 
-0.392000 7.600565 
-0.391000 7.694467 
-0.390000 7.788153 
-0.389000 7.881618 
-0.388000 7.974858 
-0.387000 8.067868 
-0.386000 8.160642 
-0.385000 8.253177 
-0.384000 8.345467 
-0.383000 8.437507 
-0.382000 8.529292 
-0.381000 8.620818 
-0.380000 8.712080 
-0.379000 8.803072 
-0.378000 8.893791 
-0.377000 8.984230 
-0.376000 9.074386 
-0.375000 9.164252 
-0.374000 9.253825 
-0.373000 9.343099 
-0.372000 9.432069 
-0.371000 9.520731 
-0.370000 9.609079 
-0.369000 9.697109 
-0.368000 9.784816 
-0.367000 9.872194 
-0.366000 9.959239 
-0.365000 10.045945 
-0.364000 10.132308 
-0.363000 10.218324 
-0.362000 10.303986 
-0.361000 10.389290 
-0.360000 10.474231 
-0.359000 10.558804 
-0.358000 10.643004 
-0.357000 10.726827 
-0.356000 10.810267 
-0.355000 10.893319 
-0.354000 10.975978 
-0.353000 11.058240 
-0.352000 11.140100 
-0.351000 11.221552 
-0.350000 11.302591 
-0.349000 11.383214 
-0.348000 11.463414 
-0.347000 11.543188 
-0.346000 11.622529 
-0.345000 11.701434 
-0.344000 11.779897 
-0.343000 11.857914 
-0.342000 11.935479 
-0.341000 12.012589 
-0.340000 12.089237 
-0.339000 12.165419 
-0.338000 12.241131 
-0.337000 12.316367 
-0.336000 12.391124 
-0.335000 12.465395 
-0.334000 12.539176 
-0.333000 12.612464 
-0.332000 12.685252 
-0.331000 12.757536 
-0.330000 12.829311 
-0.329000 12.900573 
-0.328000 12.971318 
-0.327000 13.041540 
-0.326000 13.111234 
-0.325000 13.180397 
-0.324000 13.249024 
-0.323000 13.317110 
-0.322000 13.384650 
-0.321000 13.451640 
-0.320000 13.518076 
-0.319000 13.583953 
-0.318000 13.649266 
-0.317000 13.714012 
-0.316000 13.778185 
-0.315000 13.841782 
-0.314000 13.904798 
-0.313000 13.967228 
-0.312000 14.029069 
-0.311000 14.090316 
-0.310000 14.150964 
-0.309000 14.211011 
-0.308000 14.270451 
-0.307000 14.329279 
-0.306000 14.387494 
-0.305000 14.445089 
-0.304000 14.502061 
-0.303000 14.558405 
-0.302000 14.614119 
-0.301000 14.669198 
-0.300000 14.723637 
-0.299000 14.777434 
-0.298000 14.830583 
-0.297000 14.883082 
-0.296000 14.934927 
-0.295000 14.986113 
-0.294000 15.036637 
-0.293000 15.086495 
-0.292000 15.135684 
-0.291000 15.184199 
-0.290000 15.232038 
-0.289000 15.279197 
-0.288000 15.325672 
-0.287000 15.371460 
-0.286000 15.416557 
-0.285000 15.460961 
-0.284000 15.504666 
-0.283000 15.547672 
-0.282000 15.589973 
-0.281000 15.631567 
-0.280000 15.672451 
-0.279000 15.712621 
-0.278000 15.752075 
-0.277000 15.790809 
-0.276000 15.828820 
-0.275000 15.866106 
-0.274000 15.902663 
-0.273000 15.938489 
-0.272000 15.973581 
-0.271000 16.007936 
-0.270000 16.041551 
-0.269000 16.074424 
-0.268000 16.106552 
-0.267000 16.137933 
-0.266000 16.168563 
-0.265000 16.198441 
-0.264000 16.227564 
-0.263000 16.255930 
-0.262000 16.283536 
-0.261000 16.310381 
-0.260000 16.336461 
-0.259000 16.361775 
-0.258000 16.386321 
-0.257000 16.410096 
-0.256000 16.433099 
-0.255000 16.455327 
-0.254000 16.476780 
-0.253000 16.497454 
-0.252000 16.517348 
-0.251000 16.536461 
-0.250000 16.554791 
-0.249000 16.572336 
-0.248000 16.589094 
-0.247000 16.605065 
-0.246000 16.620246 
-0.245000 16.634636 
-0.244000 16.648234 
-0.243000 16.661040 
-0.242000 16.673050 
-0.241000 16.684265 
-0.240000 16.694683 
-0.239000 16.704303 
-0.238000 16.713125 
-0.237000 16.721146 
-0.236000 16.728368 
-0.235000 16.734787 
-0.234000 16.740405 
-0.233000 16.745220 
-0.232000 16.749232 
-0.231000 16.752439 
-0.230000 16.754843 
-0.229000 16.756441 
-0.228000 16.757234 
-0.227000 16.757221 
-0.226000 16.756403 
-0.225000 16.754779 
-0.224000 16.752348 
-0.223000 16.749111 
-0.222000 16.745068 
-0.221000 16.740219 
-0.220000 16.734564 
-0.219000 16.728103 
-0.218000 16.720836 
-0.217000 16.712764 
-0.216000 16.703886 
-0.215000 16.694204 
-0.214000 16.683718 
-0.213000 16.672429 
-0.212000 16.660336 
-0.211000 16.647441 
-0.210000 16.633745 
-0.209000 16.619248 
-0.208000 16.603950 
-0.207000 16.587854 
-0.206000 16.570959 
-0.205000 16.553268 
-0.204000 16.534780 
-0.203000 16.515498 
-0.202000 16.495422 
-0.201000 16.474553 
-0.200000 16.452894 
-0.199000 16.430445 
-0.198000 16.407207 
-0.197000 16.383183 
-0.196000 16.358374 
-0.195000 16.332781 
-0.194000 16.306407 
-0.193000 16.279252 
-0.192000 16.251319 
-0.191000 16.222609 
-0.190000 16.193125 
-0.189000 16.162868 
-0.188000 16.131841 
-0.187000 16.100045 
-0.186000 16.067483 
-0.185000 16.034157 
-0.184000 16.000069 
-0.183000 15.965221 
-0.182000 15.929616 
-0.181000 15.893256 
-0.180000 15.856144 
-0.179000 15.818282 
-0.178000 15.779673 
-0.177000 15.740320 
-0.176000 15.700224 
-0.175000 15.659389 
-0.174000 15.617818 
-0.173000 15.575513 
-0.172000 15.532478 
-0.171000 15.488715 
-0.170000 15.444227 
-0.169000 15.399017 
-0.168000 15.353089 
-0.167000 15.306446 
-0.166000 15.259090 
-0.165000 15.211025 
-0.164000 15.162255 
-0.163000 15.112782 
-0.162000 15.062611 
-0.161000 15.011743 
-0.160000 14.960184 
-0.159000 14.907936 
-0.158000 14.855003 
-0.157000 14.801389 
-0.156000 14.747097 
-0.155000 14.692131 
-0.154000 14.636494 
-0.153000 14.580192 
-0.152000 14.523226 
-0.151000 14.465602 
-0.150000 14.407323 
-0.149000 14.348393 
-0.148000 14.288816 
-0.147000 14.228596 
-0.146000 14.167737 
-0.145000 14.106243 
-0.144000 14.044119 
-0.143000 13.981368 
-0.142000 13.917995 
-0.141000 13.854005 
-0.140000 13.789400 
-0.139000 13.724186 
-0.138000 13.658367 
-0.137000 13.591948 
-0.136000 13.524932 
-0.135000 13.457325 
-0.134000 13.389130 
-0.133000 13.320352 
-0.132000 13.250997 
-0.131000 13.181067 
-0.130000 13.110569 
-0.129000 13.039507 
-0.128000 12.967884 
-0.127000 12.895707 
-0.126000 12.822979 
-0.125000 12.749706 
-0.124000 12.675892 
-0.123000 12.601542 
-0.122000 12.526661 
-0.121000 12.451253 
-0.120000 12.375324 
-0.119000 12.298879 
-0.118000 12.221922 
-0.117000 12.144458 
-0.116000 12.066492 
-0.115000 11.988029 
-0.114000 11.909075 
-0.113000 11.829634 
-0.112000 11.749711 
-0.111000 11.669312 
-0.110000 11.588441 
-0.109000 11.507103 
-0.108000 11.425304 
-0.107000 11.343048 
-0.106000 11.260342 
-0.105000 11.177189 
-0.104000 11.093595 
-0.103000 11.009566 
-0.102000 10.925106 
-0.101000 10.840221 
-0.100000 10.754916 
-0.099000 10.669195 
-0.098000 10.583065 
-0.097000 10.496531 
-0.096000 10.409598 
-0.095000 10.322270 
-0.094000 10.234554 
-0.093000 10.146455 
-0.092000 10.057977 
-0.091000 9.969127 
-0.090000 9.879909 
-0.089000 9.790329 
-0.088000 9.700392 
-0.087000 9.610103 
-0.086000 9.519468 
-0.085000 9.428492 
-0.084000 9.337180 
-0.083000 9.245538 
-0.082000 9.153571 
-0.081000 9.061285 
-0.080000 8.968684 
-0.079000 8.875774 
-0.078000 8.782560 
-0.077000 8.689048 
-0.076000 8.595242 
-0.075000 8.501149 
-0.074000 8.406774 
-0.073000 8.312121 
-0.072000 8.217197 
-0.071000 8.122006 
-0.070000 8.026553 
-0.069000 7.930845 
-0.068000 7.834887 
-0.067000 7.738683 
-0.066000 7.642238 
-0.065000 7.545560 
-0.064000 7.448651 
-0.063000 7.351519 
-0.062000 7.254167 
-0.061000 7.156602 
-0.060000 7.058828 
-0.059000 6.960851 
-0.058000 6.862676 
-0.057000 6.764308 
-0.056000 6.665752 
-0.055000 6.567014 
-0.054000 6.468099 
-0.053000 6.369011 
-0.052000 6.269757 
-0.051000 6.170341 
-0.050000 6.070768 
-0.049000 5.971043 
-0.048000 5.871172 
-0.047000 5.771160 
-0.046000 5.671011 
-0.045000 5.570732 
-0.044000 5.470326 
-0.043000 5.369799 
-0.042000 5.269155 
-0.041000 5.168401 
-0.040000 5.067541 
-0.039000 4.966579 
-0.038000 4.865521 
-0.037000 4.764372 
-0.036000 4.663137 
-0.035000 4.561820 
-0.034000 4.460427 
-0.033000 4.358962 
-0.032000 4.257430 
-0.031000 4.155836 
-0.030000 4.054185 
-0.029000 3.952482 
-0.028000 3.850731 
-0.027000 3.748938 
-0.026000 3.647106 
-0.025000 3.545241 
-0.024000 3.443347 
-0.023000 3.341429 
-0.022000 3.239492 
-0.021000 3.137541 
-0.020000 3.035579 
-0.019000 2.933612 
-0.018000 2.831644 
-0.017000 2.729679 
-0.016000 2.627723 
-0.015000 2.525780 
-0.014000 2.423854 
-0.013000 2.321950 
-0.012000 2.220071 
-0.011000 2.118224 
-0.010000 2.016411 
-0.009000 1.914638 
-0.008000 1.812908 
-0.007000 1.711227 
-0.006000 1.609598 
-0.005000 1.508025 
-0.004000 1.406514 
-0.003000 1.305067 
-0.002000 1.203690 
-0.001000 1.102387 
-0.000000 1.001162 
0.001000 0.900018 
0.002000 0.798961 
0.003000 0.697993 
0.004000 0.597120 
0.005000 0.496345 
0.006000 0.395673 
0.007000 0.295107 
0.008000 0.194651 
0.009000 0.094309 
0.010000 -0.005914 
0.011000 -0.106015 
0.012000 -0.205990 
0.013000 -0.305836 
0.014000 -0.405548 
0.015000 -0.505122 
0.016000 -0.604555 
0.017000 -0.703842 
0.018000 -0.802982 
0.019000 -0.901968 
0.020000 -1.000798 
0.021000 -1.099469 
0.022000 -1.197976 
0.023000 -1.296316 
0.024000 -1.394485 
0.025000 -1.492480 
0.026000 -1.590297 
0.027000 -1.687933 
0.028000 -1.785384 
0.029000 -1.882647 
0.030000 -1.979718 
0.031000 -2.076594 
0.032000 -2.173272 
0.033000 -2.269748 
0.034000 -2.366018 
0.035000 -2.462080 
0.036000 -2.557931 
0.037000 -2.653566 
0.038000 -2.748983 
0.039000 -2.844178 
0.040000 -2.939149 
0.041000 -3.033892 
0.042000 -3.128404 
0.043000 -3.222681 
0.044000 -3.316722 
0.045000 -3.410522 
0.046000 -3.504079 
0.047000 -3.597390 
0.048000 -3.690451 
0.049000 -3.783260 
0.050000 -3.875814 
0.051000 -3.968110 
0.052000 -4.060144 
0.053000 -4.151915 
0.054000 -4.243419 
0.055000 -4.334653 
0.056000 -4.425615 
0.057000 -4.516302 
0.058000 -4.606710 
0.059000 -4.696839 
0.060000 -4.786683 
0.061000 -4.876242 
0.062000 -4.965512 
0.063000 -5.054491 
0.064000 -5.143176 
0.065000 -5.231564 
0.066000 -5.319653 
0.067000 -5.407441 
0.068000 -5.494924 
0.069000 -5.582101 
0.070000 -5.668968 
0.071000 -5.755524 
0.072000 -5.841766 
0.073000 -5.927692 
0.074000 -6.013299 
0.075000 -6.098584 
0.076000 -6.183546 
0.077000 -6.268183 
0.078000 -6.352491 
0.079000 -6.436469 
0.080000 -6.520114 
0.081000 -6.603424 
0.082000 -6.686398 
0.083000 -6.769032 
0.084000 -6.851325 
0.085000 -6.933274 
0.086000 -7.014877 
0.087000 -7.096133 
0.088000 -7.177039 
0.089000 -7.257593 
0.090000 -7.337792 
0.091000 -7.417636 
0.092000 -7.497122 
0.093000 -7.576249 
0.094000 -7.655013 
0.095000 -7.733413 
0.096000 -7.811448 
0.097000 -7.889115 
0.098000 -7.966412 
0.099000 -8.043338 
0.100000 -8.119891 
0.101000 -8.196069 
0.102000 -8.271870 
0.103000 -8.347292 
0.104000 -8.422335 
0.105000 -8.496995 
0.106000 -8.571271 
0.107000 -8.645161 
0.108000 -8.718665 
0.109000 -8.791780 
0.110000 -8.864504 
0.111000 -8.936836 
0.112000 -9.008774 
0.113000 -9.080317 
0.114000 -9.151463 
0.115000 -9.222210 
0.116000 -9.292558 
0.117000 -9.362504 
0.118000 -9.432047 
0.119000 -9.501186 
0.120000 -9.569918 
0.121000 -9.638244 
0.122000 -9.706160 
0.123000 -9.773666 
0.124000 -9.840761 
0.125000 -9.907442 
0.126000 -9.973709 
0.127000 -10.039561 
0.128000 -10.104995 
0.129000 -10.170011 
0.130000 -10.234607 
0.131000 -10.298782 
0.132000 -10.362535 
0.133000 -10.425865 
0.134000 -10.488770 
0.135000 -10.551249 
0.136000 -10.613301 
0.137000 -10.674924 
0.138000 -10.736118 
0.139000 -10.796882 
0.140000 -10.857213 
0.141000 -10.917112 
0.142000 -10.976577 
0.143000 -11.035607 
0.144000 -11.094200 
0.145000 -11.152356 
0.146000 -11.210074 
0.147000 -11.267353 
0.148000 -11.324191 
0.149000 -11.380588 
0.150000 -11.436542 
0.151000 -11.492053 
0.152000 -11.547120 
0.153000 -11.601742 
0.154000 -11.655917 
0.155000 -11.709645 
0.156000 -11.762925 
0.157000 -11.815757 
0.158000 -11.868138 
0.159000 -11.920069 
0.160000 -11.971548 
0.161000 -12.022574 
0.162000 -12.073148 
0.163000 -12.123267 
0.164000 -12.172932 
0.165000 -12.222141 
0.166000 -12.270893 
0.167000 -12.319189 
0.168000 -12.367026 
0.169000 -12.414404 
0.170000 -12.461323 
0.171000 -12.507782 
0.172000 -12.553780 
0.173000 -12.599317 
0.174000 -12.644391 
0.175000 -12.689002 
0.176000 -12.733150 
0.177000 -12.776834 
0.178000 -12.820052 
0.179000 -12.862805 
0.180000 -12.905092 
0.181000 -12.946912 
0.182000 -12.988265 
0.183000 -13.029150 
0.184000 -13.069566 
0.185000 -13.109514 
0.186000 -13.148991 
0.187000 -13.187999 
0.188000 -13.226536 
0.189000 -13.264602 
0.190000 -13.302196 
0.191000 -13.339318 
0.192000 -13.375967 
0.193000 -13.412143 
0.194000 -13.447845 
0.195000 -13.483074 
0.196000 -13.517827 
0.197000 -13.552106 
0.198000 -13.585909 
0.199000 -13.619237 
0.200000 -13.652088 
0.201000 -13.684463 
0.202000 -13.716361 
0.203000 -13.747781 
0.204000 -13.778723 
0.205000 -13.809188 
0.206000 -13.839173 
0.207000 -13.868681 
0.208000 -13.897708 
0.209000 -13.926257 
0.210000 -13.954325 
0.211000 -13.981914 
0.212000 -14.009022 
0.213000 -14.035649 
0.214000 -14.061796 
0.215000 -14.087461 
0.216000 -14.112645 
0.217000 -14.137347 
0.218000 -14.161566 
0.219000 -14.185304 
0.220000 -14.208559 
0.221000 -14.231332 
0.222000 -14.253621 
0.223000 -14.275428 
0.224000 -14.296751 
0.225000 -14.317591 
0.226000 -14.337947 
0.227000 -14.357819 
0.228000 -14.377207 
0.229000 -14.396111 
0.230000 -14.414531 
0.231000 -14.432466 
0.232000 -14.449917 
0.233000 -14.466883 
0.234000 -14.483364 
0.235000 -14.499361 
0.236000 -14.514872 
0.237000 -14.529898 
0.238000 -14.544439 
0.239000 -14.558495 
0.240000 -14.572065 
0.241000 -14.585150 
0.242000 -14.597750 
0.243000 -14.609864 
0.244000 -14.621492 
0.245000 -14.632635 
0.246000 -14.643293 
0.247000 -14.653464 
0.248000 -14.663150 
0.249000 -14.672351 
0.250000 -14.681066 
0.251000 -14.689295 
0.252000 -14.697038 
0.253000 -14.704296 
0.254000 -14.711069 
0.255000 -14.717356 
0.256000 -14.723157 
0.257000 -14.728473 
0.258000 -14.733304 
0.259000 -14.737649 
0.260000 -14.741510 
0.261000 -14.744885 
0.262000 -14.747775 
0.263000 -14.750180 
0.264000 -14.752100 
0.265000 -14.753536 
0.266000 -14.754487 
0.267000 -14.754953 
0.268000 -14.754935 
0.269000 -14.754433 
0.270000 -14.753447 
0.271000 -14.751977 
0.272000 -14.750023 
0.273000 -14.747585 
0.274000 -14.744664 
0.275000 -14.741260 
0.276000 -14.737372 
0.277000 -14.733002 
0.278000 -14.728149 
0.279000 -14.722814 
0.280000 -14.716996 
0.281000 -14.710696 
0.282000 -14.703914 
0.283000 -14.696651 
0.284000 -14.688906 
0.285000 -14.680680 
0.286000 -14.671974 
0.287000 -14.662786 
0.288000 -14.653118 
0.289000 -14.642971 
0.290000 -14.632343 
0.291000 -14.621236 
0.292000 -14.609649 
0.293000 -14.597583 
0.294000 -14.585039 
0.295000 -14.572017 
0.296000 -14.558516 
0.297000 -14.544538 
0.298000 -14.530082 
0.299000 -14.515150 
0.300000 -14.499740 
0.301000 -14.483854 
0.302000 -14.467493 
0.303000 -14.450655 
0.304000 -14.433343 
0.305000 -14.415555 
0.306000 -14.397293 
0.307000 -14.378557 
0.308000 -14.359347 
0.309000 -14.339664 
0.310000 -14.319508 
0.311000 -14.298879 
0.312000 -14.277778 
0.313000 -14.256206 
0.314000 -14.234163 
0.315000 -14.211648 
0.316000 -14.188664 
0.317000 -14.165210 
0.318000 -14.141286 
0.319000 -14.116893 
0.320000 -14.092032 
0.321000 -14.066703 
0.322000 -14.040907 
0.323000 -14.014644 
0.324000 -13.987914 
0.325000 -13.960718 
0.326000 -13.933057 
0.327000 -13.904931 
0.328000 -13.876341 
0.329000 -13.847287 
0.330000 -13.817770 
0.331000 -13.787790 
0.332000 -13.757348 
0.333000 -13.726445 
0.334000 -13.695081 
0.335000 -13.663256 
0.336000 -13.630972 
0.337000 -13.598228 
0.338000 -13.565026 
0.339000 -13.531366 
0.340000 -13.497249 
0.341000 -13.462675 
0.342000 -13.427645 
0.343000 -13.392160 
0.344000 -13.356220 
0.345000 -13.319826 
0.346000 -13.282979 
0.347000 -13.245679 
0.348000 -13.207928 
0.349000 -13.169725 
0.350000 -13.131071 
0.351000 -13.091968 
0.352000 -13.052415 
0.353000 -13.012415 
0.354000 -12.971966 
0.355000 -12.931071 
0.356000 -12.889729 
0.357000 -12.847943 
0.358000 -12.805711 
0.359000 -12.763036 
0.360000 -12.719918 
0.361000 -12.676358 
0.362000 -12.632356 
0.363000 -12.587914 
0.364000 -12.543032 
0.365000 -12.497711 
0.366000 -12.451952 
0.367000 -12.405756 
0.368000 -12.359124 
0.369000 -12.312056 
0.370000 -12.264554 
0.371000 -12.216617 
0.372000 -12.168249 
0.373000 -12.119448 
0.374000 -12.070216 
0.375000 -12.020555 
0.376000 -11.970464 
0.377000 -11.919945 
0.378000 -11.869000 
0.379000 -11.817628 
0.380000 -11.765830 
0.381000 -11.713609 
0.382000 -11.660964 
0.383000 -11.607897 
0.384000 -11.554409 
0.385000 -11.500501 
0.386000 -11.446174 
0.387000 -11.391429 
0.388000 -11.336266 
0.389000 -11.280688 
0.390000 -11.224695 
0.391000 -11.168289 
0.392000 -11.111469 
0.393000 -11.054238 
0.394000 -10.996597 
0.395000 -10.938547 
0.396000 -10.880088 
0.397000 -10.821223 
0.398000 -10.761952 
0.399000 -10.702276 
0.400000 -10.642197 
0.401000 -10.581715 
0.402000 -10.520833 
0.403000 -10.459551 
0.404000 -10.397871 
0.405000 -10.335793 
0.406000 -10.273319 
0.407000 -10.210451 
0.408000 -10.147189 
0.409000 -10.083535 
0.410000 -10.019491 
0.411000 -9.955057 
0.412000 -9.890234 
0.413000 -9.825026 
0.414000 -9.759431 
0.415000 -9.693453 
0.416000 -9.627092 
0.417000 -9.560350 
0.418000 -9.493228 
0.419000 -9.425727 
0.420000 -9.357850 
0.421000 -9.289597 
0.422000 -9.220970 
0.423000 -9.151971 
0.424000 -9.082600 
0.425000 -9.012860 
0.426000 -8.942752 
0.427000 -8.872277 
0.428000 -8.801438 
0.429000 -8.730235 
0.430000 -8.658671 
0.431000 -8.586746 
0.432000 -8.514462 
0.433000 -8.441822 
0.434000 -8.368826 
0.435000 -8.295477 
0.436000 -8.221775 
0.437000 -8.147723 
0.438000 -8.073323 
0.439000 -7.998575 
0.440000 -7.923483 
0.441000 -7.848046 
0.442000 -7.772268 
0.443000 -7.696150 
0.444000 -7.619694 
0.445000 -7.542902 
0.446000 -7.465775 
0.447000 -7.388315 
0.448000 -7.310524 
0.449000 -7.232404 
0.450000 -7.153957 
0.451000 -7.075185 
0.452000 -6.996089 
0.453000 -6.916672 
0.454000 -6.836936 
0.455000 -6.756882 
0.456000 -6.676512 
0.457000 -6.595829 
0.458000 -6.514834 
0.459000 -6.433529 
0.460000 -6.351917 
0.461000 -6.270000 
0.462000 -6.187779 
0.463000 -6.105257 
0.464000 -6.022436 
0.465000 -5.939317 
0.466000 -5.855904 
0.467000 -5.772198 
0.468000 -5.688201 
0.469000 -5.603916 
0.470000 -5.519345 
0.471000 -5.434490 
0.472000 -5.349353 
0.473000 -5.263936 
0.474000 -5.178243 
0.475000 -5.092275 
0.476000 -5.006034 
0.477000 -4.919523 
0.478000 -4.832744 
0.479000 -4.745699 
0.480000 -4.658392 
0.481000 -4.570824 
0.482000 -4.482997 
0.483000 -4.394915 
0.484000 -4.306580 
0.485000 -4.217993 
0.486000 -4.129159 
0.487000 -4.040078 
0.488000 -3.950755 
0.489000 -3.861190 
0.490000 -3.771388 
0.491000 -3.681350 
0.492000 -3.591079 
0.493000 -3.500578 
0.494000 -3.409849 
0.495000 -3.318896 
0.496000 -3.227720 
0.497000 -3.136324 
0.498000 -3.044712 
0.499000 -2.952886 
0.500000 -2.860849 
0.501000 -2.768603 
0.502000 -2.676152 
0.503000 -2.583497 
0.504000 -2.490643 
0.505000 -2.397592 
0.506000 -2.304347 
0.507000 -2.210911 
0.508000 -2.117286 
0.509000 -2.023476 
0.510000 -1.929483 
0.511000 -1.835312 
0.512000 -1.740964 
0.513000 -1.646442 
0.514000 -1.551751 
0.515000 -1.456892 
0.516000 -1.361869 
0.517000 -1.266686 
0.518000 -1.171344 
0.519000 -1.075848 
0.520000 -0.980201 
0.521000 -0.884405 
0.522000 -0.788464 
0.523000 -0.692382 
0.524000 -0.596161 
0.525000 -0.499805 
0.526000 -0.403317 
0.527000 -0.306701 
0.528000 -0.209959 
0.529000 -0.113096 
0.530000 -0.016114 
0.531000 0.080983 
0.532000 0.178191 
0.533000 0.275508 
0.534000 0.372929 
0.535000 0.470451 
0.536000 0.568071 
0.537000 0.665785 
0.538000 0.763589 
0.539000 0.861481 
0.540000 0.959455 
0.541000 1.057510 
0.542000 1.155640 
0.543000 1.253843 
0.544000 1.352115 
0.545000 1.450451 
0.546000 1.548849 
0.547000 1.647304 
0.548000 1.745813 
0.549000 1.844372 
0.550000 1.942978 
0.551000 2.041625 
0.552000 2.140311 
0.553000 2.239032 
0.554000 2.337783 
0.555000 2.436561 
0.556000 2.535362 
0.557000 2.634182 
0.558000 2.733017 
0.559000 2.831863 
0.560000 2.930716 
0.561000 3.029571 
0.562000 3.128426 
0.563000 3.227275 
0.564000 3.326115 
0.565000 3.424942 
0.566000 3.523751 
0.567000 3.622538 
0.568000 3.721300 
0.569000 3.820031 
0.570000 3.918729 
0.571000 4.017388 
0.572000 4.116004 
0.573000 4.214573 
0.574000 4.313091 
0.575000 4.411553 
0.576000 4.509956 
0.577000 4.608294 
0.578000 4.706564 
0.579000 4.804761 
0.580000 4.902881 
0.581000 5.000919 
0.582000 5.098871 
0.583000 5.196733 
0.584000 5.294500 
0.585000 5.392167 
0.586000 5.489730 
0.587000 5.587185 
0.588000 5.684527 
0.589000 5.781751 
0.590000 5.878853 
0.591000 5.975829 
0.592000 6.072674 
0.593000 6.169383 
0.594000 6.265952 
0.595000 6.362375 
0.596000 6.458649 
0.597000 6.554769 
0.598000 6.650730 
0.599000 6.746527 
0.600000 6.842157 
0.601000 6.937613 
0.602000 7.032891 
0.603000 7.127987 
0.604000 7.222896 
0.605000 7.317613 
0.606000 7.412133 
0.607000 7.506452 
0.608000 7.600565 
0.609000 7.694467 
0.610000 7.788153 
0.611000 7.881618 
0.612000 7.974858 
0.613000 8.067868 
0.614000 8.160642 
0.615000 8.253177 
0.616000 8.345467 
0.617000 8.437507 
0.618000 8.529292 
0.619000 8.620818 
0.620000 8.712080 
0.621000 8.803072 
0.622000 8.893791 
0.623000 8.984230 
0.624000 9.074386 
0.625000 9.164252 
0.626000 9.253825 
0.627000 9.343099 
0.628000 9.432069 
0.629000 9.520731 
0.630000 9.609079 
0.631000 9.697109 
0.632000 9.784816 
0.633000 9.872194 
0.634000 9.959239 
0.635000 10.045945 
0.636000 10.132308 
0.637000 10.218324 
0.638000 10.303986 
0.639000 10.389290 
0.640000 10.474231 
0.641000 10.558804 
0.642000 10.643004 
0.643000 10.726827 
0.644000 10.810267 
0.645000 10.893319 
0.646000 10.975978 
0.647000 11.058240 
0.648000 11.140100 
0.649000 11.221552 
0.650000 11.302591 
0.651000 11.383214 
0.652000 11.463414 
0.653000 11.543188 
0.654000 11.622529 
0.655000 11.701434 
0.656000 11.779897 
0.657000 11.857914 
0.658000 11.935479 
0.659000 12.012589 
0.660000 12.089237 
0.661000 12.165419 
0.662000 12.241131 
0.663000 12.316367 
0.664000 12.391124 
0.665000 12.465395 
0.666000 12.539176 
0.667000 12.612464 
0.668000 12.685252 
0.669000 12.757536 
0.670000 12.829311 
0.671000 12.900573 
0.672000 12.971318 
0.673000 13.041540 
0.674000 13.111234 
0.675000 13.180397 
0.676000 13.249024 
0.677000 13.317110 
0.678000 13.384650 
0.679000 13.451640 
0.680000 13.518076 
0.681000 13.583953 
0.682000 13.649266 
0.683000 13.714012 
0.684000 13.778185 
0.685000 13.841782 
0.686000 13.904798 
0.687000 13.967228 
0.688000 14.029069 
0.689000 14.090316 
0.690000 14.150964 
0.691000 14.211011 
0.692000 14.270451 
0.693000 14.329279 
0.694000 14.387494 
0.695000 14.445089 
0.696000 14.502061 
0.697000 14.558405 
0.698000 14.614119 
0.699000 14.669198 
0.700000 14.723637 
0.701000 14.777434 
0.702000 14.830583 
0.703000 14.883082 
0.704000 14.934927 
0.705000 14.986113 
0.706000 15.036637 
0.707000 15.086495 
0.708000 15.135684 
0.709000 15.184199 
0.710000 15.232038 
0.711000 15.279197 
0.712000 15.325672 
0.713000 15.371460 
0.714000 15.416557 
0.715000 15.460961 
0.716000 15.504666 
0.717000 15.547672 
0.718000 15.589973 
0.719000 15.631567 
0.720000 15.672451 
0.721000 15.712621 
0.722000 15.752075 
0.723000 15.790809 
0.724000 15.828820 
0.725000 15.866106 
0.726000 15.902663 
0.727000 15.938489 
0.728000 15.973581 
0.729000 16.007936 
0.730000 16.041551 
0.731000 16.074424 
0.732000 16.106552 
0.733000 16.137933 
0.734000 16.168563 
0.735000 16.198441 
0.736000 16.227564 
0.737000 16.255930 
0.738000 16.283536 
0.739000 16.310381 
0.740000 16.336461 
0.741000 16.361775 
0.742000 16.386321 
0.743000 16.410096 
0.744000 16.433099 
0.745000 16.455327 
0.746000 16.476780 
0.747000 16.497454 
0.748000 16.517348 
0.749000 16.536461 
0.750000 16.554791 
0.751000 16.572336 
0.752000 16.589094 
0.753000 16.605065 
0.754000 16.620246 
0.755000 16.634636 
0.756000 16.648234 
0.757000 16.661040 
0.758000 16.673050 
0.759000 16.684265 
0.760000 16.694683 
0.761000 16.704303 
0.762000 16.713125 
0.763000 16.721146 
0.764000 16.728368 
0.765000 16.734787 
0.766000 16.740405 
0.767000 16.745220 
0.768000 16.749232 
0.769000 16.752439 
0.770000 16.754843 
0.771000 16.756441 
0.772000 16.757234 
0.773000 16.757221 
0.774000 16.756403 
0.775000 16.754779 
0.776000 16.752348 
0.777000 16.749111 
0.778000 16.745068 
0.779000 16.740219 
0.780000 16.734564 
0.781000 16.728103 
0.782000 16.720836 
0.783000 16.712764 
0.784000 16.703886 
0.785000 16.694204 
0.786000 16.683718 
0.787000 16.672429 
0.788000 16.660336 
0.789000 16.647441 
0.790000 16.633745 
0.791000 16.619248 
0.792000 16.603950 
0.793000 16.587854 
0.794000 16.570959 
0.795000 16.553268 
0.796000 16.534780 
0.797000 16.515498 
0.798000 16.495422 
0.799000 16.474553 
0.800000 16.452894 
0.801000 16.430445 
0.802000 16.407207 
0.803000 16.383183 
0.804000 16.358374 
0.805000 16.332781 
0.806000 16.306407 
0.807000 16.279252 
0.808000 16.251319 
0.809000 16.222609 
0.810000 16.193125 
0.811000 16.162868 
0.812000 16.131841 
0.813000 16.100045 
0.814000 16.067483 
0.815000 16.034157 
0.816000 16.000069 
0.817000 15.965221 
0.818000 15.929616 
0.819000 15.893256 
0.820000 15.856144 
0.821000 15.818282 
0.822000 15.779673 
0.823000 15.740320 
0.824000 15.700224 
0.825000 15.659389 
0.826000 15.617818 
0.827000 15.575513 
0.828000 15.532478 
0.829000 15.488715 
0.830000 15.444227 
0.831000 15.399017 
0.832000 15.353089 
0.833000 15.306446 
0.834000 15.259090 
0.835000 15.211025 
0.836000 15.162255 
0.837000 15.112782 
0.838000 15.062611 
0.839000 15.011743 
0.840000 14.960184 
0.841000 14.907936 
0.842000 14.855003 
0.843000 14.801389 
0.844000 14.747097 
0.845000 14.692131 
0.846000 14.636494 
0.847000 14.580192 
0.848000 14.523226 
0.849000 14.465602 
0.850000 14.407323 
0.851000 14.348393 
0.852000 14.288816 
0.853000 14.228596 
0.854000 14.167737 
0.855000 14.106243 
0.856000 14.044119 
0.857000 13.981368 
0.858000 13.917995 
0.859000 13.854005 
0.860000 13.789400 
0.861000 13.724186 
0.862000 13.658367 
0.863000 13.591948 
0.864000 13.524932 
0.865000 13.457325 
0.866000 13.389130 
0.867000 13.320352 
0.868000 13.250997 
0.869000 13.181067 
0.870000 13.110569 
0.871000 13.039507 
0.872000 12.967884 
0.873000 12.895707 
0.874000 12.822979 
0.875000 12.749706 
0.876000 12.675892 
0.877000 12.601542 
0.878000 12.526661 
0.879000 12.451253 
0.880000 12.375324 
0.881000 12.298879 
0.882000 12.221922 
0.883000 12.144458 
0.884000 12.066492 
0.885000 11.988029 
0.886000 11.909075 
0.887000 11.829634 
0.888000 11.749711 
0.889000 11.669312 
0.890000 11.588441 
0.891000 11.507103 
0.892000 11.425304 
0.893000 11.343048 
0.894000 11.260342 
0.895000 11.177189 
0.896000 11.093595 
0.897000 11.009566 
0.898000 10.925106 
0.899000 10.840221 
0.900000 10.754916 
0.901000 10.669195 
0.902000 10.583065 
0.903000 10.496531 
0.904000 10.409598 
0.905000 10.322270 
0.906000 10.234554 
0.907000 10.146455 
0.908000 10.057977 
0.909000 9.969127 
0.910000 9.879909 
0.911000 9.790329 
0.912000 9.700392 
0.913000 9.610103 
0.914000 9.519468 
0.915000 9.428492 
0.916000 9.337180 
0.917000 9.245538 
0.918000 9.153571 
0.919000 9.061285 
0.920000 8.968684 
0.921000 8.875774 
0.922000 8.782560 
0.923000 8.689048 
0.924000 8.595242 
0.925000 8.501149 
0.926000 8.406774 
0.927000 8.312121 
0.928000 8.217197 
0.929000 8.122006 
0.930000 8.026553 
0.931000 7.930845 
0.932000 7.834887 
0.933000 7.738683 
0.934000 7.642238 
0.935000 7.545560 
0.936000 7.448651 
0.937000 7.351519 
0.938000 7.254167 
0.939000 7.156602 
0.940000 7.058828 
0.941000 6.960851 
0.942000 6.862676 
0.943000 6.764308 
0.944000 6.665752 
0.945000 6.567014 
0.946000 6.468099 
0.947000 6.369011 
0.948000 6.269757 
0.949000 6.170341 
0.950000 6.070768 
0.951000 5.971043 
0.952000 5.871172 
0.953000 5.771160 
0.954000 5.671011 
0.955000 5.570732 
0.956000 5.470326 
0.957000 5.369799 
0.958000 5.269155 
0.959000 5.168401 
0.960000 5.067541 
0.961000 4.966579 
0.962000 4.865521 
0.963000 4.764372 
0.964000 4.663137 
0.965000 4.561820 
0.966000 4.460427 
0.967000 4.358962 
0.968000 4.257430 
0.969000 4.155836 
0.970000 4.054185 
0.971000 3.952482 
0.972000 3.850731 
0.973000 3.748938 
0.974000 3.647106 
0.975000 3.545241 
0.976000 3.443347 
0.977000 3.341429 
0.978000 3.239492 
0.979000 3.137541 
0.980000 3.035579 
0.981000 2.933612 
0.982000 2.831644 
0.983000 2.729679 
0.984000 2.627723 
0.985000 2.525780 
0.986000 2.423854 
0.987000 2.321950 
0.988000 2.220071 
0.989000 2.118224 
0.990000 2.016411 
0.991000 1.914638 
0.992000 1.812908 
0.993000 1.711227 
0.994000 1.609598 
0.995000 1.508025 
0.996000 1.406514 
0.997000 1.305067 
0.998000 1.203690 
0.999000 1.102387 
1.000000 1.001162 
1.001000 0.900018 
1.002000 0.798961 
1.003000 0.697993 
1.004000 0.597120 
1.005000 0.496345 
1.006000 0.395673 
1.007000 0.295107 
1.008000 0.194651 
1.009000 0.094309 
1.010000 -0.005914 
1.011000 -0.106015 
1.012000 -0.205990 
1.013000 -0.305836 
1.014000 -0.405548 
1.015000 -0.505122 
1.016000 -0.604555 
1.017000 -0.703842 
1.018000 -0.802982 
1.019000 -0.901968 
1.020000 -1.000798 
1.021000 -1.099469 
1.022000 -1.197976 
1.023000 -1.296316 
1.024000 -1.394485 
1.025000 -1.492480 
1.026000 -1.590297 
1.027000 -1.687933 
1.028000 -1.785384 
1.029000 -1.882647 
1.030000 -1.979718 
1.031000 -2.076594 
1.032000 -2.173272 
1.033000 -2.269748 
1.034000 -2.366018 
1.035000 -2.462080 
1.036000 -2.557931 
1.037000 -2.653566 
1.038000 -2.748983 
1.039000 -2.844178 
1.040000 -2.939149 
1.041000 -3.033892 
1.042000 -3.128404 
1.043000 -3.222681 
1.044000 -3.316722 
1.045000 -3.410522 
1.046000 -3.504079 
1.047000 -3.597390 
1.048000 -3.690451 
1.049000 -3.783260 
1.050000 -3.875814 
1.051000 -3.968110 
1.052000 -4.060144 
1.053000 -4.151915 
1.054000 -4.243419 
1.055000 -4.334653 
1.056000 -4.425615 
1.057000 -4.516302 
1.058000 -4.606710 
1.059000 -4.696839 
1.060000 -4.786683 
1.061000 -4.876242 
1.062000 -4.965512 
1.063000 -5.054491 
1.064000 -5.143176 
1.065000 -5.231564 
1.066000 -5.319653 
1.067000 -5.407441 
1.068000 -5.494924 
1.069000 -5.582101 
1.070000 -5.668968 
1.071000 -5.755524 
1.072000 -5.841766 
1.073000 -5.927692 
1.074000 -6.013299 
1.075000 -6.098584 
1.076000 -6.183546 
1.077000 -6.268183 
1.078000 -6.352491 
1.079000 -6.436469 
1.080000 -6.520114 
1.081000 -6.603424 
1.082000 -6.686398 
1.083000 -6.769032 
1.084000 -6.851325 
1.085000 -6.933274 
1.086000 -7.014877 
1.087000 -7.096133 
1.088000 -7.177039 
1.089000 -7.257593 
1.090000 -7.337792 
1.091000 -7.417636 
1.092000 -7.497122 
1.093000 -7.576249 
1.094000 -7.655013 
1.095000 -7.733413 
1.096000 -7.811448 
1.097000 -7.889115 
1.098000 -7.966412 
1.099000 -8.043338 
1.100000 -8.119891 
1.101000 -8.196069 
1.102000 -8.271870 
1.103000 -8.347292 
1.104000 -8.422335 
1.105000 -8.496995 
1.106000 -8.571271 
1.107000 -8.645161 
1.108000 -8.718665 
1.109000 -8.791780 
1.110000 -8.864504 
1.111000 -8.936836 
1.112000 -9.008774 
1.113000 -9.080317 
1.114000 -9.151463 
1.115000 -9.222210 
1.116000 -9.292558 
1.117000 -9.362504 
1.118000 -9.432047 
1.119000 -9.501186 
1.120000 -9.569918 
1.121000 -9.638244 
1.122000 -9.706160 
1.123000 -9.773666 
1.124000 -9.840761 
1.125000 -9.907442 
1.126000 -9.973709 
1.127000 -10.039561 
1.128000 -10.104995 
1.129000 -10.170011 
1.130000 -10.234607 
1.131000 -10.298782 
1.132000 -10.362535 
1.133000 -10.425865 
1.134000 -10.488770 
1.135000 -10.551249 
1.136000 -10.613301 
1.137000 -10.674924 
1.138000 -10.736118 
1.139000 -10.796882 
1.140000 -10.857213 
1.141000 -10.917112 
1.142000 -10.976577 
1.143000 -11.035607 
1.144000 -11.094200 
1.145000 -11.152356 
1.146000 -11.210074 
1.147000 -11.267353 
1.148000 -11.324191 
1.149000 -11.380588 
1.150000 -11.436542 
1.151000 -11.492053 
1.152000 -11.547120 
1.153000 -11.601742 
1.154000 -11.655917 
1.155000 -11.709645 
1.156000 -11.762925 
1.157000 -11.815757 
1.158000 -11.868138 
1.159000 -11.920069 
1.160000 -11.971548 
1.161000 -12.022574 
1.162000 -12.073148 
1.163000 -12.123267 
1.164000 -12.172932 
1.165000 -12.222141 
1.166000 -12.270893 
1.167000 -12.319189 
1.168000 -12.367026 
1.169000 -12.414404 
1.170000 -12.461323 
1.171000 -12.507782 
1.172000 -12.553780 
1.173000 -12.599317 
1.174000 -12.644391 
1.175000 -12.689002 
1.176000 -12.733150 
1.177000 -12.776834 
1.178000 -12.820052 
1.179000 -12.862805 
1.180000 -12.905092 
1.181000 -12.946912 
1.182000 -12.988265 
1.183000 -13.029150 
1.184000 -13.069566 
1.185000 -13.109514 
1.186000 -13.148991 
1.187000 -13.187999 
1.188000 -13.226536 
1.189000 -13.264602 
1.190000 -13.302196 
1.191000 -13.339318 
1.192000 -13.375967 
1.193000 -13.412143 
1.194000 -13.447845 
1.195000 -13.483074 
1.196000 -13.517827 
1.197000 -13.552106 
1.198000 -13.585909 
1.199000 -13.619237 
1.200000 -13.652088 
1.201000 -13.684463 
1.202000 -13.716361 
1.203000 -13.747781 
1.204000 -13.778723 
1.205000 -13.809188 
1.206000 -13.839173 
1.207000 -13.868681 
1.208000 -13.897708 
1.209000 -13.926257 
1.210000 -13.954325 
1.211000 -13.981914 
1.212000 -14.009022 
1.213000 -14.035649 
1.214000 -14.061796 
1.215000 -14.087461 
1.216000 -14.112645 
1.217000 -14.137347 
1.218000 -14.161566 
1.219000 -14.185304 
1.220000 -14.208559 
1.221000 -14.231332 
1.222000 -14.253621 
1.223000 -14.275428 
1.224000 -14.296751 
1.225000 -14.317591 
1.226000 -14.337947 
1.227000 -14.357819 
1.228000 -14.377207 
1.229000 -14.396111 
1.230000 -14.414531 
1.231000 -14.432466 
1.232000 -14.449917 
1.233000 -14.466883 
1.234000 -14.483364 
1.235000 -14.499361 
1.236000 -14.514872 
1.237000 -14.529898 
1.238000 -14.544439 
1.239000 -14.558495 
1.240000 -14.572065 
1.241000 -14.585150 
1.242000 -14.597750 
1.243000 -14.609864 
1.244000 -14.621492 
1.245000 -14.632635 
1.246000 -14.643293 
1.247000 -14.653464 
1.248000 -14.663150 
1.249000 -14.672351 
1.250000 -14.681066 
1.251000 -14.689295 
1.252000 -14.697038 
1.253000 -14.704296 
1.254000 -14.711069 
1.255000 -14.717356 
1.256000 -14.723157 
1.257000 -14.728473 
1.258000 -14.733304 
1.259000 -14.737649 
1.260000 -14.741510 
1.261000 -14.744885 
1.262000 -14.747775 
1.263000 -14.750180 
1.264000 -14.752100 
1.265000 -14.753536 
1.266000 -14.754487 
1.267000 -14.754953 
1.268000 -14.754935 
1.269000 -14.754433 
1.270000 -14.753447 
1.271000 -14.751977 
1.272000 -14.750023 
1.273000 -14.747585 
1.274000 -14.744664 
1.275000 -14.741260 
1.276000 -14.737372 
1.277000 -14.733002 
1.278000 -14.728149 
1.279000 -14.722814 
1.280000 -14.716996 
1.281000 -14.710696 
1.282000 -14.703914 
1.283000 -14.696651 
1.284000 -14.688906 
1.285000 -14.680680 
1.286000 -14.671974 
1.287000 -14.662786 
1.288000 -14.653118 
1.289000 -14.642971 
1.290000 -14.632343 
1.291000 -14.621236 
1.292000 -14.609649 
1.293000 -14.597583 
1.294000 -14.585039 
1.295000 -14.572017 
1.296000 -14.558516 
1.297000 -14.544538 
1.298000 -14.530082 
1.299000 -14.515150 
1.300000 -14.499740 
1.301000 -14.483854 
1.302000 -14.467493 
1.303000 -14.450655 
1.304000 -14.433343 
1.305000 -14.415555 
1.306000 -14.397293 
1.307000 -14.378557 
1.308000 -14.359347 
1.309000 -14.339664 
1.310000 -14.319508 
1.311000 -14.298879 
1.312000 -14.277778 
1.313000 -14.256206 
1.314000 -14.234163 
1.315000 -14.211648 
1.316000 -14.188664 
1.317000 -14.165210 
1.318000 -14.141286 
1.319000 -14.116893 
1.320000 -14.092032 
1.321000 -14.066703 
1.322000 -14.040907 
1.323000 -14.014644 
1.324000 -13.987914 
1.325000 -13.960718 
1.326000 -13.933057 
1.327000 -13.904931 
1.328000 -13.876341 
1.329000 -13.847287 
1.330000 -13.817770 
1.331000 -13.787790 
1.332000 -13.757348 
1.333000 -13.726445 
1.334000 -13.695081 
1.335000 -13.663256 
1.336000 -13.630972 
1.337000 -13.598228 
1.338000 -13.565026 
1.339000 -13.531366 
1.340000 -13.497249 
1.341000 -13.462675 
1.342000 -13.427645 
1.343000 -13.392160 
1.344000 -13.356220 
1.345000 -13.319826 
1.346000 -13.282979 
1.347000 -13.245679 
1.348000 -13.207928 
1.349000 -13.169725 
1.350000 -13.131071 
1.351000 -13.091968 
1.352000 -13.052415 
1.353000 -13.012415 
1.354000 -12.971966 
1.355000 -12.931071 
1.356000 -12.889729 
1.357000 -12.847943 
1.358000 -12.805711 
1.359000 -12.763036 
1.360000 -12.719918 
1.361000 -12.676358 
1.362000 -12.632356 
1.363000 -12.587914 
1.364000 -12.543032 
1.365000 -12.497711 
1.366000 -12.451952 
1.367000 -12.405756 
1.368000 -12.359124 
1.369000 -12.312056 
1.370000 -12.264554 
1.371000 -12.216618 
1.372000 -12.168249 
1.373000 -12.119448 
1.374000 -12.070216 
1.375000 -12.020555 
1.376000 -11.970464 
1.377000 -11.919945 
1.378000 -11.869000 
1.379000 -11.817628 
1.380000 -11.765830 
1.381000 -11.713609 
1.382000 -11.660964 
1.383000 -11.607897 
1.384000 -11.554409 
1.385000 -11.500501 
1.386000 -11.446174 
1.387000 -11.391429 
1.388000 -11.336266 
1.389000 -11.280688 
1.390000 -11.224695 
1.391000 -11.168289 
1.392000 -11.111469 
1.393000 -11.054238 
1.394000 -10.996597 
1.395000 -10.938547 
1.396000 -10.880088 
1.397000 -10.821223 
1.398000 -10.761952 
1.399000 -10.702276 
1.400000 -10.642197 
1.401000 -10.581715 
1.402000 -10.520833 
1.403000 -10.459551 
1.404000 -10.397871 
1.405000 -10.335793 
1.406000 -10.273319 
1.407000 -10.210451 
1.408000 -10.147189 
1.409000 -10.083535 
1.410000 -10.019491 
1.411000 -9.955057 
1.412000 -9.890234 
1.413000 -9.825026 
1.414000 -9.759431 
1.415000 -9.693453 
1.416000 -9.627092 
1.417000 -9.560350 
1.418000 -9.493228 
1.419000 -9.425727 
1.420000 -9.357850 
1.421000 -9.289597 
1.422000 -9.220970 
1.423000 -9.151971 
1.424000 -9.082600 
1.425000 -9.012860 
1.426000 -8.942752 
1.427000 -8.872277 
1.428000 -8.801438 
1.429000 -8.730235 
1.430000 -8.658671 
1.431000 -8.586746 
1.432000 -8.514462 
1.433000 -8.441822 
1.434000 -8.368826 
1.435000 -8.295477 
1.436000 -8.221775 
1.437000 -8.147723 
1.438000 -8.073323 
1.439000 -7.998575 
1.440000 -7.923483 
1.441000 -7.848046 
1.442000 -7.772268 
1.443000 -7.696150 
1.444000 -7.619694 
1.445000 -7.542902 
1.446000 -7.465775 
1.447000 -7.388315 
1.448000 -7.310524 
1.449000 -7.232404 
1.450000 -7.153957 
1.451000 -7.075185 
1.452000 -6.996089 
1.453000 -6.916672 
1.454000 -6.836936 
1.455000 -6.756882 
1.456000 -6.676512 
1.457000 -6.595829 
1.458000 -6.514834 
1.459000 -6.433529 
1.460000 -6.351917 
1.461000 -6.270000 
1.462000 -6.187779 
1.463000 -6.105257 
1.464000 -6.022436 
1.465000 -5.939317 
1.466000 -5.855904 
1.467000 -5.772198 
1.468000 -5.688201 
1.469000 -5.603916 
1.470000 -5.519345 
1.471000 -5.434490 
1.472000 -5.349353 
1.473000 -5.263936 
1.474000 -5.178243 
1.475000 -5.092275 
1.476000 -5.006034 
1.477000 -4.919523 
1.478000 -4.832744 
1.479000 -4.745699 
1.480000 -4.658392 
1.481000 -4.570824 
1.482000 -4.482997 
1.483000 -4.394915 
1.484000 -4.306580 
1.485000 -4.217993 
1.486000 -4.129159 
1.487000 -4.040078 
1.488000 -3.950755 
1.489000 -3.861190 
1.490000 -3.771388 
1.491000 -3.681350 
1.492000 -3.591079 
1.493000 -3.500578 
1.494000 -3.409849 
1.495000 -3.318896 
1.496000 -3.227720 
1.497000 -3.136324 
1.498000 -3.044712 
1.499000 -2.952886 
