descriptor x_range  m_kepler 
5950.268658 -14.424258 
5950.368658 -14.636948 
5950.468658 -14.742432 
5950.568658 -14.740820 
5950.668658 -14.632561 
5950.768658 -14.418430 
5950.868658 -14.099530 
5950.968658 -13.677295 
5951.068658 -13.153511 
5951.168658 -12.530336 
5951.268658 -11.810332 
5951.368658 -10.996506 
5951.468658 -10.092355 
5951.568658 -9.101919 
5951.668658 -8.029841 
5951.768658 -6.881427 
5951.868658 -5.662714 
5951.968658 -4.380535 
5952.068658 -3.042583 
5952.168658 -1.657468 
5952.268658 -0.234767 
5952.368658 1.214938 
5952.468658 2.680055 
5952.568658 4.147984 
5952.668658 5.605165 
5952.768658 7.037161 
5952.868658 8.428782 
5952.968658 9.764263 
5953.068658 11.027485 
5953.168658 12.202259 
5953.268658 13.272645 
5953.368658 14.223321 
5953.468658 15.039973 
5953.568658 15.709702 
5953.668658 16.221424 
5953.768658 16.566236 
5953.868658 16.737738 
5953.968658 16.732282 
5954.068658 16.549124 
5954.168658 16.190489 
5954.268658 15.661515 
5954.368658 14.970105 
5954.468658 14.126677 
5954.568658 13.143839 
5954.668658 12.036004 
5954.768658 10.818972 
5954.868658 9.509497 
5954.968658 8.124863 
5955.068658 6.682495 
5955.168658 5.199597 
5955.268658 3.692861 
5955.368658 2.178212 
5955.468658 0.670628 
5955.568658 -0.816000 
5955.668658 -2.268944 
5955.768658 -3.676684 
5955.868658 -5.028907 
5955.968658 -6.316478 
5956.068658 -7.531397 
5956.168658 -8.666726 
5956.268658 -9.716520 
5956.368658 -10.675741 
5956.468658 -11.540181 
5956.568658 -12.306376 
5956.668658 -12.971532 
5956.768658 -13.533457 
5956.868658 -13.990490 
5956.968658 -14.341454 
5957.068658 -14.585599 
5957.168658 -14.722572 
5957.268658 -14.752381 
5957.368658 -14.675377 
5957.468658 -14.492240 
5957.568658 -14.203975 
5957.668658 -13.811920 
5957.768658 -13.317753 
5957.868658 -12.723521 
5957.968658 -12.031664 
5958.068658 -11.245052 
5958.168658 -10.367035 
5958.268658 -9.401487 
5958.368658 -8.352866 
5958.468658 -7.226279 
5958.568658 -6.027541 
5958.668658 -4.763243 
5958.768658 -3.440819 
5958.868658 -2.068606 
5958.968658 -0.655892 
5959.068658 0.787040 
5959.168658 2.248893 
5959.268658 3.717360 
5959.368658 5.179158 
5959.468658 6.620095 
5959.568658 8.025187 
5959.668658 9.378817 
5959.768658 10.664942 
5959.868658 11.867363 
5959.968658 12.970031 
5960.068658 13.957402 
5960.168658 14.814824 
5960.268658 15.528941 
5960.368658 16.088095 
5960.468658 16.482708 
5960.568658 16.705615 
5960.668658 16.752338 
5960.768658 16.621272 
5960.868658 16.313768 
5960.968658 15.834120 
5961.068658 15.189442 
5961.168658 14.389444 
5961.268658 13.446127 
5961.368658 12.373417 
5961.468658 11.186752 
5961.568658 9.902649 
5961.668658 8.538281 
5961.768658 7.111068 
5961.868658 5.638314 
5961.968658 4.136889 
5962.068658 2.622965 
5962.168658 1.111815 
5962.268658 -0.382341 
5962.368658 -1.846427 
5962.468658 -3.268566 
5962.568658 -4.638093 
5962.668658 -5.945531 
5962.768658 -7.182553 
5962.868658 -8.341916 
5962.968658 -9.417392 
5963.068658 -10.403686 
5963.168658 -11.296353 
5963.268658 -12.091719 
5963.368658 -12.786803 
5963.468658 -13.379240 
5963.568658 -13.867222 
5963.668658 -14.249433 
5963.768658 -14.525003 
5963.868658 -14.693466 
5963.968658 -14.754727 
5964.068658 -14.709037 
5964.168658 -14.556980 
5964.268658 -14.299467 
5964.368658 -13.937735 
5964.468658 -13.473362 
5964.568658 -12.908283 
5964.668658 -12.244819 
5964.768658 -11.485711 
5964.868658 -10.634161 
5964.968658 -9.693885 
5965.068658 -8.669162 
5965.168658 -7.564903 
5965.268658 -6.386707 
5965.368658 -5.140931 
5965.468658 -3.834755 
5965.568658 -2.476244 
5965.668658 -1.074403 
5965.768658 0.360780 
5965.868658 1.818307 
5965.968658 3.286167 
5966.068658 4.751357 
5966.168658 6.199942 
5966.268658 7.617157 
5966.368658 8.987549 
5966.468658 10.295178 
5966.568658 11.523860 
5966.668658 12.657467 
5966.768658 13.680266 
5966.868658 14.577304 
5966.968658 15.334800 
5967.068658 15.940559 
5967.168658 16.384352 
5967.268658 16.658276 
5967.368658 16.757041 
5967.468658 16.678182 
5967.568658 16.422180 
5967.668658 15.992474 
5967.768658 15.395368 
5967.868658 14.639836 
5967.968658 13.737244 
5968.068658 12.700994 
5968.168658 11.546123 
5968.268658 10.288877 
5968.368658 8.946279 
5968.468658 7.535716 
5968.568658 6.074562 
5968.668658 4.579845 
5968.768658 3.067964 
5968.868658 1.554475 
5968.968658 0.053919 
5969.068658 -1.420284 
5969.168658 -2.855903 
5969.268658 -4.241917 
5969.368658 -5.568503 
5969.468658 -6.827004 
5969.568658 -8.009865 
5969.668658 -9.110567 
5969.768658 -10.123550 
5969.868658 -11.044128 
5969.968658 -11.868409 
5970.068658 -12.593216 
5970.168658 -13.216011 
5970.268658 -13.734828 
5970.368658 -14.148212 
5970.468658 -14.455167 
5970.568658 -14.655112 
5970.668658 -14.747846 
5970.768658 -14.733520 
5970.868658 -14.612622 
5970.968658 -14.385966 
5971.068658 -14.054694 
5971.168658 -13.620282 
5971.268658 -13.084556 
5971.368658 -12.449722 
5971.468658 -11.718393 
5971.568658 -10.893631 
5971.668658 -9.978995 
5971.768658 -8.978593 
5971.868658 -7.897145 
5971.968658 -6.740039 
5972.068658 -5.513403 
5972.168658 -4.224170 
5972.268658 -2.880139 
5972.368658 -1.490032 
5972.468658 -0.063546 
5972.568658 1.388620 
5972.668658 2.854750 
5972.768658 4.322129 
5972.868658 5.777087 
5972.968658 7.205090 
5973.068658 8.590870 
5973.168658 9.918605 
5973.268658 11.172154 
5973.368658 12.335340 
5973.468658 13.392275 
5973.568658 14.327737 
5973.668658 15.127559 
5973.768658 15.779037 
5973.868658 16.271328 
5973.968658 16.595811 
5974.068658 16.746403 
5974.168658 16.719793 
5974.268658 16.515591 
5974.368658 16.136371 
5974.468658 15.587612 
5974.568658 14.877530 
5974.668658 14.016822 
5974.768658 13.018331 
5974.868658 11.896659 
5974.968658 10.667741 
5975.068658 9.348415 
5975.168658 7.956003 
5975.268658 6.507920 
5975.368658 5.021326 
5975.468658 3.512831 
5975.568658 1.998258 
5975.668658 0.492460 
5975.768658 -0.990805 
5975.868658 -2.438953 
5975.968658 -3.840607 
5976.068658 -5.185596 
5976.168658 -6.464924 
5976.268658 -7.670720 
5976.368658 -8.796170 
5976.468658 -9.835438 
5976.568658 -10.783592 
5976.668658 -11.636515 
5976.768658 -12.390827 
5976.868658 -13.043810 
5976.968658 -13.593337 
5977.068658 -14.037808 
5977.168658 -14.376098 
5977.268658 -14.607508 
5977.368658 -14.731728 
5977.468658 -14.748809 
5977.568658 -14.659140 
5977.668658 -14.463441 
5977.768658 -14.162755 
5977.868658 -13.758460 
5977.968658 -13.252278 
5978.068658 -12.646299 
5978.168658 -11.943013 
5978.268658 -11.145345 
5978.368658 -10.256703 
5978.468658 -9.281029 
5978.568658 -8.222856 
5978.668658 -7.087368 
5978.768658 -5.880471 
5978.868658 -4.608853 
5978.968658 -3.280053 
5979.068658 -1.902517 
5979.168658 -0.485651 
5979.268658 0.960143 
5979.368658 2.423447 
5979.468658 3.891836 
5979.568658 5.351913 
5979.668658 6.789386 
5979.768658 8.189186 
5979.868658 9.535633 
5979.968658 10.812652 
5980.068658 12.004044 
5980.168658 13.093800 
5980.268658 14.066461 
5980.368658 14.907510 
5980.468658 15.603770 
5980.568658 16.143813 
5980.668658 16.518329 
5980.768658 16.720461 
5980.868658 16.746066 
5980.968658 16.593886 
5981.068658 16.265627 
5981.168658 15.765926 
5981.268658 15.102219 
5981.368658 14.284505 
5981.468658 13.325035 
5981.568658 12.237939 
5981.668658 11.038803 
5981.768658 9.744246 
5981.868658 8.371489 
5981.968658 6.937959 
5982.068658 5.460923 
5982.168658 3.957180 
5982.268658 2.442805 
5982.368658 0.932953 
5982.468658 -0.558289 
5982.568658 -2.017984 
5982.668658 -3.434402 
5982.768658 -4.797017 
5982.868658 -6.096495 
5982.968658 -7.324640 
5983.068658 -8.474333 
5983.168658 -9.539463 
5983.268658 -10.514838 
5983.368658 -11.396111 
5983.468658 -12.179694 
5983.568658 -12.862682 
5983.668658 -13.442781 
5983.768658 -13.918243 
5983.868658 -14.287808 
5983.968658 -14.550656 
5984.068658 -14.706367 
5984.168658 -14.754888 
5984.268658 -14.696510 
5984.368658 -14.531857 
5984.468658 -14.261877 
5984.568658 -13.887849 
5984.668658 -13.411390 
5984.768658 -12.834480 
5984.868658 -12.159489 
5984.968658 -11.389209 
5985.068658 -10.526901 
5985.168658 -9.576345 
5985.268658 -8.541893 
5985.368658 -7.428533 
5985.468658 -6.241951 
5985.568658 -4.988598 
5985.668658 -3.675757 
5985.768658 -2.311603 
5985.868658 -0.905253 
5985.968658 0.533183 
5986.068658 1.992589 
5986.168658 3.460832 
5986.268658 4.924794 
5986.368658 6.370436 
5986.468658 7.782903 
5986.568658 9.146674 
5986.668658 10.445763 
5986.768658 11.663978 
5986.868658 12.785218 
5986.968658 13.793825 
5987.068658 14.674961 
5987.168658 15.415015 
5987.268658 16.002004 
5987.368658 16.425960 
5987.468658 16.679275 
5987.568658 16.756986 
5987.668658 16.656975 
5987.768658 16.380077 
5987.868658 15.930077 
5987.968658 15.313609 
5988.068658 14.539948 
5988.168658 13.620722 
5988.268658 12.569548 
5988.368658 11.401631 
5988.468658 10.133331 
5988.568658 8.781735 
5988.668658 7.364249 
5988.768658 5.898222 
5988.868658 4.400618 
5988.968658 2.887750 
5989.068658 1.375058 
5989.168658 -0.123044 
5989.268658 -1.593275 
5989.368658 -3.023548 
5989.468658 -4.402986 
5989.568658 -5.721906 
5989.668658 -6.971786 
5989.768658 -8.145197 
5989.868658 -9.235740 
5989.968658 -10.237962 
5990.068658 -11.147276 
5990.168658 -11.959880 
5990.268658 -12.672676 
5990.368658 -13.283197 
5990.468658 -13.789541 
5990.568658 -14.190310 
5990.668658 -14.484561 
5990.768658 -14.671758 
5990.868658 -14.751745 
5990.968658 -14.724712 
5991.068658 -14.591187 
5991.168658 -14.352023 
5991.268658 -14.008400 
5991.368658 -13.561835 
5991.468658 -13.014199 
5991.568658 -12.367743 
5991.668658 -11.625132 
5991.768658 -10.789484 
5991.868658 -9.864421 
5991.968658 -8.854120 
5992.068658 -7.763377 
5992.168658 -6.597666 
5992.268658 -5.363206 
5992.368658 -4.067029 
5992.468658 -2.717042 
5992.568658 -1.322082 
5992.668658 0.108039 
5992.768658 1.562500 
5992.868658 3.029464 
5992.968658 4.496100 
5993.068658 5.948629 
5993.168658 7.372423 
5993.268658 8.752137 
5993.368658 10.071898 
5993.468658 11.315545 
5993.568658 12.466917 
5993.668658 13.510186 
5993.768658 14.430233 
5993.868658 15.213044 
5993.968658 15.846118 
5994.068658 16.318855 
5994.168658 16.622923 
5994.268658 16.752557 
5994.368658 16.704788 
5994.468658 16.479578 
5994.568658 16.079852 
5994.668658 15.511425 
5994.768658 14.782822 
5994.868658 13.905016 
5994.968658 12.891080 
5995.068658 11.755796 
5995.168658 10.515230 
5995.268658 9.186298 
5995.368658 7.786355 
5995.468658 6.332801 
5995.568658 4.842745 
5995.668658 3.332716 
5995.768658 1.818429 
5995.868658 0.314613 
5995.968658 -1.165112 
5996.068658 -2.608302 
5996.168658 -4.003727 
5996.268658 -5.341355 
5996.368658 -6.612329 
5996.468658 -7.808907 
5996.568658 -8.924393 
5996.668658 -9.953067 
5996.768658 -10.890096 
5996.868658 -11.731454 
5996.968658 -12.473844 
5997.068658 -13.114624 
5997.168658 -13.651730 
5997.268658 -14.083622 
5997.368658 -14.409230 
5997.468658 -14.627900 
5997.568658 -14.739368 
5997.668658 -14.743726 
5997.768658 -14.641403 
5997.868658 -14.433156 
5997.968658 -14.120069 
5998.068658 -13.703559 
5998.168658 -13.185391 
5998.268658 -12.567700 
5998.368658 -11.853027 
5998.468658 -11.044350 
5998.568658 -10.145140 
5998.668658 -9.159404 
5998.768658 -8.091750 
5998.868658 -6.947446 
5998.968658 -5.732485 
5999.068658 -4.453654 
5999.168658 -3.118596 
5999.268658 -1.735871 
5999.368658 -0.314999 
5999.468658 1.133495 
5999.568658 2.598075 
5999.668658 4.066195 
5999.768658 5.524349 
5999.868658 6.958145 
5999.968658 8.352431 
6000.068658 9.691468 
6000.168658 10.959151 
6000.268658 12.139286 
6000.368658 13.215911 
6000.468658 14.173657 
6000.568658 14.998146 
6000.668658 15.676387 
6000.768658 16.197185 
6000.868658 16.551508 
6000.968658 16.732807 
6001.068658 16.737276 
6001.168658 16.564007 
6001.268658 16.215058 
6001.368658 15.695409 
6001.468658 15.012814 
6001.568658 14.177558 
6001.668658 13.202137 
6001.768658 12.100874 
6001.868658 10.889504 
6001.968658 9.584736 
6002.068658 8.203839 
6002.168658 6.764236 
6002.268658 5.283155 
6002.368658 3.777322 
6002.468658 2.262711 
6002.568658 0.754355 
6002.668658 -0.733789 
6002.768658 -2.188928 
6002.868658 -3.599475 
6002.968658 -4.955048 
6003.068658 -6.246449 
6003.168658 -7.465616 
6003.268658 -8.605553 
6003.368658 -9.660262 
6003.468658 -10.624658 
6003.568658 -11.494486 
6003.668658 -12.266245 
6003.768658 -12.937105 
6003.868658 -13.504840 
6003.968658 -13.967764 
6004.068658 -14.324672 
6004.168658 -14.574793 
6004.268658 -14.717751 
6004.368658 -14.753536 
6004.468658 -14.682480 
6004.568658 -14.505244 
6004.668658 -14.222816 
6004.768658 -13.836513 
6004.868658 -13.347996 
6004.968658 -12.759290 
6005.068658 -12.072810 
6005.168658 -11.291404 
6005.268658 -10.418392 
6005.368658 -9.457618 
6005.468658 -8.413507 
6005.568658 -7.291126 
6005.668658 -6.096249 
6005.768658 -4.835423 
6005.868658 -3.516033 
6005.968658 -2.146363 
6006.068658 -0.735648 
6006.168658 0.705885 
6006.268658 2.166997 
6006.368658 3.635436 
6006.468658 5.097972 
6006.568658 6.540462 
6006.668658 7.947962 
6006.768658 9.304884 
6006.868658 10.595204 
6006.968658 11.802724 
6007.068658 12.911376 
6007.168658 13.905579 
6007.268658 14.770621 
6007.368658 15.493062 
6007.468658 16.061140 
6007.568658 16.465150 
6007.668658 16.697786 
6007.768658 16.754414 
6007.868658 16.633264 
6007.968658 16.335522 
6008.068658 15.865322 
6008.168658 15.229623 
6008.268658 14.437998 
6008.368658 13.502331 
6008.468658 12.436449 
6008.568658 11.255718 
6008.668658 9.976606 
6008.768658 8.616260 
6008.868658 7.192096 
6008.968658 5.721435 
6009.068658 4.221176 
6009.168658 2.707539 
6009.268658 1.195849 
6009.368658 -0.299611 
6009.468658 -1.765700 
6009.568658 -3.190473 
6009.668658 -4.563197 
6009.768658 -5.874331 
6009.868658 -7.115484 
6009.968658 -8.279356 
6010.068658 -9.359662 
6010.168658 -10.351059 
6010.268658 -11.249056 
6010.368658 -12.049939 
6010.468658 -12.750688 
6010.568658 -13.348908 
6010.668658 -13.842759 
6010.768658 -14.230901 
6010.868658 -14.512440 
6010.968658 -14.686888 
6011.068658 -14.754129 
6011.168658 -14.714397 
6011.268658 -14.568257 
6011.368658 -14.316601 
6011.468658 -13.960648 
6011.568658 -13.501957 
6011.668658 -12.942443 
6011.768658 -12.284403 
6011.868658 -11.530554 
6011.968658 -10.684071 
6012.068658 -9.748640 
6012.168658 -8.728509 
6012.268658 -7.628548 
6012.368658 -6.454319 
6012.468658 -5.212134 
6012.568658 -3.909126 
6012.668658 -2.553308 
6012.768658 -1.153632 
6012.868658 0.279970 
6012.968658 1.736558 
6013.068658 3.204174 
6013.168658 4.669872 
6013.268658 6.119766 
6013.368658 7.539133 
6013.468658 8.912556 
6013.568658 10.224114 
6013.668658 11.457630 
6013.768658 12.596964 
6013.868658 13.626352 
6013.968658 14.530785 
6014.068658 15.296410 
6014.168658 15.910928 
6014.268658 16.363994 
6014.368658 16.647565 
6014.468658 16.756199 
6014.568658 16.687270 
6014.668658 16.441093 
6014.768658 16.020943 
6014.868658 15.432969 
6014.968658 14.686002 
6015.068658 13.791283 
6015.168658 12.762111 
6015.268658 11.613443 
6015.368658 10.361468 
6015.468658 9.023178 
6015.568658 7.615949 
6015.668658 6.157166 
6015.768658 4.663883 
6015.868658 3.152542 
6015.968658 1.638749 
6016.068658 0.137107 
6016.168658 -1.338900 
6016.268658 -2.776975 
6016.368658 -4.166027 
6016.468658 -5.496170 
6016.568658 -6.758681 
6016.668658 -7.945945 
6016.768658 -9.051388 
6016.868658 -10.069399 
6016.968658 -10.995245 
6017.068658 -11.824992 
6017.168658 -12.555424 
6017.268658 -13.183970 
6017.368658 -13.708634 
6017.468658 -14.127933 
6017.568658 -14.440848 
6017.668658 -14.646776 
6017.768658 -14.745493 
6017.868658 -14.737134 
6017.968658 -14.622167 
6018.068658 -14.401388 
6018.168658 -14.075920 
6018.268658 -13.647220 
6018.368658 -13.117095 
6018.468658 -12.487729 
6018.568658 -11.761710 
6018.668658 -10.942074 
6018.768658 -10.032352 
6018.868658 -9.036620 
6018.968658 -7.959560 
6019.068658 -6.806523 
6019.168658 -5.583594 
6019.268658 -4.297658 
6019.368658 -2.956464 
6019.468658 -1.568684 
6019.568658 -0.143956 
6019.668658 1.307076 
6019.768658 2.772753 
6019.868658 4.240414 
6019.968658 5.696441 
6020.068658 7.126345 
6020.168658 8.514894 
6020.268658 9.846293 
6020.368658 11.104411 
6020.468658 12.273064 
6020.568658 13.336339 
6020.668658 14.278967 
6020.768658 15.086711 
6020.868658 15.746774 
6020.968658 16.248200 
6021.068658 16.582236 
6021.168658 16.742648 
6021.268658 16.725968 
6021.368658 16.531639 
6021.468658 16.162071 
6021.568658 15.622584 
6021.668658 14.921247 
6021.768658 14.068627 
6021.868658 13.077457 
6021.968658 11.962252 
6022.068658 10.738882 
6022.168658 9.424149 
6022.268658 8.035357 
6022.368658 6.589926 
6022.468658 5.105038 
6022.568658 3.597340 
6022.668658 2.082706 
6022.768658 0.576045 
6022.868658 -0.908821 
6022.968658 -2.359240 
6023.068658 -3.763769 
6023.168658 -5.112169 
6023.268658 -6.395380 
6023.368658 -7.605470 
6023.468658 -8.735566 
6023.568658 -9.779784 
6023.668658 -10.733140 
6023.768658 -11.591474 
6023.868658 -12.351368 
6023.968658 -13.010069 
6024.068658 -13.565417 
6024.168658 -14.015786 
6024.268658 -14.360026 
6024.368658 -14.597414 
6024.468658 -14.727619 
6024.568658 -14.750673 
6024.668658 -14.666948 
6024.768658 -14.477143 
6024.868658 -14.182285 
6024.968658 -13.783731 
6025.068658 -13.283185 
6025.168658 -12.682715 
6025.268658 -11.984788 
6025.368658 -11.192304 
6025.468658 -10.308641 
6025.568658 -9.337712 
6025.668658 -8.284013 
6025.768658 -7.152693 
6025.868658 -5.949613 
6025.968658 -4.681418 
6026.068658 -3.355596 
6026.168658 -1.980541 
6026.268658 -0.565606 
6026.368658 0.878865 
6026.468658 2.341509 
6026.568658 3.809959 
6026.668658 5.270868 
6026.768658 6.709994 
6026.868658 8.112306 
6026.968658 9.462152 
6027.068658 10.743474 
6027.168658 11.940070 
6027.268658 13.035914 
6027.368658 14.015505 
6027.468658 14.864262 
6027.568658 15.568924 
6027.668658 16.117953 
6027.768658 16.501913 
6027.868658 16.713804 
6027.968658 16.749324 
6028.068658 16.607051 
6028.168658 16.288525 
6028.268658 15.798223 
6028.368658 15.143430 
6028.468658 14.334009 
6028.568658 13.382096 
6028.668658 12.301725 
6028.768658 11.108413 
6028.868658 9.818732 
6028.968658 8.449882 
6029.068658 7.019286 
6029.168658 5.544230 
6029.268658 4.041547 
6029.368658 2.527357 
6029.468658 1.016870 
6029.568658 -0.475762 
6029.668658 -1.937539 
6029.768658 -3.356661 
6029.868658 -4.722537 
6029.968658 -6.025765 
6030.068658 -7.258089 
6030.168658 -8.412332 
6030.268658 -9.482326 
6030.368658 -10.462834 
6030.468658 -11.349461 
6030.568658 -12.138580 
6030.668658 -12.827249 
6030.768658 -13.413142 
6030.868658 -13.894483 
6030.968658 -14.269984 
6031.068658 -14.538805 
6031.168658 -14.700501 
6031.268658 -14.755001 
6031.368658 -14.702577 
6031.468658 -14.543834 
6031.568658 -14.279703 
6031.668658 -13.911443 
6031.768658 -13.440654 
6031.868658 -12.869293 
6031.968658 -12.199707 
6032.068658 -11.434665 
6032.168658 -10.577400 
6032.268658 -9.631661 
6032.368658 -8.601767 
6032.468658 -7.492668 
6032.568658 -6.310010 
6032.668658 -5.060201 
6032.768658 -3.750474 
6032.868658 -2.388953 
6032.968658 -0.984702 
6033.068658 0.452227 
6033.168658 1.910773 
6033.268658 3.378859 
6033.368658 4.843422 
6033.468658 6.290471 
6033.568658 7.705194 
6033.668658 9.072101 
6033.768658 10.375227 
6033.868658 11.598383 
6033.968658 12.725455 
6034.068658 13.740749 
6034.168658 14.629373 
6034.268658 15.377635 
6034.368658 15.973451 
6034.468658 16.406732 
6034.568658 16.669729 
6034.668658 16.757325 
6034.768658 16.667241 
6034.868658 16.400144 
6034.968658 15.959658 
6035.068658 15.352261 
6035.168658 14.587088 
6035.268658 13.675646 
6035.368658 12.631450 
6035.468658 11.469627 
6035.568658 10.206485 
6035.668658 8.859082 
6035.768658 7.444815 
6035.868658 5.981044 
6035.968658 4.484767 
6036.068658 2.972334 
6036.168658 1.459243 
6036.268658 -0.040034 
6036.368658 -1.512151 
6036.468658 -2.944952 
6036.568658 -4.327494 
6036.668658 -5.650028 
6036.768658 -6.903966 
6036.868658 -8.081824 
6036.968658 -9.177145 
6037.068658 -10.184426 
6037.168658 -11.099034 
6037.268658 -11.917124 
6037.368658 -12.635561 
6037.468658 -13.251846 
6037.568658 -13.764047 
6037.668658 -14.170739 
6037.768658 -14.470953 
6037.868658 -14.664134 
6037.968658 -14.750103 
6038.068658 -14.729034 
6038.168658 -14.601434 
6038.268658 -14.368138 
6038.368658 -14.030310 
6038.468658 -13.589445 
6038.568658 -13.047396 
6038.668658 -12.406390 
6038.768658 -11.669068 
6038.868658 -10.838523 
6038.968658 -9.918347 
6039.068658 -8.912684 
6039.168658 -7.826294 
6039.268658 -6.664610 
6039.368658 -5.433811 
6039.468658 -4.140879 
6039.568658 -2.793672 
6039.668658 -1.400973 
6039.768658 0.027461 
6039.868658 1.480865 
6039.968658 2.947461 
6040.068658 4.414470 
6040.168658 5.868165 
6040.268658 7.293961 
6040.368658 8.676550 
6040.468658 10.000082 
6040.568658 11.248406 
6040.668658 12.405350 
6040.768658 13.455060 
6040.868658 14.382367 
6040.968658 15.173184 
6041.068658 15.814915 
6041.168658 16.296845 
6041.268658 16.610505 
6041.368658 16.749981 
6041.468658 16.712144 
6041.568658 16.496789 
6041.668658 16.106678 
6041.768658 15.547467 
6041.868658 14.827538 
6041.968658 13.957734 
6042.068658 12.951021 
6042.168658 11.822098 
6042.268658 10.586968 
6042.368658 9.262515 
6042.468658 7.866075 
6042.568658 6.415059 
6042.668658 4.926599 
6042.768658 3.417262 
6042.868658 1.902815 
6042.968658 0.398044 
6043.068658 -1.083364 
6043.168658 -2.528901 
6043.268658 -3.927267 
6043.368658 -5.268366 
6043.468658 -6.543275 
6043.568658 -7.744191 
6043.668658 -8.864364 
6043.768658 -9.898019 
6043.868658 -10.840276 
6043.968658 -11.687068 
6044.068658 -12.435059 
6044.168658 -13.081570 
6044.268658 -13.624508 
6044.368658 -14.062306 
6044.468658 -14.393867 
6044.568658 -14.618518 
6044.668658 -14.735971 
6044.768658 -14.746300 
6044.868658 -14.649914 
6044.968658 -14.447555 
6045.068658 -14.140286 
6045.168658 -13.729506 
6045.268658 -13.216960 
6045.368658 -12.604762 
6045.468658 -11.895428 
6045.568658 -11.091912 
6045.668658 -10.197655 
6045.768658 -9.216634 
6045.868658 -8.153420 
6045.968658 -7.013243 
6046.068658 -5.802055 
6046.168658 -4.526597 
6046.268658 -3.194461 
6046.368658 -1.814155 
6046.468658 -0.395145 
6046.568658 1.052103 
6046.668658 2.516105 
6046.768658 3.984375 
6046.868658 5.443457 
6046.968658 6.879006 
6047.068658 8.275908 
6047.168658 9.618451 
6047.268658 10.890544 
6047.368658 12.075991 
6047.468658 13.158806 
6047.568658 14.123578 
6047.668658 14.955862 
6047.768658 15.642581 
6047.868658 16.172428 
6047.968658 16.536240 
6048.068658 16.727324 
6048.168658 16.741715 
6048.268658 16.578341 
6048.368658 16.239094 
6048.468658 15.728795 
6048.568658 15.055047 
6048.668658 14.228002 
6048.768658 13.260043 
6048.868658 12.165402 
6048.968658 10.959744 
6049.068658 9.659738 
6049.168658 8.282631 
6049.268658 6.845848 
6049.368658 5.366636 
6049.468658 3.861755 
6049.568658 2.347228 
6049.668658 0.838146 
6049.768658 -0.651475 
6049.868658 -2.108773 
6049.968658 -3.522094 
6050.068658 -4.880988 
6050.168658 -6.176195 
6050.268658 -7.399587 
6050.368658 -8.544115 
6050.468658 -9.603724 
6050.568658 -10.573280 
6050.668658 -11.448486 
6050.768658 -12.225800 
6050.868658 -12.902356 
6050.968658 -13.475897 
6051.068658 -13.944708 
6051.168658 -14.307558 
6051.268658 -14.563653 
6051.368658 -14.712597 
6051.468658 -14.754359 
6051.568658 -14.689252 
6051.668658 -14.517920 
6051.768658 -14.241333 
6051.868658 -13.860788 
6051.968658 -13.377927 
6052.068658 -12.794753 
6052.168658 -12.113661 
6052.268658 -11.337471 
6052.368658 -10.469476 
6052.468658 -9.513490 
6052.568658 -8.473904 
6052.668658 -7.355746 
6052.768658 -6.164751 
6052.868658 -4.907420 
6052.968658 -3.591089 
6053.068658 -2.223992 
6053.168658 -0.815308 
6053.268658 0.624792 
6053.368658 2.085124 
6053.468658 3.553494 
6053.568658 5.016724 
6053.668658 6.460720 
6053.768658 7.870579 
6053.868658 9.230743 
6053.968658 10.525208 
6054.068658 11.737776 
6054.168658 12.852364 
6054.268658 13.853353 
6054.368658 14.725973 
6054.468658 15.456702 
6054.568658 16.033673 
6054.668658 16.447058 
6054.768658 16.689408 
6054.868658 16.755935 
6054.968658 16.644705 
6055.068658 16.356739 
6055.168658 15.896008 
6055.268658 15.269318 
6055.368658 14.486104 
6055.468658 13.558129 
6055.568658 12.499123 
6055.668658 11.324378 
6055.768658 10.050310 
6055.868658 8.694040 
6055.968658 7.272980 
6056.068658 5.804464 
6056.168658 4.305423 
6056.268658 2.792119 
6056.368658 1.279933 
6056.468658 -0.216790 
6056.568658 -1.684844 
6056.668658 -3.112218 
6056.768658 -4.488110 
6056.868658 -5.802913 
6056.968658 -7.048175 
6057.068658 -8.216535 
6057.168658 -9.301655 
6057.268658 -10.298141 
6057.368658 -11.201457 
6057.468658 -12.007846 
6057.568658 -12.714253 
6057.668658 -13.318250 
6057.768658 -13.817967 
6057.868658 -14.212038 
6057.968658 -14.499544 
6058.068658 -14.679976 
6058.168658 -14.753199 
6058.268658 -14.719426 
6058.368658 -14.579205 
6058.468658 -14.333410 
6058.568658 -13.983242 
6058.668658 -13.530239 
6058.768658 -12.976295 
6058.868658 -12.323688 
6058.968658 -11.575108 
6059.068658 -10.733704 
6059.168658 -9.803132 
6059.268658 -8.787606 
6059.368658 -7.691962 
6059.468658 -6.521719 
6059.568658 -5.283148 
6059.668658 -3.983332 
6059.768658 -2.630235 
6059.868658 -1.232755 
6059.968658 0.199232 
6060.068658 1.654842 
6060.168658 3.122176 
6060.268658 4.588338 
6060.368658 6.039495 
6060.468658 7.460967 
6060.568658 8.837371 
6060.668658 10.152807 
6060.768658 11.391107 
6060.868658 12.536118 
6060.968658 13.572048 
6061.068658 14.483834 
6061.168658 15.257547 
6061.268658 15.880793 
6061.368658 16.343106 
6061.468658 16.636307 
6061.568658 16.754802 
6061.668658 16.695805 
6061.768658 16.459463 
6061.868658 16.048889 
6061.968658 15.470074 
6062.068658 14.731706 
6062.168658 13.844902 
6062.268658 12.822855 
6062.368658 11.680440 
6062.468658 10.433790 
6062.568658 9.099862 
6062.668658 7.696022 
6062.768658 6.239663 
6062.868658 4.747866 
6062.968658 3.237113 
6063.068658 1.723062 
6063.168658 0.220376 
6063.268658 -1.257398 
6063.368658 -2.697894 
6063.468658 -4.089954 
6063.568658 -5.423626 
6063.668658 -6.690122 
6063.768658 -7.881769 
6063.868658 -8.991937 
6063.968658 -10.014960 
6064.068658 -10.946062 
6064.168658 -11.781264 
6064.268658 -12.517314 
6064.368658 -13.151605 
6064.468658 -13.682111 
6064.568658 -14.107323 
6064.668658 -14.426196 
6064.768658 -14.638105 
6064.868658 -14.742807 
6064.968658 -14.740416 
6065.068658 -14.631382 
6065.168658 -14.416483 
6065.268658 -14.096823 
6065.368658 -13.673842 
6065.468658 -13.149325 
6065.568658 -12.525434 
6065.668658 -11.804735 
6065.768658 -10.990237 
6065.868658 -10.085441 
6065.968658 -9.094393 
6066.068658 -8.021738 
6066.168658 -6.872789 
6066.268658 -5.653588 
6066.368658 -4.370973 
6066.468658 -3.032644 
6066.568658 -1.647219 
6066.668658 -0.224283 
6066.768658 1.225579 
6066.868658 2.690763 
6066.968658 4.158663 
6067.068658 5.615714 
6067.168658 7.047471 
6067.268658 8.438741 
6067.368658 9.773753 
6067.468658 11.036389 
6067.568658 12.210459 
6067.668658 13.280027 
6067.768658 14.229776 
6067.868658 15.045402 
6067.968658 15.714017 
6068.068658 16.224551 
6068.168658 16.568119 
6068.268658 16.738342 
6068.368658 16.731589 
6068.468658 16.547140 
6068.568658 16.187241 
6068.668658 15.657051 
6068.768658 14.964492 
6068.868658 14.120000 
6068.968658 13.136196 
6069.068658 12.027507 
6069.168658 10.809739 
6069.268658 9.499653 
6069.368658 8.114536 
6069.468658 6.671810 
6069.568658 5.188679 
6069.668658 3.681828 
6069.768658 2.167178 
6069.868658 0.659698 
6069.968658 -0.826729 
6070.068658 -2.279384 
6070.168658 -3.686755 
6070.268658 -5.038538 
6070.368658 -6.325607 
6070.468658 -7.539969 
6070.568658 -8.674695 
6070.668658 -9.723846 
6070.768658 -10.682391 
6070.868658 -11.546126 
6070.968658 -12.311594 
6071.068658 -12.976005 
6071.168658 -13.537170 
6071.268658 -13.993434 
6071.368658 -14.343621 
6071.468658 -14.586985 
6071.568658 -14.723177 
6071.668658 -14.752205 
6071.768658 -14.674425 
6071.868658 -14.490517 
6071.968658 -14.201491 
6072.068658 -13.808684 
6072.168658 -13.313781 
6072.268658 -12.718828 
6072.368658 -12.026268 
6072.468658 -11.238978 
6072.568658 -10.360307 
6072.668658 -9.394137 
6072.768658 -8.344929 
6072.868658 -7.217794 
6072.968658 -6.018552 
6073.068658 -4.753803 
6073.168658 -3.430985 
6073.268658 -2.058441 
6073.368658 -0.645469 
6073.468658 0.797643 
6073.568658 2.259590 
6073.668658 3.728058 
6073.768658 5.189756 
6073.868658 6.630487 
6073.968658 8.035261 
6074.068658 9.388457 
6074.168658 10.674031 
6074.268658 11.875782 
6074.368658 12.977665 
6074.468658 13.964140 
6074.568658 14.820564 
6074.668658 15.533591 
6074.768658 16.091578 
6074.868658 16.484961 
6074.968658 16.706597 
6075.068658 16.752026 
6075.168658 16.619665 
6075.268658 16.310887 
6075.368658 15.830007 
6075.468658 15.184159 
6075.568658 14.383069 
6075.668658 13.438756 
6075.768658 12.365159 
6075.868658 11.177722 
6075.968658 9.892972 
6076.068658 8.528082 
6076.168658 7.100475 
6076.268658 5.627452 
6076.368658 4.125878 
6076.468658 2.611920 
6076.568658 1.100844 
6076.668658 -0.393139 
6076.768658 -1.856960 
6076.868658 -3.278753 
6076.968658 -4.647860 
6077.068658 -5.954814 
6077.168658 -7.191294 
6077.268658 -8.350067 
6077.368658 -9.424911 
6077.468658 -10.410537 
6077.568658 -11.302508 
6077.668658 -12.097153 
6077.768658 -12.791496 
6077.868658 -13.383178 
6077.968658 -13.870393 
6078.068658 -14.251829 
6078.168658 -14.526619 
6078.268658 -14.694301 
6078.368658 -14.754780 
6078.468658 -14.708312 
6078.568658 -14.555483 
6078.668658 -14.297205 
6078.768658 -13.934719 
6078.868658 -13.469604 
6078.968658 -12.903799 
6079.068658 -12.239628 
6079.168658 -11.479833 
6079.268658 -10.627623 
6079.368658 -9.686714 
6079.468658 -8.661393 
6079.568658 -7.556574 
6079.668658 -6.377861 
6079.768658 -5.131618 
6079.868658 -3.825030 
6079.968658 -2.466170 
6080.068658 -1.064048 
6080.168658 0.371339 
6080.268658 1.828986 
6080.368658 3.296875 
6080.468658 4.761995 
6080.568658 6.210406 
6080.668658 7.627336 
6080.768658 8.997329 
6080.868658 10.304441 
6080.968658 11.532488 
6081.068658 12.665343 
6081.168658 13.687279 
6081.268658 14.583347 
6081.368658 15.339779 
6081.468658 15.944392 
6081.568658 16.386972 
6081.668658 16.659635 
6081.768658 16.757110 
6081.868658 16.676954 
6081.968658 16.419670 
6082.068658 15.988717 
6082.168658 15.390420 
6082.268658 14.633773 
6082.368658 13.730156 
6082.468658 12.692985 
6082.568658 11.537307 
6082.668658 10.279377 
6082.768658 8.936220 
6082.868658 7.525226 
6082.968658 6.063766 
6083.068658 4.568865 
6083.168658 3.056918 
6083.268658 1.543471 
6083.368658 0.043061 
6083.468658 -1.430904 
6083.568658 -2.866200 
6083.668658 -4.251814 
6083.768658 -5.577935 
6083.868658 -6.835910 
6083.968658 -8.018194 
6084.068658 -9.118275 
6084.168658 -10.130601 
6084.268658 -11.050490 
6084.368658 -11.874057 
6084.468658 -12.598129 
6084.568658 -13.220172 
6084.668658 -13.738225 
6084.768658 -14.150835 
6084.868658 -14.457012 
6084.968658 -14.656176 
6085.068658 -14.748128 
6085.168658 -14.733023 
6085.268658 -14.611351 
6085.368658 -14.383928 
6085.468658 -14.051898 
6085.568658 -13.616740 
6085.668658 -13.080284 
6085.768658 -12.444736 
6085.868658 -11.712714 
6085.968658 -10.887283 
6086.068658 -9.972006 
6086.168658 -8.970996 
6086.268658 -7.888976 
6086.368658 -6.731340 
6086.468658 -5.504222 
6086.568658 -4.214560 
6086.668658 -2.870160 
6086.768658 -1.479752 
6086.868658 -0.053039 
6086.968658 1.399273 
6087.068658 2.865460 
6087.168658 4.332799 
6087.268658 5.787614 
6087.368658 7.215365 
6087.468658 8.600779 
6087.568658 9.928032 
6087.668658 11.180981 
6087.768658 12.343449 
6087.868658 13.399553 
6087.968658 14.334075 
6088.068658 15.132860 
6088.168658 15.783214 
6088.268658 16.274310 
6088.368658 16.597544 
6088.468658 16.746852 
6088.568658 16.718945 
6088.668658 16.513454 
6088.768658 16.132976 
6088.868658 15.583008 
6088.968658 14.871786 
6089.068658 14.010025 
6089.168658 13.010581 
6089.268658 11.888068 
6089.368658 10.658428 
6089.468658 9.338507 
6089.568658 7.945626 
6089.668658 6.497201 
6089.768658 5.010388 
6089.868658 3.501792 
6089.968658 1.987231 
6090.068658 0.481549 
6090.168658 -1.001504 
6090.268658 -2.449353 
6090.368658 -3.850629 
6090.468658 -5.195171 
6090.568658 -6.473990 
6090.668658 -7.679224 
6090.768658 -8.804065 
6090.868658 -9.842686 
6090.968658 -10.790160 
6091.068658 -11.642375 
6091.168658 -12.395957 
6091.268658 -13.048193 
6091.368658 -13.596959 
6091.468658 -14.040659 
6091.568658 -14.378172 
6091.668658 -14.608801 
6091.768658 -14.732240 
6091.868658 -14.748541 
6091.968658 -14.658096 
6092.068658 -14.461627 
6092.168658 -14.160181 
6092.268658 -13.755136 
6092.368658 -13.248219 
6092.468658 -12.641521 
6092.568658 -11.937535 
6092.668658 -11.139191 
6092.768658 -10.249900 
6092.868658 -9.273607 
6092.968658 -8.214850 
6093.068658 -7.078820 
6093.168658 -5.871426 
6093.268658 -4.599363 
6093.368658 -3.270176 
6093.468658 -1.892318 
6093.568658 -0.475202 
6093.668658 0.970762 
6093.768658 2.434150 
6093.868658 3.902527 
6093.968658 5.362492 
6094.068658 6.799746 
6094.168658 8.199215 
6094.268658 9.545214 
6094.368658 10.821668 
6094.468658 12.012376 
6094.568658 13.101333 
6094.668658 14.073086 
6094.768658 14.913125 
6094.868658 15.608285 
6094.968658 16.147152 
6095.068658 16.520433 
6095.168658 16.721290 
6095.268658 16.745600 
6095.368658 16.592127 
6095.468658 16.262597 
6095.568658 15.761670 
6095.668658 15.096801 
6095.768658 14.278006 
6095.868658 13.317554 
6095.968658 12.229582 
6096.068658 11.029690 
6096.168658 9.734500 
6096.268658 8.361237 
6096.368658 6.927328 
6096.468658 5.450037 
6096.568658 3.946159 
6096.668658 2.431764 
6096.768658 0.921997 
6096.868658 -0.569060 
6096.968658 -2.028481 
6097.068658 -3.444543 
6097.168658 -4.806730 
6097.268658 -6.105716 
6097.368658 -7.333313 
6097.468658 -8.482411 
6097.568658 -9.546904 
6097.668658 -10.521608 
6097.768658 -11.402181 
6097.868658 -12.185040 
6097.968658 -12.867286 
6098.068658 -13.446628 
6098.168658 -13.921321 
6098.268658 -14.290111 
6098.368658 -14.552179 
6098.468658 -14.707109 
6098.568658 -14.754849 
6098.668658 -14.695693 
6098.768658 -14.530269 
6098.868658 -14.259525 
6098.968658 -13.884744 
6099.068658 -13.407545 
6099.168658 -12.829911 
6099.268658 -12.154215 
6099.368658 -11.383251 
6099.468658 -10.520286 
6099.568658 -9.569102 
6099.668658 -8.534055 
6099.768658 -7.420140 
6099.868658 -6.233046 
6099.968658 -4.979233 
6100.068658 -3.665987 
6100.168658 -2.301491 
6100.268658 -0.894870 
6100.368658 0.543761 
6100.468658 2.003277 
6100.568658 3.471536 
6100.668658 4.935417 
6100.768658 6.380872 
6100.868658 7.793041 
6100.968658 9.156398 
6101.068658 10.454957 
6101.168658 11.672523 
6101.268658 12.792998 
6101.368658 13.800727 
6101.468658 14.680883 
6101.568658 15.419862 
6101.668658 16.005696 
6101.768658 16.428432 
6101.868658 16.680481 
6101.968658 16.756901 
6102.068658 16.655594 
6102.168658 16.377416 
6102.268658 15.926175 
6102.368658 15.308524 
6102.468658 14.533758 
6102.568658 13.613518 
6102.668658 12.561437 
6102.768658 11.392727 
6102.868658 10.123758 
6102.968658 8.771618 
6103.068658 7.353716 
6103.168658 5.887397 
6103.268658 4.389624 
6103.368658 2.876703 
6103.468658 1.364066 
6103.568658 -0.133879 
6103.668658 -1.603861 
6103.768658 -3.033801 
6103.868658 -4.412831 
6103.968658 -5.731278 
6104.068658 -6.980625 
6104.168658 -8.153454 
6104.268658 -9.243372 
6104.368658 -10.244932 
6104.468658 -11.153555 
6104.568658 -11.965441 
6104.668658 -12.677500 
6104.768658 -13.287267 
6104.868658 -13.792846 
6104.968658 -14.192842 
6105.068658 -14.486313 
6105.168658 -14.672729 
6105.268658 -14.751934 
6105.368658 -14.724123 
6105.468658 -14.589824 
6105.568658 -14.349894 
6105.668658 -14.005514 
6105.768658 -13.558205 
6105.868658 -13.009840 
6105.968658 -12.362674 
6106.068658 -11.619372 
6106.168658 -10.783059 
6106.268658 -9.857358 
6106.368658 -8.846453 
6106.468658 -7.755143 
6106.568658 -6.588907 
6106.668658 -5.353970 
6106.768658 -4.057372 
6106.868658 -2.707024 
6106.968658 -1.311770 
6107.068658 0.118568 
6107.168658 1.573164 
6107.268658 3.040174 
6107.368658 4.506758 
6107.468658 5.959132 
6107.568658 7.382661 
6107.668658 8.761995 
6107.768658 10.081260 
6107.868658 11.324293 
6107.968658 12.474933 
6108.068658 13.517357 
6108.168658 14.436453 
6108.268658 15.218216 
6108.368658 15.850156 
6108.468658 16.321691 
6108.568658 16.624505 
6108.668658 16.752853 
6108.768658 16.703786 
6108.868658 16.477290 
6108.968658 16.076310 
6109.068658 15.506681 
6109.168658 14.776948 
6109.268658 13.898100 
6109.368658 12.883224 
6109.468658 11.747113 
6109.568658 10.505840 
6109.668658 9.176328 
6109.768658 7.775931 
6109.868658 6.322049 
6109.968658 4.831789 
6110.068658 3.321673 
6110.168658 1.807410 
6110.268658 0.303722 
6110.368658 -1.175780 
6110.468658 -2.618661 
6110.568658 -4.013699 
6110.668658 -5.350872 
6110.768658 -6.621331 
6110.868658 -7.817340 
6110.968658 -8.932213 
6111.068658 -9.960235 
6111.168658 -10.896580 
6111.268658 -11.737228 
6111.368658 -12.478887 
6111.468658 -13.118917 
6111.568658 -13.655260 
6111.668658 -14.086382 
6111.768658 -14.411211 
6111.868658 -14.629101 
6111.968658 -14.739787 
6112.068658 -14.743365 
6112.168658 -14.640267 
6112.268658 -14.431251 
6112.368658 -14.117405 
6112.468658 -13.700147 
6112.568658 -13.181245 
6112.668658 -12.562838 
6112.768658 -11.847467 
6112.868658 -11.038118 
6112.968658 -10.138262 
6113.068658 -9.151911 
6113.168658 -8.083678 
6113.268658 -6.938836 
6113.368658 -5.723384 
6113.468658 -4.444114 
6113.568658 -3.108677 
6113.668658 -1.725638 
6113.768658 -0.304526 
6113.868658 1.144129 
6113.968658 2.608781 
6114.068658 4.076879 
6114.168658 5.534908 
6114.268658 6.968471 
6114.368658 8.362412 
6114.468658 9.700988 
6114.568658 10.968091 
6114.668658 12.147529 
6114.768658 13.223342 
6114.868658 14.180167 
6114.968658 15.003634 
6115.068658 15.680766 
6115.168658 16.200380 
6115.268658 16.553462 
6115.368658 16.733483 
6115.468658 16.736655 
6115.568658 16.562094 
6115.668658 16.211880 
6115.768658 15.691011 
6115.868658 15.007263 
6115.968658 14.170938 
6116.068658 13.194546 
6116.168658 12.092422 
6116.268658 10.880308 
6116.368658 9.574923 
6116.468658 8.193535 
6116.568658 6.753567 
6116.668658 5.272247 
6116.768658 3.766292 
6116.868658 2.251674 
6116.968658 0.743417 
6117.068658 -0.744532 
6117.168658 -2.199386 
6117.268658 -3.609568 
6117.368658 -4.964705 
6117.468658 -6.255608 
6117.568658 -7.474221 
6117.668658 -8.613558 
6117.768658 -9.667626 
6117.868658 -10.631346 
6117.968658 -11.500472 
6118.068658 -12.271504 
6118.168658 -12.941619 
6118.268658 -13.508596 
6118.368658 -13.970751 
6118.468658 -14.326883 
6118.568658 -14.576223 
6118.668658 -14.718400 
6118.768658 -14.753404 
6118.868658 -14.681571 
6118.968658 -14.503564 
6119.068658 -14.220374 
6119.168658 -13.833319 
6119.268658 -13.344064 
6119.368658 -12.754636 
6119.468658 -12.067453 
6119.568658 -11.285367 
6119.668658 -10.411701 
6119.768658 -9.450302 
6119.868658 -8.405601 
6119.968658 -7.282670 
6120.068658 -6.087287 
6120.168658 -4.826006 
6120.268658 -3.506219 
6120.368658 -2.136215 
6120.468658 -0.725237 
6120.568658 0.716481 
6120.668658 2.177691 
6120.768658 3.646137 
6120.868658 5.108579 
6120.968658 6.550869 
6121.068658 7.958057 
6121.168658 9.314551 
6121.268658 10.604327 
6121.368658 11.811183 
6121.468658 12.919057 
6121.568658 13.912370 
6121.668658 14.776419 
6121.768658 15.497776 
6121.868658 16.064690 
6121.968658 16.467474 
6122.068658 16.698840 
6122.168658 16.754174 
6122.268658 16.631729 
6122.368658 16.332712 
6122.468658 15.861277 
6122.568658 15.224403 
6122.668658 14.431683 
6122.768658 13.495013 
6122.868658 12.428237 
6122.968658 11.246728 
6123.068658 9.966962 
6123.168658 8.606087 
6123.268658 7.181522 
6123.368658 5.710584 
6123.468658 4.210171 
6123.568658 2.696493 
6123.668658 1.184871 
6123.768658 -0.310421 
6123.868658 -1.776250 
6123.968658 -3.200682 
6124.068658 -4.572990 
6124.168658 -5.883643 
6124.268658 -7.124257 
6124.368658 -8.287541 
6124.468658 -9.367218 
6124.568658 -10.357949 
6124.668658 -11.255250 
6124.768658 -12.055413 
6124.868658 -12.755423 
6124.968658 -13.352888 
6125.068658 -13.845973 
6125.168658 -14.233341 
6125.268658 -14.514100 
6125.368658 -14.687766 
6125.468658 -14.754226 
6125.568658 -14.713716 
6125.668658 -14.566803 
6125.768658 -14.314382 
6125.868658 -13.957674 
6125.968658 -13.498241 
6126.068658 -12.937999 
6126.168658 -12.279250 
6126.268658 -11.524714 
6126.368658 -10.677569 
6126.468658 -9.741504 
6126.568658 -8.720772 
6126.668658 -7.620249 
6126.768658 -6.445501 
6126.868658 -5.202846 
6126.968658 -3.899422 
6127.068658 -2.543251 
6127.168658 -1.143291 
6127.268658 0.290520 
6127.368658 1.747232 
6127.468658 3.214883 
6127.568658 4.680517 
6127.668658 6.130243 
6127.768658 7.549331 
6127.868658 8.922361 
6127.968658 10.233409 
6128.068658 11.466297 
6128.168658 12.604885 
6128.268658 13.633415 
6128.368658 14.536885 
6128.468658 15.301450 
6128.568658 15.914826 
6128.668658 16.366683 
6128.768658 16.648995 
6128.868658 16.756340 
6128.968658 16.686114 
6129.068658 16.438654 
6129.168658 16.017255 
6129.268658 15.428086 
6129.368658 14.679998 
6129.468658 13.784249 
6129.568658 12.754150 
6129.668658 11.604669 
6129.768658 10.352003 
6129.868658 9.013147 
6129.968658 7.605480 
6130.068658 6.146384 
6130.168658 4.652911 
6130.268658 3.141496 
6130.368658 1.627741 
6130.468658 0.126238 
6130.568658 -1.349536 
6130.668658 -2.787292 
6130.768658 -4.175949 
6130.868658 -5.505629 
6130.968658 -6.767617 
6131.068658 -7.954307 
6131.168658 -9.059132 
6131.268658 -10.076487 
6131.368658 -11.001646 
6131.468658 -11.830680 
6131.568658 -12.560378 
6131.668658 -13.188173 
6131.768658 -13.712073 
6131.868658 -14.130600 
6131.968658 -14.442737 
6132.068658 -14.647883 
6132.168658 -14.745819 
6132.268658 -14.736681 
6132.368658 -14.620939 
6132.468658 -14.399392 
6132.568658 -14.073166 
6132.668658 -13.643719 
6132.768658 -13.112863 
6132.868658 -12.482782 
6132.968658 -11.756069 
6133.068658 -10.935763 
6133.168658 -10.025399 
6133.268658 -9.029056 
6133.368658 -7.951422 
6133.468658 -6.797852 
6133.568658 -5.574438 
6133.668658 -4.288070 
6133.768658 -2.946504 
6133.868658 -1.558418 
6133.968658 -0.133459 
6134.068658 1.317723 
6134.168658 2.783462 
6134.268658 4.251088 
6134.368658 5.706978 
6134.468658 7.136637 
6134.568658 8.524827 
6134.668658 9.855750 
6134.768658 11.113275 
6134.868658 12.281216 
6134.968658 13.343666 
6135.068658 14.285360 
6135.168658 15.092072 
6135.268658 15.751016 
6135.368658 16.251251 
6135.468658 16.584040 
6135.568658 16.743170 
6135.668658 16.725193 
6135.768658 16.529574 
6135.868658 16.158745 
6135.968658 15.618046 
6136.068658 14.915565 
6136.168658 14.061886 
6136.268658 13.069757 
6136.368658 11.953704 
6136.468658 10.729607 
6136.568658 9.414271 
6136.668658 8.025004 
6136.768658 6.579223 
6136.868658 5.094109 
6136.968658 3.586304 
6137.068658 2.071675 
6137.168658 0.565125 
6137.268658 -0.919534 
6137.368658 -2.369659 
6137.468658 -3.773814 
6137.568658 -5.121770 
6137.668658 -6.404475 
6137.768658 -7.614006 
6137.868658 -8.743497 
6137.968658 -9.787068 
6138.068658 -10.739746 
6138.168658 -11.597374 
6138.268658 -12.356539 
6138.368658 -13.014494 
6138.468658 -13.569082 
6138.568658 -14.018681 
6138.668658 -14.362144 
6138.768658 -14.598751 
6138.868658 -14.728175 
6138.968658 -14.750449 
6139.068658 -14.665947 
6139.168658 -14.475372 
6139.268658 -14.179752 
6139.368658 -13.780449 
6139.468658 -13.279166 
6139.568658 -12.677977 
6139.668658 -11.979349 
6139.768658 -11.186187 
6139.868658 -10.301874 
6139.968658 -9.330324 
6140.068658 -8.276040 
6140.168658 -7.144174 
6140.268658 -5.940595 
6140.368658 -4.671951 
6140.468658 -3.345738 
6140.568658 -1.970358 
6140.668658 -0.555169 
6140.768658 0.889477 
6140.868658 2.352210 
6140.968658 3.820653 
6141.068658 5.281457 
6141.168658 6.720369 
6141.268658 8.122356 
6141.368658 9.471761 
6141.468658 10.752523 
6141.568658 11.948443 
6141.668658 13.043494 
6141.768658 14.022183 
6141.868658 14.869936 
6141.968658 15.573502 
6142.068658 16.121359 
6142.168658 16.504088 
6142.268658 16.714705 
6142.368658 16.748930 
6142.468658 16.605363 
6142.568658 16.285565 
6142.668658 15.794034 
6142.768658 15.138075 
6142.868658 14.327569 
6142.968658 13.374667 
6143.068658 12.293414 
6143.168658 11.099339 
6143.268658 9.809018 
6143.368658 8.439655 
6143.468658 7.008673 
6143.568658 5.533355 
6143.668658 4.030530 
6143.768658 2.516314 
6143.868658 1.005907 
6143.968658 -0.486546 
6144.068658 -1.948053 
6144.168658 -3.366823 
6144.268658 -4.732275 
6144.368658 -6.035015 
6144.468658 -7.266794 
6144.568658 -8.420444 
6144.668658 -9.489804 
6144.768658 -10.469642 
6144.868658 -11.355571 
6144.968658 -12.143967 
6145.068658 -12.831895 
6145.168658 -13.417032 
6145.268658 -13.897604 
6145.368658 -14.272331 
6145.468658 -14.540371 
6145.568658 -14.701286 
6145.668658 -14.755005 
6145.768658 -14.701803 
6145.868658 -14.542289 
6145.968658 -14.277394 
6146.068658 -13.908380 
6146.168658 -13.436850 
6146.268658 -12.864764 
6146.368658 -12.194471 
6146.468658 -11.428745 
6146.568658 -10.570820 
6146.668658 -9.624451 
6146.768658 -8.593961 
6146.868658 -7.484305 
6146.968658 -6.301134 
6147.068658 -5.050860 
6147.168658 -3.740725 
6147.268658 -2.378858 
6147.368658 -0.974332 
6147.468658 0.462797 
6147.568658 1.921456 
6147.668658 3.389565 
6147.768658 4.854052 
6147.868658 6.300921 
6147.968658 7.715352 
6148.068658 9.081851 
6148.168658 10.384453 
6148.268658 11.606967 
6148.368658 12.733280 
