descriptor Tc_phase m_phase 
-1.500000 -3.720518 
-1.499000 -3.674870 
-1.498000 -3.629070 
-1.497000 -3.583116 
-1.496000 -3.537010 
-1.495000 -3.490752 
-1.494000 -3.444341 
-1.493000 -3.397778 
-1.492000 -3.351062 
-1.491000 -3.304195 
-1.490000 -3.257176 
-1.489000 -3.210005 
-1.488000 -3.162682 
-1.487000 -3.115208 
-1.486000 -3.067582 
-1.485000 -3.019805 
-1.484000 -2.971876 
-1.483000 -2.923797 
-1.482000 -2.875566 
-1.481000 -2.827185 
-1.480000 -2.778653 
-1.479000 -2.729970 
-1.478000 -2.681137 
-1.477000 -2.632153 
-1.476000 -2.583019 
-1.475000 -2.533735 
-1.474000 -2.484301 
-1.473000 -2.434718 
-1.472000 -2.384984 
-1.471000 -2.335101 
-1.470000 -2.285069 
-1.469000 -2.234888 
-1.468000 -2.184557 
-1.467000 -2.134078 
-1.466000 -2.083449 
-1.465000 -2.032673 
-1.464000 -1.981748 
-1.463000 -1.930674 
-1.462000 -1.879453 
-1.461000 -1.828084 
-1.460000 -1.776567 
-1.459000 -1.724902 
-1.458000 -1.673091 
-1.457000 -1.621132 
-1.456000 -1.569026 
-1.455000 -1.516774 
-1.454000 -1.464375 
-1.453000 -1.411830 
-1.452000 -1.359139 
-1.451000 -1.306302 
-1.450000 -1.253320 
-1.449000 -1.200192 
-1.448000 -1.146919 
-1.447000 -1.093501 
-1.446000 -1.039938 
-1.445000 -0.986232 
-1.444000 -0.932381 
-1.443000 -0.878386 
-1.442000 -0.824248 
-1.441000 -0.769966 
-1.440000 -0.715542 
-1.439000 -0.660975 
-1.438000 -0.606265 
-1.437000 -0.551413 
-1.436000 -0.496420 
-1.435000 -0.441285 
-1.434000 -0.386009 
-1.433000 -0.330592 
-1.432000 -0.275035 
-1.431000 -0.219338 
-1.430000 -0.163501 
-1.429000 -0.107524 
-1.428000 -0.051409 
-1.427000 0.004845 
-1.426000 0.061237 
-1.425000 0.117767 
-1.424000 0.174435 
-1.423000 0.231239 
-1.422000 0.288181 
-1.421000 0.345258 
-1.420000 0.402471 
-1.419000 0.459819 
-1.418000 0.517302 
-1.417000 0.574919 
-1.416000 0.632670 
-1.415000 0.690555 
-1.414000 0.748572 
-1.413000 0.806721 
-1.412000 0.865003 
-1.411000 0.923415 
-1.410000 0.981959 
-1.409000 1.040632 
-1.408000 1.099435 
-1.407000 1.158367 
-1.406000 1.217427 
-1.405000 1.276616 
-1.404000 1.335931 
-1.403000 1.395373 
-1.402000 1.454940 
-1.401000 1.514633 
-1.400000 1.574451 
-1.399000 1.634392 
-1.398000 1.694457 
-1.397000 1.754644 
-1.396000 1.814952 
-1.395000 1.875382 
-1.394000 1.935932 
-1.393000 1.996601 
-1.392000 2.057389 
-1.391000 2.118295 
-1.390000 2.179317 
-1.389000 2.240456 
-1.388000 2.301710 
-1.387000 2.363079 
-1.386000 2.424561 
-1.385000 2.486156 
-1.384000 2.547863 
-1.383000 2.609680 
-1.382000 2.671607 
-1.381000 2.733643 
-1.380000 2.795787 
-1.379000 2.858038 
-1.378000 2.920394 
-1.377000 2.982855 
-1.376000 3.045420 
-1.375000 3.108088 
-1.374000 3.170857 
-1.373000 3.233726 
-1.372000 3.296694 
-1.371000 3.359760 
-1.370000 3.422923 
-1.369000 3.486182 
-1.368000 3.549535 
-1.367000 3.612981 
-1.366000 3.676518 
-1.365000 3.740146 
-1.364000 3.803863 
-1.363000 3.867668 
-1.362000 3.931559 
-1.361000 3.995535 
-1.360000 4.059594 
-1.359000 4.123735 
-1.358000 4.187957 
-1.357000 4.252258 
-1.356000 4.316636 
-1.355000 4.381090 
-1.354000 4.445618 
-1.353000 4.510219 
-1.352000 4.574891 
-1.351000 4.639631 
-1.350000 4.704440 
-1.349000 4.769314 
-1.348000 4.834252 
-1.347000 4.899253 
-1.346000 4.964314 
-1.345000 5.029433 
-1.344000 5.094609 
-1.343000 5.159839 
-1.342000 5.225122 
-1.341000 5.290456 
-1.340000 5.355838 
-1.339000 5.421267 
-1.338000 5.486740 
-1.337000 5.552256 
-1.336000 5.617812 
-1.335000 5.683405 
-1.334000 5.749035 
-1.333000 5.814698 
-1.332000 5.880391 
-1.331000 5.946114 
-1.330000 6.011863 
-1.329000 6.077635 
-1.328000 6.143429 
-1.327000 6.209242 
-1.326000 6.275072 
-1.325000 6.340915 
-1.324000 6.406769 
-1.323000 6.472631 
-1.322000 6.538500 
-1.321000 6.604371 
-1.320000 6.670242 
-1.319000 6.736111 
-1.318000 6.801974 
-1.317000 6.867828 
-1.316000 6.933671 
-1.315000 6.999499 
-1.314000 7.065310 
-1.313000 7.131100 
-1.312000 7.196866 
-1.311000 7.262604 
-1.310000 7.328313 
-1.309000 7.393987 
-1.308000 7.459625 
-1.307000 7.525222 
-1.306000 7.590775 
-1.305000 7.656281 
-1.304000 7.721736 
-1.303000 7.787136 
-1.302000 7.852478 
-1.301000 7.917758 
-1.300000 7.982972 
-1.299000 8.048116 
-1.298000 8.113187 
-1.297000 8.178181 
-1.296000 8.243093 
-1.295000 8.307920 
-1.294000 8.372657 
-1.293000 8.437301 
-1.292000 8.501847 
-1.291000 8.566291 
-1.290000 8.630628 
-1.289000 8.694855 
-1.288000 8.758966 
-1.287000 8.822958 
-1.286000 8.886825 
-1.285000 8.950564 
-1.284000 9.014169 
-1.283000 9.077635 
-1.282000 9.140959 
-1.281000 9.204135 
-1.280000 9.267158 
-1.279000 9.330023 
-1.278000 9.392725 
-1.277000 9.455260 
-1.276000 9.517621 
-1.275000 9.579804 
-1.274000 9.641804 
-1.273000 9.703614 
-1.272000 9.765231 
-1.271000 9.826648 
-1.270000 9.887859 
-1.269000 9.948859 
-1.268000 10.009643 
-1.267000 10.070205 
-1.266000 10.130539 
-1.265000 10.190639 
-1.264000 10.250499 
-1.263000 10.310113 
-1.262000 10.369476 
-1.261000 10.428581 
-1.260000 10.487421 
-1.259000 10.545992 
-1.258000 10.604286 
-1.257000 10.662297 
-1.256000 10.720018 
-1.255000 10.777444 
-1.254000 10.834568 
-1.253000 10.891382 
-1.252000 10.947881 
-1.251000 11.004058 
-1.250000 11.059905 
-1.249000 11.115417 
-1.248000 11.170585 
-1.247000 11.225404 
-1.246000 11.279866 
-1.245000 11.333964 
-1.244000 11.387690 
-1.243000 11.441039 
-1.242000 11.494001 
-1.241000 11.546571 
-1.240000 11.598741 
-1.239000 11.650503 
-1.238000 11.701849 
-1.237000 11.752773 
-1.236000 11.803266 
-1.235000 11.853322 
-1.234000 11.902931 
-1.233000 11.952088 
-1.232000 12.000782 
-1.231000 12.049008 
-1.230000 12.096757 
-1.229000 12.144021 
-1.228000 12.190792 
-1.227000 12.237062 
-1.226000 12.282823 
-1.225000 12.328067 
-1.224000 12.372785 
-1.223000 12.416970 
-1.222000 12.460614 
-1.221000 12.503707 
-1.220000 12.546242 
-1.219000 12.588211 
-1.218000 12.629605 
-1.217000 12.670415 
-1.216000 12.710634 
-1.215000 12.750253 
-1.214000 12.789264 
-1.213000 12.827657 
-1.212000 12.865425 
-1.211000 12.902559 
-1.210000 12.939050 
-1.209000 12.974891 
-1.208000 13.010072 
-1.207000 13.044585 
-1.206000 13.078422 
-1.205000 13.111573 
-1.204000 13.144031 
-1.203000 13.175787 
-1.202000 13.206832 
-1.201000 13.237158 
-1.200000 13.266756 
-1.199000 13.295619 
-1.198000 13.323737 
-1.197000 13.351101 
-1.196000 13.377705 
-1.195000 13.403538 
-1.194000 13.428594 
-1.193000 13.452863 
-1.192000 13.476337 
-1.191000 13.499009 
-1.190000 13.520869 
-1.189000 13.541910 
-1.188000 13.562124 
-1.187000 13.581503 
-1.186000 13.600038 
-1.185000 13.617722 
-1.184000 13.634547 
-1.183000 13.650505 
-1.182000 13.665588 
-1.181000 13.679790 
-1.180000 13.693101 
-1.179000 13.705516 
-1.178000 13.717026 
-1.177000 13.727624 
-1.176000 13.737303 
-1.175000 13.746057 
-1.174000 13.753877 
-1.173000 13.760757 
-1.172000 13.766691 
-1.171000 13.771671 
-1.170000 13.775692 
-1.169000 13.778747 
-1.168000 13.780829 
-1.167000 13.781933 
-1.166000 13.782052 
-1.165000 13.781181 
-1.164000 13.779313 
-1.163000 13.776445 
-1.162000 13.772569 
-1.161000 13.767681 
-1.160000 13.761775 
-1.159000 13.754847 
-1.158000 13.746892 
-1.157000 13.737906 
-1.156000 13.727883 
-1.155000 13.716820 
-1.154000 13.704713 
-1.153000 13.691558 
-1.152000 13.677351 
-1.151000 13.662088 
-1.150000 13.645767 
-1.149000 13.628384 
-1.148000 13.609937 
-1.147000 13.590422 
-1.146000 13.569838 
-1.145000 13.548182 
-1.144000 13.525451 
-1.143000 13.501645 
-1.142000 13.476762 
-1.141000 13.450799 
-1.140000 13.423757 
-1.139000 13.395634 
-1.138000 13.366429 
-1.137000 13.336142 
-1.136000 13.304773 
-1.135000 13.272322 
-1.134000 13.238789 
-1.133000 13.204174 
-1.132000 13.168479 
-1.131000 13.131704 
-1.130000 13.093850 
-1.129000 13.054920 
-1.128000 13.014914 
-1.127000 12.973835 
-1.126000 12.931685 
-1.125000 12.888466 
-1.124000 12.844182 
-1.123000 12.798834 
-1.122000 12.752427 
-1.121000 12.704964 
-1.120000 12.656448 
-1.119000 12.606884 
-1.118000 12.556276 
-1.117000 12.504628 
-1.116000 12.451945 
-1.115000 12.398232 
-1.114000 12.343495 
-1.113000 12.287738 
-1.112000 12.230967 
-1.111000 12.173189 
-1.110000 12.114410 
-1.109000 12.054636 
-1.108000 11.993873 
-1.107000 11.932130 
-1.106000 11.869412 
-1.105000 11.805727 
-1.104000 11.741084 
-1.103000 11.675489 
-1.102000 11.608952 
-1.101000 11.541479 
-1.100000 11.473080 
-1.099000 11.403764 
-1.098000 11.333539 
-1.097000 11.262414 
-1.096000 11.190400 
-1.095000 11.117505 
-1.094000 11.043739 
-1.093000 10.969113 
-1.092000 10.893636 
-1.091000 10.817318 
-1.090000 10.740171 
-1.089000 10.662204 
-1.088000 10.583429 
-1.087000 10.503857 
-1.086000 10.423499 
-1.085000 10.342367 
-1.084000 10.260471 
-1.083000 10.177823 
-1.082000 10.094436 
-1.081000 10.010320 
-1.080000 9.925489 
-1.079000 9.839954 
-1.078000 9.753728 
-1.077000 9.666823 
-1.076000 9.579252 
-1.075000 9.491027 
-1.074000 9.402161 
-1.073000 9.312667 
-1.072000 9.222558 
-1.071000 9.131846 
-1.070000 9.040546 
-1.069000 8.948669 
-1.068000 8.856230 
-1.067000 8.763242 
-1.066000 8.669717 
-1.065000 8.575670 
-1.064000 8.481113 
-1.063000 8.386061 
-1.062000 8.290527 
-1.061000 8.194524 
-1.060000 8.098067 
-1.059000 8.001167 
-1.058000 7.903841 
-1.057000 7.806099 
-1.056000 7.707958 
-1.055000 7.609429 
-1.054000 7.510528 
-1.053000 7.411266 
-1.052000 7.311659 
-1.051000 7.211719 
-1.050000 7.111460 
-1.049000 7.010896 
-1.048000 6.910040 
-1.047000 6.808905 
-1.046000 6.707505 
-1.045000 6.605854 
-1.044000 6.503964 
-1.043000 6.401849 
-1.042000 6.299522 
-1.041000 6.196996 
-1.040000 6.094284 
-1.039000 5.991399 
-1.038000 5.888354 
-1.037000 5.785163 
-1.036000 5.681836 
-1.035000 5.578388 
-1.034000 5.474830 
-1.033000 5.371176 
-1.032000 5.267437 
-1.031000 5.163626 
-1.030000 5.059755 
-1.029000 4.955836 
-1.028000 4.851881 
-1.027000 4.747902 
-1.026000 4.643910 
-1.025000 4.539917 
-1.024000 4.435934 
-1.023000 4.331973 
-1.022000 4.228046 
-1.021000 4.124162 
-1.020000 4.020334 
-1.019000 3.916572 
-1.018000 3.812886 
-1.017000 3.709287 
-1.016000 3.605787 
-1.015000 3.502394 
-1.014000 3.399119 
-1.013000 3.295973 
-1.012000 3.192965 
-1.011000 3.090104 
-1.010000 2.987401 
-1.009000 2.884865 
-1.008000 2.782505 
-1.007000 2.680331 
-1.006000 2.578351 
-1.005000 2.476574 
-1.004000 2.375009 
-1.003000 2.273665 
-1.002000 2.172551 
-1.001000 2.071673 
-1.000000 1.971042 
-0.999000 1.870663 
-0.998000 1.770547 
-0.997000 1.670699 
-0.996000 1.571129 
-0.995000 1.471842 
-0.994000 1.372847 
-0.993000 1.274151 
-0.992000 1.175760 
-0.991000 1.077682 
-0.990000 0.979923 
-0.989000 0.882489 
-0.988000 0.785388 
-0.987000 0.688626 
-0.986000 0.592207 
-0.985000 0.496140 
-0.984000 0.400429 
-0.983000 0.305080 
-0.982000 0.210099 
-0.981000 0.115491 
-0.980000 0.021262 
-0.979000 -0.072584 
-0.978000 -0.166041 
-0.977000 -0.259104 
-0.976000 -0.351769 
-0.975000 -0.444031 
-0.974000 -0.535885 
-0.973000 -0.627327 
-0.972000 -0.718353 
-0.971000 -0.808958 
-0.970000 -0.899139 
-0.969000 -0.988891 
-0.968000 -1.078212 
-0.967000 -1.167096 
-0.966000 -1.255541 
-0.965000 -1.343544 
-0.964000 -1.431100 
-0.963000 -1.518207 
-0.962000 -1.604861 
-0.961000 -1.691060 
-0.960000 -1.776801 
-0.959000 -1.862081 
-0.958000 -1.946897 
-0.957000 -2.031247 
-0.956000 -2.115128 
-0.955000 -2.198538 
-0.954000 -2.281475 
-0.953000 -2.363936 
-0.952000 -2.445920 
-0.951000 -2.527424 
-0.950000 -2.608447 
-0.949000 -2.688988 
-0.948000 -2.769043 
-0.947000 -2.848612 
-0.946000 -2.927693 
-0.945000 -3.006285 
-0.944000 -3.084386 
-0.943000 -3.161995 
-0.942000 -3.239112 
-0.941000 -3.315734 
-0.940000 -3.391861 
-0.939000 -3.467492 
-0.938000 -3.542626 
-0.937000 -3.617263 
-0.936000 -3.691401 
-0.935000 -3.765040 
-0.934000 -3.838179 
-0.933000 -3.910819 
-0.932000 -3.982958 
-0.931000 -4.054596 
-0.930000 -4.125732 
-0.929000 -4.196368 
-0.928000 -4.266502 
-0.927000 -4.336134 
-0.926000 -4.405264 
-0.925000 -4.473893 
-0.924000 -4.542020 
-0.923000 -4.609645 
-0.922000 -4.676769 
-0.921000 -4.743392 
-0.920000 -4.809514 
-0.919000 -4.875136 
-0.918000 -4.940257 
-0.917000 -5.004879 
-0.916000 -5.069001 
-0.915000 -5.132625 
-0.914000 -5.195750 
-0.913000 -5.258378 
-0.912000 -5.320509 
-0.911000 -5.382143 
-0.910000 -5.443283 
-0.909000 -5.503927 
-0.908000 -5.564077 
-0.907000 -5.623735 
-0.906000 -5.682900 
-0.905000 -5.741574 
-0.904000 -5.799758 
-0.903000 -5.857452 
-0.902000 -5.914658 
-0.901000 -5.971377 
-0.900000 -6.027609 
-0.899000 -6.083357 
-0.898000 -6.138620 
-0.897000 -6.193401 
-0.896000 -6.247700 
-0.895000 -6.301519 
-0.894000 -6.354858 
-0.893000 -6.407720 
-0.892000 -6.460106 
-0.891000 -6.512016 
-0.890000 -6.563452 
-0.889000 -6.614416 
-0.888000 -6.664908 
-0.887000 -6.714931 
-0.886000 -6.764485 
-0.885000 -6.813573 
-0.884000 -6.862195 
-0.883000 -6.910353 
-0.882000 -6.958049 
-0.881000 -7.005283 
-0.880000 -7.052058 
-0.879000 -7.098376 
-0.878000 -7.144237 
-0.877000 -7.189643 
-0.876000 -7.234596 
-0.875000 -7.279097 
-0.874000 -7.323148 
-0.873000 -7.366750 
-0.872000 -7.409906 
-0.871000 -7.452617 
-0.870000 -7.494884 
-0.869000 -7.536709 
-0.868000 -7.578094 
-0.867000 -7.619040 
-0.866000 -7.659549 
-0.865000 -7.699623 
-0.864000 -7.739264 
-0.863000 -7.778473 
-0.862000 -7.817251 
-0.861000 -7.855601 
-0.860000 -7.893524 
-0.859000 -7.931022 
-0.858000 -7.968097 
-0.857000 -8.004750 
-0.856000 -8.040983 
-0.855000 -8.076798 
-0.854000 -8.112196 
-0.853000 -8.147180 
-0.852000 -8.181751 
-0.851000 -8.215910 
-0.850000 -8.249660 
-0.849000 -8.283002 
-0.848000 -8.315938 
-0.847000 -8.348469 
-0.846000 -8.380598 
-0.845000 -8.412327 
-0.844000 -8.443655 
-0.843000 -8.474587 
-0.842000 -8.505123 
-0.841000 -8.535264 
-0.840000 -8.565014 
-0.839000 -8.594373 
-0.838000 -8.623343 
-0.837000 -8.651927 
-0.836000 -8.680124 
-0.835000 -8.707939 
-0.834000 -8.735371 
-0.833000 -8.762423 
-0.832000 -8.789096 
-0.831000 -8.815393 
-0.830000 -8.841315 
-0.829000 -8.866863 
-0.828000 -8.892039 
-0.827000 -8.916845 
-0.826000 -8.941283 
-0.825000 -8.965355 
-0.824000 -8.989061 
-0.823000 -9.012404 
-0.822000 -9.035385 
-0.821000 -9.058006 
-0.820000 -9.080269 
-0.819000 -9.102175 
-0.818000 -9.123726 
-0.817000 -9.144923 
-0.816000 -9.165769 
-0.815000 -9.186264 
-0.814000 -9.206411 
-0.813000 -9.226211 
-0.812000 -9.245665 
-0.811000 -9.264776 
-0.810000 -9.283544 
-0.809000 -9.301971 
-0.808000 -9.320060 
-0.807000 -9.337811 
-0.806000 -9.355226 
-0.805000 -9.372307 
-0.804000 -9.389055 
-0.803000 -9.405471 
-0.802000 -9.421558 
-0.801000 -9.437316 
-0.800000 -9.452748 
-0.799000 -9.467855 
-0.798000 -9.482638 
-0.797000 -9.497098 
-0.796000 -9.511238 
-0.795000 -9.525059 
-0.794000 -9.538562 
-0.793000 -9.551749 
-0.792000 -9.564620 
-0.791000 -9.577179 
-0.790000 -9.589425 
-0.789000 -9.601361 
-0.788000 -9.612988 
-0.787000 -9.624307 
-0.786000 -9.635319 
-0.785000 -9.646027 
-0.784000 -9.656432 
-0.783000 -9.666534 
-0.782000 -9.676336 
-0.781000 -9.685838 
-0.780000 -9.695042 
-0.779000 -9.703950 
-0.778000 -9.712562 
-0.777000 -9.720880 
-0.776000 -9.728906 
-0.775000 -9.736640 
-0.774000 -9.744085 
-0.773000 -9.751241 
-0.772000 -9.758109 
-0.771000 -9.764691 
-0.770000 -9.770989 
-0.769000 -9.777002 
-0.768000 -9.782734 
-0.767000 -9.788184 
-0.766000 -9.793355 
-0.765000 -9.798247 
-0.764000 -9.802862 
-0.763000 -9.807201 
-0.762000 -9.811265 
-0.761000 -9.815055 
-0.760000 -9.818572 
-0.759000 -9.821819 
-0.758000 -9.824795 
-0.757000 -9.827502 
-0.756000 -9.829942 
-0.755000 -9.832115 
-0.754000 -9.834022 
-0.753000 -9.835665 
-0.752000 -9.837045 
-0.751000 -9.838163 
-0.750000 -9.839020 
-0.749000 -9.839617 
-0.748000 -9.839955 
-0.747000 -9.840035 
-0.746000 -9.839859 
-0.745000 -9.839428 
-0.744000 -9.838742 
-0.743000 -9.837802 
-0.742000 -9.836611 
-0.741000 -9.835168 
-0.740000 -9.833475 
-0.739000 -9.831532 
-0.738000 -9.829342 
-0.737000 -9.826904 
-0.736000 -9.824220 
-0.735000 -9.821291 
-0.734000 -9.818118 
-0.733000 -9.814702 
-0.732000 -9.811043 
-0.731000 -9.807143 
-0.730000 -9.803003 
-0.729000 -9.798624 
-0.728000 -9.794006 
-0.727000 -9.789151 
-0.726000 -9.784059 
-0.725000 -9.778731 
-0.724000 -9.773169 
-0.723000 -9.767374 
-0.722000 -9.761345 
-0.721000 -9.755084 
-0.720000 -9.748592 
-0.719000 -9.741870 
-0.718000 -9.734919 
-0.717000 -9.727739 
-0.716000 -9.720332 
-0.715000 -9.712698 
-0.714000 -9.704838 
-0.713000 -9.696753 
-0.712000 -9.688443 
-0.711000 -9.679911 
-0.710000 -9.671155 
-0.709000 -9.662178 
-0.708000 -9.652980 
-0.707000 -9.643562 
-0.706000 -9.633924 
-0.705000 -9.624067 
-0.704000 -9.613993 
-0.703000 -9.603702 
-0.702000 -9.593194 
-0.701000 -9.582471 
-0.700000 -9.571533 
-0.699000 -9.560381 
-0.698000 -9.549015 
-0.697000 -9.537437 
-0.696000 -9.525647 
-0.695000 -9.513646 
-0.694000 -9.501435 
-0.693000 -9.489013 
-0.692000 -9.476383 
-0.691000 -9.463544 
-0.690000 -9.450498 
-0.689000 -9.437245 
-0.688000 -9.423785 
-0.687000 -9.410120 
-0.686000 -9.396249 
-0.685000 -9.382174 
-0.684000 -9.367896 
-0.683000 -9.353415 
-0.682000 -9.338731 
-0.681000 -9.323845 
-0.680000 -9.308758 
-0.679000 -9.293471 
-0.678000 -9.277984 
-0.677000 -9.262297 
-0.676000 -9.246412 
-0.675000 -9.230328 
-0.674000 -9.214047 
-0.673000 -9.197569 
-0.672000 -9.180895 
-0.671000 -9.164025 
-0.670000 -9.146959 
-0.669000 -9.129699 
-0.668000 -9.112245 
-0.667000 -9.094598 
-0.666000 -9.076757 
-0.665000 -9.058724 
-0.664000 -9.040499 
-0.663000 -9.022082 
-0.662000 -9.003475 
-0.661000 -8.984677 
-0.660000 -8.965689 
-0.659000 -8.946512 
-0.658000 -8.927146 
-0.657000 -8.907592 
-0.656000 -8.887850 
-0.655000 -8.867921 
-0.654000 -8.847804 
-0.653000 -8.827502 
-0.652000 -8.807013 
-0.651000 -8.786339 
-0.650000 -8.765480 
-0.649000 -8.744436 
-0.648000 -8.723208 
-0.647000 -8.701797 
-0.646000 -8.680203 
-0.645000 -8.658425 
-0.644000 -8.636466 
-0.643000 -8.614324 
-0.642000 -8.592001 
-0.641000 -8.569497 
-0.640000 -8.546812 
-0.639000 -8.523947 
-0.638000 -8.500903 
-0.637000 -8.477679 
-0.636000 -8.454276 
-0.635000 -8.430694 
-0.634000 -8.406934 
-0.633000 -8.382996 
-0.632000 -8.358881 
-0.631000 -8.334588 
-0.630000 -8.310119 
-0.629000 -8.285474 
-0.628000 -8.260652 
-0.627000 -8.235655 
-0.626000 -8.210483 
-0.625000 -8.185135 
-0.624000 -8.159614 
-0.623000 -8.133917 
-0.622000 -8.108047 
-0.621000 -8.082004 
-0.620000 -8.055787 
-0.619000 -8.029397 
-0.618000 -8.002835 
-0.617000 -7.976101 
-0.616000 -7.949194 
-0.615000 -7.922116 
-0.614000 -7.894866 
-0.613000 -7.867446 
-0.612000 -7.839855 
-0.611000 -7.812093 
-0.610000 -7.784161 
-0.609000 -7.756059 
-0.608000 -7.727788 
-0.607000 -7.699348 
-0.606000 -7.670738 
-0.605000 -7.641960 
-0.604000 -7.613013 
-0.603000 -7.583898 
-0.602000 -7.554615 
-0.601000 -7.525165 
-0.600000 -7.495547 
-0.599000 -7.465762 
-0.598000 -7.435810 
-0.597000 -7.405691 
-0.596000 -7.375406 
-0.595000 -7.344954 
-0.594000 -7.314337 
-0.593000 -7.283554 
-0.592000 -7.252606 
-0.591000 -7.221492 
-0.590000 -7.190214 
-0.589000 -7.158770 
-0.588000 -7.127162 
-0.587000 -7.095390 
-0.586000 -7.063453 
-0.585000 -7.031353 
-0.584000 -6.999088 
-0.583000 -6.966661 
-0.582000 -6.934069 
-0.581000 -6.901315 
-0.580000 -6.868398 
-0.579000 -6.835318 
-0.578000 -6.802076 
-0.577000 -6.768671 
-0.576000 -6.735104 
-0.575000 -6.701375 
-0.574000 -6.667484 
-0.573000 -6.633432 
-0.572000 -6.599218 
-0.571000 -6.564843 
-0.570000 -6.530307 
-0.569000 -6.495610 
-0.568000 -6.460752 
-0.567000 -6.425733 
-0.566000 -6.390554 
-0.565000 -6.355215 
-0.564000 -6.319715 
-0.563000 -6.284056 
-0.562000 -6.248236 
-0.561000 -6.212258 
-0.560000 -6.176119 
-0.559000 -6.139821 
-0.558000 -6.103364 
-0.557000 -6.066748 
-0.556000 -6.029973 
-0.555000 -5.993039 
-0.554000 -5.955946 
-0.553000 -5.918695 
-0.552000 -5.881285 
-0.551000 -5.843717 
-0.550000 -5.805991 
-0.549000 -5.768107 
-0.548000 -5.730065 
-0.547000 -5.691865 
-0.546000 -5.653508 
-0.545000 -5.614993 
-0.544000 -5.576321 
-0.543000 -5.537491 
-0.542000 -5.498504 
-0.541000 -5.459360 
-0.540000 -5.420059 
-0.539000 -5.380602 
-0.538000 -5.340987 
-0.537000 -5.301216 
-0.536000 -5.261288 
-0.535000 -5.221205 
-0.534000 -5.180964 
-0.533000 -5.140568 
-0.532000 -5.100015 
-0.531000 -5.059307 
-0.530000 -5.018443 
-0.529000 -4.977422 
-0.528000 -4.936247 
-0.527000 -4.894915 
-0.526000 -4.853428 
-0.525000 -4.811786 
-0.524000 -4.769989 
-0.523000 -4.728036 
-0.522000 -4.685928 
-0.521000 -4.643666 
-0.520000 -4.601248 
-0.519000 -4.558676 
-0.518000 -4.515949 
-0.517000 -4.473067 
-0.516000 -4.430031 
-0.515000 -4.386840 
-0.514000 -4.343496 
-0.513000 -4.299996 
-0.512000 -4.256343 
-0.511000 -4.212536 
-0.510000 -4.168575 
-0.509000 -4.124460 
-0.508000 -4.080191 
-0.507000 -4.035769 
-0.506000 -3.991193 
-0.505000 -3.946464 
-0.504000 -3.901581 
-0.503000 -3.856545 
-0.502000 -3.811356 
-0.501000 -3.766014 
-0.500000 -3.720518 
-0.499000 -3.674870 
-0.498000 -3.629070 
-0.497000 -3.583116 
-0.496000 -3.537010 
-0.495000 -3.490752 
-0.494000 -3.444341 
-0.493000 -3.397778 
-0.492000 -3.351062 
-0.491000 -3.304195 
-0.490000 -3.257176 
-0.489000 -3.210005 
-0.488000 -3.162682 
-0.487000 -3.115208 
-0.486000 -3.067582 
-0.485000 -3.019805 
-0.484000 -2.971876 
-0.483000 -2.923797 
-0.482000 -2.875566 
-0.481000 -2.827185 
-0.480000 -2.778653 
-0.479000 -2.729970 
-0.478000 -2.681137 
-0.477000 -2.632153 
-0.476000 -2.583019 
-0.475000 -2.533735 
-0.474000 -2.484301 
-0.473000 -2.434718 
-0.472000 -2.384984 
-0.471000 -2.335101 
-0.470000 -2.285069 
-0.469000 -2.234888 
-0.468000 -2.184557 
-0.467000 -2.134078 
-0.466000 -2.083449 
-0.465000 -2.032673 
-0.464000 -1.981748 
-0.463000 -1.930674 
-0.462000 -1.879453 
-0.461000 -1.828084 
-0.460000 -1.776567 
-0.459000 -1.724902 
-0.458000 -1.673091 
-0.457000 -1.621132 
-0.456000 -1.569026 
-0.455000 -1.516774 
-0.454000 -1.464375 
-0.453000 -1.411830 
-0.452000 -1.359139 
-0.451000 -1.306302 
-0.450000 -1.253320 
-0.449000 -1.200192 
-0.448000 -1.146919 
-0.447000 -1.093501 
-0.446000 -1.039938 
-0.445000 -0.986232 
-0.444000 -0.932381 
-0.443000 -0.878386 
-0.442000 -0.824248 
-0.441000 -0.769966 
-0.440000 -0.715542 
-0.439000 -0.660975 
-0.438000 -0.606265 
-0.437000 -0.551413 
-0.436000 -0.496420 
-0.435000 -0.441285 
-0.434000 -0.386009 
-0.433000 -0.330592 
-0.432000 -0.275035 
-0.431000 -0.219338 
-0.430000 -0.163501 
-0.429000 -0.107524 
-0.428000 -0.051409 
-0.427000 0.004845 
-0.426000 0.061237 
-0.425000 0.117767 
-0.424000 0.174435 
-0.423000 0.231239 
-0.422000 0.288181 
-0.421000 0.345258 
-0.420000 0.402471 
-0.419000 0.459819 
-0.418000 0.517302 
-0.417000 0.574919 
-0.416000 0.632670 
-0.415000 0.690555 
-0.414000 0.748572 
-0.413000 0.806721 
-0.412000 0.865003 
-0.411000 0.923415 
-0.410000 0.981959 
-0.409000 1.040632 
-0.408000 1.099435 
-0.407000 1.158367 
-0.406000 1.217427 
-0.405000 1.276616 
-0.404000 1.335931 
-0.403000 1.395373 
-0.402000 1.454940 
-0.401000 1.514633 
-0.400000 1.574451 
-0.399000 1.634392 
-0.398000 1.694457 
-0.397000 1.754644 
-0.396000 1.814952 
-0.395000 1.875382 
-0.394000 1.935932 
-0.393000 1.996601 
-0.392000 2.057389 
-0.391000 2.118295 
-0.390000 2.179317 
-0.389000 2.240456 
-0.388000 2.301710 
-0.387000 2.363079 
-0.386000 2.424561 
-0.385000 2.486156 
-0.384000 2.547863 
-0.383000 2.609680 
-0.382000 2.671607 
-0.381000 2.733643 
-0.380000 2.795787 
-0.379000 2.858038 
-0.378000 2.920394 
-0.377000 2.982855 
-0.376000 3.045420 
-0.375000 3.108088 
-0.374000 3.170857 
-0.373000 3.233726 
-0.372000 3.296694 
-0.371000 3.359760 
-0.370000 3.422923 
-0.369000 3.486182 
-0.368000 3.549535 
-0.367000 3.612981 
-0.366000 3.676518 
-0.365000 3.740146 
-0.364000 3.803863 
-0.363000 3.867668 
-0.362000 3.931559 
-0.361000 3.995535 
-0.360000 4.059594 
-0.359000 4.123735 
-0.358000 4.187957 
-0.357000 4.252258 
-0.356000 4.316636 
-0.355000 4.381090 
-0.354000 4.445618 
-0.353000 4.510219 
-0.352000 4.574891 
-0.351000 4.639631 
-0.350000 4.704440 
-0.349000 4.769314 
-0.348000 4.834252 
-0.347000 4.899253 
-0.346000 4.964314 
-0.345000 5.029433 
-0.344000 5.094609 
-0.343000 5.159839 
-0.342000 5.225122 
-0.341000 5.290456 
-0.340000 5.355838 
-0.339000 5.421267 
-0.338000 5.486740 
-0.337000 5.552256 
-0.336000 5.617812 
-0.335000 5.683405 
-0.334000 5.749035 
-0.333000 5.814698 
-0.332000 5.880391 
-0.331000 5.946114 
-0.330000 6.011863 
-0.329000 6.077635 
-0.328000 6.143429 
-0.327000 6.209242 
-0.326000 6.275072 
-0.325000 6.340915 
-0.324000 6.406769 
-0.323000 6.472631 
-0.322000 6.538500 
-0.321000 6.604371 
-0.320000 6.670242 
-0.319000 6.736111 
-0.318000 6.801974 
-0.317000 6.867828 
-0.316000 6.933671 
-0.315000 6.999499 
-0.314000 7.065310 
-0.313000 7.131100 
-0.312000 7.196866 
-0.311000 7.262604 
-0.310000 7.328313 
-0.309000 7.393987 
-0.308000 7.459625 
-0.307000 7.525222 
-0.306000 7.590775 
-0.305000 7.656281 
-0.304000 7.721736 
-0.303000 7.787136 
-0.302000 7.852478 
-0.301000 7.917758 
-0.300000 7.982972 
-0.299000 8.048116 
-0.298000 8.113187 
-0.297000 8.178181 
-0.296000 8.243093 
-0.295000 8.307920 
-0.294000 8.372657 
-0.293000 8.437301 
-0.292000 8.501847 
-0.291000 8.566291 
-0.290000 8.630628 
-0.289000 8.694855 
-0.288000 8.758966 
-0.287000 8.822958 
-0.286000 8.886825 
-0.285000 8.950564 
-0.284000 9.014169 
-0.283000 9.077635 
-0.282000 9.140959 
-0.281000 9.204135 
-0.280000 9.267158 
-0.279000 9.330023 
-0.278000 9.392725 
-0.277000 9.455260 
-0.276000 9.517621 
-0.275000 9.579804 
-0.274000 9.641804 
-0.273000 9.703614 
-0.272000 9.765231 
-0.271000 9.826648 
-0.270000 9.887859 
-0.269000 9.948859 
-0.268000 10.009643 
-0.267000 10.070205 
-0.266000 10.130539 
-0.265000 10.190639 
-0.264000 10.250499 
-0.263000 10.310113 
-0.262000 10.369476 
-0.261000 10.428581 
-0.260000 10.487421 
-0.259000 10.545992 
-0.258000 10.604286 
-0.257000 10.662297 
-0.256000 10.720018 
-0.255000 10.777444 
-0.254000 10.834568 
-0.253000 10.891382 
-0.252000 10.947881 
-0.251000 11.004058 
-0.250000 11.059905 
-0.249000 11.115417 
-0.248000 11.170585 
-0.247000 11.225404 
-0.246000 11.279866 
-0.245000 11.333964 
-0.244000 11.387690 
-0.243000 11.441039 
-0.242000 11.494001 
-0.241000 11.546571 
-0.240000 11.598741 
-0.239000 11.650503 
-0.238000 11.701849 
-0.237000 11.752773 
-0.236000 11.803266 
-0.235000 11.853322 
-0.234000 11.902931 
-0.233000 11.952088 
-0.232000 12.000782 
-0.231000 12.049008 
-0.230000 12.096757 
-0.229000 12.144021 
-0.228000 12.190792 
-0.227000 12.237062 
-0.226000 12.282823 
-0.225000 12.328067 
-0.224000 12.372785 
-0.223000 12.416970 
-0.222000 12.460614 
-0.221000 12.503707 
-0.220000 12.546242 
-0.219000 12.588211 
-0.218000 12.629605 
-0.217000 12.670415 
-0.216000 12.710634 
-0.215000 12.750253 
-0.214000 12.789264 
-0.213000 12.827657 
-0.212000 12.865425 
-0.211000 12.902559 
-0.210000 12.939050 
-0.209000 12.974891 
-0.208000 13.010072 
-0.207000 13.044585 
-0.206000 13.078422 
-0.205000 13.111573 
-0.204000 13.144031 
-0.203000 13.175787 
-0.202000 13.206832 
-0.201000 13.237158 
-0.200000 13.266756 
-0.199000 13.295619 
-0.198000 13.323737 
-0.197000 13.351101 
-0.196000 13.377705 
-0.195000 13.403538 
-0.194000 13.428594 
-0.193000 13.452863 
-0.192000 13.476337 
-0.191000 13.499009 
-0.190000 13.520869 
-0.189000 13.541910 
-0.188000 13.562124 
-0.187000 13.581503 
-0.186000 13.600038 
-0.185000 13.617722 
-0.184000 13.634547 
-0.183000 13.650505 
-0.182000 13.665588 
-0.181000 13.679790 
-0.180000 13.693101 
-0.179000 13.705516 
-0.178000 13.717026 
-0.177000 13.727624 
-0.176000 13.737303 
-0.175000 13.746057 
-0.174000 13.753877 
-0.173000 13.760757 
-0.172000 13.766691 
-0.171000 13.771671 
-0.170000 13.775692 
-0.169000 13.778747 
-0.168000 13.780829 
-0.167000 13.781933 
-0.166000 13.782052 
-0.165000 13.781181 
-0.164000 13.779313 
-0.163000 13.776445 
-0.162000 13.772569 
-0.161000 13.767681 
-0.160000 13.761775 
-0.159000 13.754847 
-0.158000 13.746892 
-0.157000 13.737906 
-0.156000 13.727883 
-0.155000 13.716820 
-0.154000 13.704713 
-0.153000 13.691558 
-0.152000 13.677351 
-0.151000 13.662088 
-0.150000 13.645767 
-0.149000 13.628384 
-0.148000 13.609937 
-0.147000 13.590422 
-0.146000 13.569838 
-0.145000 13.548182 
-0.144000 13.525451 
-0.143000 13.501645 
-0.142000 13.476762 
-0.141000 13.450799 
-0.140000 13.423757 
-0.139000 13.395634 
-0.138000 13.366429 
-0.137000 13.336142 
-0.136000 13.304773 
-0.135000 13.272322 
-0.134000 13.238789 
-0.133000 13.204174 
-0.132000 13.168479 
-0.131000 13.131704 
-0.130000 13.093850 
-0.129000 13.054920 
-0.128000 13.014914 
-0.127000 12.973835 
-0.126000 12.931685 
-0.125000 12.888466 
-0.124000 12.844182 
-0.123000 12.798834 
-0.122000 12.752427 
-0.121000 12.704964 
-0.120000 12.656448 
-0.119000 12.606884 
-0.118000 12.556276 
-0.117000 12.504628 
-0.116000 12.451945 
-0.115000 12.398232 
-0.114000 12.343495 
-0.113000 12.287738 
-0.112000 12.230967 
-0.111000 12.173189 
-0.110000 12.114410 
-0.109000 12.054636 
-0.108000 11.993873 
-0.107000 11.932130 
-0.106000 11.869412 
-0.105000 11.805727 
-0.104000 11.741084 
-0.103000 11.675489 
-0.102000 11.608952 
-0.101000 11.541479 
-0.100000 11.473080 
-0.099000 11.403764 
-0.098000 11.333539 
-0.097000 11.262414 
-0.096000 11.190400 
-0.095000 11.117505 
-0.094000 11.043739 
-0.093000 10.969113 
-0.092000 10.893636 
-0.091000 10.817318 
-0.090000 10.740171 
-0.089000 10.662204 
-0.088000 10.583429 
-0.087000 10.503857 
-0.086000 10.423499 
-0.085000 10.342367 
-0.084000 10.260471 
-0.083000 10.177823 
-0.082000 10.094436 
-0.081000 10.010320 
-0.080000 9.925489 
-0.079000 9.839954 
-0.078000 9.753728 
-0.077000 9.666823 
-0.076000 9.579252 
-0.075000 9.491027 
-0.074000 9.402161 
-0.073000 9.312667 
-0.072000 9.222558 
-0.071000 9.131846 
-0.070000 9.040546 
-0.069000 8.948669 
-0.068000 8.856230 
-0.067000 8.763242 
-0.066000 8.669717 
-0.065000 8.575670 
-0.064000 8.481113 
-0.063000 8.386061 
-0.062000 8.290527 
-0.061000 8.194524 
-0.060000 8.098067 
-0.059000 8.001167 
-0.058000 7.903841 
-0.057000 7.806099 
-0.056000 7.707958 
-0.055000 7.609429 
-0.054000 7.510528 
-0.053000 7.411266 
-0.052000 7.311659 
-0.051000 7.211719 
-0.050000 7.111460 
-0.049000 7.010896 
-0.048000 6.910040 
-0.047000 6.808905 
-0.046000 6.707505 
-0.045000 6.605854 
-0.044000 6.503964 
-0.043000 6.401849 
-0.042000 6.299522 
-0.041000 6.196996 
-0.040000 6.094284 
-0.039000 5.991399 
-0.038000 5.888354 
-0.037000 5.785163 
-0.036000 5.681836 
-0.035000 5.578388 
-0.034000 5.474830 
-0.033000 5.371176 
-0.032000 5.267437 
-0.031000 5.163626 
-0.030000 5.059755 
-0.029000 4.955836 
-0.028000 4.851881 
-0.027000 4.747902 
-0.026000 4.643910 
-0.025000 4.539917 
-0.024000 4.435934 
-0.023000 4.331973 
-0.022000 4.228046 
-0.021000 4.124162 
-0.020000 4.020334 
-0.019000 3.916572 
-0.018000 3.812886 
-0.017000 3.709287 
-0.016000 3.605787 
-0.015000 3.502394 
-0.014000 3.399119 
-0.013000 3.295973 
-0.012000 3.192965 
-0.011000 3.090104 
-0.010000 2.987401 
-0.009000 2.884865 
-0.008000 2.782505 
-0.007000 2.680331 
-0.006000 2.578351 
-0.005000 2.476574 
-0.004000 2.375009 
-0.003000 2.273665 
-0.002000 2.172551 
-0.001000 2.071673 
-0.000000 1.971042 
0.001000 1.870663 
0.002000 1.770547 
0.003000 1.670699 
0.004000 1.571129 
0.005000 1.471842 
0.006000 1.372847 
0.007000 1.274151 
0.008000 1.175760 
0.009000 1.077682 
0.010000 0.979923 
0.011000 0.882489 
0.012000 0.785388 
0.013000 0.688626 
0.014000 0.592207 
0.015000 0.496140 
0.016000 0.400429 
0.017000 0.305080 
0.018000 0.210099 
0.019000 0.115491 
0.020000 0.021262 
0.021000 -0.072584 
0.022000 -0.166041 
0.023000 -0.259104 
0.024000 -0.351769 
0.025000 -0.444031 
0.026000 -0.535885 
0.027000 -0.627327 
0.028000 -0.718353 
0.029000 -0.808958 
0.030000 -0.899139 
0.031000 -0.988891 
0.032000 -1.078212 
0.033000 -1.167096 
0.034000 -1.255541 
0.035000 -1.343544 
0.036000 -1.431100 
0.037000 -1.518207 
0.038000 -1.604861 
0.039000 -1.691060 
0.040000 -1.776801 
0.041000 -1.862081 
0.042000 -1.946897 
0.043000 -2.031247 
0.044000 -2.115128 
0.045000 -2.198538 
0.046000 -2.281475 
0.047000 -2.363936 
0.048000 -2.445920 
0.049000 -2.527424 
0.050000 -2.608447 
0.051000 -2.688988 
0.052000 -2.769043 
0.053000 -2.848612 
0.054000 -2.927693 
0.055000 -3.006285 
0.056000 -3.084386 
0.057000 -3.161995 
0.058000 -3.239112 
0.059000 -3.315734 
0.060000 -3.391861 
0.061000 -3.467492 
0.062000 -3.542626 
0.063000 -3.617263 
0.064000 -3.691401 
0.065000 -3.765040 
0.066000 -3.838179 
0.067000 -3.910819 
0.068000 -3.982958 
0.069000 -4.054596 
0.070000 -4.125732 
0.071000 -4.196368 
0.072000 -4.266502 
0.073000 -4.336134 
0.074000 -4.405264 
0.075000 -4.473893 
0.076000 -4.542020 
0.077000 -4.609645 
0.078000 -4.676769 
0.079000 -4.743392 
0.080000 -4.809514 
0.081000 -4.875136 
0.082000 -4.940257 
0.083000 -5.004879 
0.084000 -5.069001 
0.085000 -5.132625 
0.086000 -5.195750 
0.087000 -5.258378 
0.088000 -5.320509 
0.089000 -5.382143 
0.090000 -5.443283 
0.091000 -5.503927 
0.092000 -5.564077 
0.093000 -5.623735 
0.094000 -5.682900 
0.095000 -5.741574 
0.096000 -5.799758 
0.097000 -5.857452 
0.098000 -5.914658 
0.099000 -5.971377 
0.100000 -6.027609 
0.101000 -6.083357 
0.102000 -6.138620 
0.103000 -6.193401 
0.104000 -6.247700 
0.105000 -6.301519 
0.106000 -6.354858 
0.107000 -6.407720 
0.108000 -6.460106 
0.109000 -6.512016 
0.110000 -6.563452 
0.111000 -6.614416 
0.112000 -6.664908 
0.113000 -6.714931 
0.114000 -6.764485 
0.115000 -6.813573 
0.116000 -6.862195 
0.117000 -6.910353 
0.118000 -6.958049 
0.119000 -7.005283 
0.120000 -7.052058 
0.121000 -7.098376 
0.122000 -7.144237 
0.123000 -7.189643 
0.124000 -7.234596 
0.125000 -7.279097 
0.126000 -7.323148 
0.127000 -7.366750 
0.128000 -7.409906 
0.129000 -7.452617 
0.130000 -7.494884 
0.131000 -7.536709 
0.132000 -7.578094 
0.133000 -7.619040 
0.134000 -7.659549 
0.135000 -7.699623 
0.136000 -7.739264 
0.137000 -7.778473 
0.138000 -7.817251 
0.139000 -7.855601 
0.140000 -7.893524 
0.141000 -7.931022 
0.142000 -7.968097 
0.143000 -8.004750 
0.144000 -8.040983 
0.145000 -8.076798 
0.146000 -8.112196 
0.147000 -8.147180 
0.148000 -8.181751 
0.149000 -8.215910 
0.150000 -8.249660 
0.151000 -8.283002 
0.152000 -8.315938 
0.153000 -8.348469 
0.154000 -8.380598 
0.155000 -8.412327 
0.156000 -8.443655 
0.157000 -8.474587 
0.158000 -8.505123 
0.159000 -8.535264 
0.160000 -8.565014 
0.161000 -8.594373 
0.162000 -8.623343 
0.163000 -8.651927 
0.164000 -8.680124 
0.165000 -8.707939 
0.166000 -8.735371 
0.167000 -8.762423 
0.168000 -8.789096 
0.169000 -8.815393 
0.170000 -8.841315 
0.171000 -8.866863 
0.172000 -8.892039 
0.173000 -8.916845 
0.174000 -8.941283 
0.175000 -8.965355 
0.176000 -8.989061 
0.177000 -9.012404 
0.178000 -9.035385 
0.179000 -9.058006 
0.180000 -9.080269 
0.181000 -9.102175 
0.182000 -9.123726 
0.183000 -9.144923 
0.184000 -9.165769 
0.185000 -9.186264 
0.186000 -9.206411 
0.187000 -9.226211 
0.188000 -9.245665 
0.189000 -9.264776 
0.190000 -9.283544 
0.191000 -9.301971 
0.192000 -9.320060 
0.193000 -9.337811 
0.194000 -9.355226 
0.195000 -9.372307 
0.196000 -9.389055 
0.197000 -9.405471 
0.198000 -9.421558 
0.199000 -9.437316 
0.200000 -9.452748 
0.201000 -9.467855 
0.202000 -9.482638 
0.203000 -9.497098 
0.204000 -9.511238 
0.205000 -9.525059 
0.206000 -9.538562 
0.207000 -9.551749 
0.208000 -9.564620 
0.209000 -9.577179 
0.210000 -9.589425 
0.211000 -9.601361 
0.212000 -9.612988 
0.213000 -9.624307 
0.214000 -9.635319 
0.215000 -9.646027 
0.216000 -9.656432 
0.217000 -9.666534 
0.218000 -9.676336 
0.219000 -9.685838 
0.220000 -9.695042 
0.221000 -9.703950 
0.222000 -9.712562 
0.223000 -9.720880 
0.224000 -9.728906 
0.225000 -9.736640 
0.226000 -9.744085 
0.227000 -9.751241 
0.228000 -9.758109 
0.229000 -9.764691 
0.230000 -9.770989 
0.231000 -9.777002 
0.232000 -9.782734 
0.233000 -9.788184 
0.234000 -9.793355 
0.235000 -9.798247 
0.236000 -9.802862 
0.237000 -9.807201 
0.238000 -9.811265 
0.239000 -9.815055 
0.240000 -9.818572 
0.241000 -9.821819 
0.242000 -9.824795 
0.243000 -9.827502 
0.244000 -9.829942 
0.245000 -9.832115 
0.246000 -9.834022 
0.247000 -9.835665 
0.248000 -9.837045 
0.249000 -9.838163 
0.250000 -9.839020 
0.251000 -9.839617 
0.252000 -9.839955 
0.253000 -9.840035 
0.254000 -9.839859 
0.255000 -9.839428 
0.256000 -9.838742 
0.257000 -9.837802 
0.258000 -9.836611 
0.259000 -9.835168 
0.260000 -9.833475 
0.261000 -9.831532 
0.262000 -9.829342 
0.263000 -9.826904 
0.264000 -9.824220 
0.265000 -9.821291 
0.266000 -9.818118 
0.267000 -9.814702 
0.268000 -9.811043 
0.269000 -9.807143 
0.270000 -9.803003 
0.271000 -9.798624 
0.272000 -9.794006 
0.273000 -9.789151 
0.274000 -9.784059 
0.275000 -9.778731 
0.276000 -9.773169 
0.277000 -9.767374 
0.278000 -9.761345 
0.279000 -9.755084 
0.280000 -9.748592 
0.281000 -9.741870 
0.282000 -9.734919 
0.283000 -9.727739 
0.284000 -9.720332 
0.285000 -9.712698 
0.286000 -9.704838 
0.287000 -9.696753 
0.288000 -9.688443 
0.289000 -9.679911 
0.290000 -9.671155 
0.291000 -9.662178 
0.292000 -9.652980 
0.293000 -9.643562 
0.294000 -9.633924 
0.295000 -9.624067 
0.296000 -9.613993 
0.297000 -9.603702 
0.298000 -9.593194 
0.299000 -9.582471 
0.300000 -9.571533 
0.301000 -9.560381 
0.302000 -9.549015 
0.303000 -9.537437 
0.304000 -9.525647 
0.305000 -9.513646 
0.306000 -9.501435 
0.307000 -9.489013 
0.308000 -9.476383 
0.309000 -9.463544 
0.310000 -9.450498 
0.311000 -9.437245 
0.312000 -9.423785 
0.313000 -9.410120 
0.314000 -9.396249 
0.315000 -9.382174 
0.316000 -9.367896 
0.317000 -9.353415 
0.318000 -9.338731 
0.319000 -9.323845 
0.320000 -9.308758 
0.321000 -9.293471 
0.322000 -9.277984 
0.323000 -9.262297 
0.324000 -9.246412 
0.325000 -9.230328 
0.326000 -9.214047 
0.327000 -9.197569 
0.328000 -9.180895 
0.329000 -9.164025 
0.330000 -9.146959 
0.331000 -9.129699 
0.332000 -9.112245 
0.333000 -9.094598 
0.334000 -9.076757 
0.335000 -9.058724 
0.336000 -9.040499 
0.337000 -9.022082 
0.338000 -9.003475 
0.339000 -8.984677 
0.340000 -8.965689 
0.341000 -8.946512 
0.342000 -8.927146 
0.343000 -8.907592 
0.344000 -8.887850 
0.345000 -8.867921 
0.346000 -8.847804 
0.347000 -8.827502 
0.348000 -8.807013 
0.349000 -8.786339 
0.350000 -8.765480 
0.351000 -8.744436 
0.352000 -8.723208 
0.353000 -8.701797 
0.354000 -8.680203 
0.355000 -8.658425 
0.356000 -8.636466 
0.357000 -8.614324 
0.358000 -8.592001 
0.359000 -8.569497 
0.360000 -8.546812 
0.361000 -8.523947 
0.362000 -8.500903 
0.363000 -8.477679 
0.364000 -8.454276 
0.365000 -8.430694 
0.366000 -8.406934 
0.367000 -8.382996 
0.368000 -8.358881 
0.369000 -8.334588 
0.370000 -8.310119 
0.371000 -8.285474 
0.372000 -8.260652 
0.373000 -8.235655 
0.374000 -8.210483 
0.375000 -8.185135 
0.376000 -8.159614 
0.377000 -8.133917 
0.378000 -8.108047 
0.379000 -8.082004 
0.380000 -8.055787 
0.381000 -8.029397 
0.382000 -8.002835 
0.383000 -7.976101 
0.384000 -7.949194 
0.385000 -7.922116 
0.386000 -7.894866 
0.387000 -7.867446 
0.388000 -7.839855 
0.389000 -7.812093 
0.390000 -7.784161 
0.391000 -7.756059 
0.392000 -7.727788 
0.393000 -7.699348 
0.394000 -7.670738 
0.395000 -7.641960 
0.396000 -7.613013 
0.397000 -7.583898 
0.398000 -7.554615 
0.399000 -7.525165 
0.400000 -7.495547 
0.401000 -7.465762 
0.402000 -7.435810 
0.403000 -7.405691 
0.404000 -7.375406 
0.405000 -7.344954 
0.406000 -7.314337 
0.407000 -7.283554 
0.408000 -7.252606 
0.409000 -7.221492 
0.410000 -7.190214 
0.411000 -7.158770 
0.412000 -7.127162 
0.413000 -7.095390 
0.414000 -7.063453 
0.415000 -7.031353 
0.416000 -6.999088 
0.417000 -6.966661 
0.418000 -6.934069 
0.419000 -6.901315 
0.420000 -6.868398 
0.421000 -6.835318 
0.422000 -6.802076 
0.423000 -6.768671 
0.424000 -6.735104 
0.425000 -6.701375 
0.426000 -6.667484 
0.427000 -6.633432 
0.428000 -6.599218 
0.429000 -6.564843 
0.430000 -6.530307 
0.431000 -6.495610 
0.432000 -6.460752 
0.433000 -6.425733 
0.434000 -6.390554 
0.435000 -6.355215 
0.436000 -6.319715 
0.437000 -6.284056 
0.438000 -6.248236 
0.439000 -6.212258 
0.440000 -6.176119 
0.441000 -6.139821 
0.442000 -6.103364 
0.443000 -6.066748 
0.444000 -6.029973 
0.445000 -5.993039 
0.446000 -5.955946 
0.447000 -5.918695 
0.448000 -5.881285 
0.449000 -5.843717 
0.450000 -5.805991 
0.451000 -5.768107 
0.452000 -5.730065 
0.453000 -5.691865 
0.454000 -5.653508 
0.455000 -5.614993 
0.456000 -5.576321 
0.457000 -5.537491 
0.458000 -5.498504 
0.459000 -5.459360 
0.460000 -5.420059 
0.461000 -5.380602 
0.462000 -5.340987 
0.463000 -5.301216 
0.464000 -5.261288 
0.465000 -5.221205 
0.466000 -5.180964 
0.467000 -5.140568 
0.468000 -5.100015 
0.469000 -5.059307 
0.470000 -5.018443 
0.471000 -4.977422 
0.472000 -4.936247 
0.473000 -4.894915 
0.474000 -4.853428 
0.475000 -4.811786 
0.476000 -4.769989 
0.477000 -4.728036 
0.478000 -4.685928 
0.479000 -4.643666 
0.480000 -4.601248 
0.481000 -4.558676 
0.482000 -4.515949 
0.483000 -4.473067 
0.484000 -4.430031 
0.485000 -4.386840 
0.486000 -4.343496 
0.487000 -4.299996 
0.488000 -4.256343 
0.489000 -4.212536 
0.490000 -4.168575 
0.491000 -4.124460 
0.492000 -4.080191 
0.493000 -4.035769 
0.494000 -3.991193 
0.495000 -3.946464 
0.496000 -3.901581 
0.497000 -3.856545 
0.498000 -3.811356 
0.499000 -3.766014 
0.500000 -3.720518 
0.501000 -3.674870 
0.502000 -3.629070 
0.503000 -3.583116 
0.504000 -3.537010 
0.505000 -3.490752 
0.506000 -3.444341 
0.507000 -3.397778 
0.508000 -3.351062 
0.509000 -3.304195 
0.510000 -3.257176 
0.511000 -3.210005 
0.512000 -3.162682 
0.513000 -3.115208 
0.514000 -3.067582 
0.515000 -3.019805 
0.516000 -2.971876 
0.517000 -2.923797 
0.518000 -2.875566 
0.519000 -2.827185 
0.520000 -2.778653 
0.521000 -2.729970 
0.522000 -2.681137 
0.523000 -2.632153 
0.524000 -2.583019 
0.525000 -2.533735 
0.526000 -2.484301 
0.527000 -2.434718 
0.528000 -2.384984 
0.529000 -2.335101 
0.530000 -2.285069 
0.531000 -2.234888 
0.532000 -2.184557 
0.533000 -2.134078 
0.534000 -2.083449 
0.535000 -2.032673 
0.536000 -1.981748 
0.537000 -1.930674 
0.538000 -1.879453 
0.539000 -1.828084 
0.540000 -1.776567 
0.541000 -1.724902 
0.542000 -1.673091 
0.543000 -1.621132 
0.544000 -1.569026 
0.545000 -1.516774 
0.546000 -1.464375 
0.547000 -1.411830 
0.548000 -1.359139 
0.549000 -1.306302 
0.550000 -1.253320 
0.551000 -1.200192 
0.552000 -1.146919 
0.553000 -1.093501 
0.554000 -1.039938 
0.555000 -0.986232 
0.556000 -0.932381 
0.557000 -0.878386 
0.558000 -0.824248 
0.559000 -0.769966 
0.560000 -0.715542 
0.561000 -0.660975 
0.562000 -0.606265 
0.563000 -0.551413 
0.564000 -0.496420 
0.565000 -0.441285 
0.566000 -0.386009 
0.567000 -0.330592 
0.568000 -0.275035 
0.569000 -0.219338 
0.570000 -0.163501 
0.571000 -0.107524 
0.572000 -0.051409 
0.573000 0.004845 
0.574000 0.061237 
0.575000 0.117767 
0.576000 0.174435 
0.577000 0.231239 
0.578000 0.288181 
0.579000 0.345258 
0.580000 0.402471 
0.581000 0.459819 
0.582000 0.517302 
0.583000 0.574919 
0.584000 0.632670 
0.585000 0.690555 
0.586000 0.748572 
0.587000 0.806721 
0.588000 0.865003 
0.589000 0.923415 
0.590000 0.981959 
0.591000 1.040632 
0.592000 1.099435 
0.593000 1.158367 
0.594000 1.217427 
0.595000 1.276616 
0.596000 1.335931 
0.597000 1.395373 
0.598000 1.454940 
0.599000 1.514633 
0.600000 1.574451 
0.601000 1.634392 
0.602000 1.694457 
0.603000 1.754644 
0.604000 1.814952 
0.605000 1.875382 
0.606000 1.935932 
0.607000 1.996601 
0.608000 2.057389 
0.609000 2.118295 
0.610000 2.179317 
0.611000 2.240456 
0.612000 2.301710 
0.613000 2.363079 
0.614000 2.424561 
0.615000 2.486156 
0.616000 2.547863 
0.617000 2.609680 
0.618000 2.671607 
0.619000 2.733643 
0.620000 2.795787 
0.621000 2.858038 
0.622000 2.920394 
0.623000 2.982855 
0.624000 3.045420 
0.625000 3.108088 
0.626000 3.170857 
0.627000 3.233726 
0.628000 3.296694 
0.629000 3.359760 
0.630000 3.422923 
0.631000 3.486182 
0.632000 3.549535 
0.633000 3.612981 
0.634000 3.676518 
0.635000 3.740146 
0.636000 3.803863 
0.637000 3.867668 
0.638000 3.931559 
0.639000 3.995535 
0.640000 4.059594 
0.641000 4.123735 
0.642000 4.187957 
0.643000 4.252258 
0.644000 4.316636 
0.645000 4.381090 
0.646000 4.445618 
0.647000 4.510219 
0.648000 4.574891 
0.649000 4.639631 
0.650000 4.704440 
0.651000 4.769314 
0.652000 4.834252 
0.653000 4.899253 
0.654000 4.964314 
0.655000 5.029433 
0.656000 5.094609 
0.657000 5.159839 
0.658000 5.225122 
0.659000 5.290456 
0.660000 5.355838 
0.661000 5.421267 
0.662000 5.486740 
0.663000 5.552256 
0.664000 5.617812 
0.665000 5.683405 
0.666000 5.749035 
0.667000 5.814698 
0.668000 5.880391 
0.669000 5.946114 
0.670000 6.011863 
0.671000 6.077635 
0.672000 6.143429 
0.673000 6.209242 
0.674000 6.275072 
0.675000 6.340915 
0.676000 6.406769 
0.677000 6.472631 
0.678000 6.538500 
0.679000 6.604371 
0.680000 6.670242 
0.681000 6.736111 
0.682000 6.801974 
0.683000 6.867828 
0.684000 6.933671 
0.685000 6.999499 
0.686000 7.065310 
0.687000 7.131100 
0.688000 7.196866 
0.689000 7.262604 
0.690000 7.328313 
0.691000 7.393987 
0.692000 7.459625 
0.693000 7.525222 
0.694000 7.590775 
0.695000 7.656281 
0.696000 7.721736 
0.697000 7.787136 
0.698000 7.852478 
0.699000 7.917758 
0.700000 7.982972 
0.701000 8.048116 
0.702000 8.113187 
0.703000 8.178181 
0.704000 8.243093 
0.705000 8.307920 
0.706000 8.372657 
0.707000 8.437301 
0.708000 8.501847 
0.709000 8.566291 
0.710000 8.630628 
0.711000 8.694855 
0.712000 8.758966 
0.713000 8.822958 
0.714000 8.886825 
0.715000 8.950564 
0.716000 9.014169 
0.717000 9.077635 
0.718000 9.140959 
0.719000 9.204135 
0.720000 9.267158 
0.721000 9.330023 
0.722000 9.392725 
0.723000 9.455260 
0.724000 9.517621 
0.725000 9.579804 
0.726000 9.641804 
0.727000 9.703614 
0.728000 9.765231 
0.729000 9.826648 
0.730000 9.887859 
0.731000 9.948859 
0.732000 10.009643 
0.733000 10.070205 
0.734000 10.130539 
0.735000 10.190639 
0.736000 10.250499 
0.737000 10.310113 
0.738000 10.369476 
0.739000 10.428581 
0.740000 10.487421 
0.741000 10.545992 
0.742000 10.604286 
0.743000 10.662297 
0.744000 10.720018 
0.745000 10.777444 
0.746000 10.834568 
0.747000 10.891382 
0.748000 10.947881 
0.749000 11.004058 
0.750000 11.059905 
0.751000 11.115417 
0.752000 11.170585 
0.753000 11.225404 
0.754000 11.279866 
0.755000 11.333964 
0.756000 11.387690 
0.757000 11.441039 
0.758000 11.494001 
0.759000 11.546571 
0.760000 11.598741 
0.761000 11.650503 
0.762000 11.701849 
0.763000 11.752773 
0.764000 11.803266 
0.765000 11.853322 
0.766000 11.902931 
0.767000 11.952088 
0.768000 12.000782 
0.769000 12.049008 
0.770000 12.096757 
0.771000 12.144021 
0.772000 12.190792 
0.773000 12.237062 
0.774000 12.282823 
0.775000 12.328067 
0.776000 12.372785 
0.777000 12.416970 
0.778000 12.460614 
0.779000 12.503707 
0.780000 12.546242 
0.781000 12.588211 
0.782000 12.629605 
0.783000 12.670415 
0.784000 12.710634 
0.785000 12.750253 
0.786000 12.789264 
0.787000 12.827657 
0.788000 12.865425 
0.789000 12.902559 
0.790000 12.939050 
0.791000 12.974891 
0.792000 13.010072 
0.793000 13.044585 
0.794000 13.078422 
0.795000 13.111573 
0.796000 13.144031 
0.797000 13.175787 
0.798000 13.206832 
0.799000 13.237158 
0.800000 13.266756 
0.801000 13.295619 
0.802000 13.323737 
0.803000 13.351101 
0.804000 13.377705 
0.805000 13.403538 
0.806000 13.428594 
0.807000 13.452863 
0.808000 13.476337 
0.809000 13.499009 
0.810000 13.520869 
0.811000 13.541910 
0.812000 13.562124 
0.813000 13.581503 
0.814000 13.600038 
0.815000 13.617722 
0.816000 13.634547 
0.817000 13.650505 
0.818000 13.665588 
0.819000 13.679790 
0.820000 13.693101 
0.821000 13.705516 
0.822000 13.717026 
0.823000 13.727624 
0.824000 13.737303 
0.825000 13.746057 
0.826000 13.753877 
0.827000 13.760757 
0.828000 13.766691 
0.829000 13.771671 
0.830000 13.775692 
0.831000 13.778747 
0.832000 13.780829 
0.833000 13.781933 
0.834000 13.782052 
0.835000 13.781181 
0.836000 13.779313 
0.837000 13.776445 
0.838000 13.772569 
0.839000 13.767681 
0.840000 13.761775 
0.841000 13.754847 
0.842000 13.746892 
0.843000 13.737906 
0.844000 13.727883 
0.845000 13.716820 
0.846000 13.704713 
0.847000 13.691558 
0.848000 13.677351 
0.849000 13.662088 
0.850000 13.645767 
0.851000 13.628384 
0.852000 13.609937 
0.853000 13.590422 
0.854000 13.569838 
0.855000 13.548182 
0.856000 13.525451 
0.857000 13.501645 
0.858000 13.476762 
0.859000 13.450799 
0.860000 13.423757 
0.861000 13.395634 
0.862000 13.366429 
0.863000 13.336142 
0.864000 13.304773 
0.865000 13.272322 
0.866000 13.238789 
0.867000 13.204174 
0.868000 13.168479 
0.869000 13.131704 
0.870000 13.093850 
0.871000 13.054920 
0.872000 13.014914 
0.873000 12.973835 
0.874000 12.931685 
0.875000 12.888466 
0.876000 12.844182 
0.877000 12.798834 
0.878000 12.752427 
0.879000 12.704964 
0.880000 12.656448 
0.881000 12.606884 
0.882000 12.556276 
0.883000 12.504628 
0.884000 12.451945 
0.885000 12.398232 
0.886000 12.343495 
0.887000 12.287738 
0.888000 12.230967 
0.889000 12.173189 
0.890000 12.114410 
0.891000 12.054636 
0.892000 11.993873 
0.893000 11.932130 
0.894000 11.869412 
0.895000 11.805727 
0.896000 11.741084 
0.897000 11.675489 
0.898000 11.608952 
0.899000 11.541479 
0.900000 11.473080 
0.901000 11.403764 
0.902000 11.333539 
0.903000 11.262414 
0.904000 11.190400 
0.905000 11.117505 
0.906000 11.043739 
0.907000 10.969113 
0.908000 10.893636 
0.909000 10.817318 
0.910000 10.740171 
0.911000 10.662204 
0.912000 10.583429 
0.913000 10.503857 
0.914000 10.423499 
0.915000 10.342367 
0.916000 10.260471 
0.917000 10.177823 
0.918000 10.094436 
0.919000 10.010320 
0.920000 9.925489 
0.921000 9.839954 
0.922000 9.753728 
0.923000 9.666823 
0.924000 9.579252 
0.925000 9.491027 
0.926000 9.402161 
0.927000 9.312667 
0.928000 9.222558 
0.929000 9.131846 
0.930000 9.040546 
0.931000 8.948669 
0.932000 8.856230 
0.933000 8.763242 
0.934000 8.669717 
0.935000 8.575670 
0.936000 8.481113 
0.937000 8.386061 
0.938000 8.290527 
0.939000 8.194524 
0.940000 8.098067 
0.941000 8.001167 
0.942000 7.903841 
0.943000 7.806099 
0.944000 7.707958 
0.945000 7.609429 
0.946000 7.510528 
0.947000 7.411266 
0.948000 7.311659 
0.949000 7.211719 
0.950000 7.111460 
0.951000 7.010896 
0.952000 6.910040 
0.953000 6.808905 
0.954000 6.707505 
0.955000 6.605854 
0.956000 6.503964 
0.957000 6.401849 
0.958000 6.299522 
0.959000 6.196996 
0.960000 6.094284 
0.961000 5.991399 
0.962000 5.888354 
0.963000 5.785163 
0.964000 5.681836 
0.965000 5.578388 
0.966000 5.474830 
0.967000 5.371176 
0.968000 5.267437 
0.969000 5.163626 
0.970000 5.059755 
0.971000 4.955836 
0.972000 4.851881 
0.973000 4.747902 
0.974000 4.643910 
0.975000 4.539917 
0.976000 4.435934 
0.977000 4.331973 
0.978000 4.228046 
0.979000 4.124162 
0.980000 4.020334 
0.981000 3.916572 
0.982000 3.812886 
0.983000 3.709287 
0.984000 3.605787 
0.985000 3.502394 
0.986000 3.399119 
0.987000 3.295973 
0.988000 3.192965 
0.989000 3.090104 
0.990000 2.987401 
0.991000 2.884865 
0.992000 2.782505 
0.993000 2.680331 
0.994000 2.578351 
0.995000 2.476574 
0.996000 2.375009 
0.997000 2.273665 
0.998000 2.172551 
0.999000 2.071673 
1.000000 1.971042 
1.001000 1.870663 
1.002000 1.770547 
1.003000 1.670699 
1.004000 1.571129 
1.005000 1.471842 
1.006000 1.372847 
1.007000 1.274151 
1.008000 1.175760 
1.009000 1.077682 
1.010000 0.979923 
1.011000 0.882489 
1.012000 0.785388 
1.013000 0.688626 
1.014000 0.592207 
1.015000 0.496140 
1.016000 0.400429 
1.017000 0.305080 
1.018000 0.210099 
1.019000 0.115491 
1.020000 0.021262 
1.021000 -0.072584 
1.022000 -0.166041 
1.023000 -0.259104 
1.024000 -0.351769 
1.025000 -0.444031 
1.026000 -0.535885 
1.027000 -0.627327 
1.028000 -0.718353 
1.029000 -0.808958 
1.030000 -0.899139 
1.031000 -0.988891 
1.032000 -1.078212 
1.033000 -1.167096 
1.034000 -1.255541 
1.035000 -1.343544 
1.036000 -1.431100 
1.037000 -1.518207 
1.038000 -1.604861 
1.039000 -1.691060 
1.040000 -1.776801 
1.041000 -1.862081 
1.042000 -1.946897 
1.043000 -2.031247 
1.044000 -2.115128 
1.045000 -2.198538 
1.046000 -2.281475 
1.047000 -2.363936 
1.048000 -2.445920 
1.049000 -2.527424 
1.050000 -2.608447 
1.051000 -2.688988 
1.052000 -2.769043 
1.053000 -2.848612 
1.054000 -2.927693 
1.055000 -3.006285 
1.056000 -3.084386 
1.057000 -3.161995 
1.058000 -3.239112 
1.059000 -3.315734 
1.060000 -3.391861 
1.061000 -3.467492 
1.062000 -3.542626 
1.063000 -3.617263 
1.064000 -3.691401 
1.065000 -3.765040 
1.066000 -3.838179 
1.067000 -3.910819 
1.068000 -3.982958 
1.069000 -4.054596 
1.070000 -4.125732 
1.071000 -4.196368 
1.072000 -4.266502 
1.073000 -4.336134 
1.074000 -4.405264 
1.075000 -4.473893 
1.076000 -4.542020 
1.077000 -4.609645 
1.078000 -4.676769 
1.079000 -4.743392 
1.080000 -4.809514 
1.081000 -4.875136 
1.082000 -4.940257 
1.083000 -5.004879 
1.084000 -5.069001 
1.085000 -5.132625 
1.086000 -5.195750 
1.087000 -5.258378 
1.088000 -5.320509 
1.089000 -5.382143 
1.090000 -5.443283 
1.091000 -5.503927 
1.092000 -5.564077 
1.093000 -5.623735 
1.094000 -5.682900 
1.095000 -5.741574 
1.096000 -5.799758 
1.097000 -5.857452 
1.098000 -5.914658 
1.099000 -5.971377 
1.100000 -6.027609 
1.101000 -6.083357 
1.102000 -6.138620 
1.103000 -6.193401 
1.104000 -6.247700 
1.105000 -6.301519 
1.106000 -6.354858 
1.107000 -6.407720 
1.108000 -6.460106 
1.109000 -6.512016 
1.110000 -6.563452 
1.111000 -6.614416 
1.112000 -6.664908 
1.113000 -6.714931 
1.114000 -6.764485 
1.115000 -6.813573 
1.116000 -6.862195 
1.117000 -6.910353 
1.118000 -6.958049 
1.119000 -7.005283 
1.120000 -7.052058 
1.121000 -7.098376 
1.122000 -7.144237 
1.123000 -7.189643 
1.124000 -7.234596 
1.125000 -7.279097 
1.126000 -7.323148 
1.127000 -7.366750 
1.128000 -7.409906 
1.129000 -7.452617 
1.130000 -7.494884 
1.131000 -7.536709 
1.132000 -7.578094 
1.133000 -7.619040 
1.134000 -7.659549 
1.135000 -7.699623 
1.136000 -7.739264 
1.137000 -7.778473 
1.138000 -7.817251 
1.139000 -7.855601 
1.140000 -7.893524 
1.141000 -7.931022 
1.142000 -7.968097 
1.143000 -8.004750 
1.144000 -8.040983 
1.145000 -8.076798 
1.146000 -8.112196 
1.147000 -8.147180 
1.148000 -8.181751 
1.149000 -8.215910 
1.150000 -8.249660 
1.151000 -8.283002 
1.152000 -8.315938 
1.153000 -8.348469 
1.154000 -8.380598 
1.155000 -8.412327 
1.156000 -8.443655 
1.157000 -8.474587 
1.158000 -8.505123 
1.159000 -8.535264 
1.160000 -8.565014 
1.161000 -8.594373 
1.162000 -8.623343 
1.163000 -8.651927 
1.164000 -8.680124 
1.165000 -8.707939 
1.166000 -8.735371 
1.167000 -8.762423 
1.168000 -8.789096 
1.169000 -8.815393 
1.170000 -8.841315 
1.171000 -8.866863 
1.172000 -8.892039 
1.173000 -8.916845 
1.174000 -8.941283 
1.175000 -8.965355 
1.176000 -8.989061 
1.177000 -9.012404 
1.178000 -9.035385 
1.179000 -9.058006 
1.180000 -9.080269 
1.181000 -9.102175 
1.182000 -9.123726 
1.183000 -9.144923 
1.184000 -9.165769 
1.185000 -9.186264 
1.186000 -9.206411 
1.187000 -9.226211 
1.188000 -9.245665 
1.189000 -9.264776 
1.190000 -9.283544 
1.191000 -9.301971 
1.192000 -9.320060 
1.193000 -9.337811 
1.194000 -9.355226 
1.195000 -9.372307 
1.196000 -9.389055 
1.197000 -9.405471 
1.198000 -9.421558 
1.199000 -9.437316 
1.200000 -9.452748 
1.201000 -9.467855 
1.202000 -9.482638 
1.203000 -9.497098 
1.204000 -9.511238 
1.205000 -9.525059 
1.206000 -9.538562 
1.207000 -9.551749 
1.208000 -9.564620 
1.209000 -9.577179 
1.210000 -9.589425 
1.211000 -9.601361 
1.212000 -9.612988 
1.213000 -9.624307 
1.214000 -9.635319 
1.215000 -9.646027 
1.216000 -9.656432 
1.217000 -9.666534 
1.218000 -9.676336 
1.219000 -9.685838 
1.220000 -9.695042 
1.221000 -9.703950 
1.222000 -9.712562 
1.223000 -9.720880 
1.224000 -9.728906 
1.225000 -9.736640 
1.226000 -9.744085 
1.227000 -9.751241 
1.228000 -9.758109 
1.229000 -9.764691 
1.230000 -9.770989 
1.231000 -9.777002 
1.232000 -9.782734 
1.233000 -9.788184 
1.234000 -9.793355 
1.235000 -9.798247 
1.236000 -9.802862 
1.237000 -9.807201 
1.238000 -9.811265 
1.239000 -9.815055 
1.240000 -9.818572 
1.241000 -9.821819 
1.242000 -9.824795 
1.243000 -9.827502 
1.244000 -9.829942 
1.245000 -9.832115 
1.246000 -9.834022 
1.247000 -9.835665 
1.248000 -9.837045 
1.249000 -9.838163 
1.250000 -9.839020 
1.251000 -9.839617 
1.252000 -9.839955 
1.253000 -9.840035 
1.254000 -9.839859 
1.255000 -9.839428 
1.256000 -9.838742 
1.257000 -9.837802 
1.258000 -9.836611 
1.259000 -9.835168 
1.260000 -9.833475 
1.261000 -9.831532 
1.262000 -9.829342 
1.263000 -9.826904 
1.264000 -9.824220 
1.265000 -9.821291 
1.266000 -9.818118 
1.267000 -9.814702 
1.268000 -9.811043 
1.269000 -9.807143 
1.270000 -9.803003 
1.271000 -9.798624 
1.272000 -9.794006 
1.273000 -9.789151 
1.274000 -9.784059 
1.275000 -9.778731 
1.276000 -9.773169 
1.277000 -9.767374 
1.278000 -9.761345 
1.279000 -9.755084 
1.280000 -9.748592 
1.281000 -9.741870 
1.282000 -9.734919 
1.283000 -9.727739 
1.284000 -9.720332 
1.285000 -9.712698 
1.286000 -9.704838 
1.287000 -9.696753 
1.288000 -9.688443 
1.289000 -9.679911 
1.290000 -9.671155 
1.291000 -9.662178 
1.292000 -9.652980 
1.293000 -9.643562 
1.294000 -9.633924 
1.295000 -9.624067 
1.296000 -9.613993 
1.297000 -9.603702 
1.298000 -9.593194 
1.299000 -9.582471 
1.300000 -9.571533 
1.301000 -9.560381 
1.302000 -9.549015 
1.303000 -9.537437 
1.304000 -9.525647 
1.305000 -9.513646 
1.306000 -9.501435 
1.307000 -9.489013 
1.308000 -9.476383 
1.309000 -9.463544 
1.310000 -9.450498 
1.311000 -9.437245 
1.312000 -9.423785 
1.313000 -9.410120 
1.314000 -9.396249 
1.315000 -9.382174 
1.316000 -9.367896 
1.317000 -9.353415 
1.318000 -9.338731 
1.319000 -9.323845 
1.320000 -9.308758 
1.321000 -9.293471 
1.322000 -9.277984 
1.323000 -9.262297 
1.324000 -9.246412 
1.325000 -9.230328 
1.326000 -9.214047 
1.327000 -9.197569 
1.328000 -9.180895 
1.329000 -9.164025 
1.330000 -9.146959 
1.331000 -9.129699 
1.332000 -9.112245 
1.333000 -9.094598 
1.334000 -9.076757 
1.335000 -9.058724 
1.336000 -9.040499 
1.337000 -9.022082 
1.338000 -9.003475 
1.339000 -8.984677 
1.340000 -8.965689 
1.341000 -8.946512 
1.342000 -8.927146 
1.343000 -8.907592 
1.344000 -8.887850 
1.345000 -8.867921 
1.346000 -8.847804 
1.347000 -8.827502 
1.348000 -8.807013 
1.349000 -8.786339 
1.350000 -8.765480 
1.351000 -8.744436 
1.352000 -8.723208 
1.353000 -8.701797 
1.354000 -8.680203 
1.355000 -8.658425 
1.356000 -8.636466 
1.357000 -8.614324 
1.358000 -8.592001 
1.359000 -8.569497 
1.360000 -8.546812 
1.361000 -8.523947 
1.362000 -8.500903 
1.363000 -8.477679 
1.364000 -8.454276 
1.365000 -8.430694 
1.366000 -8.406934 
1.367000 -8.382996 
1.368000 -8.358881 
1.369000 -8.334588 
1.370000 -8.310119 
1.371000 -8.285474 
1.372000 -8.260652 
1.373000 -8.235655 
1.374000 -8.210483 
1.375000 -8.185135 
1.376000 -8.159614 
1.377000 -8.133917 
1.378000 -8.108047 
1.379000 -8.082004 
1.380000 -8.055787 
1.381000 -8.029397 
1.382000 -8.002835 
1.383000 -7.976101 
1.384000 -7.949194 
1.385000 -7.922116 
1.386000 -7.894866 
1.387000 -7.867446 
1.388000 -7.839855 
1.389000 -7.812093 
1.390000 -7.784161 
1.391000 -7.756059 
1.392000 -7.727788 
1.393000 -7.699348 
1.394000 -7.670738 
1.395000 -7.641960 
1.396000 -7.613013 
1.397000 -7.583898 
1.398000 -7.554615 
1.399000 -7.525165 
1.400000 -7.495547 
1.401000 -7.465762 
1.402000 -7.435810 
1.403000 -7.405691 
1.404000 -7.375406 
1.405000 -7.344954 
1.406000 -7.314337 
1.407000 -7.283554 
1.408000 -7.252606 
1.409000 -7.221492 
1.410000 -7.190214 
1.411000 -7.158770 
1.412000 -7.127162 
1.413000 -7.095390 
1.414000 -7.063453 
1.415000 -7.031353 
1.416000 -6.999088 
1.417000 -6.966661 
1.418000 -6.934069 
1.419000 -6.901315 
1.420000 -6.868398 
1.421000 -6.835318 
1.422000 -6.802076 
1.423000 -6.768671 
1.424000 -6.735104 
1.425000 -6.701375 
1.426000 -6.667484 
1.427000 -6.633432 
1.428000 -6.599218 
1.429000 -6.564843 
1.430000 -6.530307 
1.431000 -6.495610 
1.432000 -6.460752 
1.433000 -6.425733 
1.434000 -6.390554 
1.435000 -6.355215 
1.436000 -6.319715 
1.437000 -6.284056 
1.438000 -6.248236 
1.439000 -6.212258 
1.440000 -6.176119 
1.441000 -6.139821 
1.442000 -6.103364 
1.443000 -6.066748 
1.444000 -6.029973 
1.445000 -5.993039 
1.446000 -5.955946 
1.447000 -5.918695 
1.448000 -5.881285 
1.449000 -5.843717 
1.450000 -5.805991 
1.451000 -5.768107 
1.452000 -5.730065 
1.453000 -5.691865 
1.454000 -5.653508 
1.455000 -5.614993 
1.456000 -5.576321 
1.457000 -5.537491 
1.458000 -5.498504 
1.459000 -5.459360 
1.460000 -5.420059 
1.461000 -5.380602 
1.462000 -5.340987 
1.463000 -5.301216 
1.464000 -5.261288 
1.465000 -5.221205 
1.466000 -5.180964 
1.467000 -5.140568 
1.468000 -5.100015 
1.469000 -5.059307 
1.470000 -5.018443 
1.471000 -4.977422 
1.472000 -4.936247 
1.473000 -4.894915 
1.474000 -4.853428 
1.475000 -4.811786 
1.476000 -4.769989 
1.477000 -4.728036 
1.478000 -4.685928 
1.479000 -4.643666 
1.480000 -4.601248 
1.481000 -4.558676 
1.482000 -4.515949 
1.483000 -4.473067 
1.484000 -4.430031 
1.485000 -4.386840 
1.486000 -4.343496 
1.487000 -4.299996 
1.488000 -4.256343 
1.489000 -4.212536 
1.490000 -4.168575 
1.491000 -4.124460 
1.492000 -4.080191 
1.493000 -4.035769 
1.494000 -3.991193 
1.495000 -3.946464 
1.496000 -3.901581 
1.497000 -3.856545 
1.498000 -3.811356 
1.499000 -3.766014 
