descriptor BJD Tc_folded pha val,+- sys mod full val_compare,+- res,+- jit 
5999.810121 -2.742106 0.971784 4776.660000 1.000000 4779.515410 6.122651 4775.874003 6.908648 1.000000 0.785997 1.000000 0.071132
6001.334705 -1.217522 0.198340 4788.110000 1.000000 4779.515410 15.890559 4787.458663 16.541897 1.000000 0.651337 1.000000 0.071132
6001.941311 -0.610916 0.288483 4781.330000 1.000000 4779.515410 9.949848 4782.813094 8.466754 1.000000 -1.483094 1.000000 0.071132
6003.121681 0.569454 0.463889 4768.720000 1.000000 4779.515410 -6.902353 4769.304975 -7.487327 1.000000 -0.584975 1.000000 0.071132
6004.116266 1.564039 0.611687 4766.640000 1.000000 4779.515410 -14.457099 4765.369532 -13.186631 1.000000 1.270468 1.000000 0.071132
6004.794341 2.242114 0.712450 4768.330000 1.000000 4779.515410 -13.720728 4768.951580 -14.342307 1.000000 -0.621580 1.000000 0.071132
6005.887035 3.334808 0.874827 4783.230000 1.000000 4779.515410 -3.267839 4784.368492 -4.406331 1.000000 -1.138492 1.000000 0.071132
6007.057710 -2.223886 0.048792 4804.610000 1.000000 4779.515410 12.795305 4805.017685 12.387620 1.000000 -0.407685 1.000000 0.071132
6007.989400 -1.292196 0.187244 4810.730000 1.000000 4779.515410 16.251980 4809.429465 17.552515 1.000000 1.300535 1.000000 0.071132
6008.738118 -0.543478 0.298505 4799.260000 1.000000 4779.515410 9.039284 4799.936774 8.362509 1.000000 -0.676774 1.000000 0.071132
6010.238335 0.956739 0.521441 4769.060000 1.000000 4779.515410 -10.986859 4769.889245 -11.816104 1.000000 -0.829245 1.000000 0.071132
6011.190564 1.908968 0.662944 4759.530000 1.000000 4779.515410 -14.691459 4760.512093 -15.673552 1.000000 -0.982093 1.000000 0.071132
6012.217733 2.936137 0.815584 4762.540000 1.000000 4779.515410 -8.198350 4763.261206 -8.919555 1.000000 -0.721206 1.000000 0.071132
6013.350413 -2.660552 0.983903 4777.420000 1.000000 4779.515410 7.283135 4777.073226 7.629909 1.000000 0.346774 1.000000 0.071132
6014.112123 -1.898842 0.097095 4783.820000 1.000000 4779.515410 15.582732 4785.329390 14.073343 1.000000 -1.509390 1.000000 0.071132
6015.047998 -0.962967 0.236168 4784.770000 1.000000 4779.515410 13.987617 4784.578814 14.178803 1.000000 0.191186 1.000000 0.071132
6016.108324 0.097359 0.393735 4772.480000 1.000000 4779.515410 -0.452145 4772.071634 -0.043779 1.000000 0.408366 1.000000 0.071132
6016.912196 0.901231 0.513192 4764.850000 1.000000 4779.515410 -10.484071 4764.111318 -9.745389 1.000000 0.738682 1.000000 0.071132
6018.215699 2.204734 0.706896 4763.840000 1.000000 4779.515410 -13.887012 4765.102395 -15.149407 1.000000 -1.262395 1.000000 0.071132
6018.886269 2.875304 0.806544 4775.690000 1.000000 4779.515410 -8.852696 4772.861084 -6.023780 1.000000 2.828916 1.000000 0.071132
6019.522834 -3.217500 0.901139 4782.690000 1.000000 4779.515410 -0.800754 4783.730117 -1.840871 1.000000 -1.040117 1.000000 0.071132
6021.049467 -1.690867 0.128000 4808.280000 1.000000 4779.515410 16.531439 4807.720196 17.091243 1.000000 0.559804 1.000000 0.071132
6021.884478 -0.855856 0.252085 4807.730000 1.000000 4779.515410 12.908897 4806.114583 14.524314 1.000000 1.615417 1.000000 0.071132
6023.218097 0.477763 0.450264 4783.200000 1.000000 4779.515410 -5.755243 4784.267586 -6.822829 1.000000 -1.067586 1.000000 0.071132
6024.245200 1.504866 0.602894 4770.930000 1.000000 4779.515410 -14.288847 4768.758503 -12.117350 1.000000 2.171497 1.000000 0.071132
6025.004806 2.264472 0.715773 4763.550000 1.000000 4779.515410 -13.614464 4764.314757 -14.379221 1.000000 -0.764757 1.000000 0.071132
6026.026276 3.285942 0.867566 4768.430000 1.000000 4779.515410 -3.924025 4769.071666 -4.565691 1.000000 -0.641666 1.000000 0.071132
6027.113092 -2.356611 0.029069 4782.460000 1.000000 4779.515410 11.286589 4781.614117 12.132473 1.000000 0.845883 1.000000 0.071132
6027.970060 -1.499643 0.156417 4785.910000 1.000000 4779.515410 16.748558 4786.431952 16.226606 1.000000 -0.521952 1.000000 0.071132
6028.929627 -0.540076 0.299010 4778.940000 1.000000 4779.515410 8.992466 4779.083985 8.848481 1.000000 -0.143985 1.000000 0.071132
6029.651831 0.182128 0.406332 4769.580000 1.000000 4779.515410 -1.694244 4769.330669 -1.444913 1.000000 0.249331 1.000000 0.071132
6030.807806 1.338103 0.578112 4760.190000 1.000000 4779.515410 -13.614112 4759.842308 -13.266420 1.000000 0.347692 1.000000 0.071132
6031.998995 2.529292 0.755126 4765.280000 1.000000 4779.515410 -11.977564 4765.075039 -11.772603 1.000000 0.204961 1.000000 0.071132
6033.052610 -3.146462 0.911695 4781.300000 1.000000 4779.515410 0.219872 4781.312415 0.207457 1.000000 -0.012415 1.000000 0.071132
6033.738257 -2.460815 0.013584 4793.690000 1.000000 4779.515410 9.986778 4794.073688 9.603090 1.000000 -0.383688 1.000000 0.071132
6034.518485 -1.680587 0.129528 4805.470000 1.000000 4779.515410 16.559444 4804.217838 17.811606 1.000000 1.252162 1.000000 0.071132
6036.174265 -0.024807 0.375581 4794.590000 1.000000 4779.515410 1.374683 4794.557717 1.406966 1.000000 0.032283 1.000000 0.071132
6036.905373 0.706301 0.484225 4785.210000 1.000000 4779.515410 -8.493871 4784.145065 -7.428936 1.000000 1.064935 1.000000 0.071132
6037.924092 1.725020 0.635609 4773.500000 1.000000 4779.515410 -14.725030 4772.850572 -14.075602 1.000000 0.649428 1.000000 0.071132
6038.923584 2.724512 0.784136 4769.600000 1.000000 4779.515410 -10.343951 4770.129819 -10.873770 1.000000 -0.529819 1.000000 0.071132
6040.289313 -2.639127 0.987086 4780.690000 1.000000 4779.515410 7.583591 4780.763406 7.510185 1.000000 -0.073406 1.000000 0.071132
6041.136990 -1.791450 0.113053 4786.740000 1.000000 4779.515410 16.162080 4786.973399 15.928681 1.000000 -0.233399 1.000000 0.071132
6042.031449 -0.896991 0.245972 4783.100000 1.000000 4779.515410 13.340704 4783.102421 13.338283 1.000000 -0.002421 1.000000 0.071132
6043.025624 0.097184 0.393709 4768.470000 1.000000 4779.515410 -0.449548 4769.460194 -1.439742 1.000000 -0.990194 1.000000 0.071132
6043.937057 1.008617 0.529150 4759.850000 1.000000 4779.515410 -11.430007 4759.549723 -11.129730 1.000000 0.300277 1.000000 0.071132
6045.014440 2.086000 0.689251 4758.830000 1.000000 4779.515410 -14.319825 4758.867312 -14.357137 1.000000 -0.037312 1.000000 0.071132
6046.177099 3.248659 0.862025 4771.190000 1.000000 4779.515410 -4.416229 4772.174838 -5.401066 1.000000 -0.984838 1.000000 0.071132
6046.728640 -2.929169 0.943986 4783.270000 1.000000 4779.515410 3.397131 4781.954408 4.712723 1.000000 1.315592 1.000000 0.071132
6048.122488 -1.535321 0.151115 4802.240000 1.000000 4779.515410 16.757165 4801.165550 17.831615 1.000000 1.074450 1.000000 0.071132
6048.936820 -0.720989 0.272126 4800.910000 1.000000 4779.515410 11.354649 4799.487626 12.777023 1.000000 1.422374 1.000000 0.071132
6050.087001 0.429192 0.443046 4787.690000 1.000000 4779.515410 -5.123593 4787.336444 -4.770036 1.000000 0.353556 1.000000 0.071132
6050.950017 1.292208 0.571292 4779.220000 1.000000 4779.515410 -13.376881 4779.776622 -13.933503 1.000000 -0.556622 1.000000 0.071132
6052.473052 2.815243 0.797619 4777.100000 1.000000 4779.515410 -9.469533 4776.462436 -8.831969 1.000000 0.637564 1.000000 0.071132
6053.085379 -3.301799 0.888612 4778.420000 1.000000 4779.515410 -1.991078 4779.531937 -3.103015 1.000000 -1.111937 1.000000 0.071132
6053.975843 -2.411335 0.020937 4788.310000 1.000000 4779.515410 10.615255 4786.599372 12.325883 1.000000 1.710628 1.000000 0.071132
6054.880668 -1.506510 0.155396 4788.860000 1.000000 4779.515410 16.751976 4788.985437 16.626538 1.000000 -0.125437 1.000000 0.071132
6056.223692 -0.163486 0.354973 4773.170000 1.000000 4779.515410 3.473350 4773.303906 3.339443 1.000000 -0.133906 1.000000 0.071132
6056.967072 0.579894 0.465441 4763.630000 1.000000 4779.515410 -7.029007 4762.687024 -6.086031 1.000000 0.942976 1.000000 0.071132
6057.740300 1.353122 0.580344 4757.410000 1.000000 4779.515410 -13.686939 4756.595766 -12.872705 1.000000 0.814234 1.000000 0.071132
6059.045999 2.658821 0.774374 4762.460000 1.000000 4779.515410 -10.932310 4761.586462 -10.058773 1.000000 0.873538 1.000000 0.071132
6059.902015 -3.214532 0.901580 4773.060000 1.000000 4779.515410 -0.758406 4773.982050 -1.680456 1.000000 -0.922050 1.000000 0.071132
6061.014360 -2.102187 0.066877 4791.090000 1.000000 4779.515410 14.005026 4792.458815 12.636212 1.000000 -1.368815 1.000000 0.071132
6061.634963 -1.481584 0.159100 4797.550000 1.000000 4779.515410 16.735564 4797.643609 16.641954 1.000000 -0.093609 1.000000 0.071132
6062.943552 -0.172995 0.353559 4790.600000 1.000000 4779.515410 3.617310 4790.354485 3.862825 1.000000 0.245515 1.000000 0.071132
6063.574178 0.457631 0.447272 4784.490000 1.000000 4779.515410 -5.495364 4784.056211 -5.061575 1.000000 0.433789 1.000000 0.071132
6064.813860 1.697313 0.631492 4776.840000 1.000000 4779.515410 -14.698711 4778.497148 -16.355859 1.000000 -1.657148 1.000000 0.071132
6066.179230 3.062683 0.834389 4784.190000 1.000000 4779.515410 -6.747104 4783.156227 -5.713330 1.000000 1.033773 1.000000 0.071132
6067.117068 -2.728848 0.973754 4789.320000 1.000000 4779.515410 6.312909 4789.852612 5.780297 1.000000 -0.532612 1.000000 0.071132
6067.846743 -1.999173 0.082185 4793.070000 1.000000 4779.515410 14.878813 4793.410644 14.538169 1.000000 -0.340644 1.000000 0.071132
6069.349122 -0.496794 0.305442 4782.600000 1.000000 4779.515410 8.390205 4780.170116 10.820089 1.000000 2.429884 1.000000 0.071132
6069.554165 -0.291751 0.335912 4776.650000 1.000000 4779.515410 5.405486 4776.663535 5.391951 1.000000 -0.013535 1.000000 0.071132
6070.871065 1.025149 0.531606 4758.570000 1.000000 4779.515410 -11.565717 4758.124237 -11.119954 1.000000 0.445763 1.000000 0.071132
6071.933508 2.087592 0.689488 4754.620000 1.000000 4779.515410 -14.314988 4755.839206 -15.534194 1.000000 -1.219206 1.000000 0.071132
6072.767954 2.922038 0.813489 4763.160000 1.000000 4779.515410 -8.352594 4762.971623 -8.164217 1.000000 0.188377 1.000000 0.071132
6074.157819 -2.417466 0.020026 4786.640000 1.000000 4779.515410 10.538449 4785.112032 12.066417 1.000000 1.527968 1.000000 0.071132
6074.973781 -1.601504 0.141280 4791.710000 1.000000 4779.515410 16.713232 4793.887146 14.536086 1.000000 -2.177146 1.000000 0.071132
6075.834651 -0.740634 0.269207 4790.960000 1.000000 4779.515410 11.593299 4792.033104 10.520195 1.000000 -1.073104 1.000000 0.071132
6076.949334 0.374049 0.434852 4780.650000 1.000000 4779.515410 -4.387862 4780.935297 -4.673159 1.000000 -0.285297 1.000000 0.071132
6077.911678 1.336393 0.577858 4777.290000 1.000000 4779.515410 -13.605669 4776.048014 -12.363683 1.000000 1.241986 1.000000 0.071132
6078.906855 2.331570 0.725744 4779.520000 1.000000 4779.515410 -13.265251 4779.618815 -13.364066 1.000000 -0.098815 1.000000 0.071132
6079.982439 -3.322215 0.885578 4789.680000 1.000000 4779.515410 -2.275299 4789.954538 -2.549837 1.000000 -0.274538 1.000000 0.071132
6081.025491 -2.279163 0.040578 4799.080000 1.000000 4779.515410 12.189022 4798.647247 12.621776 1.000000 0.432753 1.000000 0.071132
6081.968560 -1.336094 0.180720 4798.470000 1.000000 4779.515410 16.420008 4796.186981 18.703026 1.000000 2.283019 1.000000 0.071132
6083.203386 -0.101268 0.364218 4775.300000 1.000000 4779.515410 2.530735 4775.807414 2.023321 1.000000 -0.507414 1.000000 0.071132
6084.003264 0.698610 0.483082 4764.060000 1.000000 4779.515410 -8.408491 4762.550262 -6.898753 1.000000 1.509738 1.000000 0.071132
6084.975126 1.670472 0.627503 4753.920000 1.000000 4779.515410 -14.665366 4755.094532 -15.839898 1.000000 -1.174532 1.000000 0.071132
6085.539022 2.234368 0.711299 4756.870000 1.000000 4779.515410 -13.756355 4755.944402 -12.830757 1.000000 0.925598 1.000000 0.071132
6086.991396 -3.042627 0.927125 4772.050000 1.000000 4779.515410 1.731877 4772.900141 0.881736 1.000000 -0.850141 1.000000 0.071132
6088.282979 -1.751044 0.119058 4788.720000 1.000000 4779.515410 16.331069 4790.376164 14.674905 1.000000 -1.656164 1.000000 0.071132
6089.049145 -0.984878 0.232912 4791.480000 1.000000 4779.515410 14.189421 4790.553948 15.115474 1.000000 0.926052 1.000000 0.071132
6089.809011 -0.225012 0.345830 4782.510000 1.000000 4779.515410 4.403335 4783.496069 3.417266 1.000000 -0.986069 1.000000 0.071132
6090.952974 0.918951 0.515825 4773.570000 1.000000 4779.515410 -10.647761 4773.265512 -10.343273 1.000000 0.304488 1.000000 0.071132
6092.270904 2.236881 0.711673 4774.840000 1.000000 4779.515410 -13.744862 4776.100716 -15.005578 1.000000 -1.260716 1.000000 0.071132
6092.858253 2.824230 0.798954 4781.870000 1.000000 4779.515410 -9.379117 4782.613026 -10.122143 1.000000 -0.743026 1.000000 0.071132
6094.124728 -2.638663 0.987155 4799.540000 1.000000 4779.515410 7.590075 4800.314747 6.815328 1.000000 -0.774747 1.000000 0.071132
6095.083940 -1.679451 0.129697 4804.240000 1.000000 4779.515410 16.562424 4804.759700 16.042724 1.000000 -0.519700 1.000000 0.071132
6096.363156 -0.400235 0.319791 4785.590000 1.000000 4779.515410 7.007505 4786.241258 6.356247 1.000000 -0.651258 1.000000 0.071132
6097.198740 0.435349 0.443961 4769.440000 1.000000 4779.515410 -5.204533 4769.395233 -5.159765 1.000000 0.044767 1.000000 0.071132
6098.173294 1.409903 0.588782 4756.090000 1.000000 4779.515410 -13.940767 4757.334780 -15.185547 1.000000 -1.244780 1.000000 0.071132
6098.893047 2.129656 0.695739 4756.030000 1.000000 4779.515410 -14.177656 4755.885096 -14.032752 1.000000 0.144904 1.000000 0.071132
