descriptor BJD Tc_folded phase mod 
5950.268658 1.551382 0.609806 -14.424258
5950.368658 1.651382 0.624666 -14.636948
5950.468658 1.751382 0.639526 -14.742432
5950.568658 1.851382 0.654387 -14.740820
5950.668658 1.951382 0.669247 -14.632561
5950.768658 2.051382 0.684107 -14.418430
5950.868658 2.151382 0.698967 -14.099530
5950.968658 2.251382 0.713828 -13.677295
5951.068658 2.351382 0.728688 -13.153511
5951.168658 2.451382 0.743548 -12.530336
5951.268658 2.551382 0.758408 -11.810332
5951.368658 2.651382 0.773269 -10.996506
5951.468658 2.751382 0.788129 -10.092355
5951.568658 2.851382 0.802989 -9.101919
5951.668658 2.951382 0.817849 -8.029841
5951.768658 3.051382 0.832709 -6.881427
5951.868658 3.151382 0.847570 -5.662714
5951.968658 3.251382 0.862430 -4.380535
5952.068658 3.351382 0.877290 -3.042583
5952.168658 -3.277987 0.892150 -1.657468
5952.268658 -3.177987 0.907011 -0.234767
5952.368658 -3.077987 0.921871 1.214938
5952.468658 -2.977987 0.936731 2.680055
5952.568658 -2.877987 0.951591 4.147984
5952.668658 -2.777987 0.966452 5.605165
5952.768658 -2.677987 0.981312 7.037161
5952.868658 -2.577987 0.996172 8.428782
5952.968658 -2.477987 0.011032 9.764263
5953.068658 -2.377987 0.025892 11.027485
5953.168658 -2.277987 0.040753 12.202259
5953.268658 -2.177987 0.055613 13.272645
5953.368658 -2.077987 0.070473 14.223321
5953.468658 -1.977987 0.085333 15.039973
5953.568658 -1.877987 0.100194 15.709702
5953.668658 -1.777987 0.115054 16.221424
5953.768658 -1.677987 0.129914 16.566236
5953.868658 -1.577987 0.144774 16.737738
5953.968658 -1.477987 0.159635 16.732282
5954.068658 -1.377987 0.174495 16.549124
5954.168658 -1.277987 0.189355 16.190489
5954.268658 -1.177987 0.204215 15.661515
5954.368658 -1.077987 0.219076 14.970105
5954.468658 -0.977987 0.233936 14.126677
5954.568658 -0.877987 0.248796 13.143839
5954.668658 -0.777987 0.263656 12.036004
5954.768658 -0.677987 0.278516 10.818972
5954.868658 -0.577987 0.293377 9.509497
5954.968658 -0.477987 0.308237 8.124863
5955.068658 -0.377987 0.323097 6.682495
5955.168658 -0.277987 0.337957 5.199597
5955.268658 -0.177987 0.352818 3.692861
5955.368658 -0.077987 0.367678 2.178212
5955.468658 0.022013 0.382538 0.670628
5955.568658 0.122013 0.397398 -0.816000
5955.668658 0.222013 0.412259 -2.268944
5955.768658 0.322013 0.427119 -3.676684
5955.868658 0.422013 0.441979 -5.028907
5955.968658 0.522013 0.456839 -6.316478
5956.068658 0.622013 0.471700 -7.531397
5956.168658 0.722013 0.486560 -8.666726
5956.268658 0.822013 0.501420 -9.716520
5956.368658 0.922013 0.516280 -10.675741
5956.468658 1.022013 0.531140 -11.540181
5956.568658 1.122013 0.546001 -12.306376
5956.668658 1.222013 0.560861 -12.971532
5956.768658 1.322013 0.575721 -13.533457
5956.868658 1.422013 0.590581 -13.990490
5956.968658 1.522013 0.605442 -14.341454
5957.068658 1.622013 0.620302 -14.585599
5957.168658 1.722013 0.635162 -14.722572
5957.268658 1.822013 0.650022 -14.752381
5957.368658 1.922013 0.664883 -14.675377
5957.468658 2.022013 0.679743 -14.492240
5957.568658 2.122013 0.694603 -14.203975
5957.668658 2.222013 0.709463 -13.811920
5957.768658 2.322013 0.724324 -13.317753
5957.868658 2.422013 0.739184 -12.723521
5957.968658 2.522013 0.754044 -12.031664
5958.068658 2.622013 0.768904 -11.245052
5958.168658 2.722013 0.783764 -10.367035
5958.268658 2.822013 0.798625 -9.401487
5958.368658 2.922013 0.813485 -8.352866
5958.468658 3.022013 0.828345 -7.226279
5958.568658 3.122013 0.843205 -6.027541
5958.668658 3.222013 0.858066 -4.763243
5958.768658 3.322013 0.872926 -3.440819
5958.868658 -3.307356 0.887786 -2.068606
5958.968658 -3.207356 0.902646 -0.655892
5959.068658 -3.107356 0.917507 0.787040
5959.168658 -3.007356 0.932367 2.248893
5959.268658 -2.907356 0.947227 3.717360
5959.368658 -2.807356 0.962087 5.179158
5959.468658 -2.707356 0.976948 6.620095
5959.568658 -2.607356 0.991808 8.025187
5959.668658 -2.507356 0.006668 9.378817
5959.768658 -2.407356 0.021528 10.664942
5959.868658 -2.307356 0.036388 11.867363
5959.968658 -2.207356 0.051249 12.970031
5960.068658 -2.107356 0.066109 13.957402
5960.168658 -2.007356 0.080969 14.814824
5960.268658 -1.907356 0.095829 15.528941
5960.368658 -1.807356 0.110690 16.088095
5960.468658 -1.707356 0.125550 16.482708
5960.568658 -1.607356 0.140410 16.705615
5960.668658 -1.507356 0.155270 16.752338
5960.768658 -1.407356 0.170131 16.621272
5960.868658 -1.307356 0.184991 16.313768
5960.968658 -1.207356 0.199851 15.834120
5961.068658 -1.107356 0.214711 15.189442
5961.168658 -1.007356 0.229571 14.389444
5961.268658 -0.907356 0.244432 13.446127
5961.368658 -0.807356 0.259292 12.373417
5961.468658 -0.707356 0.274152 11.186752
5961.568658 -0.607356 0.289012 9.902649
5961.668658 -0.507356 0.303873 8.538281
5961.768658 -0.407356 0.318733 7.111068
5961.868658 -0.307356 0.333593 5.638314
5961.968658 -0.207356 0.348453 4.136889
5962.068658 -0.107356 0.363314 2.622965
5962.168658 -0.007356 0.378174 1.111815
5962.268658 0.092644 0.393034 -0.382341
5962.368658 0.192644 0.407894 -1.846427
5962.468658 0.292644 0.422755 -3.268566
5962.568658 0.392644 0.437615 -4.638093
5962.668658 0.492644 0.452475 -5.945531
5962.768658 0.592644 0.467335 -7.182553
5962.868658 0.692644 0.482195 -8.341916
5962.968658 0.792644 0.497056 -9.417392
5963.068658 0.892644 0.511916 -10.403686
5963.168658 0.992644 0.526776 -11.296353
5963.268658 1.092644 0.541636 -12.091719
5963.368658 1.192644 0.556497 -12.786803
5963.468658 1.292644 0.571357 -13.379240
5963.568658 1.392644 0.586217 -13.867222
5963.668658 1.492644 0.601077 -14.249433
5963.768658 1.592644 0.615938 -14.525003
5963.868658 1.692644 0.630798 -14.693466
5963.968658 1.792644 0.645658 -14.754727
5964.068658 1.892644 0.660518 -14.709037
5964.168658 1.992644 0.675379 -14.556980
5964.268658 2.092644 0.690239 -14.299467
5964.368658 2.192644 0.705099 -13.937735
5964.468658 2.292644 0.719959 -13.473362
5964.568658 2.392644 0.734819 -12.908283
5964.668658 2.492644 0.749680 -12.244819
5964.768658 2.592644 0.764540 -11.485711
5964.868658 2.692644 0.779400 -10.634161
5964.968658 2.792644 0.794260 -9.693885
5965.068658 2.892644 0.809121 -8.669162
5965.168658 2.992644 0.823981 -7.564903
5965.268658 3.092644 0.838841 -6.386707
5965.368658 3.192644 0.853701 -5.140931
5965.468658 3.292644 0.868562 -3.834755
5965.568658 -3.336725 0.883422 -2.476244
5965.668658 -3.236725 0.898282 -1.074403
5965.768658 -3.136725 0.913142 0.360780
5965.868658 -3.036725 0.928003 1.818307
5965.968658 -2.936725 0.942863 3.286167
5966.068658 -2.836725 0.957723 4.751357
5966.168658 -2.736725 0.972583 6.199942
5966.268658 -2.636725 0.987443 7.617157
5966.368658 -2.536725 0.002304 8.987549
5966.468658 -2.436725 0.017164 10.295178
5966.568658 -2.336725 0.032024 11.523860
5966.668658 -2.236725 0.046884 12.657467
5966.768658 -2.136725 0.061745 13.680266
5966.868658 -2.036725 0.076605 14.577304
5966.968658 -1.936725 0.091465 15.334800
5967.068658 -1.836725 0.106325 15.940559
5967.168658 -1.736725 0.121186 16.384352
5967.268658 -1.636725 0.136046 16.658276
5967.368658 -1.536725 0.150906 16.757041
5967.468658 -1.436725 0.165766 16.678182
5967.568658 -1.336725 0.180627 16.422180
5967.668658 -1.236725 0.195487 15.992474
5967.768658 -1.136725 0.210347 15.395368
5967.868658 -1.036725 0.225207 14.639836
5967.968658 -0.936725 0.240067 13.737244
5968.068658 -0.836725 0.254928 12.700994
5968.168658 -0.736725 0.269788 11.546123
5968.268658 -0.636725 0.284648 10.288877
5968.368658 -0.536725 0.299508 8.946279
5968.468658 -0.436725 0.314369 7.535716
5968.568658 -0.336725 0.329229 6.074562
5968.668658 -0.236725 0.344089 4.579845
5968.768658 -0.136725 0.358949 3.067964
5968.868658 -0.036725 0.373810 1.554475
5968.968658 0.063275 0.388670 0.053919
5969.068658 0.163275 0.403530 -1.420284
5969.168658 0.263275 0.418390 -2.855903
5969.268658 0.363275 0.433250 -4.241917
5969.368658 0.463275 0.448111 -5.568503
5969.468658 0.563275 0.462971 -6.827004
5969.568658 0.663275 0.477831 -8.009865
5969.668658 0.763275 0.492691 -9.110567
5969.768658 0.863275 0.507552 -10.123550
5969.868658 0.963275 0.522412 -11.044128
5969.968658 1.063275 0.537272 -11.868409
5970.068658 1.163275 0.552132 -12.593216
5970.168658 1.263275 0.566993 -13.216011
5970.268658 1.363275 0.581853 -13.734828
5970.368658 1.463275 0.596713 -14.148212
5970.468658 1.563275 0.611573 -14.455167
5970.568658 1.663275 0.626434 -14.655112
5970.668658 1.763275 0.641294 -14.747846
5970.768658 1.863275 0.656154 -14.733520
5970.868658 1.963275 0.671014 -14.612622
5970.968658 2.063275 0.685874 -14.385966
5971.068658 2.163275 0.700735 -14.054694
5971.168658 2.263275 0.715595 -13.620282
5971.268658 2.363275 0.730455 -13.084556
5971.368658 2.463275 0.745315 -12.449722
5971.468658 2.563275 0.760176 -11.718393
5971.568658 2.663275 0.775036 -10.893631
5971.668658 2.763275 0.789896 -9.978995
5971.768658 2.863275 0.804756 -8.978593
5971.868658 2.963275 0.819617 -7.897145
5971.968658 3.063275 0.834477 -6.740039
5972.068658 3.163275 0.849337 -5.513403
5972.168658 3.263275 0.864197 -4.224170
5972.268658 3.363275 0.879058 -2.880139
5972.368658 -3.266094 0.893918 -1.490032
5972.468658 -3.166094 0.908778 -0.063546
5972.568658 -3.066094 0.923638 1.388620
5972.668658 -2.966094 0.938498 2.854750
5972.768658 -2.866094 0.953359 4.322129
5972.868658 -2.766094 0.968219 5.777087
5972.968658 -2.666094 0.983079 7.205090
5973.068658 -2.566094 0.997939 8.590870
5973.168658 -2.466094 0.012800 9.918605
5973.268658 -2.366094 0.027660 11.172154
5973.368658 -2.266094 0.042520 12.335340
5973.468658 -2.166094 0.057380 13.392275
5973.568658 -2.066094 0.072241 14.327737
5973.668658 -1.966094 0.087101 15.127559
5973.768658 -1.866094 0.101961 15.779037
5973.868658 -1.766094 0.116821 16.271328
5973.968658 -1.666094 0.131682 16.595811
5974.068658 -1.566094 0.146542 16.746403
5974.168658 -1.466094 0.161402 16.719793
5974.268658 -1.366094 0.176262 16.515591
5974.368658 -1.266094 0.191122 16.136371
5974.468658 -1.166094 0.205983 15.587612
5974.568658 -1.066094 0.220843 14.877530
5974.668658 -0.966094 0.235703 14.016822
5974.768658 -0.866094 0.250563 13.018331
5974.868658 -0.766094 0.265424 11.896659
5974.968658 -0.666094 0.280284 10.667741
5975.068658 -0.566094 0.295144 9.348415
5975.168658 -0.466094 0.310004 7.956003
5975.268658 -0.366094 0.324865 6.507920
5975.368658 -0.266094 0.339725 5.021326
5975.468658 -0.166094 0.354585 3.512831
5975.568658 -0.066094 0.369445 1.998258
5975.668658 0.033906 0.384306 0.492460
5975.768658 0.133906 0.399166 -0.990805
5975.868658 0.233906 0.414026 -2.438953
5975.968658 0.333906 0.428886 -3.840607
5976.068658 0.433906 0.443746 -5.185596
5976.168658 0.533906 0.458607 -6.464924
5976.268658 0.633906 0.473467 -7.670720
5976.368658 0.733906 0.488327 -8.796170
5976.468658 0.833906 0.503187 -9.835438
5976.568658 0.933906 0.518048 -10.783592
5976.668658 1.033906 0.532908 -11.636515
5976.768658 1.133906 0.547768 -12.390827
5976.868658 1.233906 0.562628 -13.043810
5976.968658 1.333906 0.577489 -13.593337
5977.068658 1.433906 0.592349 -14.037808
5977.168658 1.533906 0.607209 -14.376098
5977.268658 1.633906 0.622069 -14.607508
5977.368658 1.733906 0.636929 -14.731728
5977.468658 1.833906 0.651790 -14.748809
5977.568658 1.933906 0.666650 -14.659140
5977.668658 2.033906 0.681510 -14.463441
5977.768658 2.133906 0.696370 -14.162755
5977.868658 2.233906 0.711231 -13.758460
5977.968658 2.333906 0.726091 -13.252278
5978.068658 2.433906 0.740951 -12.646299
5978.168658 2.533906 0.755811 -11.943013
5978.268658 2.633906 0.770672 -11.145345
5978.368658 2.733906 0.785532 -10.256703
5978.468658 2.833906 0.800392 -9.281029
5978.568658 2.933906 0.815252 -8.222856
5978.668658 3.033906 0.830113 -7.087368
5978.768658 3.133906 0.844973 -5.880471
5978.868658 3.233906 0.859833 -4.608853
5978.968658 3.333906 0.874693 -3.280053
5979.068658 -3.295462 0.889553 -1.902517
5979.168658 -3.195462 0.904414 -0.485651
5979.268658 -3.095462 0.919274 0.960143
5979.368658 -2.995462 0.934134 2.423447
5979.468658 -2.895462 0.948994 3.891836
5979.568658 -2.795462 0.963855 5.351913
5979.668658 -2.695462 0.978715 6.789386
5979.768658 -2.595462 0.993575 8.189186
5979.868658 -2.495462 0.008435 9.535633
5979.968658 -2.395462 0.023296 10.812652
5980.068658 -2.295462 0.038156 12.004044
5980.168658 -2.195462 0.053016 13.093800
5980.268658 -2.095462 0.067876 14.066461
5980.368658 -1.995462 0.082737 14.907510
5980.468658 -1.895462 0.097597 15.603770
5980.568658 -1.795462 0.112457 16.143813
5980.668658 -1.695462 0.127317 16.518329
5980.768658 -1.595462 0.142177 16.720461
5980.868658 -1.495462 0.157038 16.746066
5980.968658 -1.395462 0.171898 16.593886
5981.068658 -1.295462 0.186758 16.265627
5981.168658 -1.195462 0.201618 15.765926
5981.268658 -1.095462 0.216479 15.102219
5981.368658 -0.995462 0.231339 14.284505
5981.468658 -0.895462 0.246199 13.325035
5981.568658 -0.795462 0.261059 12.237939
5981.668658 -0.695462 0.275920 11.038803
5981.768658 -0.595462 0.290780 9.744246
5981.868658 -0.495462 0.305640 8.371489
5981.968658 -0.395462 0.320500 6.937959
5982.068658 -0.295462 0.335361 5.460923
5982.168658 -0.195462 0.350221 3.957180
5982.268658 -0.095462 0.365081 2.442805
5982.368658 0.004538 0.379941 0.932953
5982.468658 0.104538 0.394801 -0.558289
5982.568658 0.204538 0.409662 -2.017984
5982.668658 0.304538 0.424522 -3.434402
5982.768658 0.404538 0.439382 -4.797017
5982.868658 0.504538 0.454242 -6.096495
5982.968658 0.604538 0.469103 -7.324640
5983.068658 0.704538 0.483963 -8.474333
5983.168658 0.804538 0.498823 -9.539463
5983.268658 0.904538 0.513683 -10.514838
5983.368658 1.004538 0.528544 -11.396111
5983.468658 1.104538 0.543404 -12.179694
5983.568658 1.204538 0.558264 -12.862682
5983.668658 1.304538 0.573124 -13.442781
5983.768658 1.404538 0.587985 -13.918243
5983.868658 1.504538 0.602845 -14.287808
5983.968658 1.604538 0.617705 -14.550656
5984.068658 1.704538 0.632565 -14.706367
5984.168658 1.804538 0.647425 -14.754888
5984.268658 1.904538 0.662286 -14.696510
5984.368658 2.004538 0.677146 -14.531857
5984.468658 2.104538 0.692006 -14.261877
5984.568658 2.204538 0.706866 -13.887849
5984.668658 2.304538 0.721727 -13.411390
5984.768658 2.404538 0.736587 -12.834480
5984.868658 2.504538 0.751447 -12.159489
5984.968658 2.604538 0.766307 -11.389209
5985.068658 2.704538 0.781168 -10.526901
5985.168658 2.804538 0.796028 -9.576345
5985.268658 2.904538 0.810888 -8.541893
5985.368658 3.004538 0.825748 -7.428533
5985.468658 3.104538 0.840608 -6.241951
5985.568658 3.204538 0.855469 -4.988598
5985.668658 3.304538 0.870329 -3.675757
5985.768658 -3.324831 0.885189 -2.311603
5985.868658 -3.224831 0.900049 -0.905253
5985.968658 -3.124831 0.914910 0.533183
5986.068658 -3.024831 0.929770 1.992589
5986.168658 -2.924831 0.944630 3.460832
5986.268658 -2.824831 0.959490 4.924794
5986.368658 -2.724831 0.974351 6.370436
5986.468658 -2.624831 0.989211 7.782903
5986.568658 -2.524831 0.004071 9.146674
5986.668658 -2.424831 0.018931 10.445763
5986.768658 -2.324831 0.033792 11.663978
5986.868658 -2.224831 0.048652 12.785218
5986.968658 -2.124831 0.063512 13.793825
5987.068658 -2.024831 0.078372 14.674961
5987.168658 -1.924831 0.093232 15.415015
5987.268658 -1.824831 0.108093 16.002004
5987.368658 -1.724831 0.122953 16.425960
5987.468658 -1.624831 0.137813 16.679275
5987.568658 -1.524831 0.152673 16.756986
5987.668658 -1.424831 0.167534 16.656975
5987.768658 -1.324831 0.182394 16.380077
5987.868658 -1.224831 0.197254 15.930077
5987.968658 -1.124831 0.212114 15.313609
5988.068658 -1.024831 0.226975 14.539948
5988.168658 -0.924831 0.241835 13.620722
5988.268658 -0.824831 0.256695 12.569548
5988.368658 -0.724831 0.271555 11.401631
5988.468658 -0.624831 0.286416 10.133331
5988.568658 -0.524831 0.301276 8.781735
5988.668658 -0.424831 0.316136 7.364249
5988.768658 -0.324831 0.330996 5.898222
5988.868658 -0.224831 0.345856 4.400618
5988.968658 -0.124831 0.360717 2.887750
5989.068658 -0.024831 0.375577 1.375058
5989.168658 0.075169 0.390437 -0.123044
5989.268658 0.175169 0.405297 -1.593275
5989.368658 0.275169 0.420158 -3.023548
5989.468658 0.375169 0.435018 -4.402986
5989.568658 0.475169 0.449878 -5.721906
5989.668658 0.575169 0.464738 -6.971786
5989.768658 0.675169 0.479599 -8.145197
5989.868658 0.775169 0.494459 -9.235740
5989.968658 0.875169 0.509319 -10.237962
5990.068658 0.975169 0.524179 -11.147276
5990.168658 1.075169 0.539040 -11.959880
5990.268658 1.175169 0.553900 -12.672676
5990.368658 1.275169 0.568760 -13.283197
5990.468658 1.375169 0.583620 -13.789541
5990.568658 1.475169 0.598480 -14.190310
5990.668658 1.575169 0.613341 -14.484561
5990.768658 1.675169 0.628201 -14.671758
5990.868658 1.775169 0.643061 -14.751745
5990.968658 1.875169 0.657921 -14.724712
5991.068658 1.975169 0.672782 -14.591187
5991.168658 2.075169 0.687642 -14.352023
5991.268658 2.175169 0.702502 -14.008400
5991.368658 2.275169 0.717362 -13.561835
5991.468658 2.375169 0.732223 -13.014199
5991.568658 2.475169 0.747083 -12.367743
5991.668658 2.575169 0.761943 -11.625132
5991.768658 2.675169 0.776803 -10.789484
5991.868658 2.775169 0.791664 -9.864421
5991.968658 2.875169 0.806524 -8.854120
5992.068658 2.975169 0.821384 -7.763377
5992.168658 3.075169 0.836244 -6.597666
5992.268658 3.175169 0.851104 -5.363206
5992.368658 3.275169 0.865965 -4.067029
5992.468658 -3.354200 0.880825 -2.717042
5992.568658 -3.254200 0.895685 -1.322082
5992.668658 -3.154200 0.910545 0.108039
5992.768658 -3.054200 0.925406 1.562500
5992.868658 -2.954200 0.940266 3.029464
5992.968658 -2.854200 0.955126 4.496100
5993.068658 -2.754200 0.969986 5.948629
5993.168658 -2.654200 0.984847 7.372423
5993.268658 -2.554200 0.999707 8.752137
5993.368658 -2.454200 0.014567 10.071898
5993.468658 -2.354200 0.029427 11.315545
5993.568658 -2.254200 0.044287 12.466917
5993.668658 -2.154200 0.059148 13.510186
5993.768658 -2.054200 0.074008 14.430233
5993.868658 -1.954200 0.088868 15.213044
5993.968658 -1.854200 0.103728 15.846118
5994.068658 -1.754200 0.118589 16.318855
5994.168658 -1.654200 0.133449 16.622923
5994.268658 -1.554200 0.148309 16.752557
5994.368658 -1.454200 0.163169 16.704788
5994.468658 -1.354200 0.178030 16.479578
5994.568658 -1.254200 0.192890 16.079852
5994.668658 -1.154200 0.207750 15.511425
5994.768658 -1.054200 0.222610 14.782822
5994.868658 -0.954200 0.237471 13.905016
5994.968658 -0.854200 0.252331 12.891080
5995.068658 -0.754200 0.267191 11.755796
5995.168658 -0.654200 0.282051 10.515230
5995.268658 -0.554200 0.296911 9.186298
5995.368658 -0.454200 0.311772 7.786355
5995.468658 -0.354200 0.326632 6.332801
5995.568658 -0.254200 0.341492 4.842745
5995.668658 -0.154200 0.356352 3.332716
5995.768658 -0.054200 0.371213 1.818429
5995.868658 0.045800 0.386073 0.314613
5995.968658 0.145800 0.400933 -1.165112
5996.068658 0.245800 0.415793 -2.608302
5996.168658 0.345800 0.430654 -4.003727
5996.268658 0.445800 0.445514 -5.341355
5996.368658 0.545800 0.460374 -6.612329
5996.468658 0.645800 0.475234 -7.808907
5996.568658 0.745800 0.490095 -8.924393
5996.668658 0.845800 0.504955 -9.953067
5996.768658 0.945800 0.519815 -10.890096
5996.868658 1.045800 0.534675 -11.731454
5996.968658 1.145800 0.549535 -12.473844
5997.068658 1.245800 0.564396 -13.114624
5997.168658 1.345800 0.579256 -13.651730
5997.268658 1.445800 0.594116 -14.083622
5997.368658 1.545800 0.608976 -14.409230
5997.468658 1.645800 0.623837 -14.627900
5997.568658 1.745800 0.638697 -14.739368
5997.668658 1.845800 0.653557 -14.743726
5997.768658 1.945800 0.668417 -14.641403
5997.868658 2.045800 0.683278 -14.433156
5997.968658 2.145800 0.698138 -14.120069
5998.068658 2.245800 0.712998 -13.703559
5998.168658 2.345800 0.727858 -13.185391
5998.268658 2.445800 0.742719 -12.567700
5998.368658 2.545800 0.757579 -11.853027
5998.468658 2.645800 0.772439 -11.044350
5998.568658 2.745800 0.787299 -10.145140
5998.668658 2.845800 0.802159 -9.159404
5998.768658 2.945800 0.817020 -8.091750
5998.868658 3.045800 0.831880 -6.947446
5998.968658 3.145800 0.846740 -5.732485
5999.068658 3.245800 0.861600 -4.453654
5999.168658 3.345800 0.876461 -3.118596
5999.268658 -3.283569 0.891321 -1.735871
5999.368658 -3.183569 0.906181 -0.314999
5999.468658 -3.083569 0.921041 1.133495
5999.568658 -2.983569 0.935902 2.598075
5999.668658 -2.883569 0.950762 4.066195
5999.768658 -2.783569 0.965622 5.524349
5999.868658 -2.683569 0.980482 6.958145
5999.968658 -2.583569 0.995343 8.352431
6000.068658 -2.483569 0.010203 9.691468
6000.168658 -2.383569 0.025063 10.959151
6000.268658 -2.283569 0.039923 12.139286
6000.368658 -2.183569 0.054783 13.215911
6000.468658 -2.083569 0.069644 14.173657
6000.568658 -1.983569 0.084504 14.998146
6000.668658 -1.883569 0.099364 15.676387
6000.768658 -1.783569 0.114224 16.197185
6000.868658 -1.683569 0.129085 16.551508
6000.968658 -1.583569 0.143945 16.732807
6001.068658 -1.483569 0.158805 16.737276
6001.168658 -1.383569 0.173665 16.564007
6001.268658 -1.283569 0.188526 16.215058
6001.368658 -1.183569 0.203386 15.695409
6001.468658 -1.083569 0.218246 15.012814
6001.568658 -0.983569 0.233106 14.177558
6001.668658 -0.883569 0.247966 13.202137
6001.768658 -0.783569 0.262827 12.100874
6001.868658 -0.683569 0.277687 10.889504
6001.968658 -0.583569 0.292547 9.584736
6002.068658 -0.483569 0.307407 8.203839
6002.168658 -0.383569 0.322268 6.764236
6002.268658 -0.283569 0.337128 5.283155
6002.368658 -0.183569 0.351988 3.777322
6002.468658 -0.083569 0.366848 2.262711
6002.568658 0.016431 0.381709 0.754355
6002.668658 0.116431 0.396569 -0.733789
6002.768658 0.216431 0.411429 -2.188928
6002.868658 0.316431 0.426289 -3.599475
6002.968658 0.416431 0.441150 -4.955048
6003.068658 0.516431 0.456010 -6.246449
6003.168658 0.616431 0.470870 -7.465616
6003.268658 0.716431 0.485730 -8.605553
6003.368658 0.816431 0.500590 -9.660262
6003.468658 0.916431 0.515451 -10.624658
6003.568658 1.016431 0.530311 -11.494486
6003.668658 1.116431 0.545171 -12.266245
6003.768658 1.216431 0.560031 -12.937105
6003.868658 1.316431 0.574892 -13.504840
6003.968658 1.416431 0.589752 -13.967764
6004.068658 1.516431 0.604612 -14.324672
6004.168658 1.616431 0.619472 -14.574793
6004.268658 1.716431 0.634333 -14.717751
6004.368658 1.816431 0.649193 -14.753536
6004.468658 1.916431 0.664053 -14.682480
6004.568658 2.016431 0.678913 -14.505244
6004.668658 2.116431 0.693774 -14.222816
6004.768658 2.216431 0.708634 -13.836513
6004.868658 2.316431 0.723494 -13.347996
6004.968658 2.416431 0.738354 -12.759290
6005.068658 2.516431 0.753214 -12.072810
6005.168658 2.616431 0.768075 -11.291404
6005.268658 2.716431 0.782935 -10.418392
6005.368658 2.816431 0.797795 -9.457618
6005.468658 2.916431 0.812655 -8.413507
6005.568658 3.016431 0.827516 -7.291126
6005.668658 3.116431 0.842376 -6.096249
6005.768658 3.216431 0.857236 -4.835423
6005.868658 3.316431 0.872096 -3.516033
6005.968658 -3.312938 0.886957 -2.146363
6006.068658 -3.212938 0.901817 -0.735648
6006.168658 -3.112938 0.916677 0.705885
6006.268658 -3.012938 0.931537 2.166997
6006.368658 -2.912938 0.946398 3.635436
6006.468658 -2.812938 0.961258 5.097972
6006.568658 -2.712938 0.976118 6.540462
6006.668658 -2.612938 0.990978 7.947962
6006.768658 -2.512938 0.005838 9.304884
6006.868658 -2.412938 0.020699 10.595204
6006.968658 -2.312938 0.035559 11.802724
6007.068658 -2.212938 0.050419 12.911376
6007.168658 -2.112938 0.065279 13.905579
6007.268658 -2.012938 0.080140 14.770621
6007.368658 -1.912938 0.095000 15.493062
6007.468658 -1.812938 0.109860 16.061140
6007.568658 -1.712938 0.124720 16.465150
6007.668658 -1.612938 0.139581 16.697786
6007.768658 -1.512938 0.154441 16.754414
6007.868658 -1.412938 0.169301 16.633264
6007.968658 -1.312938 0.184161 16.335522
6008.068658 -1.212938 0.199022 15.865322
6008.168658 -1.112938 0.213882 15.229623
6008.268658 -1.012938 0.228742 14.437998
6008.368658 -0.912938 0.243602 13.502331
6008.468658 -0.812938 0.258462 12.436449
6008.568658 -0.712938 0.273323 11.255718
6008.668658 -0.612938 0.288183 9.976606
6008.768658 -0.512938 0.303043 8.616260
6008.868658 -0.412938 0.317903 7.192096
6008.968658 -0.312938 0.332764 5.721435
6009.068658 -0.212938 0.347624 4.221176
6009.168658 -0.112938 0.362484 2.707539
6009.268658 -0.012938 0.377344 1.195849
6009.368658 0.087062 0.392205 -0.299611
6009.468658 0.187062 0.407065 -1.765700
6009.568658 0.287062 0.421925 -3.190473
6009.668658 0.387062 0.436785 -4.563197
6009.768658 0.487062 0.451645 -5.874331
6009.868658 0.587062 0.466506 -7.115484
6009.968658 0.687062 0.481366 -8.279356
6010.068658 0.787062 0.496226 -9.359662
6010.168658 0.887062 0.511086 -10.351059
6010.268658 0.987062 0.525947 -11.249056
6010.368658 1.087062 0.540807 -12.049939
6010.468658 1.187062 0.555667 -12.750688
6010.568658 1.287062 0.570527 -13.348908
6010.668658 1.387062 0.585388 -13.842759
6010.768658 1.487062 0.600248 -14.230901
6010.868658 1.587062 0.615108 -14.512440
6010.968658 1.687062 0.629968 -14.686888
6011.068658 1.787062 0.644829 -14.754129
6011.168658 1.887062 0.659689 -14.714397
6011.268658 1.987062 0.674549 -14.568257
6011.368658 2.087062 0.689409 -14.316601
6011.468658 2.187062 0.704269 -13.960648
6011.568658 2.287062 0.719130 -13.501957
6011.668658 2.387062 0.733990 -12.942443
6011.768658 2.487062 0.748850 -12.284403
6011.868658 2.587062 0.763710 -11.530554
6011.968658 2.687062 0.778571 -10.684071
6012.068658 2.787062 0.793431 -9.748640
6012.168658 2.887062 0.808291 -8.728509
6012.268658 2.987062 0.823151 -7.628548
6012.368658 3.087062 0.838012 -6.454319
6012.468658 3.187062 0.852872 -5.212134
6012.568658 3.287062 0.867732 -3.909126
6012.668658 -3.342307 0.882592 -2.553308
6012.768658 -3.242307 0.897453 -1.153632
6012.868658 -3.142307 0.912313 0.279970
6012.968658 -3.042307 0.927173 1.736558
6013.068658 -2.942307 0.942033 3.204174
6013.168658 -2.842307 0.956893 4.669872
6013.268658 -2.742307 0.971754 6.119766
6013.368658 -2.642307 0.986614 7.539133
6013.468658 -2.542307 0.001474 8.912556
6013.568658 -2.442307 0.016334 10.224114
6013.668658 -2.342307 0.031195 11.457630
6013.768658 -2.242307 0.046055 12.596964
6013.868658 -2.142307 0.060915 13.626352
6013.968658 -2.042307 0.075775 14.530785
6014.068658 -1.942307 0.090636 15.296410
6014.168658 -1.842307 0.105496 15.910928
6014.268658 -1.742307 0.120356 16.363994
6014.368658 -1.642307 0.135216 16.647565
6014.468658 -1.542307 0.150077 16.756199
6014.568658 -1.442307 0.164937 16.687270
6014.668658 -1.342307 0.179797 16.441093
6014.768658 -1.242307 0.194657 16.020943
6014.868658 -1.142307 0.209517 15.432969
6014.968658 -1.042307 0.224378 14.686002
6015.068658 -0.942307 0.239238 13.791283
6015.168658 -0.842307 0.254098 12.762111
6015.268658 -0.742307 0.268958 11.613443
6015.368658 -0.642307 0.283819 10.361468
6015.468658 -0.542307 0.298679 9.023178
6015.568658 -0.442307 0.313539 7.615949
6015.668658 -0.342307 0.328399 6.157166
6015.768658 -0.242307 0.343260 4.663883
6015.868658 -0.142307 0.358120 3.152542
6015.968658 -0.042307 0.372980 1.638749
6016.068658 0.057693 0.387840 0.137107
6016.168658 0.157693 0.402701 -1.338900
6016.268658 0.257693 0.417561 -2.776975
6016.368658 0.357693 0.432421 -4.166027
6016.468658 0.457693 0.447281 -5.496170
6016.568658 0.557693 0.462141 -6.758681
6016.668658 0.657693 0.477002 -7.945945
6016.768658 0.757693 0.491862 -9.051388
6016.868658 0.857693 0.506722 -10.069399
6016.968658 0.957693 0.521582 -10.995245
6017.068658 1.057693 0.536443 -11.824992
6017.168658 1.157693 0.551303 -12.555424
6017.268658 1.257693 0.566163 -13.183970
6017.368658 1.357693 0.581023 -13.708634
6017.468658 1.457693 0.595884 -14.127933
6017.568658 1.557693 0.610744 -14.440848
6017.668658 1.657693 0.625604 -14.646776
6017.768658 1.757693 0.640464 -14.745493
6017.868658 1.857693 0.655324 -14.737134
6017.968658 1.957693 0.670185 -14.622167
6018.068658 2.057693 0.685045 -14.401388
6018.168658 2.157693 0.699905 -14.075920
6018.268658 2.257693 0.714765 -13.647220
6018.368658 2.357693 0.729626 -13.117095
6018.468658 2.457693 0.744486 -12.487729
6018.568658 2.557693 0.759346 -11.761710
6018.668658 2.657693 0.774206 -10.942074
6018.768658 2.757693 0.789067 -10.032352
6018.868658 2.857693 0.803927 -9.036620
6018.968658 2.957693 0.818787 -7.959560
6019.068658 3.057693 0.833647 -6.806523
6019.168658 3.157693 0.848508 -5.583594
6019.268658 3.257693 0.863368 -4.297658
6019.368658 3.357693 0.878228 -2.956464
6019.468658 -3.271676 0.893088 -1.568684
6019.568658 -3.171676 0.907948 -0.143956
6019.668658 -3.071676 0.922809 1.307076
6019.768658 -2.971676 0.937669 2.772753
6019.868658 -2.871676 0.952529 4.240414
6019.968658 -2.771676 0.967389 5.696441
6020.068658 -2.671676 0.982250 7.126345
6020.168658 -2.571676 0.997110 8.514894
6020.268658 -2.471676 0.011970 9.846293
6020.368658 -2.371676 0.026830 11.104411
6020.468658 -2.271676 0.041691 12.273064
6020.568658 -2.171676 0.056551 13.336339
6020.668658 -2.071676 0.071411 14.278967
6020.768658 -1.971676 0.086271 15.086711
6020.868658 -1.871676 0.101132 15.746774
6020.968658 -1.771676 0.115992 16.248200
6021.068658 -1.671676 0.130852 16.582236
6021.168658 -1.571676 0.145712 16.742648
6021.268658 -1.471676 0.160572 16.725968
6021.368658 -1.371676 0.175433 16.531639
6021.468658 -1.271676 0.190293 16.162071
6021.568658 -1.171676 0.205153 15.622584
6021.668658 -1.071676 0.220013 14.921247
6021.768658 -0.971676 0.234874 14.068627
6021.868658 -0.871676 0.249734 13.077457
6021.968658 -0.771676 0.264594 11.962252
6022.068658 -0.671676 0.279454 10.738882
6022.168658 -0.571676 0.294315 9.424149
6022.268658 -0.471676 0.309175 8.035357
6022.368658 -0.371676 0.324035 6.589926
6022.468658 -0.271676 0.338895 5.105038
6022.568658 -0.171676 0.353756 3.597340
6022.668658 -0.071676 0.368616 2.082706
6022.768658 0.028324 0.383476 0.576045
6022.868658 0.128324 0.398336 -0.908821
6022.968658 0.228324 0.413196 -2.359240
6023.068658 0.328324 0.428057 -3.763769
6023.168658 0.428324 0.442917 -5.112169
6023.268658 0.528324 0.457777 -6.395380
6023.368658 0.628324 0.472637 -7.605470
6023.468658 0.728324 0.487498 -8.735566
6023.568658 0.828324 0.502358 -9.779784
6023.668658 0.928324 0.517218 -10.733140
6023.768658 1.028324 0.532078 -11.591474
6023.868658 1.128324 0.546939 -12.351368
6023.968658 1.228324 0.561799 -13.010069
6024.068658 1.328324 0.576659 -13.565417
6024.168658 1.428324 0.591519 -14.015786
6024.268658 1.528324 0.606380 -14.360026
6024.368658 1.628324 0.621240 -14.597414
6024.468658 1.728324 0.636100 -14.727619
6024.568658 1.828324 0.650960 -14.750673
6024.668658 1.928324 0.665820 -14.666948
6024.768658 2.028324 0.680681 -14.477143
6024.868658 2.128324 0.695541 -14.182285
6024.968658 2.228324 0.710401 -13.783731
6025.068658 2.328324 0.725261 -13.283185
6025.168658 2.428324 0.740122 -12.682715
6025.268658 2.528324 0.754982 -11.984788
6025.368658 2.628324 0.769842 -11.192304
6025.468658 2.728324 0.784702 -10.308641
6025.568658 2.828324 0.799563 -9.337712
6025.668658 2.928324 0.814423 -8.284013
6025.768658 3.028324 0.829283 -7.152693
6025.868658 3.128324 0.844143 -5.949613
6025.968658 3.228324 0.859003 -4.681418
6026.068658 3.328324 0.873864 -3.355596
6026.168658 -3.301045 0.888724 -1.980541
6026.268658 -3.201045 0.903584 -0.565606
6026.368658 -3.101045 0.918444 0.878865
6026.468658 -3.001045 0.933305 2.341509
6026.568658 -2.901045 0.948165 3.809959
6026.668658 -2.801045 0.963025 5.270868
6026.768658 -2.701045 0.977885 6.709994
6026.868658 -2.601045 0.992746 8.112306
6026.968658 -2.501045 0.007606 9.462152
6027.068658 -2.401045 0.022466 10.743474
6027.168658 -2.301045 0.037326 11.940070
6027.268658 -2.201045 0.052187 13.035914
6027.368658 -2.101045 0.067047 14.015505
6027.468658 -2.001045 0.081907 14.864262
6027.568658 -1.901045 0.096767 15.568924
6027.668658 -1.801045 0.111627 16.117953
6027.768658 -1.701045 0.126488 16.501913
6027.868658 -1.601045 0.141348 16.713804
6027.968658 -1.501045 0.156208 16.749324
6028.068658 -1.401045 0.171068 16.607051
6028.168658 -1.301045 0.185929 16.288525
6028.268658 -1.201045 0.200789 15.798223
6028.368658 -1.101045 0.215649 15.143430
6028.468658 -1.001045 0.230509 14.334009
6028.568658 -0.901045 0.245370 13.382096
6028.668658 -0.801045 0.260230 12.301725
6028.768658 -0.701045 0.275090 11.108413
6028.868658 -0.601045 0.289950 9.818732
6028.968658 -0.501045 0.304811 8.449882
6029.068658 -0.401045 0.319671 7.019286
6029.168658 -0.301045 0.334531 5.544230
6029.268658 -0.201045 0.349391 4.041547
6029.368658 -0.101045 0.364251 2.527357
6029.468658 -0.001045 0.379112 1.016870
6029.568658 0.098955 0.393972 -0.475762
6029.668658 0.198955 0.408832 -1.937539
6029.768658 0.298955 0.423692 -3.356661
6029.868658 0.398955 0.438553 -4.722537
6029.968658 0.498955 0.453413 -6.025765
6030.068658 0.598955 0.468273 -7.258089
6030.168658 0.698955 0.483133 -8.412332
6030.268658 0.798955 0.497994 -9.482326
6030.368658 0.898955 0.512854 -10.462834
6030.468658 0.998955 0.527714 -11.349461
6030.568658 1.098955 0.542574 -12.138580
6030.668658 1.198955 0.557435 -12.827249
6030.768658 1.298955 0.572295 -13.413142
6030.868658 1.398955 0.587155 -13.894483
6030.968658 1.498955 0.602015 -14.269984
6031.068658 1.598955 0.616875 -14.538805
6031.168658 1.698955 0.631736 -14.700501
6031.268658 1.798955 0.646596 -14.755001
6031.368658 1.898955 0.661456 -14.702577
6031.468658 1.998955 0.676316 -14.543834
6031.568658 2.098955 0.691177 -14.279703
6031.668658 2.198955 0.706037 -13.911443
6031.768658 2.298955 0.720897 -13.440654
6031.868658 2.398955 0.735757 -12.869293
6031.968658 2.498955 0.750618 -12.199707
6032.068658 2.598955 0.765478 -11.434665
6032.168658 2.698955 0.780338 -10.577400
6032.268658 2.798955 0.795198 -9.631661
6032.368658 2.898955 0.810059 -8.601767
6032.468658 2.998955 0.824919 -7.492668
6032.568658 3.098955 0.839779 -6.310010
6032.668658 3.198955 0.854639 -5.060201
6032.768658 3.298955 0.869499 -3.750474
6032.868658 -3.330414 0.884360 -2.388953
6032.968658 -3.230414 0.899220 -0.984702
6033.068658 -3.130414 0.914080 0.452227
6033.168658 -3.030414 0.928940 1.910773
6033.268658 -2.930414 0.943801 3.378859
6033.368658 -2.830414 0.958661 4.843422
6033.468658 -2.730414 0.973521 6.290471
6033.568658 -2.630414 0.988381 7.705194
6033.668658 -2.530414 0.003242 9.072101
6033.768658 -2.430414 0.018102 10.375227
6033.868658 -2.330414 0.032962 11.598383
6033.968658 -2.230414 0.047822 12.725455
6034.068658 -2.130414 0.062682 13.740749
6034.168658 -2.030414 0.077543 14.629373
6034.268658 -1.930414 0.092403 15.377635
6034.368658 -1.830414 0.107263 15.973451
6034.468658 -1.730414 0.122123 16.406732
6034.568658 -1.630414 0.136984 16.669729
6034.668658 -1.530414 0.151844 16.757325
6034.768658 -1.430414 0.166704 16.667241
6034.868658 -1.330414 0.181564 16.400144
6034.968658 -1.230414 0.196425 15.959658
6035.068658 -1.130414 0.211285 15.352261
6035.168658 -1.030414 0.226145 14.587088
6035.268658 -0.930414 0.241005 13.675646
6035.368658 -0.830414 0.255866 12.631450
6035.468658 -0.730414 0.270726 11.469627
6035.568658 -0.630414 0.285586 10.206485
6035.668658 -0.530414 0.300446 8.859082
6035.768658 -0.430414 0.315306 7.444815
6035.868658 -0.330414 0.330167 5.981044
6035.968658 -0.230414 0.345027 4.484767
6036.068658 -0.130414 0.359887 2.972334
6036.168658 -0.030414 0.374747 1.459243
6036.268658 0.069586 0.389608 -0.040034
6036.368658 0.169586 0.404468 -1.512151
6036.468658 0.269586 0.419328 -2.944952
6036.568658 0.369586 0.434188 -4.327494
6036.668658 0.469586 0.449049 -5.650028
6036.768658 0.569586 0.463909 -6.903966
6036.868658 0.669586 0.478769 -8.081824
6036.968658 0.769586 0.493629 -9.177145
6037.068658 0.869586 0.508490 -10.184426
6037.168658 0.969586 0.523350 -11.099034
6037.268658 1.069586 0.538210 -11.917124
6037.368658 1.169586 0.553070 -12.635561
6037.468658 1.269586 0.567930 -13.251846
6037.568658 1.369586 0.582791 -13.764047
6037.668658 1.469586 0.597651 -14.170739
6037.768658 1.569586 0.612511 -14.470953
6037.868658 1.669586 0.627371 -14.664134
6037.968658 1.769586 0.642232 -14.750103
6038.068658 1.869586 0.657092 -14.729034
6038.168658 1.969586 0.671952 -14.601434
6038.268658 2.069586 0.686812 -14.368138
6038.368658 2.169586 0.701673 -14.030310
6038.468658 2.269586 0.716533 -13.589445
6038.568658 2.369586 0.731393 -13.047396
6038.668658 2.469586 0.746253 -12.406390
6038.768658 2.569586 0.761114 -11.669068
6038.868658 2.669586 0.775974 -10.838523
6038.968658 2.769586 0.790834 -9.918347
6039.068658 2.869586 0.805694 -8.912684
6039.168658 2.969586 0.820554 -7.826294
6039.268658 3.069586 0.835415 -6.664610
6039.368658 3.169586 0.850275 -5.433811
6039.468658 3.269586 0.865135 -4.140879
6039.568658 -3.359782 0.879995 -2.793672
6039.668658 -3.259782 0.894856 -1.400973
6039.768658 -3.159782 0.909716 0.027461
6039.868658 -3.059782 0.924576 1.480865
6039.968658 -2.959782 0.939436 2.947461
6040.068658 -2.859782 0.954297 4.414470
6040.168658 -2.759782 0.969157 5.868165
6040.268658 -2.659782 0.984017 7.293961
6040.368658 -2.559782 0.998877 8.676550
6040.468658 -2.459782 0.013738 10.000082
6040.568658 -2.359782 0.028598 11.248406
6040.668658 -2.259782 0.043458 12.405350
6040.768658 -2.159782 0.058318 13.455060
6040.868658 -2.059782 0.073178 14.382367
6040.968658 -1.959782 0.088039 15.173184
6041.068658 -1.859782 0.102899 15.814915
6041.168658 -1.759782 0.117759 16.296845
6041.268658 -1.659782 0.132619 16.610505
6041.368658 -1.559782 0.147480 16.749981
6041.468658 -1.459782 0.162340 16.712144
6041.568658 -1.359782 0.177200 16.496789
6041.668658 -1.259782 0.192060 16.106678
6041.768658 -1.159782 0.206921 15.547467
6041.868658 -1.059782 0.221781 14.827538
6041.968658 -0.959782 0.236641 13.957734
6042.068658 -0.859782 0.251501 12.951021
6042.168658 -0.759782 0.266361 11.822098
6042.268658 -0.659782 0.281222 10.586968
6042.368658 -0.559782 0.296082 9.262515
6042.468658 -0.459782 0.310942 7.866075
6042.568658 -0.359782 0.325802 6.415059
6042.668658 -0.259782 0.340663 4.926599
6042.768658 -0.159782 0.355523 3.417262
6042.868658 -0.059782 0.370383 1.902815
6042.968658 0.040218 0.385243 0.398044
6043.068658 0.140218 0.400104 -1.083364
6043.168658 0.240218 0.414964 -2.528901
6043.268658 0.340218 0.429824 -3.927267
6043.368658 0.440218 0.444684 -5.268366
6043.468658 0.540218 0.459545 -6.543275
6043.568658 0.640218 0.474405 -7.744191
6043.668658 0.740218 0.489265 -8.864364
6043.768658 0.840218 0.504125 -9.898019
6043.868658 0.940218 0.518985 -10.840276
6043.968658 1.040218 0.533846 -11.687068
6044.068658 1.140218 0.548706 -12.435059
6044.168658 1.240218 0.563566 -13.081570
6044.268658 1.340218 0.578426 -13.624508
6044.368658 1.440218 0.593287 -14.062306
6044.468658 1.540218 0.608147 -14.393867
6044.568658 1.640218 0.623007 -14.618518
6044.668658 1.740218 0.637867 -14.735971
6044.768658 1.840218 0.652728 -14.746300
6044.868658 1.940218 0.667588 -14.649914
6044.968658 2.040218 0.682448 -14.447555
6045.068658 2.140218 0.697308 -14.140286
6045.168658 2.240218 0.712169 -13.729506
6045.268658 2.340218 0.727029 -13.216960
6045.368658 2.440218 0.741889 -12.604762
6045.468658 2.540218 0.756749 -11.895428
6045.568658 2.640218 0.771609 -11.091912
6045.668658 2.740218 0.786470 -10.197655
6045.768658 2.840218 0.801330 -9.216634
6045.868658 2.940218 0.816190 -8.153420
6045.968658 3.040218 0.831050 -7.013243
6046.068658 3.140218 0.845911 -5.802055
6046.168658 3.240218 0.860771 -4.526597
6046.268658 3.340218 0.875631 -3.194461
6046.368658 -3.289151 0.890491 -1.814155
6046.468658 -3.189151 0.905352 -0.395145
6046.568658 -3.089151 0.920212 1.052103
6046.668658 -2.989151 0.935072 2.516105
6046.768658 -2.889151 0.949932 3.984375
6046.868658 -2.789151 0.964793 5.443457
6046.968658 -2.689151 0.979653 6.879006
6047.068658 -2.589151 0.994513 8.275908
6047.168658 -2.489151 0.009373 9.618451
6047.268658 -2.389151 0.024233 10.890544
6047.368658 -2.289151 0.039094 12.075991
6047.468658 -2.189151 0.053954 13.158806
6047.568658 -2.089151 0.068814 14.123578
6047.668658 -1.989151 0.083674 14.955862
6047.768658 -1.889151 0.098535 15.642581
6047.868658 -1.789151 0.113395 16.172428
6047.968658 -1.689151 0.128255 16.536240
6048.068658 -1.589151 0.143115 16.727324
6048.168658 -1.489151 0.157976 16.741715
6048.268658 -1.389151 0.172836 16.578341
6048.368658 -1.289151 0.187696 16.239094
6048.468658 -1.189151 0.202556 15.728795
6048.568658 -1.089151 0.217417 15.055047
6048.668658 -0.989151 0.232277 14.228002
6048.768658 -0.889151 0.247137 13.260043
6048.868658 -0.789151 0.261997 12.165402
6048.968658 -0.689151 0.276857 10.959744
6049.068658 -0.589151 0.291718 9.659738
6049.168658 -0.489151 0.306578 8.282631
6049.268658 -0.389151 0.321438 6.845848
6049.368658 -0.289151 0.336298 5.366636
6049.468658 -0.189151 0.351159 3.861755
6049.568658 -0.089151 0.366019 2.347228
6049.668658 0.010849 0.380879 0.838146
6049.768658 0.110849 0.395739 -0.651475
6049.868658 0.210849 0.410600 -2.108773
6049.968658 0.310849 0.425460 -3.522094
6050.068658 0.410849 0.440320 -4.880988
6050.168658 0.510849 0.455180 -6.176195
6050.268658 0.610849 0.470040 -7.399587
6050.368658 0.710849 0.484901 -8.544115
6050.468658 0.810849 0.499761 -9.603724
6050.568658 0.910849 0.514621 -10.573280
6050.668658 1.010849 0.529481 -11.448486
6050.768658 1.110849 0.544342 -12.225800
6050.868658 1.210849 0.559202 -12.902356
6050.968658 1.310849 0.574062 -13.475897
6051.068658 1.410849 0.588922 -13.944708
6051.168658 1.510849 0.603783 -14.307558
6051.268658 1.610849 0.618643 -14.563653
6051.368658 1.710849 0.633503 -14.712597
6051.468658 1.810849 0.648363 -14.754359
6051.568658 1.910849 0.663224 -14.689252
6051.668658 2.010849 0.678084 -14.517920
6051.768658 2.110849 0.692944 -14.241333
6051.868658 2.210849 0.707804 -13.860788
6051.968658 2.310849 0.722664 -13.377927
6052.068658 2.410849 0.737525 -12.794753
6052.168658 2.510849 0.752385 -12.113661
6052.268658 2.610849 0.767245 -11.337471
6052.368658 2.710849 0.782105 -10.469476
6052.468658 2.810849 0.796966 -9.513490
6052.568658 2.910849 0.811826 -8.473904
6052.668658 3.010849 0.826686 -7.355746
6052.768658 3.110849 0.841546 -6.164751
6052.868658 3.210849 0.856407 -4.907420
6052.968658 3.310849 0.871267 -3.591089
6053.068658 -3.318520 0.886127 -2.223992
6053.168658 -3.218520 0.900987 -0.815308
6053.268658 -3.118520 0.915848 0.624792
6053.368658 -3.018520 0.930708 2.085124
6053.468658 -2.918520 0.945568 3.553494
6053.568658 -2.818520 0.960428 5.016724
6053.668658 -2.718520 0.975288 6.460720
6053.768658 -2.618520 0.990149 7.870579
6053.868658 -2.518520 0.005009 9.230743
6053.968658 -2.418520 0.019869 10.525208
6054.068658 -2.318520 0.034729 11.737776
6054.168658 -2.218520 0.049590 12.852364
6054.268658 -2.118520 0.064450 13.853353
6054.368658 -2.018520 0.079310 14.725973
6054.468658 -1.918520 0.094170 15.456702
6054.568658 -1.818520 0.109031 16.033673
6054.668658 -1.718520 0.123891 16.447058
6054.768658 -1.618520 0.138751 16.689408
6054.868658 -1.518520 0.153611 16.755935
6054.968658 -1.418520 0.168472 16.644705
6055.068658 -1.318520 0.183332 16.356739
6055.168658 -1.218520 0.198192 15.896008
6055.268658 -1.118520 0.213052 15.269318
6055.368658 -1.018520 0.227912 14.486104
6055.468658 -0.918520 0.242773 13.558129
6055.568658 -0.818520 0.257633 12.499123
6055.668658 -0.718520 0.272493 11.324378
6055.768658 -0.618520 0.287353 10.050310
6055.868658 -0.518520 0.302214 8.694040
6055.968658 -0.418520 0.317074 7.272980
6056.068658 -0.318520 0.331934 5.804464
6056.168658 -0.218520 0.346794 4.305423
6056.268658 -0.118520 0.361655 2.792119
6056.368658 -0.018520 0.376515 1.279933
6056.468658 0.081480 0.391375 -0.216790
6056.568658 0.181480 0.406235 -1.684844
6056.668658 0.281480 0.421096 -3.112218
6056.768658 0.381480 0.435956 -4.488110
6056.868658 0.481480 0.450816 -5.802913
6056.968658 0.581480 0.465676 -7.048175
6057.068658 0.681480 0.480536 -8.216535
6057.168658 0.781480 0.495397 -9.301655
6057.268658 0.881480 0.510257 -10.298141
6057.368658 0.981480 0.525117 -11.201457
6057.468658 1.081480 0.539977 -12.007846
6057.568658 1.181480 0.554838 -12.714253
6057.668658 1.281480 0.569698 -13.318250
6057.768658 1.381480 0.584558 -13.817967
6057.868658 1.481480 0.599418 -14.212038
6057.968658 1.581480 0.614279 -14.499544
6058.068658 1.681480 0.629139 -14.679976
6058.168658 1.781480 0.643999 -14.753199
6058.268658 1.881480 0.658859 -14.719426
6058.368658 1.981480 0.673719 -14.579205
6058.468658 2.081480 0.688580 -14.333410
6058.568658 2.181480 0.703440 -13.983242
6058.668658 2.281480 0.718300 -13.530239
6058.768658 2.381480 0.733160 -12.976295
6058.868658 2.481480 0.748021 -12.323688
6058.968658 2.581480 0.762881 -11.575108
6059.068658 2.681480 0.777741 -10.733704
6059.168658 2.781480 0.792601 -9.803132
6059.268658 2.881480 0.807462 -8.787606
6059.368658 2.981480 0.822322 -7.691962
6059.468658 3.081480 0.837182 -6.521719
6059.568658 3.181480 0.852042 -5.283148
6059.668658 3.281480 0.866903 -3.983332
6059.768658 -3.347889 0.881763 -2.630235
6059.868658 -3.247889 0.896623 -1.232755
6059.968658 -3.147889 0.911483 0.199232
6060.068658 -3.047889 0.926343 1.654842
6060.168658 -2.947889 0.941204 3.122176
6060.268658 -2.847889 0.956064 4.588338
6060.368658 -2.747889 0.970924 6.039495
6060.468658 -2.647889 0.985784 7.460967
6060.568658 -2.547889 0.000645 8.837371
6060.668658 -2.447889 0.015505 10.152807
6060.768658 -2.347889 0.030365 11.391107
6060.868658 -2.247889 0.045225 12.536118
6060.968658 -2.147889 0.060086 13.572048
6061.068658 -2.047889 0.074946 14.483834
6061.168658 -1.947889 0.089806 15.257547
6061.268658 -1.847889 0.104666 15.880793
6061.368658 -1.747889 0.119527 16.343106
6061.468658 -1.647889 0.134387 16.636307
6061.568658 -1.547889 0.149247 16.754802
6061.668658 -1.447889 0.164107 16.695805
6061.768658 -1.347889 0.178967 16.459463
6061.868658 -1.247889 0.193828 16.048889
6061.968658 -1.147889 0.208688 15.470074
6062.068658 -1.047889 0.223548 14.731706
6062.168658 -0.947889 0.238408 13.844902
6062.268658 -0.847889 0.253269 12.822855
6062.368658 -0.747889 0.268129 11.680440
6062.468658 -0.647889 0.282989 10.433790
6062.568658 -0.547889 0.297849 9.099862
6062.668658 -0.447889 0.312710 7.696022
6062.768658 -0.347889 0.327570 6.239663
6062.868658 -0.247889 0.342430 4.747866
6062.968658 -0.147889 0.357290 3.237113
6063.068658 -0.047889 0.372151 1.723062
6063.168658 0.052111 0.387011 0.220376
6063.268658 0.152111 0.401871 -1.257398
6063.368658 0.252111 0.416731 -2.697894
6063.468658 0.352111 0.431591 -4.089954
6063.568658 0.452111 0.446452 -5.423626
6063.668658 0.552111 0.461312 -6.690122
6063.768658 0.652111 0.476172 -7.881769
6063.868658 0.752111 0.491032 -8.991937
6063.968658 0.852111 0.505893 -10.014960
6064.068658 0.952111 0.520753 -10.946062
6064.168658 1.052111 0.535613 -11.781264
6064.268658 1.152111 0.550473 -12.517314
6064.368658 1.252111 0.565334 -13.151605
6064.468658 1.352111 0.580194 -13.682111
6064.568658 1.452111 0.595054 -14.107323
6064.668658 1.552111 0.609914 -14.426196
6064.768658 1.652111 0.624775 -14.638105
6064.868658 1.752111 0.639635 -14.742807
6064.968658 1.852111 0.654495 -14.740416
6065.068658 1.952111 0.669355 -14.631382
6065.168658 2.052111 0.684215 -14.416483
6065.268658 2.152111 0.699076 -14.096823
6065.368658 2.252111 0.713936 -13.673842
6065.468658 2.352111 0.728796 -13.149325
6065.568658 2.452111 0.743656 -12.525434
6065.668658 2.552111 0.758517 -11.804735
6065.768658 2.652111 0.773377 -10.990237
6065.868658 2.752111 0.788237 -10.085441
6065.968658 2.852111 0.803097 -9.094393
6066.068658 2.952111 0.817958 -8.021738
6066.168658 3.052111 0.832818 -6.872789
6066.268658 3.152111 0.847678 -5.653588
6066.368658 3.252111 0.862538 -4.370973
6066.468658 3.352111 0.877398 -3.032644
6066.568658 -3.277258 0.892259 -1.647219
6066.668658 -3.177258 0.907119 -0.224283
6066.768658 -3.077258 0.921979 1.225579
6066.868658 -2.977258 0.936839 2.690763
6066.968658 -2.877258 0.951700 4.158663
6067.068658 -2.777258 0.966560 5.615714
6067.168658 -2.677258 0.981420 7.047471
6067.268658 -2.577258 0.996280 8.438741
6067.368658 -2.477258 0.011141 9.773753
6067.468658 -2.377258 0.026001 11.036389
6067.568658 -2.277258 0.040861 12.210459
6067.668658 -2.177258 0.055721 13.280027
6067.768658 -2.077258 0.070582 14.229776
6067.868658 -1.977258 0.085442 15.045402
6067.968658 -1.877258 0.100302 15.714017
6068.068658 -1.777258 0.115162 16.224551
6068.168658 -1.677258 0.130022 16.568119
6068.268658 -1.577258 0.144883 16.738342
6068.368658 -1.477258 0.159743 16.731589
6068.468658 -1.377258 0.174603 16.547140
6068.568658 -1.277258 0.189463 16.187241
6068.668658 -1.177258 0.204324 15.657051
6068.768658 -1.077258 0.219184 14.964492
6068.868658 -0.977258 0.234044 14.120000
6068.968658 -0.877258 0.248904 13.136196
6069.068658 -0.777258 0.263765 12.027507
6069.168658 -0.677258 0.278625 10.809739
6069.268658 -0.577258 0.293485 9.499653
6069.368658 -0.477258 0.308345 8.114536
6069.468658 -0.377258 0.323206 6.671810
6069.568658 -0.277258 0.338066 5.188679
6069.668658 -0.177258 0.352926 3.681828
6069.768658 -0.077258 0.367786 2.167178
6069.868658 0.022742 0.382646 0.659698
6069.968658 0.122742 0.397507 -0.826729
6070.068658 0.222742 0.412367 -2.279384
6070.168658 0.322742 0.427227 -3.686755
6070.268658 0.422742 0.442087 -5.038538
6070.368658 0.522742 0.456948 -6.325607
6070.468658 0.622742 0.471808 -7.539969
6070.568658 0.722742 0.486668 -8.674695
6070.668658 0.822742 0.501528 -9.723846
6070.768658 0.922742 0.516389 -10.682391
6070.868658 1.022742 0.531249 -11.546126
6070.968658 1.122742 0.546109 -12.311594
6071.068658 1.222742 0.560969 -12.976005
6071.168658 1.322742 0.575830 -13.537170
6071.268658 1.422742 0.590690 -13.993434
6071.368658 1.522742 0.605550 -14.343621
6071.468658 1.622742 0.620410 -14.586985
6071.568658 1.722742 0.635270 -14.723177
6071.668658 1.822742 0.650131 -14.752205
6071.768658 1.922742 0.664991 -14.674425
6071.868658 2.022742 0.679851 -14.490517
6071.968658 2.122742 0.694711 -14.201491
6072.068658 2.222742 0.709572 -13.808684
6072.168658 2.322742 0.724432 -13.313781
6072.268658 2.422742 0.739292 -12.718828
6072.368658 2.522742 0.754152 -12.026268
6072.468658 2.622742 0.769013 -11.238978
6072.568658 2.722742 0.783873 -10.360307
6072.668658 2.822742 0.798733 -9.394137
6072.768658 2.922742 0.813593 -8.344929
6072.868658 3.022742 0.828453 -7.217794
6072.968658 3.122742 0.843314 -6.018552
6073.068658 3.222742 0.858174 -4.753803
6073.168658 3.322742 0.873034 -3.430985
6073.268658 -3.306627 0.887894 -2.058441
6073.368658 -3.206627 0.902755 -0.645469
6073.468658 -3.106627 0.917615 0.797643
6073.568658 -3.006627 0.932475 2.259590
6073.668658 -2.906627 0.947335 3.728058
6073.768658 -2.806627 0.962196 5.189756
6073.868658 -2.706627 0.977056 6.630487
6073.968658 -2.606627 0.991916 8.035261
6074.068658 -2.506627 0.006776 9.388457
6074.168658 -2.406627 0.021637 10.674031
6074.268658 -2.306627 0.036497 11.875782
6074.368658 -2.206627 0.051357 12.977665
6074.468658 -2.106627 0.066217 13.964140
6074.568658 -2.006627 0.081077 14.820564
6074.668658 -1.906627 0.095938 15.533591
6074.768658 -1.806627 0.110798 16.091578
6074.868658 -1.706627 0.125658 16.484961
6074.968658 -1.606627 0.140518 16.706597
6075.068658 -1.506627 0.155379 16.752026
6075.168658 -1.406627 0.170239 16.619665
6075.268658 -1.306627 0.185099 16.310887
6075.368658 -1.206627 0.199959 15.830007
6075.468658 -1.106627 0.214820 15.184159
6075.568658 -1.006627 0.229680 14.383069
6075.668658 -0.906627 0.244540 13.438756
6075.768658 -0.806627 0.259400 12.365159
6075.868658 -0.706627 0.274261 11.177722
6075.968658 -0.606627 0.289121 9.892972
6076.068658 -0.506627 0.303981 8.528082
6076.168658 -0.406627 0.318841 7.100475
6076.268658 -0.306627 0.333701 5.627452
6076.368658 -0.206627 0.348562 4.125878
6076.468658 -0.106627 0.363422 2.611920
6076.568658 -0.006627 0.378282 1.100844
6076.668658 0.093373 0.393142 -0.393139
6076.768658 0.193373 0.408003 -1.856960
6076.868658 0.293373 0.422863 -3.278753
6076.968658 0.393373 0.437723 -4.647860
6077.068658 0.493373 0.452583 -5.954814
6077.168658 0.593373 0.467444 -7.191294
6077.268658 0.693373 0.482304 -8.350067
6077.368658 0.793373 0.497164 -9.424911
6077.468658 0.893373 0.512024 -10.410537
6077.568658 0.993373 0.526885 -11.302508
6077.668658 1.093373 0.541745 -12.097153
6077.768658 1.193373 0.556605 -12.791496
6077.868658 1.293373 0.571465 -13.383178
6077.968658 1.393373 0.586325 -13.870393
6078.068658 1.493373 0.601186 -14.251829
6078.168658 1.593373 0.616046 -14.526619
6078.268658 1.693373 0.630906 -14.694301
6078.368658 1.793373 0.645766 -14.754780
6078.468658 1.893373 0.660627 -14.708312
6078.568658 1.993373 0.675487 -14.555483
6078.668658 2.093373 0.690347 -14.297205
6078.768658 2.193373 0.705207 -13.934719
6078.868658 2.293373 0.720068 -13.469604
6078.968658 2.393373 0.734928 -12.903799
6079.068658 2.493373 0.749788 -12.239628
6079.168658 2.593373 0.764648 -11.479833
6079.268658 2.693373 0.779509 -10.627623
6079.368658 2.793373 0.794369 -9.686714
6079.468658 2.893373 0.809229 -8.661393
6079.568658 2.993373 0.824089 -7.556574
6079.668658 3.093373 0.838949 -6.377861
6079.768658 3.193373 0.853810 -5.131618
6079.868658 3.293373 0.868670 -3.825030
6079.968658 -3.335996 0.883530 -2.466170
6080.068658 -3.235996 0.898390 -1.064048
6080.168658 -3.135996 0.913251 0.371339
6080.268658 -3.035996 0.928111 1.828986
6080.368658 -2.935996 0.942971 3.296875
6080.468658 -2.835996 0.957831 4.761995
6080.568658 -2.735996 0.972692 6.210406
6080.668658 -2.635996 0.987552 7.627336
6080.768658 -2.535996 0.002412 8.997329
6080.868658 -2.435996 0.017272 10.304441
6080.968658 -2.335996 0.032132 11.532488
6081.068658 -2.235996 0.046993 12.665343
6081.168658 -2.135996 0.061853 13.687279
6081.268658 -2.035996 0.076713 14.583347
6081.368658 -1.935996 0.091573 15.339779
6081.468658 -1.835996 0.106434 15.944392
6081.568658 -1.735996 0.121294 16.386972
6081.668658 -1.635996 0.136154 16.659635
6081.768658 -1.535996 0.151014 16.757110
6081.868658 -1.435996 0.165875 16.676954
6081.968658 -1.335996 0.180735 16.419670
6082.068658 -1.235996 0.195595 15.988717
6082.168658 -1.135996 0.210455 15.390420
6082.268658 -1.035996 0.225316 14.633773
6082.368658 -0.935996 0.240176 13.730156
6082.468658 -0.835996 0.255036 12.692985
6082.568658 -0.735996 0.269896 11.537307
6082.668658 -0.635996 0.284756 10.279377
6082.768658 -0.535996 0.299617 8.936220
6082.868658 -0.435996 0.314477 7.525226
6082.968658 -0.335996 0.329337 6.063766
6083.068658 -0.235996 0.344197 4.568865
6083.168658 -0.135996 0.359058 3.056918
6083.268658 -0.035996 0.373918 1.543471
6083.368658 0.064004 0.388778 0.043061
6083.468658 0.164004 0.403638 -1.430904
6083.568658 0.264004 0.418499 -2.866200
6083.668658 0.364004 0.433359 -4.251814
6083.768658 0.464004 0.448219 -5.577935
6083.868658 0.564004 0.463079 -6.835910
6083.968658 0.664004 0.477940 -8.018194
6084.068658 0.764004 0.492800 -9.118275
6084.168658 0.864004 0.507660 -10.130601
6084.268658 0.964004 0.522520 -11.050490
6084.368658 1.064004 0.537380 -11.874057
6084.468658 1.164004 0.552241 -12.598129
6084.568658 1.264004 0.567101 -13.220172
6084.668658 1.364004 0.581961 -13.738225
6084.768658 1.464004 0.596821 -14.150835
6084.868658 1.564004 0.611682 -14.457012
6084.968658 1.664004 0.626542 -14.656176
6085.068658 1.764004 0.641402 -14.748128
6085.168658 1.864004 0.656262 -14.733023
6085.268658 1.964004 0.671123 -14.611351
6085.368658 2.064004 0.685983 -14.383928
6085.468658 2.164004 0.700843 -14.051898
6085.568658 2.264004 0.715703 -13.616740
6085.668658 2.364004 0.730564 -13.080284
6085.768658 2.464004 0.745424 -12.444736
6085.868658 2.564004 0.760284 -11.712714
6085.968658 2.664004 0.775144 -10.887283
6086.068658 2.764004 0.790004 -9.972006
6086.168658 2.864004 0.804865 -8.970996
6086.268658 2.964004 0.819725 -7.888976
6086.368658 3.064004 0.834585 -6.731340
6086.468658 3.164004 0.849445 -5.504222
6086.568658 3.264004 0.864306 -4.214560
6086.668658 3.364004 0.879166 -2.870160
6086.768658 -3.265365 0.894026 -1.479752
6086.868658 -3.165365 0.908886 -0.053039
6086.968658 -3.065365 0.923747 1.399273
6087.068658 -2.965365 0.938607 2.865460
6087.168658 -2.865365 0.953467 4.332799
6087.268658 -2.765365 0.968327 5.787614
6087.368658 -2.665365 0.983188 7.215365
6087.468658 -2.565365 0.998048 8.600779
6087.568658 -2.465365 0.012908 9.928032
6087.668658 -2.365365 0.027768 11.180981
6087.768658 -2.265365 0.042628 12.343449
6087.868658 -2.165365 0.057489 13.399553
6087.968658 -2.065365 0.072349 14.334075
6088.068658 -1.965365 0.087209 15.132860
6088.168658 -1.865365 0.102069 15.783214
6088.268658 -1.765365 0.116930 16.274310
6088.368658 -1.665365 0.131790 16.597544
6088.468658 -1.565365 0.146650 16.746852
6088.568658 -1.465365 0.161510 16.718945
6088.668658 -1.365365 0.176371 16.513454
6088.768658 -1.265365 0.191231 16.132976
6088.868658 -1.165365 0.206091 15.583008
6088.968658 -1.065365 0.220951 14.871786
6089.068658 -0.965365 0.235811 14.010025
6089.168658 -0.865365 0.250672 13.010581
6089.268658 -0.765365 0.265532 11.888068
6089.368658 -0.665365 0.280392 10.658428
6089.468658 -0.565365 0.295252 9.338507
6089.568658 -0.465365 0.310113 7.945626
6089.668658 -0.365365 0.324973 6.497201
6089.768658 -0.265365 0.339833 5.010388
6089.868658 -0.165365 0.354693 3.501792
6089.968658 -0.065365 0.369554 1.987231
6090.068658 0.034635 0.384414 0.481549
6090.168658 0.134635 0.399274 -1.001504
6090.268658 0.234635 0.414134 -2.449353
6090.368658 0.334635 0.428995 -3.850629
6090.468658 0.434635 0.443855 -5.195171
6090.568658 0.534635 0.458715 -6.473990
6090.668658 0.634635 0.473575 -7.679224
6090.768658 0.734635 0.488435 -8.804065
6090.868658 0.834635 0.503296 -9.842686
6090.968658 0.934635 0.518156 -10.790160
6091.068658 1.034635 0.533016 -11.642375
6091.168658 1.134635 0.547876 -12.395957
6091.268658 1.234635 0.562737 -13.048193
6091.368658 1.334635 0.577597 -13.596959
6091.468658 1.434635 0.592457 -14.040659
6091.568658 1.534635 0.607317 -14.378172
6091.668658 1.634635 0.622178 -14.608801
6091.768658 1.734635 0.637038 -14.732240
6091.868658 1.834635 0.651898 -14.748541
6091.968658 1.934635 0.666758 -14.658096
6092.068658 2.034635 0.681619 -14.461627
6092.168658 2.134635 0.696479 -14.160181
6092.268658 2.234635 0.711339 -13.755136
6092.368658 2.334635 0.726199 -13.248219
6092.468658 2.434635 0.741059 -12.641521
6092.568658 2.534635 0.755920 -11.937535
6092.668658 2.634635 0.770780 -11.139191
6092.768658 2.734635 0.785640 -10.249900
6092.868658 2.834635 0.800500 -9.273607
6092.968658 2.934635 0.815361 -8.214850
6093.068658 3.034635 0.830221 -7.078820
6093.168658 3.134635 0.845081 -5.871426
6093.268658 3.234635 0.859941 -4.599363
6093.368658 3.334635 0.874802 -3.270176
6093.468658 -3.294733 0.889662 -1.892318
6093.568658 -3.194733 0.904522 -0.475202
6093.668658 -3.094733 0.919382 0.970762
6093.768658 -2.994733 0.934243 2.434150
6093.868658 -2.894733 0.949103 3.902527
6093.968658 -2.794733 0.963963 5.362492
6094.068658 -2.694733 0.978823 6.799746
6094.168658 -2.594733 0.993683 8.199215
6094.268658 -2.494733 0.008544 9.545214
6094.368658 -2.394733 0.023404 10.821668
6094.468658 -2.294733 0.038264 12.012376
6094.568658 -2.194733 0.053124 13.101333
6094.668658 -2.094733 0.067985 14.073086
6094.768658 -1.994733 0.082845 14.913125
6094.868658 -1.894733 0.097705 15.608285
6094.968658 -1.794733 0.112565 16.147152
6095.068658 -1.694733 0.127426 16.520433
6095.168658 -1.594733 0.142286 16.721290
6095.268658 -1.494733 0.157146 16.745600
6095.368658 -1.394733 0.172006 16.592127
6095.468658 -1.294733 0.186867 16.262597
6095.568658 -1.194733 0.201727 15.761670
6095.668658 -1.094733 0.216587 15.096801
6095.768658 -0.994733 0.231447 14.278006
6095.868658 -0.894733 0.246307 13.317554
6095.968658 -0.794733 0.261168 12.229582
6096.068658 -0.694733 0.276028 11.029690
6096.168658 -0.594733 0.290888 9.734500
6096.268658 -0.494733 0.305748 8.361237
6096.368658 -0.394733 0.320609 6.927328
6096.468658 -0.294733 0.335469 5.450037
6096.568658 -0.194733 0.350329 3.946159
6096.668658 -0.094733 0.365189 2.431764
6096.768658 0.005267 0.380050 0.921997
6096.868658 0.105267 0.394910 -0.569060
6096.968658 0.205267 0.409770 -2.028481
6097.068658 0.305267 0.424630 -3.444543
6097.168658 0.405267 0.439490 -4.806730
6097.268658 0.505267 0.454351 -6.105716
6097.368658 0.605267 0.469211 -7.333313
6097.468658 0.705267 0.484071 -8.482411
6097.568658 0.805267 0.498931 -9.546904
6097.668658 0.905267 0.513792 -10.521608
6097.768658 1.005267 0.528652 -11.402181
6097.868658 1.105267 0.543512 -12.185040
6097.968658 1.205267 0.558372 -12.867286
6098.068658 1.305267 0.573233 -13.446628
6098.168658 1.405267 0.588093 -13.921321
6098.268658 1.505267 0.602953 -14.290111
6098.368658 1.605267 0.617813 -14.552179
6098.468658 1.705267 0.632674 -14.707109
6098.568658 1.805267 0.647534 -14.754849
6098.668658 1.905267 0.662394 -14.695693
6098.768658 2.005267 0.677254 -14.530269
6098.868658 2.105267 0.692114 -14.259525
6098.968658 2.205267 0.706975 -13.884744
6099.068658 2.305267 0.721835 -13.407545
6099.168658 2.405267 0.736695 -12.829911
6099.268658 2.505267 0.751555 -12.154215
6099.368658 2.605267 0.766416 -11.383251
6099.468658 2.705267 0.781276 -10.520286
6099.568658 2.805267 0.796136 -9.569102
6099.668658 2.905267 0.810996 -8.534055
6099.768658 3.005267 0.825857 -7.420140
6099.868658 3.105267 0.840717 -6.233046
6099.968658 3.205267 0.855577 -4.979233
6100.068658 3.305267 0.870437 -3.665987
6100.168658 -3.324102 0.885298 -2.301491
6100.268658 -3.224102 0.900158 -0.894870
6100.368658 -3.124102 0.915018 0.543761
6100.468658 -3.024102 0.929878 2.003277
6100.568658 -2.924102 0.944738 3.471536
6100.668658 -2.824102 0.959599 4.935417
6100.768658 -2.724102 0.974459 6.380872
6100.868658 -2.624102 0.989319 7.793041
6100.968658 -2.524102 0.004179 9.156398
6101.068658 -2.424102 0.019040 10.454957
6101.168658 -2.324102 0.033900 11.672523
6101.268658 -2.224102 0.048760 12.792998
6101.368658 -2.124102 0.063620 13.800727
6101.468658 -2.024102 0.078481 14.680883
6101.568658 -1.924102 0.093341 15.419862
6101.668658 -1.824102 0.108201 16.005696
6101.768658 -1.724102 0.123061 16.428432
6101.868658 -1.624102 0.137922 16.680481
6101.968658 -1.524102 0.152782 16.756901
6102.068658 -1.424102 0.167642 16.655594
6102.168658 -1.324102 0.182502 16.377416
6102.268658 -1.224102 0.197362 15.926175
6102.368658 -1.124102 0.212223 15.308524
6102.468658 -1.024102 0.227083 14.533758
6102.568658 -0.924102 0.241943 13.613518
6102.668658 -0.824102 0.256803 12.561437
6102.768658 -0.724102 0.271664 11.392727
6102.868658 -0.624102 0.286524 10.123758
6102.968658 -0.524102 0.301384 8.771618
6103.068658 -0.424102 0.316244 7.353716
6103.168658 -0.324102 0.331105 5.887397
6103.268658 -0.224102 0.345965 4.389624
6103.368658 -0.124102 0.360825 2.876703
6103.468658 -0.024102 0.375685 1.364066
6103.568658 0.075898 0.390546 -0.133879
6103.668658 0.175898 0.405406 -1.603861
6103.768658 0.275898 0.420266 -3.033801
6103.868658 0.375898 0.435126 -4.412831
6103.968658 0.475898 0.449986 -5.731278
6104.068658 0.575898 0.464847 -6.980625
6104.168658 0.675898 0.479707 -8.153454
6104.268658 0.775898 0.494567 -9.243372
6104.368658 0.875898 0.509427 -10.244932
6104.468658 0.975898 0.524288 -11.153555
6104.568658 1.075898 0.539148 -11.965441
6104.668658 1.175898 0.554008 -12.677500
6104.768658 1.275898 0.568868 -13.287267
6104.868658 1.375898 0.583729 -13.792846
6104.968658 1.475898 0.598589 -14.192842
6105.068658 1.575898 0.613449 -14.486313
6105.168658 1.675898 0.628309 -14.672729
6105.268658 1.775898 0.643169 -14.751934
6105.368658 1.875898 0.658030 -14.724123
6105.468658 1.975898 0.672890 -14.589824
6105.568658 2.075898 0.687750 -14.349894
6105.668658 2.175898 0.702610 -14.005514
6105.768658 2.275898 0.717471 -13.558205
6105.868658 2.375898 0.732331 -13.009840
6105.968658 2.475898 0.747191 -12.362674
6106.068658 2.575898 0.762051 -11.619372
6106.168658 2.675898 0.776912 -10.783059
6106.268658 2.775898 0.791772 -9.857358
6106.368658 2.875898 0.806632 -8.846453
6106.468658 2.975898 0.821492 -7.755143
6106.568658 3.075898 0.836353 -6.588907
6106.668658 3.175898 0.851213 -5.353970
6106.768658 3.275898 0.866073 -4.057372
6106.868658 -3.353471 0.880933 -2.707024
6106.968658 -3.253471 0.895793 -1.311770
6107.068658 -3.153471 0.910654 0.118568
6107.168658 -3.053471 0.925514 1.573164
6107.268658 -2.953471 0.940374 3.040174
6107.368658 -2.853471 0.955234 4.506758
6107.468658 -2.753471 0.970095 5.959132
6107.568658 -2.653471 0.984955 7.382661
6107.668658 -2.553471 0.999815 8.761995
6107.768658 -2.453471 0.014675 10.081260
6107.868658 -2.353471 0.029536 11.324293
6107.968658 -2.253471 0.044396 12.474933
6108.068658 -2.153471 0.059256 13.517357
6108.168658 -2.053471 0.074116 14.436453
6108.268658 -1.953471 0.088977 15.218216
6108.368658 -1.853471 0.103837 15.850156
6108.468658 -1.753471 0.118697 16.321691
6108.568658 -1.653471 0.133557 16.624505
6108.668658 -1.553471 0.148417 16.752853
6108.768658 -1.453471 0.163278 16.703786
6108.868658 -1.353471 0.178138 16.477290
6108.968658 -1.253471 0.192998 16.076310
6109.068658 -1.153471 0.207858 15.506681
6109.168658 -1.053471 0.222719 14.776948
6109.268658 -0.953471 0.237579 13.898100
6109.368658 -0.853471 0.252439 12.883224
6109.468658 -0.753471 0.267299 11.747113
6109.568658 -0.653471 0.282160 10.505840
6109.668658 -0.553471 0.297020 9.176328
6109.768658 -0.453471 0.311880 7.775931
6109.868658 -0.353471 0.326740 6.322049
6109.968658 -0.253471 0.341601 4.831789
6110.068658 -0.153471 0.356461 3.321673
6110.168658 -0.053471 0.371321 1.807410
6110.268658 0.046529 0.386181 0.303722
6110.368658 0.146529 0.401041 -1.175780
6110.468658 0.246529 0.415902 -2.618661
6110.568658 0.346529 0.430762 -4.013699
6110.668658 0.446529 0.445622 -5.350872
6110.768658 0.546529 0.460482 -6.621331
6110.868658 0.646529 0.475343 -7.817340
6110.968658 0.746529 0.490203 -8.932213
6111.068658 0.846529 0.505063 -9.960235
6111.168658 0.946529 0.519923 -10.896580
6111.268658 1.046529 0.534784 -11.737228
6111.368658 1.146529 0.549644 -12.478887
6111.468658 1.246529 0.564504 -13.118917
6111.568658 1.346529 0.579364 -13.655260
6111.668658 1.446529 0.594225 -14.086382
6111.768658 1.546529 0.609085 -14.411211
6111.868658 1.646529 0.623945 -14.629101
6111.968658 1.746529 0.638805 -14.739787
6112.068658 1.846529 0.653665 -14.743365
6112.168658 1.946529 0.668526 -14.640267
6112.268658 2.046529 0.683386 -14.431251
6112.368658 2.146529 0.698246 -14.117405
6112.468658 2.246529 0.713106 -13.700147
6112.568658 2.346529 0.727967 -13.181245
6112.668658 2.446529 0.742827 -12.562838
6112.768658 2.546529 0.757687 -11.847467
6112.868658 2.646529 0.772547 -11.038118
6112.968658 2.746529 0.787408 -10.138262
6113.068658 2.846529 0.802268 -9.151911
6113.168658 2.946529 0.817128 -8.083678
6113.268658 3.046529 0.831988 -6.938836
6113.368658 3.146529 0.846848 -5.723384
6113.468658 3.246529 0.861709 -4.444114
6113.568658 3.346529 0.876569 -3.108677
6113.668658 -3.282840 0.891429 -1.725638
6113.768658 -3.182840 0.906289 -0.304526
6113.868658 -3.082840 0.921150 1.144129
6113.968658 -2.982840 0.936010 2.608781
6114.068658 -2.882840 0.950870 4.076879
6114.168658 -2.782840 0.965730 5.534908
6114.268658 -2.682840 0.980591 6.968471
6114.368658 -2.582840 0.995451 8.362412
6114.468658 -2.482840 0.010311 9.700988
6114.568658 -2.382840 0.025171 10.968091
6114.668658 -2.282840 0.040032 12.147529
6114.768658 -2.182840 0.054892 13.223342
6114.868658 -2.082840 0.069752 14.180167
6114.968658 -1.982840 0.084612 15.003634
6115.068658 -1.882840 0.099472 15.680766
6115.168658 -1.782840 0.114333 16.200380
6115.268658 -1.682840 0.129193 16.553462
6115.368658 -1.582840 0.144053 16.733483
6115.468658 -1.482840 0.158913 16.736655
6115.568658 -1.382840 0.173774 16.562094
6115.668658 -1.282840 0.188634 16.211880
6115.768658 -1.182840 0.203494 15.691011
6115.868658 -1.082840 0.218354 15.007263
6115.968658 -0.982840 0.233215 14.170938
6116.068658 -0.882840 0.248075 13.194546
6116.168658 -0.782840 0.262935 12.092422
6116.268658 -0.682840 0.277795 10.880308
6116.368658 -0.582840 0.292656 9.574923
6116.468658 -0.482840 0.307516 8.193535
6116.568658 -0.382840 0.322376 6.753567
6116.668658 -0.282840 0.337236 5.272247
6116.768658 -0.182840 0.352096 3.766292
6116.868658 -0.082840 0.366957 2.251674
6116.968658 0.017160 0.381817 0.743417
6117.068658 0.117160 0.396677 -0.744532
6117.168658 0.217160 0.411537 -2.199386
6117.268658 0.317160 0.426398 -3.609568
6117.368658 0.417160 0.441258 -4.964705
6117.468658 0.517160 0.456118 -6.255608
6117.568658 0.617160 0.470978 -7.474221
6117.668658 0.717160 0.485839 -8.613558
6117.768658 0.817160 0.500699 -9.667626
6117.868658 0.917160 0.515559 -10.631346
6117.968658 1.017160 0.530419 -11.500472
6118.068658 1.117160 0.545280 -12.271504
6118.168658 1.217160 0.560140 -12.941619
6118.268658 1.317160 0.575000 -13.508596
6118.368658 1.417160 0.589860 -13.970751
6118.468658 1.517160 0.604720 -14.326883
6118.568658 1.617160 0.619581 -14.576223
6118.668658 1.717160 0.634441 -14.718400
6118.768658 1.817160 0.649301 -14.753404
6118.868658 1.917160 0.664161 -14.681571
6118.968658 2.017160 0.679022 -14.503564
6119.068658 2.117160 0.693882 -14.220374
6119.168658 2.217160 0.708742 -13.833319
6119.268658 2.317160 0.723602 -13.344064
6119.368658 2.417160 0.738463 -12.754636
6119.468658 2.517160 0.753323 -12.067453
6119.568658 2.617160 0.768183 -11.285367
6119.668658 2.717160 0.783043 -10.411701
6119.768658 2.817160 0.797904 -9.450302
6119.868658 2.917160 0.812764 -8.405601
6119.968658 3.017160 0.827624 -7.282670
6120.068658 3.117160 0.842484 -6.087287
6120.168658 3.217160 0.857344 -4.826006
6120.268658 3.317160 0.872205 -3.506219
6120.368658 -3.312209 0.887065 -2.136215
6120.468658 -3.212209 0.901925 -0.725237
6120.568658 -3.112209 0.916785 0.716481
6120.668658 -3.012209 0.931646 2.177691
6120.768658 -2.912209 0.946506 3.646137
6120.868658 -2.812209 0.961366 5.108579
6120.968658 -2.712209 0.976226 6.550869
6121.068658 -2.612209 0.991087 7.958057
6121.168658 -2.512209 0.005947 9.314551
6121.268658 -2.412209 0.020807 10.604327
6121.368658 -2.312209 0.035667 11.811183
6121.468658 -2.212209 0.050527 12.919057
6121.568658 -2.112209 0.065388 13.912370
6121.668658 -2.012209 0.080248 14.776419
6121.768658 -1.912209 0.095108 15.497776
6121.868658 -1.812209 0.109968 16.064690
6121.968658 -1.712209 0.124829 16.467474
6122.068658 -1.612209 0.139689 16.698840
6122.168658 -1.512209 0.154549 16.754174
6122.268658 -1.412209 0.169409 16.631729
6122.368658 -1.312209 0.184270 16.332712
6122.468658 -1.212209 0.199130 15.861277
6122.568658 -1.112209 0.213990 15.224403
6122.668658 -1.012209 0.228850 14.431683
6122.768658 -0.912209 0.243711 13.495013
6122.868658 -0.812209 0.258571 12.428237
6122.968658 -0.712209 0.273431 11.246728
6123.068658 -0.612209 0.288291 9.966962
6123.168658 -0.512209 0.303151 8.606087
6123.268658 -0.412209 0.318012 7.181522
6123.368658 -0.312209 0.332872 5.710584
6123.468658 -0.212209 0.347732 4.210171
6123.568658 -0.112209 0.362592 2.696493
6123.668658 -0.012209 0.377453 1.184871
6123.768658 0.087791 0.392313 -0.310421
6123.868658 0.187791 0.407173 -1.776250
6123.968658 0.287791 0.422033 -3.200682
6124.068658 0.387791 0.436894 -4.572990
6124.168658 0.487791 0.451754 -5.883643
6124.268658 0.587791 0.466614 -7.124257
6124.368658 0.687791 0.481474 -8.287541
6124.468658 0.787791 0.496335 -9.367218
6124.568658 0.887791 0.511195 -10.357949
6124.668658 0.987791 0.526055 -11.255250
6124.768658 1.087791 0.540915 -12.055413
6124.868658 1.187791 0.555775 -12.755423
6124.968658 1.287791 0.570636 -13.352888
6125.068658 1.387791 0.585496 -13.845973
6125.168658 1.487791 0.600356 -14.233341
6125.268658 1.587791 0.615216 -14.514100
6125.368658 1.687791 0.630077 -14.687766
6125.468658 1.787791 0.644937 -14.754226
6125.568658 1.887791 0.659797 -14.713716
6125.668658 1.987791 0.674657 -14.566803
6125.768658 2.087791 0.689518 -14.314382
6125.868658 2.187791 0.704378 -13.957674
6125.968658 2.287791 0.719238 -13.498241
6126.068658 2.387791 0.734098 -12.937999
6126.168658 2.487791 0.748959 -12.279250
6126.268658 2.587791 0.763819 -11.524714
6126.368658 2.687791 0.778679 -10.677569
6126.468658 2.787791 0.793539 -9.741504
6126.568658 2.887791 0.808399 -8.720772
6126.668658 2.987791 0.823260 -7.620249
6126.768658 3.087791 0.838120 -6.445501
6126.868658 3.187791 0.852980 -5.202846
6126.968658 3.287791 0.867840 -3.899422
6127.068658 -3.341578 0.882701 -2.543251
6127.168658 -3.241578 0.897561 -1.143291
6127.268658 -3.141578 0.912421 0.290520
6127.368658 -3.041578 0.927281 1.747232
6127.468658 -2.941578 0.942142 3.214883
6127.568658 -2.841578 0.957002 4.680517
6127.668658 -2.741578 0.971862 6.130243
6127.768658 -2.641578 0.986722 7.549331
6127.868658 -2.541578 0.001583 8.922361
6127.968658 -2.441578 0.016443 10.233409
6128.068658 -2.341578 0.031303 11.466297
6128.168658 -2.241578 0.046163 12.604885
6128.268658 -2.141578 0.061023 13.633415
6128.368658 -2.041578 0.075884 14.536885
6128.468658 -1.941578 0.090744 15.301450
6128.568658 -1.841578 0.105604 15.914826
6128.668658 -1.741578 0.120464 16.366683
6128.768658 -1.641578 0.135325 16.648995
6128.868658 -1.541578 0.150185 16.756340
6128.968658 -1.441578 0.165045 16.686114
6129.068658 -1.341578 0.179905 16.438654
6129.168658 -1.241578 0.194766 16.017255
6129.268658 -1.141578 0.209626 15.428086
6129.368658 -1.041578 0.224486 14.679998
6129.468658 -0.941578 0.239346 13.784249
6129.568658 -0.841578 0.254206 12.754150
6129.668658 -0.741578 0.269067 11.604669
6129.768658 -0.641578 0.283927 10.352003
6129.868658 -0.541578 0.298787 9.013147
6129.968658 -0.441578 0.313647 7.605480
6130.068658 -0.341578 0.328508 6.146384
6130.168658 -0.241578 0.343368 4.652911
6130.268658 -0.141578 0.358228 3.141496
6130.368658 -0.041578 0.373088 1.627741
6130.468658 0.058422 0.387949 0.126238
6130.568658 0.158422 0.402809 -1.349536
6130.668658 0.258422 0.417669 -2.787292
6130.768658 0.358422 0.432529 -4.175949
6130.868658 0.458422 0.447390 -5.505629
6130.968658 0.558422 0.462250 -6.767617
6131.068658 0.658422 0.477110 -7.954307
6131.168658 0.758422 0.491970 -9.059132
6131.268658 0.858422 0.506830 -10.076487
6131.368658 0.958422 0.521691 -11.001646
6131.468658 1.058422 0.536551 -11.830680
6131.568658 1.158422 0.551411 -12.560378
6131.668658 1.258422 0.566271 -13.188173
6131.768658 1.358422 0.581132 -13.712073
6131.868658 1.458422 0.595992 -14.130600
6131.968658 1.558422 0.610852 -14.442737
6132.068658 1.658422 0.625712 -14.647883
6132.168658 1.758422 0.640573 -14.745819
6132.268658 1.858422 0.655433 -14.736681
6132.368658 1.958422 0.670293 -14.620939
6132.468658 2.058422 0.685153 -14.399392
6132.568658 2.158422 0.700014 -14.073166
6132.668658 2.258422 0.714874 -13.643719
6132.768658 2.358422 0.729734 -13.112863
6132.868658 2.458422 0.744594 -12.482782
6132.968658 2.558422 0.759454 -11.756069
6133.068658 2.658422 0.774315 -10.935763
6133.168658 2.758422 0.789175 -10.025399
6133.268658 2.858422 0.804035 -9.029056
6133.368658 2.958422 0.818895 -7.951422
6133.468658 3.058422 0.833756 -6.797852
6133.568658 3.158422 0.848616 -5.574438
6133.668658 3.258422 0.863476 -4.288070
6133.768658 3.358422 0.878336 -2.946504
6133.868658 -3.270947 0.893197 -1.558418
6133.968658 -3.170947 0.908057 -0.133459
6134.068658 -3.070947 0.922917 1.317723
6134.168658 -2.970947 0.937777 2.783462
6134.268658 -2.870947 0.952638 4.251088
6134.368658 -2.770947 0.967498 5.706978
6134.468658 -2.670947 0.982358 7.136637
6134.568658 -2.570947 0.997218 8.524827
6134.668658 -2.470947 0.012078 9.855750
6134.768658 -2.370947 0.026939 11.113275
6134.868658 -2.270947 0.041799 12.281216
6134.968658 -2.170947 0.056659 13.343666
6135.068658 -2.070947 0.071519 14.285360
6135.168658 -1.970947 0.086380 15.092072
6135.268658 -1.870947 0.101240 15.751016
6135.368658 -1.770947 0.116100 16.251251
6135.468658 -1.670947 0.130960 16.584040
6135.568658 -1.570947 0.145821 16.743170
6135.668658 -1.470947 0.160681 16.725193
6135.768658 -1.370947 0.175541 16.529574
6135.868658 -1.270947 0.190401 16.158745
6135.968658 -1.170947 0.205262 15.618046
6136.068658 -1.070947 0.220122 14.915565
6136.168658 -0.970947 0.234982 14.061886
6136.268658 -0.870947 0.249842 13.069757
6136.368658 -0.770947 0.264702 11.953704
6136.468658 -0.670947 0.279563 10.729607
6136.568658 -0.570947 0.294423 9.414271
6136.668658 -0.470947 0.309283 8.025004
6136.768658 -0.370947 0.324143 6.579223
6136.868658 -0.270947 0.339004 5.094109
6136.968658 -0.170947 0.353864 3.586304
6137.068658 -0.070947 0.368724 2.071675
6137.168658 0.029053 0.383584 0.565125
6137.268658 0.129053 0.398445 -0.919534
6137.368658 0.229053 0.413305 -2.369659
6137.468658 0.329053 0.428165 -3.773814
6137.568658 0.429053 0.443025 -5.121770
6137.668658 0.529053 0.457885 -6.404475
6137.768658 0.629053 0.472746 -7.614006
6137.868658 0.729053 0.487606 -8.743497
6137.968658 0.829053 0.502466 -9.787068
6138.068658 0.929053 0.517326 -10.739746
6138.168658 1.029053 0.532187 -11.597374
6138.268658 1.129053 0.547047 -12.356539
6138.368658 1.229053 0.561907 -13.014494
6138.468658 1.329053 0.576767 -13.569082
6138.568658 1.429053 0.591628 -14.018681
6138.668658 1.529053 0.606488 -14.362144
6138.768658 1.629053 0.621348 -14.598751
6138.868658 1.729053 0.636208 -14.728175
6138.968658 1.829053 0.651069 -14.750449
6139.068658 1.929053 0.665929 -14.665947
6139.168658 2.029053 0.680789 -14.475372
6139.268658 2.129053 0.695649 -14.179752
6139.368658 2.229053 0.710509 -13.780449
6139.468658 2.329053 0.725370 -13.279166
6139.568658 2.429053 0.740230 -12.677977
6139.668658 2.529053 0.755090 -11.979349
6139.768658 2.629053 0.769950 -11.186187
6139.868658 2.729053 0.784811 -10.301874
6139.968658 2.829053 0.799671 -9.330324
6140.068658 2.929053 0.814531 -8.276040
6140.168658 3.029053 0.829391 -7.144174
6140.268658 3.129053 0.844252 -5.940595
6140.368658 3.229053 0.859112 -4.671951
6140.468658 3.329053 0.873972 -3.345738
6140.568658 -3.300316 0.888832 -1.970358
6140.668658 -3.200316 0.903693 -0.555169
6140.768658 -3.100316 0.918553 0.889477
6140.868658 -3.000316 0.933413 2.352210
6140.968658 -2.900316 0.948273 3.820653
6141.068658 -2.800316 0.963133 5.281457
6141.168658 -2.700316 0.977994 6.720369
6141.268658 -2.600316 0.992854 8.122356
6141.368658 -2.500316 0.007714 9.471761
6141.468658 -2.400316 0.022574 10.752523
6141.568658 -2.300316 0.037435 11.948443
6141.668658 -2.200316 0.052295 13.043494
6141.768658 -2.100316 0.067155 14.022183
6141.868658 -2.000316 0.082015 14.869936
6141.968658 -1.900316 0.096876 15.573502
6142.068658 -1.800316 0.111736 16.121359
6142.168658 -1.700316 0.126596 16.504088
6142.268658 -1.600316 0.141456 16.714705
6142.368658 -1.500316 0.156317 16.748930
6142.468658 -1.400316 0.171177 16.605363
6142.568658 -1.300316 0.186037 16.285565
6142.668658 -1.200316 0.200897 15.794034
6142.768658 -1.100316 0.215757 15.138075
6142.868658 -1.000316 0.230618 14.327569
6142.968658 -0.900316 0.245478 13.374667
6143.068658 -0.800316 0.260338 12.293414
6143.168658 -0.700316 0.275198 11.099339
6143.268658 -0.600316 0.290059 9.809018
6143.368658 -0.500316 0.304919 8.439655
6143.468658 -0.400316 0.319779 7.008673
6143.568658 -0.300316 0.334639 5.533355
6143.668658 -0.200316 0.349500 4.030530
6143.768658 -0.100316 0.364360 2.516314
6143.868658 -0.000316 0.379220 1.005907
6143.968658 0.099684 0.394080 -0.486546
6144.068658 0.199684 0.408941 -1.948053
6144.168658 0.299684 0.423801 -3.366823
6144.268658 0.399684 0.438661 -4.732275
6144.368658 0.499684 0.453521 -6.035015
6144.468658 0.599684 0.468381 -7.266794
6144.568658 0.699684 0.483242 -8.420444
6144.668658 0.799684 0.498102 -9.489804
6144.768658 0.899684 0.512962 -10.469642
6144.868658 0.999684 0.527822 -11.355571
6144.968658 1.099684 0.542683 -12.143967
6145.068658 1.199684 0.557543 -12.831895
6145.168658 1.299684 0.572403 -13.417032
6145.268658 1.399684 0.587263 -13.897604
6145.368658 1.499684 0.602124 -14.272331
6145.468658 1.599684 0.616984 -14.540371
6145.568658 1.699684 0.631844 -14.701286
6145.668658 1.799684 0.646704 -14.755005
6145.768658 1.899684 0.661564 -14.701803
6145.868658 1.999684 0.676425 -14.542289
6145.968658 2.099684 0.691285 -14.277394
6146.068658 2.199684 0.706145 -13.908380
6146.168658 2.299684 0.721005 -13.436850
6146.268658 2.399684 0.735866 -12.864764
6146.368658 2.499684 0.750726 -12.194471
6146.468658 2.599684 0.765586 -11.428745
6146.568658 2.699684 0.780446 -10.570820
6146.668658 2.799684 0.795307 -9.624451
6146.768658 2.899684 0.810167 -8.593961
6146.868658 2.999684 0.825027 -7.484305
6146.968658 3.099684 0.839887 -6.301134
6147.068658 3.199684 0.854748 -5.050860
6147.168658 3.299684 0.869608 -3.740725
6147.268658 -3.329684 0.884468 -2.378858
6147.368658 -3.229684 0.899328 -0.974332
6147.468658 -3.129684 0.914188 0.462797
6147.568658 -3.029684 0.929049 1.921456
6147.668658 -2.929684 0.943909 3.389565
6147.768658 -2.829684 0.958769 4.854052
6147.868658 -2.729684 0.973629 6.300921
6147.968658 -2.629684 0.988490 7.715352
6148.068658 -2.529684 0.003350 9.081851
6148.168658 -2.429684 0.018210 10.384453
6148.268658 -2.329684 0.033070 11.606967
6148.368658 -2.229684 0.047931 12.733280
