24.481678 
24.529584 
24.538675 
24.744587 
25.466187 
25.002636 
24.349776 
24.618109 
24.497208 
24.429629 
25.506927 
24.837513 
24.713469 
25.101226 
23.678521 
23.699828 
25.702579 
24.727317 
25.414784 
25.190872 
24.670008 
25.168780 
24.185209 
24.896403 
24.661014 
25.331648 
24.134414 
24.152087 
24.781226 
24.319056 
24.953896 
25.673250 
25.131832 
24.584374 
24.847700 
25.477752 
24.864518 
24.570599 
24.405459 
24.518788 
24.816641 
24.606413 
24.351491 
25.725366 
24.664969 
25.311470 
24.616583 
25.495267 
25.264999 
25.563962 
23.826986 
26.026692 
24.310867 
24.974380 
25.596355 
24.594867 
24.538422 
25.753019 
24.067478 
25.039422 
24.989275 
23.990753 
23.553054 
24.738658 
25.846546 
24.651816 
25.252597 
24.142666 
24.744616 
24.651740 
25.026254 
25.025736 
25.493361 
25.052832 
23.698847 
25.576635 
25.490192 
24.756984 
24.906951 
25.167037 
25.740562 
24.534196 
24.307781 
24.954250 
24.015264 
24.685125 
24.344683 
24.908431 
25.828149 
26.157150 
24.570264 
24.437264 
24.870776 
25.342789 
25.196247 
24.557426 
24.782982 
25.091545 
24.469800 
25.753000 
25.300369 
26.233382 
24.892105 
25.050209 
25.388763 
24.982106 
24.720757 
25.020259 
24.992557 
24.925864 
24.582047 
24.953798 
24.458409 
25.562242 
25.786705 
24.922663 
24.214486 
24.378368 
24.900220 
25.203775 
25.875061 
25.551876 
25.779290 
24.311337 
24.172266 
25.494642 
24.857883 
24.492699 
25.371319 
25.286950 
24.099412 
25.042627 
25.216988 
24.771806 
25.336488 
26.030810 
24.496450 
24.456482 
25.375665 
25.019037 
24.705044 
24.605617 
25.815548 
24.816586 
24.526983 
24.987092 
25.200984 
24.257924 
24.689982 
24.976140 
25.172026 
23.949621 
25.212364 
24.200021 
23.968382 
25.118637 
25.404002 
25.175895 
24.831557 
24.784205 
25.528546 
25.066256 
26.398818 
24.756086 
24.179644 
24.336199 
24.568664 
24.169324 
25.288040 
25.054147 
25.544151 
24.255639 
25.316289 
24.188839 
24.597878 
24.670518 
24.714927 
24.337307 
24.591562 
25.001008 
25.175178 
24.379118 
25.574745 
24.705351 
24.567651 
24.403531 
24.720392 
25.958496 
26.280623 
24.309647 
24.593392 
24.923522 
25.135774 
24.197179 
24.024346 
24.706073 
23.930538 
24.851019 
24.659278 
24.981235 
24.815200 
25.381803 
23.333079 
24.273930 
24.580203 
25.045251 
24.172890 
25.104157 
24.665799 
25.807906 
24.630052 
24.773519 
24.275404 
24.559755 
25.321675 
24.125936 
24.586460 
24.828913 
24.990623 
24.833447 
24.674358 
24.908580 
24.860258 
25.224466 
25.385130 
25.325260 
24.844495 
25.501861 
24.823469 
24.461505 
24.684387 
24.404583 
24.731552 
23.554269 
25.109416 
24.575268 
25.216484 
24.574610 
25.279460 
24.159404 
24.263058 
25.300903 
24.865602 
24.155703 
24.707591 
24.991644 
24.233470 
24.121572 
24.339849 
25.032220 
24.355938 
24.824062 
24.794472 
24.608171 
25.128842 
24.387160 
25.484895 
24.723398 
25.326730 
24.720916 
24.037786 
25.656287 
25.113564 
24.284449 
24.820345 
24.796410 
23.851784 
24.300517 
25.732352 
24.536442 
24.934638 
24.520237 
24.837447 
24.670150 
23.959078 
24.998909 
24.285443 
24.272363 
24.582731 
25.282364 
24.783504 
23.869781 
25.058737 
24.204937 
24.949339 
24.998512 
25.517386 
24.258234 
24.324411 
24.879696 
25.342646 
25.040746 
24.281908 
25.328581 
23.781652 
24.391652 
24.715790 
25.469781 
25.565725 
25.051669 
25.153701 
25.174349 
25.439224 
24.921857 
24.243113 
24.299622 
24.233511 
25.563005 
25.492802 
24.779874 
24.264876 
26.131568 
25.805334 
24.949112 
24.671023 
25.595689 
24.961860 
24.993838 
25.184480 
24.995885 
25.384255 
25.191379 
25.592841 
24.324638 
24.839056 
25.733983 
25.149404 
24.556880 
25.358359 
24.425239 
23.697020 
25.441194 
25.070547 
24.496190 
24.505460 
25.189053 
24.859474 
24.853098 
26.176872 
24.218213 
24.709239 
24.380491 
24.839188 
24.813863 
25.193971 
24.890966 
25.889154 
24.737576 
25.302957 
23.965457 
24.366746 
24.999750 
25.491258 
24.629608 
24.597463 
24.772010 
24.056090 
25.198650 
23.936105 
24.573694 
24.215117 
25.637101 
24.879786 
25.107972 
25.152922 
24.446438 
24.877922 
24.914295 
24.027707 
24.563187 
25.769818 
24.618299 
24.024167 
24.696515 
23.734644 
24.720394 
24.536589 
25.140149 
24.824287 
25.212523 
25.039356 
25.266359 
24.514298 
24.837536 
23.696263 
24.471701 
24.551908 
24.881480 
24.944391 
24.329572 
23.879216 
24.287374 
23.933699 
24.642240 
24.459236 
24.407921 
24.652895 
25.227230 
24.772106 
25.313593 
25.503900 
24.970736 
24.495029 
25.893260 
25.030927 
25.067412 
24.270610 
25.029848 
25.547232 
24.746202 
25.535146 
25.357831 
26.142397 
25.932657 
25.948222 
25.618624 
24.213655 
24.378521 
24.804486 
24.556759 
25.093109 
24.844794 
25.121487 
25.342381 
25.028140 
25.438497 
24.577264 
24.572511 
25.238825 
24.308529 
24.460745 
24.447856 
24.975537 
24.422356 
25.369831 
25.977001 
23.779343 
26.182592 
24.806302 
24.550984 
24.545331 
24.138768 
24.579665 
25.316504 
24.844354 
25.329685 
25.345999 
24.754414 
24.942243 
24.942768 
25.474139 
24.971688 
24.840191 
24.355220 
25.249360 
25.216075 
24.810856 
25.325168 
24.523225 
24.421863 
25.393267 
24.973890 
23.955011 
24.233981 
25.462102 
25.630433 
24.735128 
24.059148 
25.180279 
24.705476 
25.207655 
24.510450 
25.052013 
26.066914 
25.542322 
25.001631 
24.554312 
25.620841 
25.197241 
24.964665 
24.339855 
25.743821 
24.608469 
25.036424 
24.633542 
25.274663 
25.056887 
24.940584 
24.686114 
24.754128 
24.487347 
24.669110 
25.624872 
25.213237 
24.669595 
24.830367 
24.663650 
25.016832 
24.215120 
24.609874 
24.851682 
25.544472 
24.730660 
25.298042 
24.469380 
25.292123 
24.534526 
25.442575 
24.680540 
24.026489 
25.160843 
24.266858 
24.554741 
25.809454 
25.345995 
24.755740 
24.727096 
24.976767 
24.017515 
24.628628 
25.107946 
24.567683 
24.793871 
24.102335 
23.895515 
24.997143 
24.542390 
24.682412 
24.190981 
23.494226 
24.872190 
23.971843 
24.489425 
23.783717 
23.893644 
24.040500 
24.160568 
24.614772 
25.901613 
23.956279 
24.642305 
24.544919 
23.926821 
24.757473 
24.979213 
24.439991 
26.075069 
24.852170 
24.935468 
25.010573 
25.297003 
25.285053 
24.491200 
24.168421 
24.883869 
24.418444 
24.425953 
24.292677 
24.746542 
24.655152 
25.792855 
24.730472 
25.133441 
25.219782 
25.021624 
25.171904 
25.639190 
24.752979 
24.727075 
25.042234 
24.267427 
24.039582 
23.693439 
24.666575 
25.176330 
24.957218 
25.347902 
25.776442 
25.029615 
24.559333 
24.848503 
24.424049 
25.977367 
25.460105 
24.388470 
25.068390 
24.951039 
25.501016 
24.312545 
24.317256 
24.742512 
24.436035 
24.266198 
24.511765 
25.036362 
24.217688 
25.661176 
25.942679 
24.106849 
24.830997 
24.980917 
24.338707 
24.955690 
24.561191 
25.070408 
24.318681 
24.172128 
24.096187 
24.622794 
25.171038 
25.262546 
24.181455 
25.082173 
25.732752 
24.322881 
24.939846 
24.878559 
25.308527 
24.882990 
25.041292 
25.025933 
24.813585 
24.956811 
24.325054 
24.840626 
23.922508 
24.640713 
25.641835 
24.187118 
24.683848 
24.660530 
25.168196 
24.564863 
24.727923 
25.012137 
24.200723 
24.461626 
24.859440 
25.330938 
24.404780 
26.078186 
24.998669 
24.642481 
25.247394 
24.581826 
24.869359 
23.971546 
25.006417 
24.336082 
25.585598 
24.485212 
24.688916 
24.889853 
24.155425 
24.217501 
25.078148 
24.073858 
25.023202 
25.271478 
24.461201 
24.110413 
25.074582 
23.907671 
25.062768 
24.928829 
24.033834 
24.727003 
25.805430 
24.552731 
24.836799 
25.126302 
24.453343 
25.156681 
24.606038 
25.262247 
24.148748 
25.816363 
24.603513 
25.387844 
24.592926 
25.332355 
25.842419 
25.333561 
24.367108 
25.490664 
24.807898 
24.640028 
23.912122 
24.814541 
24.197667 
24.597484 
24.291373 
24.785013 
24.178122 
25.181643 
24.627468 
25.107738 
25.030588 
25.162553 
24.900300 
24.990941 
24.576461 
25.435865 
25.359130 
25.036452 
26.106903 
24.755320 
25.336280 
24.851249 
25.092029 
24.825082 
24.875338 
24.777951 
24.373355 
25.311615 
25.725288 
24.561285 
24.697965 
24.646726 
24.095691 
25.548798 
24.988935 
24.483128 
24.436890 
24.958544 
25.157955 
24.567881 
25.294084 
26.130231 
24.734631 
24.267606 
24.283895 
24.280048 
24.361907 
25.658808 
24.485272 
23.398048 
24.228690 
25.281009 
24.097656 
24.507784 
25.198296 
23.731501 
24.758247 
25.457105 
24.579457 
24.447564 
24.904202 
25.402011 
25.415742 
25.434540 
24.954320 
25.689164 
25.403262 
24.093776 
24.080553 
24.166196 
24.498380 
23.688090 
24.325188 
25.518436 
24.612525 
24.322635 
24.653825 
25.153573 
24.592067 
24.478804 
24.221422 
25.478534 
25.410573 
25.008172 
24.564204 
24.698775 
24.365966 
25.953874 
25.242814 
24.725846 
25.405412 
24.469069 
25.019856 
24.201926 
25.204772 
25.080841 
24.859067 
24.743439 
25.146889 
24.951547 
24.604138 
25.051161 
24.733233 
25.024086 
25.396792 
24.820913 
25.192574 
24.679553 
25.192821 
24.890315 
24.777631 
25.015844 
24.668526 
24.464614 
24.902698 
25.225737 
23.846072 
24.535514 
23.951476 
24.680603 
25.024951 
24.805592 
24.286651 
24.764000 
24.911557 
24.673681 
25.084958 
25.588984 
24.781050 
23.801164 
25.521524 
24.547732 
24.647425 
25.710048 
24.600982 
24.724856 
25.695919 
25.132430 
24.833016 
24.836731 
24.323143 
25.657840 
24.493771 
26.274286 
25.545833 
24.143125 
24.629665 
24.537198 
24.490720 
24.933996 
24.280608 
24.655770 
26.150773 
24.340102 
25.044730 
24.854941 
25.271762 
24.389930 
25.653624 
24.981298 
24.894624 
25.783903 
25.063883 
25.100248 
24.858749 
24.586463 
24.496337 
25.431246 
24.859518 
24.202710 
24.649024 
24.184198 
24.357655 
24.210870 
24.699399 
25.886845 
24.534977 
24.269373 
25.992495 
24.272727 
24.878345 
23.806903 
24.653910 
25.133524 
25.245237 
24.621392 
24.799244 
24.985786 
25.208353 
24.961693 
25.573358 
25.122932 
25.369339 
24.384195 
24.953077 
24.028061 
26.346988 
25.287367 
24.273680 
24.423607 
24.568429 
24.869773 
25.104099 
23.961857 
25.081752 
24.999317 
23.956576 
25.092339 
25.434009 
25.267611 
23.899959 
25.165283 
24.332894 
24.355555 
24.430592 
24.460379 
24.852939 
24.561421 
24.017687 
24.759631 
25.370984 
25.107342 
25.282171 
24.628650 
24.843496 
24.931508 
24.621897 
25.305754 
24.477678 
24.684006 
25.326809 
25.367921 
24.165553 
24.542652 
25.085365 
24.150055 
24.514624 
24.622970 
24.405052 
24.282024 
23.782458 
25.634371 
24.309561 
25.123064 
25.641692 
24.545992 
24.604720 
25.559000 
24.777658 
24.594389 
24.793431 
24.713701 
24.310493 
24.758552 
25.116286 
25.824399 
25.775905 
24.645545 
24.932999 
24.053199 
25.025917 
24.424147 
24.451996 
24.603964 
24.025429 
24.043301 
25.030258 
24.660340 
24.841852 
24.328271 
24.516562 
24.180821 
25.826861 
24.978254 
24.072246 
24.913718 
24.721269 
26.107624 
24.592327 
23.795698 
24.280993 
24.772657 
24.396214 
24.706833 
24.455961 
24.795690 
25.090273 
24.786091 
24.672195 
25.563575 
24.886768 
25.344422 
25.629463 
24.670766 
24.291558 
24.771536 
24.068638 
23.945856 
24.214946 
24.884637 
24.706161 
25.425136 
25.159478 
24.315611 
25.762910 
24.850588 
24.990040 
25.645499 
24.495519 
24.709205 
25.667729 
24.183940 
24.588558 
23.983262 
25.550675 
24.989034 
25.039315 
24.250445 
25.879983 
24.936099 
24.191815 
25.976220 
24.964117 
24.263946 
25.153038 
24.866460 
25.345086 
25.253077 
25.231663 
24.361446 
25.252275 
25.562277 
24.600663 
24.444887 
25.550805 
25.776568 
25.223931 
25.217135 
24.272249 
24.599209 
24.434120 
24.070542 
23.844718 
24.951015 
24.068563 
25.026271 
24.728280 
24.774417 
25.121099 
25.113519 
25.602793 
24.882186 
24.776336 
24.485518 
24.153248 
24.474087 
25.141315 
25.853037 
24.605909 
25.057473 
24.755216 
25.594510 
24.655871 
26.003664 
25.128673 
24.795361 
24.685399 
23.999376 
25.421534 
24.121068 
24.007533 
24.420192 
24.780113 
24.545207 
24.854404 
25.028079 
26.068736 
24.611296 
25.551090 
24.378304 
24.824205 
25.285127 
23.966289 
24.355529 
24.412722 
25.553086 
24.802159 
24.218347 
24.008747 
24.642761 
25.215407 
25.384490 
24.903312 
24.362258 
24.766830 
23.726765 
24.739009 
24.870434 
24.959400 
24.879577 
25.786000 
24.621042 
24.307405 
24.985660 
24.391566 
25.325129 
24.148978 
24.722533 
24.714727 
24.347310 
24.482382 
24.442488 
24.621192 
24.990029 
24.198315 
24.929723 
24.903358 
24.963730 
24.564820 
24.289975 
24.455797 
25.349622 
24.976097 
26.165253 
24.435434 
24.959296 
24.564772 
23.828949 
25.570471 
24.671711 
24.920608 
24.942466 
24.579535 
25.267463 
24.055243 
24.766680 
24.564461 
25.185513 
24.693294 
24.757824 
24.842494 
24.483159 
25.095928 
25.443780 
25.329948 
24.367083 
24.827453 
24.764351 
25.074520 
24.931729 
24.592191 
23.680881 
25.585721 
24.427069 
24.276016 
24.235450 
24.873180 
24.963503 
25.144867 
24.344191 
23.829540 
23.836037 
25.080824 
25.156253 
24.489062 
25.121048 
25.181672 
25.304749 
25.850052 
24.964427 
26.090081 
25.862849 
25.274217 
24.108577 
24.843099 
25.335035 
24.279630 
25.892360 
25.391608 
25.236098 
25.080553 
24.843505 
24.374658 
24.024691 
25.475342 
24.936978 
24.731497 
24.641633 
25.215915 
25.633167 
24.119560 
24.381135 
24.658605 
24.922820 
24.291641 
25.236507 
26.078736 
24.231419 
23.783819 
25.818916 
24.509307 
24.386974 
24.817815 
24.701137 
23.513627 
24.813430 
24.633164 
25.352379 
25.043796 
25.157942 
24.842683 
24.689009 
24.395257 
24.077588 
25.475561 
25.284830 
24.743543 
24.631668 
24.553612 
25.520420 
23.388919 
24.435614 
25.413626 
24.902163 
25.685877 
24.762842 
24.548319 
24.072908 
24.415104 
24.421698 
25.489046 
25.205226 
24.710944 
24.658474 
24.657108 
24.471404 
25.348333 
25.058497 
24.546099 
25.077480 
25.075630 
25.231507 
24.044066 
24.481688 
24.209188 
24.637197 
24.572264 
23.766614 
25.218742 
25.054799 
25.187721 
25.722661 
25.936896 
24.977947 
24.093560 
23.804677 
25.346748 
24.968509 
24.407360 
24.360542 
24.341665 
24.786100 
24.564190 
24.366196 
25.216932 
24.891418 
24.323060 
25.166310 
25.177584 
24.805587 
24.141201 
24.724584 
24.374065 
24.604138 
24.361480 
24.235036 
24.919497 
24.855115 
24.524701 
24.550999 
25.609678 
25.797033 
25.178843 
24.596641 
24.938060 
24.611289 
24.064337 
25.316870 
24.850167 
24.126659 
25.376226 
24.421833 
23.880118 
24.913253 
24.915849 
24.765419 
24.093296 
25.145124 
24.846052 
24.283854 
25.013268 
25.020941 
24.572962 
24.440855 
25.492141 
25.119586 
25.567308 
23.953023 
25.848054 
25.362681 
24.899016 
25.801745 
24.601551 
24.783482 
26.614376 
24.909220 
24.292845 
25.259774 
23.983734 
25.504063 
25.017701 
24.538360 
24.882431 
25.393082 
24.615510 
24.200199 
25.896235 
25.335815 
25.270325 
24.825150 
25.034438 
24.281023 
25.941273 
25.170440 
24.317639 
25.287294 
25.044925 
24.938202 
24.489542 
24.951767 
24.300331 
23.818142 
24.894125 
24.970545 
24.367266 
24.605095 
24.857191 
24.416231 
24.850199 
24.529097 
24.097937 
24.498797 
24.718123 
24.907607 
23.641325 
24.968343 
25.501565 
24.617153 
24.704264 
24.927916 
25.091282 
24.098760 
25.127387 
24.889894 
24.251401 
25.282474 
25.003628 
24.172237 
25.060661 
24.681874 
25.297792 
25.839983 
24.544824 
25.566254 
23.900421 
24.743613 
24.587895 
24.840966 
24.852382 
24.705937 
25.593978 
25.447161 
25.266498 
25.024479 
25.392439 
24.114548 
26.465154 
25.184747 
25.034876 
25.670204 
24.706173 
24.500007 
25.796625 
25.265410 
24.937895 
25.033958 
24.704155 
24.670384 
25.421648 
25.919332 
24.345661 
24.660935 
25.746988 
24.714814 
24.518911 
24.334887 
25.500028 
24.472202 
26.068623 
25.045607 
24.652589 
24.876761 
25.448379 
24.083128 
24.907427 
25.263577 
25.255302 
24.647799 
24.803996 
24.782992 
24.772504 
23.880751 
25.360428 
25.215899 
25.234611 
23.946387 
25.178844 
24.429957 
25.401235 
25.340491 
25.678341 
24.668012 
23.903630 
23.925721 
25.410238 
25.025774 
25.156168 
24.060335 
24.466400 
24.461032 
23.953973 
24.336694 
24.442993 
25.478214 
24.267565 
25.155717 
25.773439 
24.478540 
24.779475 
24.816081 
24.646121 
25.734376 
25.701820 
24.601597 
24.734790 
24.608548 
23.753903 
24.725270 
24.220440 
24.656194 
23.648097 
25.323907 
25.608685 
24.953858 
24.871922 
24.692966 
23.958759 
24.693273 
24.515514 
24.945928 
24.779718 
25.855630 
23.981881 
25.252695 
25.236767 
24.165746 
24.878959 
24.622229 
24.905285 
24.924158 
25.461635 
25.155106 
24.898951 
24.619586 
24.596430 
24.288729 
24.936040 
24.372018 
24.995597 
24.777250 
23.803083 
24.695172 
24.302325 
24.872040 
24.230609 
25.073761 
24.543887 
25.093105 
24.478278 
24.164050 
24.839756 
25.190508 
24.901408 
25.393198 
24.309451 
24.860652 
24.735179 
24.940248 
25.117313 
25.576738 
24.649421 
24.956171 
24.297418 
25.070052 
23.993270 
24.819038 
24.364222 
24.337823 
23.901397 
24.462030 
24.322970 
24.514856 
24.617587 
24.380187 
24.827077 
25.528178 
23.395243 
25.166083 
24.162198 
24.214775 
24.208176 
23.763323 
24.504203 
24.563307 
26.008665 
24.409892 
25.756466 
25.210522 
25.550487 
25.006473 
25.138782 
24.746163 
25.371638 
24.805931 
25.031562 
24.206201 
25.017215 
24.505182 
24.743260 
24.154937 
23.786476 
25.279844 
26.388937 
24.776039 
24.681053 
25.309456 
25.474249 
25.004333 
25.810076 
24.979989 
24.291565 
25.123674 
24.520152 
25.016063 
25.325854 
24.256099 
24.818127 
24.120408 
24.674459 
24.543890 
24.666367 
26.084907 
24.844046 
24.628586 
25.130073 
24.505097 
23.722594 
25.071710 
24.903547 
25.470830 
23.920611 
24.380470 
24.645352 
25.465529 
25.465575 
24.073652 
24.205908 
24.472521 
25.662681 
25.206354 
25.219833 
24.568299 
24.918352 
25.429173 
24.372034 
24.432698 
24.581178 
25.092660 
24.603376 
25.312807 
25.278330 
25.111544 
24.836621 
24.712892 
24.715856 
24.923487 
24.279935 
24.029411 
24.612043 
24.373657 
25.373420 
24.651887 
25.235588 
24.844318 
25.366762 
25.342098 
24.146586 
24.002100 
24.716336 
25.065588 
24.992035 
24.302426 
24.626946 
24.770835 
24.138901 
25.058838 
24.648578 
25.319338 
24.759853 
25.284721 
25.166892 
24.673730 
24.173495 
24.858640 
24.818593 
24.066606 
24.646611 
24.395735 
24.863024 
23.805776 
25.200678 
24.841532 
25.062476 
25.472538 
25.481412 
25.118444 
24.736573 
25.750324 
24.889166 
24.707764 
24.963042 
25.453108 
25.485913 
24.821223 
24.296661 
24.290132 
24.160405 
24.587852 
24.334938 
26.114309 
25.317861 
24.598680 
25.215326 
23.915286 
24.578344 
24.670611 
25.254527 
24.271128 
23.878044 
23.980214 
24.805824 
24.359803 
23.779305 
25.029555 
24.485300 
24.201484 
25.231834 
25.231056 
25.901274 
25.793776 
24.870619 
24.740144 
25.156611 
24.686637 
24.845114 
24.680596 
25.764148 
25.236882 
25.001319 
25.085901 
25.022214 
24.743797 
24.435802 
24.305996 
25.011021 
24.136863 
24.305600 
25.340064 
24.078156 
25.711922 
24.507002 
23.737854 
24.586562 
24.927074 
25.850861 
24.698424 
24.875267 
24.955655 
25.032239 
24.448633 
24.896624 
25.405581 
24.274600 
24.866532 
24.438486 
24.761238 
25.043807 
25.410685 
24.840204 
26.225245 
25.079653 
25.126652 
24.188345 
24.734261 
24.537899 
25.167904 
24.847773 
25.763742 
23.765071 
25.122452 
24.132131 
24.592952 
24.509665 
25.083797 
25.148486 
24.580372 
25.176375 
24.098130 
25.434912 
24.507169 
24.411286 
23.959490 
24.823902 
23.269424 
24.364034 
25.164215 
24.372762 
24.331018 
24.980394 
23.750561 
25.564900 
24.697290 
24.892072 
24.017046 
24.573283 
23.600861 
24.825294 
24.967738 
24.757502 
24.079005 
24.855569 
24.450827 
25.241478 
24.653827 
24.473686 
25.776041 
24.948127 
24.481449 
24.662790 
25.020230 
24.869733 
25.004011 
24.937100 
24.475778 
24.248571 
25.614263 
25.145030 
24.889073 
24.631844 
24.913168 
24.973674 
24.698238 
25.134772 
24.246065 
25.177346 
23.932254 
25.075202 
25.079755 
25.490136 
25.116148 
25.560408 
25.443973 
25.869882 
23.793364 
24.296435 
25.265827 
25.276511 
25.083907 
24.524110 
25.385804 
24.651144 
24.307319 
24.725008 
25.636565 
24.042767 
25.462601 
24.673328 
24.757337 
25.209093 
25.519470 
24.911332 
25.092098 
24.812217 
25.703546 
24.634247 
25.352461 
25.423703 
24.863243 
25.017872 
24.976909 
24.632797 
25.239622 
24.644868 
24.943115 
24.430553 
24.940365 
25.659766 
25.682016 
24.590716 
24.795399 
25.029818 
25.314011 
24.700274 
24.797964 
24.775372 
24.666335 
24.992520 
24.885954 
24.417203 
24.736898 
25.284363 
25.302262 
23.768951 
25.329444 
25.379108 
24.738318 
24.921317 
25.624500 
24.863563 
24.743152 
24.280642 
25.415465 
25.889191 
24.627603 
25.217085 
24.447405 
24.511874 
25.300553 
24.421412 
23.704917 
24.581381 
24.647352 
24.365155 
24.801434 
24.415245 
24.790482 
24.393746 
24.438387 
24.101278 
24.867176 
25.373553 
25.374566 
24.444211 
25.344917 
25.431431 
24.866085 
24.925062 
24.697111 
24.223478 
25.033680 
25.438968 
24.363041 
24.782492 
25.373378 
24.108393 
24.354057 
25.327561 
25.169463 
25.189779 
24.627734 
25.212082 
25.599558 
25.106223 
23.990506 
23.534072 
24.115233 
24.804485 
25.185467 
25.386863 
24.112851 
23.607318 
24.929015 
25.067134 
24.638002 
24.605620 
24.178472 
24.449671 
24.885484 
24.869276 
25.204799 
24.749075 
24.087565 
25.856982 
23.536793 
25.013999 
25.792932 
25.846956 
24.900985 
25.063847 
24.604759 
24.715466 
24.778115 
25.032926 
24.664506 
25.061757 
25.054268 
24.789950 
24.476260 
24.740513 
25.297938 
25.534501 
24.334038 
24.146262 
24.505556 
25.199958 
24.072967 
25.006050 
25.430997 
25.016101 
25.481771 
24.748867 
24.375055 
24.800323 
25.373743 
25.143384 
25.243476 
26.192264 
24.046252 
24.310238 
25.065467 
25.779251 
24.190568 
24.135778 
25.467868 
24.635676 
25.748924 
24.767655 
24.946276 
24.285678 
24.818996 
24.625670 
25.057396 
25.159032 
24.923070 
25.250615 
25.395663 
24.321496 
24.678683 
24.826278 
24.559673 
24.890257 
24.624488 
24.922010 
25.103271 
24.245873 
24.530600 
25.727974 
24.556263 
25.709546 
24.855187 
23.866261 
24.504900 
25.070946 
24.187199 
25.310377 
24.207560 
24.604322 
24.423586 
24.254360 
25.403477 
24.488766 
24.914453 
24.388050 
25.942133 
24.712348 
24.977039 
25.383315 
24.322092 
25.589787 
25.600638 
24.949685 
25.212017 
25.283697 
24.907378 
25.106026 
25.271213 
24.396558 
24.205245 
25.079653 
24.640304 
24.851708 
25.246469 
24.500901 
25.215931 
25.394023 
24.982026 
25.225730 
24.868218 
24.691327 
24.029493 
24.639897 
25.873943 
24.524510 
24.241709 
25.369463 
25.341507 
24.907337 
25.293345 
24.974281 
24.234415 
24.400454 
24.222308 
24.420849 
24.961318 
25.581780 
25.104337 
24.859520 
24.515951 
25.057459 
25.227537 
24.034619 
24.717410 
24.677193 
24.149914 
24.407076 
24.869937 
24.693151 
24.377324 
25.207306 
24.710193 
25.359401 
24.074219 
24.900507 
24.696277 
25.133125 
25.381806 
25.445617 
24.903907 
25.922546 
24.413328 
25.302085 
24.613789 
24.489840 
25.094185 
24.390200 
24.593308 
25.936541 
23.846841 
23.719043 
23.962094 
24.852971 
25.275068 
24.935989 
25.300402 
24.159266 
24.856729 
25.095486 
25.602696 
24.449550 
25.315606 
24.714836 
25.064485 
24.387081 
26.019853 
24.354005 
25.348614 
24.630657 
25.675375 
25.582734 
24.672106 
24.928864 
25.733281 
25.396570 
25.183433 
24.961244 
24.612308 
24.993676 
24.664985 
24.694313 
24.687679 
23.540767 
25.520346 
23.797821 
25.396741 
25.304388 
24.647486 
24.862441 
24.922774 
24.908840 
23.945539 
24.434698 
24.967425 
24.936093 
25.132543 
24.549535 
25.282438 
24.813220 
24.611623 
25.255309 
25.184727 
24.373291 
25.063597 
24.450768 
24.649894 
24.943468 
24.757658 
23.596730 
25.283933 
25.336753 
24.806800 
24.176379 
24.919934 
24.929251 
25.252358 
23.735340 
25.062691 
25.360166 
25.070680 
24.958333 
24.904516 
24.989728 
24.704008 
24.357730 
24.632630 
25.032860 
24.537496 
25.471073 
24.610437 
25.276979 
24.369650 
24.425657 
25.000783 
24.157483 
24.886353 
23.390448 
24.138293 
24.576966 
25.535830 
24.211668 
26.073046 
24.916643 
24.294969 
25.193417 
25.447118 
24.355877 
24.798952 
24.702262 
24.942987 
25.039879 
24.252224 
25.029437 
24.442207 
25.522781 
25.285538 
24.345414 
23.835138 
25.792445 
25.956514 
24.332876 
24.240603 
24.394001 
25.396261 
25.041727 
24.822341 
23.520564 
24.805985 
24.832163 
24.919253 
25.180616 
24.800692 
24.825542 
25.247878 
24.647251 
24.973083 
23.979743 
24.711991 
24.631989 
24.645977 
24.069259 
25.085924 
24.598056 
24.735046 
24.689499 
24.947586 
25.090540 
24.624022 
25.124191 
24.909962 
25.029175 
24.053253 
24.291032 
24.922779 
24.584983 
24.646043 
24.622790 
25.319977 
25.104065 
24.297637 
25.240058 
24.886764 
24.177827 
23.752312 
24.840616 
25.439186 
24.645273 
24.733449 
24.509443 
25.264825 
25.021515 
23.286639 
23.849507 
24.213166 
25.184756 
24.232476 
24.807536 
25.318504 
23.719634 
25.330684 
24.670000 
24.883730 
25.417302 
25.435768 
24.127317 
23.378009 
25.661260 
23.852220 
24.790079 
24.269388 
24.556106 
24.901623 
25.246871 
24.823570 
24.923000 
25.046554 
24.638648 
24.736005 
24.428868 
24.590657 
25.053296 
25.052308 
24.858337 
24.538044 
24.599241 
25.616429 
25.206726 
24.449563 
24.465778 
24.813466 
24.866105 
25.916682 
24.719398 
24.074066 
24.083082 
24.600810 
25.444370 
24.200430 
24.500789 
24.831712 
25.240811 
25.402582 
24.975905 
24.626604 
24.772419 
23.821885 
24.154054 
24.894596 
25.067111 
24.789778 
24.938144 
25.321165 
25.626437 
24.514965 
24.968950 
24.808421 
25.660636 
25.432627 
24.819735 
24.361953 
24.094609 
24.013035 
24.555092 
25.027088 
25.271382 
25.005030 
24.911977 
24.369024 
24.068559 
24.134875 
25.098238 
24.639328 
24.491149 
24.745796 
24.549824 
25.258143 
24.887447 
24.503781 
24.331215 
24.654963 
25.013439 
24.756123 
25.650380 
25.131358 
26.491208 
24.212196 
25.101236 
24.837856 
24.732178 
24.748482 
24.841011 
24.451388 
25.903767 
25.015104 
24.490187 
24.923098 
24.107854 
26.256407 
24.523500 
25.062178 
24.081838 
26.281503 
24.808135 
24.749158 
25.488257 
24.582031 
24.877066 
24.148793 
25.460553 
24.007386 
24.189900 
24.497893 
24.586805 
24.940381 
24.302588 
25.301305 
24.736146 
25.284287 
25.011150 
24.361901 
23.935595 
25.433477 
26.458448 
25.187010 
25.513686 
24.986826 
24.333738 
24.093095 
24.729898 
24.981511 
24.282567 
25.478238 
24.573194 
25.153132 
24.655511 
23.975864 
24.941797 
24.560743 
25.146700 
24.305180 
24.250024 
24.620079 
24.702867 
24.335215 
25.034960 
26.096493 
24.093467 
24.561002 
23.678110 
25.597319 
24.336380 
24.302377 
25.360324 
23.640515 
24.770075 
25.982022 
24.266763 
25.154619 
24.711404 
25.346520 
25.458995 
24.496315 
24.687236 
24.528417 
24.684217 
24.537379 
24.924249 
24.621215 
24.074110 
24.811222 
24.856000 
24.760173 
24.602135 
25.921312 
24.783602 
23.782655 
24.675432 
25.338715 
25.189010 
24.328142 
24.938953 
23.998203 
25.096217 
24.805337 
26.252787 
24.165630 
25.140494 
24.740523 
25.360467 
24.530610 
26.025264 
25.874096 
24.763393 
24.436053 
25.365687 
24.256558 
25.129427 
23.650595 
24.798848 
25.281812 
24.379347 
24.931631 
25.019491 
25.018298 
24.720435 
25.434764 
25.096161 
25.030129 
23.913423 
24.486681 
25.235812 
24.859489 
25.238936 
25.174223 
24.739556 
25.413127 
25.348467 
24.162007 
24.670009 
24.485073 
23.998273 
23.974944 
24.215005 
24.894062 
24.470468 
24.429477 
26.082127 
24.169722 
25.703125 
23.988883 
24.158246 
24.828641 
25.073960 
24.283625 
25.218550 
24.017875 
25.065037 
25.179796 
24.487660 
24.109189 
24.588306 
24.982612 
25.404010 
25.195158 
24.648872 
24.824014 
25.736894 
24.518981 
24.986566 
24.707804 
24.386784 
25.205445 
25.133264 
24.841280 
25.016524 
24.591000 
24.819808 
24.624240 
25.457805 
24.254928 
25.006467 
25.010490 
24.145618 
24.951830 
24.647601 
24.614082 
24.883194 
24.807289 
25.170101 
23.977222 
24.714807 
23.859096 
25.669319 
25.288523 
24.799678 
25.400436 
25.219127 
24.223500 
25.383114 
24.958606 
25.488055 
24.577796 
24.811710 
25.221873 
24.101780 
24.636312 
24.524039 
25.127391 
24.904032 
25.250378 
25.084854 
23.903765 
25.065572 
24.608448 
25.012015 
25.254595 
25.402818 
24.786389 
24.460625 
24.743857 
24.060254 
24.444726 
25.468810 
25.250285 
25.275061 
24.879775 
25.491717 
25.538395 
24.491617 
24.784628 
24.389200 
24.921618 
24.323648 
25.039938 
23.932344 
24.186953 
23.880048 
24.437705 
25.608497 
24.701914 
25.331211 
24.521669 
24.478842 
24.548701 
25.470041 
25.538990 
25.525038 
25.624204 
24.898102 
24.962647 
24.038501 
24.426353 
24.200190 
24.346561 
23.321577 
25.568208 
25.257039 
24.753447 
24.543721 
25.068817 
24.612802 
25.062323 
24.555219 
24.263760 
24.016397 
25.003188 
24.826752 
25.227366 
25.669199 
25.510980 
25.087939 
24.157580 
24.688366 
25.437944 
24.998846 
25.049760 
25.086672 
25.037228 
24.604188 
24.972341 
24.570039 
24.468870 
25.193776 
24.620298 
24.991053 
24.714474 
25.799860 
25.195858 
25.303348 
24.790975 
24.236496 
24.941467 
25.661016 
25.865474 
24.740333 
26.363490 
25.111720 
25.153345 
24.877494 
25.144931 
24.846911 
24.620817 
24.790355 
24.261978 
24.532296 
25.180191 
24.719816 
24.727338 
24.567938 
24.973281 
24.451225 
24.613013 
23.922431 
25.920751 
25.195566 
24.856385 
24.853638 
25.572821 
25.738621 
24.419223 
24.228295 
25.015176 
23.869491 
24.504372 
23.814376 
25.398831 
25.208784 
24.409509 
24.218228 
23.793432 
24.093306 
24.839615 
24.993254 
24.340316 
25.041684 
24.969915 
25.697628 
25.536658 
24.696772 
24.485999 
24.894702 
25.203524 
25.461135 
25.228759 
24.167811 
24.494403 
25.008683 
24.885388 
23.981581 
25.261896 
25.527627 
25.296845 
26.008956 
24.726121 
24.786081 
24.735647 
24.135492 
24.807951 
24.836255 
25.211575 
24.866766 
23.903171 
25.121095 
24.220864 
24.051234 
24.798068 
25.428807 
24.103874 
24.977283 
24.080032 
25.701263 
25.705721 
24.362912 
25.887717 
24.911475 
24.618361 
24.936375 
24.512234 
24.447821 
25.094805 
25.290404 
24.095175 
24.988098 
24.429157 
25.278536 
24.655587 
25.249652 
25.293390 
24.517714 
26.349681 
24.821709 
24.734495 
24.714348 
24.029644 
25.131862 
24.198263 
24.786970 
25.024685 
24.973384 
24.417385 
25.746489 
24.529562 
24.765680 
24.858729 
24.017268 
24.722732 
24.880634 
25.029178 
24.744853 
23.873529 
24.468055 
25.256191 
24.538845 
25.985390 
24.742349 
24.727239 
25.744361 
25.878424 
24.321712 
25.494032 
24.435245 
25.520735 
24.213608 
25.158233 
24.940287 
25.184419 
24.606806 
25.242792 
25.238504 
24.466198 
24.700641 
24.679647 
25.022716 
26.379283 
24.718677 
25.070401 
24.582664 
24.548825 
25.320491 
25.010197 
25.434789 
24.993606 
24.645594 
25.696599 
24.251352 
24.030045 
24.974021 
24.517977 
24.677503 
24.104997 
25.483151 
24.214639 
25.458695 
25.003491 
26.064477 
25.001361 
25.256319 
24.039415 
23.881840 
24.391867 
24.882381 
24.395795 
25.439814 
24.730631 
25.656716 
25.196215 
24.103079 
25.269330 
26.417969 
24.768796 
24.701695 
25.255347 
24.864351 
25.435561 
25.547422 
24.463983 
24.606534 
25.090383 
24.558436 
24.812052 
24.400489 
24.702406 
25.680113 
24.966838 
24.282191 
24.398614 
24.673483 
23.894294 
24.005557 
24.767972 
25.114551 
24.914439 
25.166455 
25.282869 
24.762072 
25.511176 
23.828480 
24.449117 
25.153361 
24.271606 
25.270600 
25.041709 
25.375348 
24.668316 
24.110455 
24.313194 
24.744801 
25.490887 
24.857581 
25.600105 
24.476009 
25.266939 
23.526276 
25.499718 
24.177347 
25.243634 
25.629337 
24.639023 
25.130802 
24.371915 
25.464488 
25.701662 
25.108156 
25.836582 
24.490164 
25.538349 
24.024672 
24.432168 
24.972822 
24.886160 
25.602283 
25.647753 
24.938240 
24.861460 
24.570999 
24.306626 
24.473704 
24.554591 
25.146571 
24.810294 
24.902668 
24.300566 
24.728953 
25.303925 
24.765982 
25.874181 
25.250589 
25.283547 
25.447450 
25.013996 
24.770484 
25.235669 
23.981838 
24.945457 
25.415295 
24.654130 
23.881126 
25.594126 
24.491851 
25.241057 
24.986171 
25.618103 
25.901367 
25.885977 
24.584865 
24.730313 
24.916424 
24.688694 
25.370269 
25.173435 
25.441219 
23.550628 
24.789361 
25.617187 
24.236809 
24.945463 
24.778731 
24.810398 
24.674628 
24.956901 
25.692464 
23.779357 
24.824593 
24.634048 
24.349321 
24.772514 
24.783854 
24.001947 
24.692200 
25.241359 
25.034668 
24.103258 
24.933143 
24.658584 
25.094376 
24.732344 
24.926452 
25.293239 
25.059118 
24.838600 
24.520585 
24.836469 
24.873066 
25.414522 
24.724386 
24.843638 
25.048863 
24.962056 
24.989994 
24.980586 
24.176749 
24.813988 
24.393229 
25.301327 
24.470527 
25.679865 
24.026028 
25.318221 
25.555288 
25.855056 
24.740558 
24.878064 
24.422366 
25.369434 
24.989318 
25.766588 
25.345098 
24.872986 
25.407330 
25.508389 
24.204416 
24.598093 
24.788041 
25.242640 
24.556109 
25.449704 
24.112915 
24.935732 
25.097878 
24.915446 
24.543746 
25.133205 
24.992274 
24.881589 
24.554521 
24.363026 
24.715570 
25.147339 
26.064034 
24.478995 
24.825790 
24.713098 
24.355606 
25.470080 
24.997370 
24.793636 
24.019499 
24.750060 
25.441279 
25.165620 
24.948945 
25.356977 
24.822612 
25.236001 
25.319452 
24.357365 
24.980937 
24.548628 
25.607226 
24.403785 
24.436244 
24.514575 
26.670138 
24.858126 
26.067867 
24.838086 
24.526866 
24.871855 
25.268138 
25.972580 
24.516237 
24.463381 
24.379180 
25.700019 
25.443558 
23.997456 
25.034169 
24.943425 
24.044346 
24.012141 
24.695150 
24.542980 
24.173285 
24.356244 
24.762989 
25.707917 
25.583439 
25.232207 
24.643744 
25.224115 
24.578763 
25.453265 
23.945382 
24.810963 
24.226333 
24.603066 
24.610916 
25.223922 
24.861388 
25.013838 
24.754563 
25.054507 
24.350610 
25.290200 
24.778987 
24.525028 
24.979335 
25.270494 
24.363631 
25.397550 
24.965047 
24.485939 
26.004272 
24.793261 
24.573900 
24.263754 
24.457274 
24.948981 
24.415205 
24.828200 
25.200490 
24.570596 
25.056544 
25.013266 
24.365929 
25.583687 
25.843049 
25.316425 
25.940985 
24.449962 
24.239299 
24.976784 
24.510900 
24.455908 
23.789299 
25.253496 
24.390213 
25.540894 
24.644907 
25.366939 
25.022690 
24.282451 
25.122428 
25.198702 
24.952213 
24.758498 
24.796093 
25.677336 
25.194768 
25.351824 
24.533860 
23.854263 
24.717856 
25.597717 
24.265999 
24.927958 
24.906449 
24.572393 
25.188777 
25.091379 
24.380474 
24.872637 
25.714844 
25.691488 
24.392791 
25.390127 
24.198289 
26.115060 
25.182620 
26.434206 
24.127905 
24.447757 
23.618468 
24.592924 
24.687525 
23.922774 
24.898935 
24.549905 
24.969260 
24.614220 
24.031453 
23.903785 
24.895146 
24.958079 
25.229135 
25.531660 
25.230593 
24.471756 
23.918872 
25.413061 
23.411669 
24.814837 
24.926987 
24.565833 
24.937859 
24.827553 
25.003771 
24.472660 
24.599775 
24.686904 
24.742071 
24.915016 
24.914632 
24.940518 
25.367752 
25.882301 
24.033569 
24.136218 
24.577598 
24.857634 
24.403816 
25.160025 
24.279454 
24.473780 
24.145886 
24.352430 
24.300973 
24.384611 
25.343422 
24.888475 
25.439835 
24.955030 
25.658457 
24.606023 
24.778716 
24.181099 
24.904633 
24.528498 
24.695768 
24.674292 
24.799391 
25.242193 
25.177194 
24.984827 
24.019656 
24.762093 
24.003696 
24.557509 
23.904312 
26.014441 
24.534363 
25.336826 
24.647236 
25.032247 
25.229561 
24.186259 
24.868070 
24.796333 
24.896697 
26.091297 
25.320390 
24.549425 
24.204481 
24.568467 
26.210044 
25.106423 
24.828520 
25.340401 
25.440634 
24.834864 
24.484835 
25.129477 
25.255308 
23.269862 
25.779133 
24.704523 
24.722856 
24.771189 
25.820650 
24.311270 
24.743311 
24.566141 
24.888236 
26.159936 
24.891389 
24.218533 
25.837784 
24.310953 
24.475885 
24.945808 
25.022106 
24.437711 
25.350141 
24.876540 
24.734784 
25.089020 
24.666523 
24.601228 
24.777303 
24.640098 
25.627027 
24.869820 
23.901575 
26.061161 
24.495829 
24.367883 
26.146087 
24.196604 
23.864735 
24.950948 
24.157176 
24.459023 
24.298271 
25.031060 
24.489752 
24.851922 
23.621166 
24.286339 
24.030836 
25.230754 
23.766050 
24.316009 
24.140833 
23.757045 
26.065605 
23.757517 
24.666915 
24.299290 
24.659974 
24.304893 
24.049005 
25.222523 
24.144047 
24.436456 
25.040643 
25.123790 
24.459800 
25.515897 
24.425217 
24.808302 
24.611296 
24.174471 
25.155988 
25.435654 
25.121267 
24.581455 
25.012275 
24.657069 
24.851008 
24.996925 
24.364878 
24.040261 
25.119336 
24.321420 
24.030496 
24.046208 
24.753134 
25.741949 
25.047485 
24.677051 
25.066065 
24.863136 
24.939022 
24.042439 
24.526245 
25.134538 
24.253434 
24.186821 
24.689540 
24.248528 
24.286527 
24.447262 
24.919977 
24.221268 
25.506658 
24.678331 
24.715787 
25.242928 
24.236522 
26.340075 
25.048392 
24.937881 
24.346560 
25.217768 
24.686953 
25.106448 
24.565685 
24.975607 
24.523466 
25.927441 
24.904062 
25.025978 
26.681924 
23.738678 
24.662549 
23.966484 
24.204368 
25.817411 
24.882176 
25.430261 
25.546739 
25.313769 
24.763944 
25.149820 
25.273082 
24.647272 
24.808664 
25.770510 
24.384382 
24.495570 
24.356271 
25.165228 
24.904029 
24.813977 
24.944694 
24.741978 
24.810623 
24.661944 
23.687780 
25.069267 
24.803656 
25.330910 
24.268398 
24.960680 
25.996895 
24.920738 
24.933049 
24.835704 
24.941096 
25.093097 
24.934399 
24.563738 
25.532397 
25.367894 
25.644031 
24.750427 
24.520607 
24.619102 
24.349286 
24.852605 
24.613979 
25.425547 
25.042967 
24.439591 
25.436481 
24.993860 
25.276558 
24.676241 
24.997349 
23.508368 
24.679091 
25.464166 
24.587281 
24.217553 
24.661458 
24.416124 
24.856326 
25.094819 
24.944120 
25.083227 
25.072349 
25.044273 
25.397636 
24.868315 
24.039037 
23.920174 
24.362383 
24.229182 
25.227970 
25.430514 
25.404900 
24.287765 
25.106382 
24.502481 
24.192829 
26.071743 
24.611868 
24.930998 
24.516940 
24.340209 
25.689150 
24.430343 
23.712526 
25.351467 
24.438013 
24.056130 
24.662876 
24.456886 
24.323727 
26.183632 
24.624737 
24.575803 
24.332791 
24.654666 
24.171629 
25.467477 
24.263019 
24.627336 
23.818736 
24.266179 
25.476548 
24.500561 
24.160481 
24.473496 
25.357794 
24.408112 
25.520761 
24.673242 
25.349650 
24.856954 
25.083348 
25.433766 
24.609398 
24.305652 
25.151644 
24.507796 
24.990441 
24.199556 
24.729011 
26.060887 
24.969963 
24.227927 
25.307023 
25.580662 
24.385213 
25.965002 
24.653917 
24.581976 
24.423996 
24.751982 
25.292447 
24.877315 
24.487932 
25.146699 
24.926782 
24.824561 
24.862313 
25.706136 
24.682372 
25.070154 
24.288330 
24.072490 
25.381040 
24.966227 
25.071724 
25.426904 
25.248093 
24.949529 
24.818408 
24.445418 
24.731009 
24.498754 
25.102101 
25.638164 
24.390557 
24.951335 
25.374140 
24.714785 
24.780691 
24.747665 
24.568204 
24.459212 
25.659458 
25.592663 
23.783857 
24.676172 
24.104890 
25.335332 
24.661844 
25.376146 
24.983823 
24.407740 
24.300419 
25.114235 
25.148646 
26.131232 
24.007168 
24.541519 
24.677003 
25.372079 
24.994623 
25.306760 
24.098892 
24.691160 
25.559822 
25.090786 
24.733431 
25.277027 
25.466456 
24.314096 
24.706259 
24.878793 
24.954621 
24.189838 
24.452290 
25.758959 
24.040896 
25.758072 
25.089695 
25.010755 
25.395417 
25.128530 
25.065991 
25.305488 
24.379249 
24.770717 
24.608283 
25.090576 
25.282790 
25.833294 
24.415097 
24.720085 
24.740869 
24.836230 
25.637503 
24.783328 
25.127606 
24.229659 
25.228495 
25.063622 
24.438113 
26.079457 
24.558371 
25.851009 
24.876866 
25.151225 
24.955861 
24.895002 
24.389211 
23.853302 
24.658301 
25.189973 
25.191980 
24.387221 
24.641685 
25.342422 
24.239569 
25.369839 
25.109405 
25.247333 
24.542573 
24.634005 
24.873811 
24.934621 
25.810964 
24.098811 
24.439263 
25.054594 
24.812144 
25.302035 
24.439009 
23.769940 
25.165341 
25.176801 
24.696029 
24.641600 
24.535169 
25.047810 
25.417540 
25.189881 
24.762108 
25.446555 
24.526167 
24.526623 
25.499574 
24.920938 
24.401535 
24.248830 
24.448792 
25.970855 
24.573785 
24.292861 
24.579729 
23.418411 
24.681111 
24.675918 
23.798115 
24.682040 
24.756376 
24.363565 
24.631544 
25.144154 
25.839847 
23.997697 
24.715145 
24.601743 
23.867868 
24.960673 
24.778077 
24.507066 
24.709681 
25.922754 
24.569262 
24.850321 
24.004042 
24.105417 
24.909720 
24.116679 
24.878551 
26.260503 
24.370542 
24.502669 
25.973128 
23.958040 
24.197058 
25.088123 
24.953098 
24.577489 
24.496276 
23.957136 
24.573559 
24.388918 
24.350594 
25.194632 
24.932811 
23.331159 
24.298743 
25.088137 
25.736950 
25.745926 
25.132346 
25.065710 
25.577379 
25.167903 
24.321078 
25.147573 
24.583761 
24.824390 
24.602390 
24.761084 
23.756290 
24.026882 
24.235312 
24.116921 
25.506133 
25.356276 
24.791087 
25.258902 
24.491590 
23.588320 
24.143053 
24.789308 
24.817987 
24.274442 
24.860603 
25.022381 
24.342723 
25.002605 
25.236223 
24.812905 
25.780575 
24.852187 
24.404981 
25.366488 
25.546110 
24.655832 
24.627771 
24.131813 
24.178096 
24.189440 
24.625010 
25.290756 
25.044444 
24.738626 
25.130901 
24.670999 
24.523333 
24.858706 
24.085836 
24.762926 
25.619700 
24.180408 
23.922487 
24.638272 
24.743862 
23.830824 
26.113069 
25.458586 
24.779827 
25.347853 
24.932737 
24.466531 
25.823943 
24.483022 
25.041679 
25.113148 
25.322451 
24.431998 
23.925623 
24.731743 
24.858356 
25.008513 
24.343393 
24.664488 
24.435337 
24.171962 
25.505787 
24.445295 
24.257295 
25.703194 
25.147065 
24.557236 
25.708095 
24.170796 
24.876559 
23.965699 
25.836970 
25.479902 
24.409617 
24.871041 
25.144967 
25.172181 
24.544599 
25.054982 
24.708538 
24.362998 
24.520707 
24.216717 
23.326090 
24.464612 
24.320775 
25.758917 
25.203718 
24.175346 
24.222846 
25.097298 
24.685400 
24.463170 
24.888339 
24.156483 
25.179116 
24.679618 
25.526092 
25.003475 
25.170456 
24.632687 
24.953492 
24.740078 
25.132249 
24.208301 
24.238752 
24.647743 
25.605831 
23.886790 
24.719768 
25.698982 
25.294551 
25.367921 
24.572718 
25.520964 
24.330060 
24.646186 
25.460665 
25.266128 
24.682699 
24.256234 
24.276888 
25.370834 
25.762018 
25.506391 
25.734813 
25.472454 
26.034620 
25.188719 
25.238545 
24.348383 
24.476089 
25.196831 
24.592539 
25.081897 
24.954426 
24.088055 
24.363194 
25.629193 
24.425015 
24.550006 
25.158527 
24.479036 
24.813872 
25.034192 
24.354457 
25.051628 
24.084887 
24.892764 
24.361081 
25.198637 
24.714051 
23.876779 
25.469578 
24.705499 
24.776187 
24.946082 
25.412953 
25.745227 
25.584168 
24.339657 
24.268105 
25.008477 
24.730028 
25.057583 
25.108396 
24.490527 
25.212508 
24.763476 
23.871547 
24.756215 
25.512763 
24.828127 
26.241856 
25.228249 
24.749756 
25.614665 
24.706004 
24.879659 
25.945448 
24.666917 
25.189402 
24.346515 
24.303600 
24.632676 
24.652651 
24.566475 
25.223887 
24.456588 
25.022465 
25.163045 
25.034140 
25.188751 
26.040544 
24.523349 
24.111668 
24.829616 
24.499580 
24.236425 
24.901014 
24.909822 
25.375256 
25.457359 
24.677617 
24.944785 
24.769165 
25.043180 
24.320014 
25.052338 
24.707397 
24.977349 
24.746119 
24.660263 
24.687287 
24.284717 
24.231720 
24.803546 
24.576643 
25.211912 
25.037007 
24.851714 
25.122627 
25.062998 
25.189188 
25.204021 
24.903679 
24.879864 
24.761514 
24.691624 
25.444787 
26.089958 
25.247832 
25.182366 
25.069064 
25.779761 
24.863512 
24.633988 
24.983464 
25.595016 
24.414536 
24.420277 
25.893585 
25.312190 
24.841518 
24.633993 
25.493198 
25.087713 
24.982883 
24.930466 
24.632827 
25.367885 
24.908654 
25.899160 
25.103295 
24.912920 
24.556699 
25.099294 
24.210921 
24.806933 
24.365345 
24.086115 
25.249531 
25.138227 
26.022163 
24.942916 
24.752105 
23.843220 
25.421261 
25.490446 
24.121399 
25.339770 
26.404300 
24.457790 
24.879267 
24.451189 
24.148062 
24.760739 
25.397948 
25.294307 
25.643685 
24.815264 
24.368834 
25.781228 
24.499817 
24.679157 
24.630356 
24.591438 
24.708050 
24.206134 
25.056440 
25.598077 
26.357200 
25.810169 
25.386330 
24.058082 
24.629491 
24.605208 
24.148670 
24.625950 
23.994080 
25.328438 
24.920962 
24.534037 
24.376626 
25.265070 
25.004311 
24.358658 
25.257541 
24.481375 
24.954713 
24.762973 
25.288883 
25.345467 
25.915334 
25.240988 
25.576552 
25.651643 
24.597521 
24.985090 
25.116008 
24.613037 
24.726675 
24.830163 
24.841415 
25.324726 
24.531001 
24.671525 
25.244855 
25.112995 
24.733055 
26.794723 
24.641767 
25.017650 
25.176095 
26.014239 
24.700660 
25.167918 
24.452917 
25.530014 
23.762999 
24.391597 
25.578381 
23.911827 
24.982571 
25.233131 
24.324326 
24.247337 
24.634595 
24.842735 
24.694362 
24.176216 
25.502191 
24.753162 
24.923839 
25.399418 
24.948518 
25.142579 
24.473141 
25.019237 
25.037684 
24.018958 
24.812126 
26.012207 
24.410635 
24.137099 
24.759829 
24.741081 
25.078943 
23.601330 
24.797177 
25.108334 
24.697044 
25.204946 
24.793973 
25.850472 
25.377936 
24.523906 
24.626882 
25.182382 
24.674482 
24.032133 
24.871663 
24.894318 
25.241230 
24.027359 
24.388495 
24.554665 
24.905136 
25.441487 
24.182703 
23.828610 
24.502386 
24.941981 
25.081420 
25.806174 
24.787338 
24.715872 
24.861485 
24.683946 
25.577465 
24.316544 
25.151616 
25.841461 
24.549726 
25.249773 
24.377089 
24.929888 
24.704113 
24.550265 
25.642036 
24.805287 
25.171844 
24.640096 
24.425775 
24.669069 
24.432652 
25.693945 
25.215679 
25.133750 
24.855051 
25.112809 
25.052247 
24.233636 
23.900690 
24.756731 
24.477161 
24.799916 
24.612996 
24.441548 
25.772090 
24.696867 
25.992684 
24.267499 
24.504637 
24.504714 
24.091004 
23.850795 
25.271300 
25.220122 
25.441108 
24.358412 
24.794340 
24.411561 
25.242090 
25.949335 
24.675777 
24.140401 
24.588290 
24.420030 
24.398968 
24.772687 
24.502554 
25.410903 
24.265292 
24.207437 
24.870109 
24.747253 
24.510158 
24.097057 
24.904504 
24.969934 
25.384063 
23.679407 
24.595724 
24.463552 
25.443794 
25.352521 
25.470041 
24.516707 
25.361950 
24.899444 
24.607247 
24.741822 
25.415026 
25.230802 
25.380489 
24.408702 
24.618035 
25.253770 
24.580240 
24.498743 
24.894925 
24.324024 
24.371637 
26.276162 
24.374918 
24.697290 
26.303904 
25.347577 
25.025090 
25.403654 
24.751622 
25.729385 
25.874051 
24.764801 
24.553962 
24.390626 
24.650670 
25.084727 
24.815821 
25.017509 
24.297453 
24.889029 
24.012008 
24.280611 
24.716490 
24.388373 
23.999475 
25.002619 
25.086516 
25.825257 
24.727914 
24.476432 
24.860893 
24.484720 
25.353804 
24.186834 
24.672996 
23.813530 
25.086609 
24.628126 
25.079927 
25.439735 
24.703274 
24.832481 
24.359780 
25.416791 
24.413498 
24.916771 
25.012946 
24.754624 
23.947405 
24.920759 
25.303724 
24.502524 
24.835222 
25.092921 
24.783560 
25.630165 
25.664586 
24.433301 
24.593135 
25.096943 
24.630038 
25.394566 
25.818261 
25.304526 
24.469142 
24.693853 
26.302870 
24.912945 
24.769288 
23.691762 
24.507316 
25.294384 
24.671547 
24.786627 
25.324993 
25.256846 
25.146373 
24.596026 
24.586927 
25.635474 
25.418295 
25.780227 
24.293816 
24.354275 
24.588218 
25.202025 
24.799608 
23.709467 
24.912507 
25.183152 
25.496237 
24.459762 
25.000183 
24.639303 
25.185451 
24.392428 
24.403810 
24.466753 
24.702916 
23.864814 
24.696370 
25.352518 
25.359773 
24.863028 
25.832008 
25.364201 
25.529299 
24.470359 
24.677247 
24.295816 
24.692819 
24.097427 
24.449257 
25.702106 
24.911741 
24.152921 
25.400139 
25.635525 
24.200324 
23.488389 
24.887248 
25.337631 
25.334084 
25.196552 
24.557009 
24.966630 
24.698174 
25.466291 
25.100560 
24.983514 
24.963322 
24.420162 
24.706556 
24.665101 
24.430491 
25.043401 
24.952747 
24.974996 
24.914473 
25.100945 
24.211951 
24.102310 
24.360429 
24.809471 
25.411532 
24.315589 
24.495281 
24.755379 
24.224604 
24.553370 
25.158023 
24.204361 
24.851233 
25.397495 
24.518404 
25.234668 
24.470300 
24.666623 
25.222721 
24.715586 
25.203376 
25.342949 
25.420892 
25.512486 
24.383865 
25.339465 
24.731790 
25.455385 
23.726453 
25.742500 
24.702970 
24.724869 
25.381735 
24.823269 
24.719111 
24.959156 
24.312283 
25.803148 
25.583623 
25.020284 
24.416539 
24.486804 
25.119943 
25.323778 
25.116396 
24.278516 
25.765101 
24.333066 
25.723902 
24.906744 
24.769254 
25.480057 
24.782822 
24.527764 
25.078234 
24.131073 
25.313391 
24.739037 
24.809311 
25.157317 
26.104560 
25.061649 
24.310449 
25.071252 
24.649653 
24.698246 
24.652362 
25.427773 
25.369152 
24.991926 
25.389024 
25.245199 
24.825078 
25.269008 
25.093951 
25.615257 
24.136697 
24.244648 
25.029325 
24.326207 
24.433116 
25.219114 
25.066928 
25.286434 
24.494655 
25.124655 
24.176600 
24.889165 
25.747687 
24.491429 
25.217534 
25.061609 
24.229630 
24.494006 
24.758451 
24.726428 
25.440748 
23.564852 
25.615708 
25.054892 
23.974181 
24.604638 
25.403393 
24.839956 
25.978839 
24.889666 
23.988972 
24.019315 
24.271099 
24.973931 
24.954591 
24.538576 
24.323578 
24.492510 
24.999126 
24.896480 
25.464827 
25.306530 
23.805455 
24.341560 
24.879546 
24.676649 
24.533312 
23.612345 
24.281133 
24.496384 
24.951753 
25.303748 
24.464069 
25.284783 
25.004091 
25.537770 
24.882651 
24.949654 
24.969433 
25.060021 
24.179583 
24.052508 
24.197071 
24.212620 
24.913295 
25.069061 
24.504728 
25.499211 
24.884547 
24.555840 
24.784139 
25.123298 
25.052842 
25.216026 
23.990907 
24.653715 
24.514968 
24.004813 
24.892320 
25.041502 
24.499602 
24.138733 
24.285978 
26.132605 
25.560815 
26.020847 
23.904360 
24.987951 
24.514766 
24.366342 
24.999393 
25.395624 
24.530905 
25.111521 
24.231673 
24.471252 
25.692166 
25.591346 
25.047233 
23.879832 
25.122763 
25.548987 
23.946179 
24.643586 
24.672042 
25.651115 
25.229794 
24.504286 
25.460838 
26.223688 
24.578048 
24.988972 
24.717369 
25.784290 
24.684265 
24.458197 
25.497841 
24.974019 
24.924138 
24.129407 
25.594089 
25.192710 
24.792659 
24.416233 
24.341040 
24.934899 
25.098450 
24.782118 
25.493197 
23.834791 
24.633749 
24.887089 
24.493070 
24.873096 
24.874049 
23.970910 
24.193768 
25.162693 
24.769846 
24.366967 
24.425574 
24.397213 
24.308972 
24.281211 
24.293294 
24.349814 
25.828335 
24.764572 
24.888199 
24.103791 
24.902106 
25.024562 
25.356887 
25.377345 
24.798836 
24.871303 
24.439753 
24.117823 
24.876976 
24.240613 
24.554306 
24.371583 
25.152197 
24.984532 
24.739239 
25.179507 
24.898716 
24.316852 
25.040376 
25.019487 
25.104607 
25.467886 
24.362589 
24.414596 
25.025316 
24.661682 
24.116618 
24.261108 
24.478052 
23.674129 
25.550859 
24.974851 
25.326818 
24.669447 
25.042589 
25.483621 
24.553137 
25.724168 
24.456681 
25.595381 
25.298130 
24.736379 
24.813244 
25.188861 
24.866323 
24.422424 
25.199121 
25.538983 
24.457763 
24.593403 
25.663893 
25.973496 
23.931633 
25.659019 
24.575936 
25.542458 
24.894693 
24.559545 
25.614041 
24.465170 
25.237535 
24.766950 
24.415190 
24.533157 
24.648509 
26.002610 
24.362587 
24.550401 
25.330356 
23.772740 
24.134740 
24.370152 
24.404240 
25.401578 
24.772718 
25.259901 
24.661755 
24.661262 
25.354102 
24.592423 
24.404086 
24.908754 
25.333768 
24.103546 
25.430146 
24.819854 
24.919267 
25.003318 
25.007556 
25.124035 
24.316624 
25.738580 
24.381340 
24.339557 
24.825266 
25.031634 
24.369537 
25.562864 
24.365669 
25.120983 
24.579274 
24.433593 
26.061901 
24.467964 
24.993885 
25.617123 
24.640163 
23.793749 
24.842470 
25.430261 
25.201379 
24.234561 
23.929696 
23.832097 
24.986847 
25.065567 
25.306548 
24.512178 
25.242625 
24.268265 
24.316800 
24.002405 
24.762711 
24.139745 
24.645585 
25.794859 
24.931503 
24.660093 
24.982564 
24.675744 
25.248255 
26.351256 
24.948831 
25.571078 
25.691465 
24.567244 
24.878301 
24.777963 
25.267606 
25.404344 
24.874942 
24.885648 
24.995834 
25.873436 
24.069186 
25.584686 
25.130236 
24.597922 
24.682933 
24.313042 
26.366178 
24.511582 
25.137238 
25.439706 
23.856286 
25.465944 
25.096274 
24.940768 
24.982837 
26.705429 
24.681919 
24.457324 
24.326683 
24.787555 
24.424407 
24.922642 
24.663830 
24.377706 
25.029254 
25.204406 
24.789976 
25.366327 
23.909844 
24.368215 
24.914099 
24.943909 
24.734264 
25.158993 
24.644480 
25.202589 
24.977374 
25.268204 
25.063445 
25.910507 
24.484829 
24.013695 
24.162527 
24.568234 
25.368147 
24.432353 
24.897041 
24.775412 
25.359013 
23.277344 
24.544964 
24.290108 
25.034371 
24.725754 
24.806227 
25.327985 
23.672240 
24.582758 
24.386346 
25.116413 
24.662575 
24.950443 
26.017473 
24.553774 
24.819350 
24.462230 
24.261498 
25.374147 
25.202839 
24.000380 
24.611261 
24.057542 
24.688668 
25.473677 
24.990977 
24.743185 
24.897979 
25.012960 
24.449163 
23.547007 
25.286377 
24.776532 
24.707175 
24.307386 
24.550411 
24.679021 
24.882184 
24.229473 
26.089965 
24.264059 
24.725486 
24.550445 
25.090115 
24.321495 
25.184435 
25.076089 
25.577507 
24.412248 
23.730982 
25.189842 
25.565406 
24.054492 
24.282232 
25.318044 
24.104212 
23.828245 
24.591329 
24.595625 
26.145966 
24.907122 
24.506616 
25.993309 
26.033432 
24.477636 
23.877999 
25.539611 
25.680240 
25.022348 
24.120861 
24.929996 
24.266126 
25.911390 
25.353175 
25.389218 
24.581079 
24.422682 
25.293367 
25.638556 
25.352860 
24.797294 
24.631989 
24.319865 
25.380852 
25.389966 
25.456060 
23.768948 
24.145307 
24.893751 
24.665963 
24.322581 
25.227957 
24.933260 
24.206574 
25.141647 
25.839091 
26.033695 
24.393814 
24.691803 
25.212975 
24.438106 
24.864499 
24.812558 
23.986478 
25.037098 
25.855660 
24.088416 
25.216325 
24.284903 
25.700436 
24.680061 
24.466996 
24.331890 
24.562494 
24.610445 
23.862783 
25.829879 
25.474604 
24.598387 
25.039734 
25.812327 
23.792581 
25.014423 
24.574183 
24.755811 
25.765365 
24.228945 
24.491158 
24.999691 
25.372689 
24.970705 
24.490102 
25.020127 
24.726870 
25.758344 
24.669579 
24.810975 
25.787112 
24.121075 
25.097908 
24.331630 
24.624712 
25.850040 
24.883580 
24.204988 
24.505188 
24.234657 
25.270935 
24.774519 
25.647149 
25.311099 
24.634280 
24.807834 
24.449527 
25.343099 
24.457169 
25.115847 
25.334515 
25.332800 
25.078440 
24.655621 
24.143319 
24.200390 
25.444554 
25.329045 
24.919907 
25.205960 
25.275749 
24.120647 
25.009750 
25.681989 
25.121767 
24.981851 
24.956338 
24.644723 
25.580641 
24.693098 
25.084568 
25.190287 
25.229129 
25.081291 
24.400669 
24.416799 
25.110579 
25.097511 
25.904349 
24.661078 
24.661220 
25.235107 
25.390865 
25.126614 
25.137887 
25.215730 
25.156276 
24.946592 
25.465517 
24.801543 
24.830856 
24.564438 
24.385784 
24.921445 
24.975446 
24.168863 
24.920783 
25.363141 
25.165473 
24.293452 
24.221131 
25.398632 
25.141274 
24.626633 
24.601826 
24.573637 
25.729527 
24.924786 
25.472795 
25.248776 
24.254004 
24.063571 
24.963787 
23.964216 
24.098397 
24.854081 
25.065696 
24.992022 
25.742914 
24.011096 
24.944142 
24.545012 
24.296803 
24.616812 
24.621888 
24.055960 
25.222788 
24.338546 
24.829555 
24.752653 
24.746485 
24.692991 
24.532762 
25.204530 
24.394292 
24.696605 
24.923647 
24.950667 
24.999964 
24.920371 
25.320433 
24.729001 
24.337018 
24.700498 
25.633227 
25.063338 
25.532381 
24.617626 
24.903652 
25.017644 
25.079219 
24.795442 
25.088340 
23.822893 
24.835584 
24.671419 
25.166959 
24.502053 
24.460912 
25.221610 
24.560611 
24.870836 
25.212231 
24.417097 
24.544384 
25.956716 
24.800369 
25.296233 
25.636579 
25.221898 
24.893270 
23.918757 
24.106112 
24.625113 
24.403274 
25.393105 
25.776481 
24.967364 
24.575961 
25.160484 
25.685859 
24.531491 
25.525873 
24.807212 
24.819770 
25.434279 
24.268006 
24.837829 
25.153804 
24.867654 
24.812838 
24.442591 
24.291475 
24.491470 
24.969302 
25.365095 
24.411704 
24.310163 
24.488994 
24.411699 
24.006749 
24.063924 
25.381573 
24.388458 
24.954076 
24.392143 
24.945915 
23.882966 
24.872370 
24.995388 
24.640761 
25.514410 
25.110364 
23.759750 
24.911860 
26.489964 
24.254278 
24.824412 
24.596317 
24.132922 
24.502615 
23.297986 
24.712642 
25.332503 
24.852187 
25.680254 
24.676619 
25.367534 
25.700948 
25.257888 
23.880280 
24.656872 
24.987828 
24.396556 
24.801564 
25.287041 
24.543978 
24.389499 
25.264543 
25.277453 
24.330553 
25.084967 
24.843006 
25.680042 
24.616498 
25.175833 
24.917765 
25.264220 
25.339043 
25.969505 
24.005767 
25.055760 
25.769991 
25.114718 
25.060445 
25.329911 
24.548481 
24.940020 
24.936430 
25.949057 
24.508460 
24.737475 
24.485311 
24.429881 
24.418434 
24.815420 
24.566540 
25.489765 
25.352067 
24.353985 
25.415287 
24.972297 
25.416999 
25.403125 
24.448963 
24.710882 
24.790821 
24.469530 
24.448839 
25.693015 
25.309897 
24.659597 
26.197151 
25.199417 
25.105571 
24.599954 
25.235829 
24.494141 
24.795536 
25.312913 
25.617652 
25.258699 
25.107630 
24.266067 
24.045261 
24.341302 
23.765807 
24.549767 
24.146460 
24.903446 
24.572192 
23.927149 
25.812212 
25.318212 
24.186953 
25.657660 
24.017787 
25.816209 
24.025993 
24.631394 
24.904826 
25.615240 
23.515467 
23.964869 
25.366902 
25.054849 
25.223078 
25.291166 
25.624285 
24.856277 
24.803212 
24.926064 
24.428145 
24.243984 
24.616004 
25.414596 
25.065659 
24.540931 
24.434657 
24.270073 
24.942584 
24.813860 
24.342961 
25.293607 
24.690828 
24.692380 
25.336104 
24.352888 
26.125748 
25.627631 
23.941765 
24.148986 
24.456073 
24.256388 
25.300273 
25.696482 
24.065036 
24.471624 
25.202298 
25.225356 
24.318593 
25.531736 
24.514207 
24.624195 
26.338791 
24.633300 
24.512599 
24.754606 
25.014643 
25.867375 
24.521123 
25.229511 
24.872932 
23.966620 
24.931878 
24.845798 
25.420628 
24.909169 
25.062956 
25.395265 
24.538936 
24.881692 
25.448109 
24.284287 
24.730442 
24.427466 
25.936742 
25.168013 
24.843295 
24.448471 
23.741325 
25.238284 
24.166077 
24.970853 
23.816716 
24.602903 
24.850276 
24.724226 
24.850782 
24.628674 
24.255643 
25.627862 
24.040361 
24.877946 
24.392382 
24.826878 
25.313161 
24.680475 
24.623060 
24.016902 
25.315802 
25.430637 
24.470225 
25.339644 
24.661725 
25.240569 
24.177494 
25.151415 
24.816157 
24.938287 
24.189328 
24.686875 
25.454456 
25.071567 
25.098965 
25.330196 
25.163674 
24.367555 
24.283267 
24.974808 
24.529090 
24.646867 
25.500864 
24.466536 
24.355267 
24.607442 
24.329466 
23.854652 
23.932016 
25.293936 
25.022170 
23.832299 
24.354758 
25.019101 
23.970705 
24.511184 
25.694512 
23.906083 
24.291625 
25.199489 
25.382104 
24.892866 
24.286864 
24.793654 
25.169286 
24.335828 
25.670188 
24.642662 
24.886558 
25.384355 
24.606421 
24.901774 
25.658259 
24.872740 
25.334122 
24.544225 
23.486176 
24.974755 
25.104126 
25.428112 
25.008278 
25.187576 
25.113729 
25.262238 
25.710269 
25.014517 
24.471471 
24.940403 
24.455601 
25.831821 
26.651497 
24.206123 
24.675856 
25.541355 
25.215563 
26.068943 
24.602688 
24.849633 
24.839969 
24.848010 
24.485976 
25.516910 
25.064633 
25.218459 
24.555786 
24.235236 
24.234948 
25.063880 
24.630545 
25.607689 
26.064774 
25.122974 
25.228315 
24.437878 
23.489686 
25.123554 
25.506685 
24.036351 
25.149504 
25.117174 
25.085065 
25.287715 
23.964610 
24.451996 
23.685478 
24.232324 
24.187334 
25.157487 
25.057362 
25.364472 
24.222962 
25.156078 
24.545893 
24.699521 
25.042557 
24.644014 
25.071110 
24.181252 
24.694250 
25.291372 
24.555068 
24.928496 
24.705916 
25.073958 
25.580132 
25.409538 
25.228634 
24.785193 
24.996516 
25.285919 
25.166401 
25.201863 
25.617314 
25.501158 
24.911139 
25.035890 
24.841512 
23.945708 
24.792065 
24.336385 
24.945508 
24.334767 
25.205405 
24.420377 
24.768609 
24.879280 
24.563282 
24.019183 
24.640504 
25.416015 
24.962776 
25.003395 
24.882202 
23.813015 
24.883170 
24.288067 
24.221162 
25.104249 
24.454795 
25.211249 
25.054758 
24.313919 
23.838701 
24.748391 
25.285729 
24.821612 
25.380455 
25.040571 
24.514866 
24.804966 
25.663198 
24.579387 
25.602061 
24.287500 
25.126634 
24.977231 
24.819940 
24.497591 
25.078512 
25.409116 
24.282957 
25.359620 
23.999157 
24.481621 
24.785163 
24.819653 
24.385967 
24.443627 
24.310536 
24.544764 
24.907916 
24.518418 
24.796947 
25.335075 
24.756811 
24.723840 
25.883394 
24.138225 
24.738148 
24.721495 
24.271910 
24.978032 
24.370869 
24.796139 
25.488135 
25.770478 
25.447236 
24.630739 
26.648931 
24.179318 
24.183092 
24.533669 
25.552134 
24.290631 
24.794351 
25.105245 
23.949272 
24.457544 
26.200100 
24.788343 
24.774493 
24.149197 
23.760527 
25.004238 
25.621141 
24.783967 
25.237205 
24.792070 
24.452771 
24.842422 
25.342036 
25.714717 
24.710799 
24.756590 
25.045771 
25.681549 
24.112685 
24.716474 
24.717790 
24.766752 
24.582646 
23.940694 
24.284944 
25.168282 
24.375042 
25.506821 
24.883699 
24.490386 
25.145449 
23.907233 
25.428895 
25.176519 
24.897546 
24.507474 
25.298379 
24.177688 
24.980868 
25.074719 
24.709626 
25.327078 
24.612742 
24.634107 
25.333783 
24.525049 
25.322174 
25.592234 
23.931241 
25.497746 
24.247516 
24.296943 
24.070440 
24.780810 
24.807377 
24.746710 
25.946003 
24.629475 
24.571129 
24.545524 
23.976869 
24.490139 
24.023923 
25.654620 
24.679641 
25.744086 
24.256173 
26.312764 
24.756542 
25.909538 
25.214721 
24.960385 
25.022857 
25.140886 
24.881225 
25.377285 
25.668894 
24.619988 
25.507488 
24.593276 
25.123079 
24.759816 
25.531994 
25.136579 
24.865630 
25.241445 
25.265696 
24.190788 
24.586128 
24.400935 
24.730689 
24.762575 
26.230190 
23.804563 
25.072110 
23.746580 
24.964321 
24.529321 
25.016021 
24.916598 
25.075506 
25.015425 
25.256828 
25.319339 
23.743992 
24.589979 
24.834112 
24.105502 
25.372930 
25.380272 
24.006859 
24.720075 
25.659221 
23.982593 
24.808534 
26.082722 
25.224635 
25.139154 
24.963868 
24.715798 
24.563846 
25.093510 
25.485918 
24.451071 
24.794798 
25.617607 
24.310492 
23.931760 
25.316329 
24.210962 
24.713763 
25.189659 
24.911326 
24.177852 
24.628506 
23.559355 
26.018336 
25.325597 
24.785505 
25.035445 
24.424825 
25.074009 
24.409302 
24.748676 
24.895263 
23.768857 
24.427821 
24.708936 
24.951276 
24.910200 
24.511825 
24.820422 
25.651066 
24.234554 
24.013373 
25.592550 
24.891543 
24.953944 
24.301804 
24.838655 
24.007566 
24.565151 
25.093457 
25.187184 
24.911789 
25.266444 
24.119724 
24.793650 
25.066086 
24.911917 
24.970748 
24.949468 
25.833902 
24.961848 
25.310810 
23.771877 
24.997934 
24.361913 
23.818427 
25.524992 
24.827286 
25.106274 
24.181166 
24.931268 
25.004512 
24.925061 
24.897576 
24.753341 
25.304864 
24.643688 
24.695366 
25.028914 
25.328620 
25.111567 
25.372227 
25.455798 
25.455227 
24.799446 
24.645042 
24.669384 
23.401103 
24.139077 
24.503732 
24.812394 
24.451763 
25.264487 
24.976417 
24.501716 
24.494128 
24.755191 
24.748739 
24.396460 
24.004457 
23.841468 
25.560585 
24.303024 
24.787968 
26.300225 
24.894342 
23.827837 
25.507771 
24.007504 
24.298464 
25.303271 
23.860579 
24.612438 
25.316545 
24.235692 
24.210518 
23.572148 
24.416907 
23.896035 
24.477229 
24.239173 
23.486433 
24.950029 
24.474040 
24.389822 
26.703715 
24.571765 
24.814198 
24.502772 
24.741278 
22.859270 
25.144209 
24.498984 
24.709284 
23.754120 
23.816979 
24.647903 
25.149833 
25.386567 
24.190163 
24.143035 
24.635285 
24.897952 
24.437538 
24.937613 
24.610469 
24.775079 
25.591948 
24.943009 
24.419032 
24.628698 
23.979767 
24.748913 
25.006230 
24.373480 
24.779538 
25.072502 
24.185366 
24.185020 
25.480827 
24.066703 
23.958615 
24.361706 
25.243882 
25.282120 
24.788837 
24.637217 
24.998392 
24.699881 
23.621780 
24.975609 
24.235843 
24.549680 
23.652332 
24.553562 
25.043468 
25.216757 
24.808278 
24.461004 
26.114439 
25.220557 
25.259839 
24.362438 
25.124192 
24.868584 
24.887579 
24.428692 
24.427503 
25.056641 
25.191999 
24.060761 
24.336577 
25.027691 
24.381001 
24.408382 
25.178359 
24.081274 
25.012329 
25.218310 
23.920417 
24.743588 
25.127121 
25.186850 
24.744762 
24.895498 
24.158620 
24.003044 
24.500129 
25.845778 
24.221231 
24.971346 
24.079819 
24.604119 
24.507592 
24.725438 
24.721439 
24.878796 
24.811241 
24.732187 
25.507197 
24.414124 
23.932137 
24.753246 
24.878800 
24.836697 
25.186473 
23.545308 
23.693738 
24.569708 
24.863632 
23.881971 
25.640482 
24.929679 
24.421732 
25.788619 
25.367124 
24.044537 
25.197279 
25.210266 
24.751865 
24.911335 
24.727093 
24.608289 
25.148705 
25.791916 
24.305348 
24.794608 
25.388304 
24.578379 
25.103029 
24.176471 
25.190220 
24.186276 
25.017636 
24.856779 
24.786023 
24.971883 
24.755962 
24.191258 
24.955770 
25.422047 
24.777434 
24.971227 
24.623281 
25.368220 
24.798648 
24.927613 
25.200992 
24.478284 
24.245165 
24.690017 
24.974344 
25.109182 
24.386979 
25.731687 
24.635422 
24.695717 
24.151474 
24.460431 
24.133023 
24.494311 
24.593616 
25.072576 
24.739650 
24.799455 
26.189704 
24.297260 
24.910303 
24.473654 
25.220456 
25.033704 
24.603460 
24.895509 
24.154389 
24.895670 
24.908634 
25.012158 
24.505173 
24.113734 
24.948758 
25.730878 
24.923769 
23.269334 
25.167801 
24.089350 
24.374739 
23.780623 
23.781481 
25.832595 
24.608140 
24.933007 
24.669506 
24.590958 
25.658977 
24.289592 
24.688429 
24.718722 
25.443937 
24.498651 
25.123313 
25.657847 
25.059826 
24.688125 
24.172686 
24.524615 
25.667280 
24.588875 
25.054244 
25.658740 
23.962732 
24.676034 
25.098471 
24.853945 
25.581330 
25.135817 
25.262359 
25.265035 
24.017779 
25.725434 
25.268159 
24.678362 
23.932684 
25.709496 
24.107761 
24.785821 
24.573038 
24.962525 
24.976870 
24.897652 
24.414403 
24.983387 
24.948751 
24.899083 
24.071924 
24.768435 
24.768824 
25.088598 
25.665302 
25.252529 
26.138072 
24.289781 
23.561258 
23.983663 
24.412695 
24.682866 
23.683756 
24.798612 
25.119048 
24.997512 
25.732915 
24.917986 
24.800053 
25.250590 
24.806467 
24.854437 
24.848126 
23.959474 
24.726102 
24.562681 
23.676711 
23.924122 
25.539370 
24.453101 
24.639236 
24.168685 
24.821233 
25.068276 
24.685834 
24.947036 
24.654957 
24.883006 
25.298063 
25.469500 
24.684755 
25.435701 
24.731535 
24.505997 
26.091743 
23.658418 
25.064599 
24.640360 
24.336688 
24.970841 
24.858944 
24.899277 
25.441338 
24.164361 
24.385896 
24.395948 
25.156932 
25.101232 
25.729162 
24.453520 
24.753500 
24.476582 
24.882481 
24.927625 
25.254505 
24.846148 
24.040358 
24.272076 
24.272907 
24.315288 
24.990923 
24.470571 
25.219853 
24.425026 
24.943303 
24.194059 
24.396537 
24.850560 
25.463617 
24.500527 
25.117196 
24.146028 
24.628023 
24.631938 
24.916632 
24.766388 
24.996274 
24.850498 
24.530797 
25.012847 
24.643788 
25.455153 
24.897519 
24.988644 
24.191342 
23.971821 
24.474626 
24.352602 
24.599249 
24.272183 
25.192728 
24.610934 
24.802487 
24.044315 
24.458462 
24.535913 
25.199614 
25.486776 
25.081713 
24.862338 
24.837498 
25.232750 
25.053285 
24.117631 
24.616284 
24.829849 
24.631509 
24.295731 
24.695945 
24.596588 
24.303932 
24.799182 
24.317490 
25.061348 
24.371807 
24.573748 
25.466067 
24.778034 
24.739295 
24.491444 
24.553894 
25.250315 
24.147344 
24.194308 
25.559956 
23.956272 
24.381613 
24.184477 
25.441603 
24.798756 
24.706201 
24.317320 
25.152396 
24.102453 
25.338357 
24.480826 
24.981195 
24.500953 
24.936285 
25.115741 
25.470800 
25.041135 
25.987579 
23.679288 
25.142691 
24.092913 
23.927229 
25.204285 
26.092578 
25.207195 
25.060615 
25.724151 
24.687348 
25.664837 
24.145282 
24.550535 
25.190841 
24.745292 
24.667388 
24.670034 
24.571604 
25.024481 
25.288018 
25.064032 
23.186235 
25.376829 
24.104665 
24.370031 
25.877981 
25.589553 
24.140468 
24.883875 
24.194684 
24.328198 
25.316997 
24.880964 
24.486479 
24.502519 
24.518329 
24.667169 
24.956990 
24.697541 
24.419949 
25.651315 
24.455981 
24.691489 
24.058389 
25.737979 
25.238980 
25.041799 
25.915765 
24.728892 
25.019935 
25.734135 
25.142913 
24.855566 
24.792288 
24.266123 
24.735173 
24.266091 
24.037594 
24.966705 
24.709146 
25.310334 
25.037000 
25.085400 
24.903048 
25.220858 
24.869099 
24.210634 
24.825695 
24.206735 
24.617862 
24.588592 
24.259207 
25.067645 
24.464896 
25.057191 
24.592076 
25.167955 
24.962463 
24.802097 
25.480742 
25.064458 
24.800440 
24.411770 
24.146673 
25.741001 
24.403292 
24.705551 
24.659067 
25.479121 
24.708112 
25.229438 
24.671696 
25.024998 
24.259818 
24.295762 
24.645780 
23.935768 
25.379216 
24.356513 
25.383341 
24.576558 
24.521481 
24.043755 
25.056997 
24.532502 
25.545421 
24.354405 
25.017182 
25.156842 
24.666127 
25.274834 
24.622132 
25.370869 
25.162006 
24.612734 
24.537828 
24.810029 
25.061710 
24.481815 
24.488446 
25.006032 
24.030963 
24.606071 
24.855630 
24.544563 
25.264487 
25.440559 
25.582742 
24.701779 
24.897881 
24.425644 
24.231315 
25.104852 
24.741571 
24.130694 
25.228206 
25.610135 
25.235335 
25.884226 
25.229670 
24.106050 
24.354029 
25.102737 
25.232516 
25.431008 
24.563720 
26.043105 
24.811709 
23.938948 
24.100135 
24.958123 
23.656115 
24.792576 
24.641689 
24.926342 
25.495792 
25.117417 
23.596869 
25.178260 
24.409752 
24.983957 
23.435310 
24.885932 
23.569673 
24.998910 
24.066213 
24.154966 
24.243011 
24.795557 
25.876696 
25.180386 
24.985687 
24.313432 
25.310481 
24.290352 
25.174878 
24.479245 
25.446776 
25.294428 
24.718024 
24.984563 
24.395255 
25.186140 
25.026438 
24.008513 
25.309478 
24.384952 
25.720410 
25.385617 
23.716767 
23.495533 
25.707018 
25.004563 
25.475082 
24.934871 
25.147156 
24.708113 
25.077873 
24.685106 
25.046291 
24.891156 
24.362458 
24.726799 
25.367359 
24.319217 
24.538687 
24.755758 
23.940377 
25.307839 
25.465284 
25.404671 
25.297764 
24.614965 
24.791889 
25.621707 
24.263993 
24.848554 
24.558276 
25.331901 
24.425621 
25.199752 
24.511410 
25.538922 
25.162076 
25.086159 
25.629257 
25.347393 
24.536539 
24.613527 
25.165751 
25.306798 
24.021590 
25.259428 
25.628486 
24.958926 
25.017535 
24.333878 
24.535141 
24.919976 
24.983609 
24.881787 
24.300265 
24.807038 
24.563919 
24.428031 
23.793664 
24.604173 
25.484944 
24.979425 
24.982038 
24.634336 
25.068093 
24.073277 
24.656334 
24.487800 
25.382664 
24.736566 
23.926839 
24.602741 
25.243930 
25.633199 
24.618050 
25.108466 
23.853696 
24.483497 
24.511887 
24.381890 
25.120153 
24.718323 
25.310617 
25.129225 
24.800978 
24.459006 
24.965093 
24.945485 
25.746656 
24.505815 
24.502153 
25.220999 
24.714064 
25.022993 
25.255137 
25.428886 
24.865171 
24.256815 
24.832316 
25.438044 
25.013647 
24.927839 
24.574452 
25.119904 
23.856970 
24.574709 
24.022453 
23.726814 
24.433448 
24.571478 
24.140416 
25.011098 
24.632149 
24.703370 
24.255378 
24.840407 
25.101718 
24.417716 
23.879560 
25.453983 
24.360712 
25.015370 
23.289691 
25.680021 
24.305809 
23.853356 
25.364289 
24.608967 
23.903242 
25.893255 
26.201231 
25.899126 
24.413768 
24.951961 
25.394253 
25.218815 
24.391345 
24.607581 
24.831688 
24.640988 
25.346829 
24.258702 
25.392514 
25.606469 
24.909160 
24.912859 
24.954591 
24.675936 
25.177844 
24.109422 
24.560918 
25.290360 
24.823008 
25.578960 
25.282133 
25.101805 
23.877467 
25.182307 
24.876525 
25.135995 
24.130861 
24.838894 
24.044938 
24.202868 
24.694524 
24.141296 
24.726603 
25.022365 
24.290022 
24.518081 
24.108608 
25.448764 
25.133910 
25.300662 
24.698431 
24.715329 
23.987246 
24.985826 
24.109051 
24.783661 
24.894039 
25.749603 
25.364815 
24.768098 
25.000012 
24.040163 
24.777563 
24.673352 
24.866279 
24.291169 
24.197793 
25.426318 
24.801620 
25.408600 
24.814876 
25.263447 
25.555569 
24.201797 
24.340379 
25.705867 
24.838089 
26.076100 
24.271775 
23.682588 
25.196199 
25.249359 
25.267354 
23.591896 
24.108369 
25.311314 
24.033860 
24.896476 
24.713647 
24.494498 
24.259473 
24.462189 
24.684588 
25.593093 
24.312798 
25.299038 
24.997516 
24.040526 
25.392875 
24.235014 
24.818691 
25.658050 
25.037133 
25.437387 
24.670450 
25.032240 
24.346837 
24.881762 
24.648097 
24.614152 
25.427654 
24.460354 
24.360067 
24.672723 
25.404423 
24.956808 
25.137861 
23.963450 
25.127146 
24.309680 
25.510827 
23.639799 
24.334116 
25.616701 
25.326307 
24.740978 
25.244670 
24.813779 
24.958649 
24.868012 
25.462719 
25.155051 
25.331636 
25.764640 
25.158118 
24.889708 
24.567852 
25.075909 
24.276067 
25.546490 
24.173670 
24.648326 
25.864345 
24.416792 
25.004262 
24.840079 
25.075606 
25.276183 
24.187786 
25.740737 
26.154869 
25.506959 
23.981399 
24.377592 
24.896558 
25.579207 
24.899012 
24.226927 
25.463901 
24.837097 
25.102241 
24.900986 
23.921371 
24.149031 
24.188983 
25.076456 
24.901520 
25.137766 
24.390422 
25.080065 
24.661352 
24.751735 
24.545436 
24.168777 
24.840726 
26.280043 
25.019118 
25.434623 
24.635720 
24.762972 
24.066958 
24.753328 
25.264713 
24.301359 
23.839277 
24.107598 
25.092770 
24.366184 
24.983772 
24.549041 
24.188097 
25.196661 
24.892252 
25.231598 
24.687645 
25.111467 
25.390086 
24.920942 
25.273154 
24.635070 
25.580586 
25.121243 
24.692637 
24.387769 
24.788805 
24.749691 
24.429421 
24.189946 
25.392418 
25.144892 
24.838350 
24.835252 
24.642169 
24.172641 
24.471138 
24.355668 
24.763747 
25.335620 
24.631070 
24.458033 
24.970642 
25.309921 
24.281994 
25.569164 
24.288841 
25.066626 
25.035136 
24.481861 
24.951899 
24.601800 
24.620035 
24.965828 
23.697684 
25.858231 
25.236078 
25.118440 
25.342031 
25.349846 
24.484473 
25.534311 
25.297271 
24.174805 
24.908776 
24.118039 
24.749910 
24.856475 
24.754311 
25.026726 
25.287761 
25.444215 
25.270158 
25.053023 
24.548494 
24.905491 
25.033364 
25.452504 
25.374359 
25.342842 
25.777152 
24.408580 
25.431755 
24.530584 
24.543896 
25.175629 
25.384521 
23.825682 
24.526201 
24.844773 
24.967439 
24.386608 
25.984173 
26.027383 
24.457309 
25.323440 
24.411860 
24.190792 
24.807406 
24.968180 
25.191704 
24.875563 
25.261437 
25.516608 
24.154567 
24.664575 
24.109382 
24.665253 
24.420954 
24.303357 
24.120236 
25.671978 
24.737567 
24.673116 
24.597025 
24.594438 
25.154014 
24.965160 
25.527717 
24.954565 
23.536139 
25.692781 
25.248557 
24.578278 
24.923849 
25.809382 
24.547044 
24.911253 
25.091147 
24.009093 
24.965202 
25.098521 
23.720067 
24.447738 
24.284111 
25.926247 
26.378618 
24.451880 
25.189718 
24.567751 
24.609341 
24.895303 
25.080116 
25.192465 
24.987297 
24.958718 
24.622115 
24.051458 
25.195799 
24.980159 
25.519662 
24.737387 
24.774628 
25.019799 
25.101066 
25.508939 
24.100025 
25.572338 
24.835141 
24.196220 
24.790223 
24.759075 
24.882760 
24.923560 
25.083510 
25.523305 
24.259727 
23.755769 
24.604764 
23.954310 
24.180733 
25.289661 
24.645164 
25.189762 
25.336589 
24.556516 
25.388422 
24.032490 
25.987653 
25.333530 
25.280400 
24.951439 
24.868361 
25.126508 
23.812269 
24.999177 
24.884986 
25.125011 
24.766489 
24.124278 
25.130677 
24.236244 
25.200457 
24.145306 
24.523156 
24.578258 
25.336550 
24.944965 
25.442473 
24.175901 
24.027709 
24.262884 
24.562779 
24.162516 
25.743581 
24.646309 
24.438867 
23.773367 
25.508359 
23.980897 
24.926647 
24.196269 
24.033207 
25.117682 
24.759416 
25.372514 
25.316843 
24.438837 
24.984380 
25.190232 
25.173257 
25.149900 
24.551528 
25.039444 
24.925704 
24.499294 
24.410981 
24.715942 
25.881983 
25.464682 
24.432877 
24.674257 
24.242311 
24.984039 
24.612430 
24.663424 
24.714628 
25.401131 
25.436344 
24.934323 
24.626959 
26.156781 
24.922430 
25.609732 
24.876814 
24.783914 
24.444000 
24.494399 
24.709936 
25.054295 
24.616932 
24.773580 
24.898062 
25.376309 
24.917878 
25.686874 
24.561897 
24.758687 
24.320193 
24.801314 
25.117704 
24.520427 
24.915293 
24.793003 
26.732693 
24.835348 
24.320420 
25.421857 
25.665473 
25.366863 
25.175203 
25.146617 
24.335908 
25.166438 
24.660286 
24.818614 
24.517044 
24.994222 
24.750854 
25.265905 
25.239173 
25.013307 
24.598111 
24.399575 
24.792736 
25.799083 
24.082039 
25.510085 
25.020488 
24.737123 
25.282104 
25.188823 
24.812156 
24.222512 
24.637383 
24.288826 
24.923442 
24.705074 
24.245571 
23.625682 
24.106656 
25.427246 
24.284360 
25.693602 
24.615794 
25.164511 
24.819327 
24.751532 
24.876687 
25.370144 
25.041378 
23.523277 
25.455647 
24.251410 
23.450350 
24.881731 
25.070952 
25.449556 
24.529900 
24.895866 
24.500682 
25.326740 
24.549719 
24.972932 
24.741048 
24.714835 
25.055662 
25.965410 
24.228756 
24.941887 
24.326634 
24.749949 
25.407575 
25.486112 
24.066581 
25.398015 
25.083652 
25.430236 
24.870924 
25.019469 
24.234431 
25.130428 
24.896803 
24.051098 
24.687045 
25.090957 
24.818230 
25.332706 
25.160760 
24.145614 
24.074213 
24.812205 
25.775040 
25.398913 
24.781465 
25.580624 
25.030169 
24.879308 
25.201490 
25.252941 
25.957998 
24.902558 
23.935896 
25.316173 
25.695331 
24.913484 
24.287261 
25.442034 
23.698585 
24.714171 
25.226866 
24.097009 
26.317913 
24.934000 
26.350954 
24.306406 
25.410065 
24.717409 
24.227148 
24.736513 
24.311659 
24.184952 
25.689255 
25.009974 
25.192040 
24.584325 
25.674269 
25.229963 
24.662444 
24.394545 
24.102201 
23.744771 
25.667627 
25.106410 
24.388509 
24.120651 
24.181629 
24.678506 
25.200069 
25.631037 
24.886634 
24.959309 
25.163748 
24.859758 
24.719336 
24.353426 
24.490738 
25.231813 
24.325412 
25.424899 
25.834165 
25.298868 
23.951714 
24.914801 
24.299295 
24.122554 
25.105064 
25.212270 
25.076264 
25.132804 
24.806460 
25.900077 
24.846145 
24.481159 
25.999309 
24.327716 
24.603911 
24.702146 
25.848241 
24.143399 
24.672373 
25.481166 
24.485038 
25.800934 
25.248945 
24.089622 
24.402821 
25.294272 
24.202305 
26.109207 
23.396428 
25.535418 
25.035856 
24.938928 
25.266065 
25.100598 
24.941215 
24.296014 
24.808707 
25.296691 
24.304070 
24.740397 
25.354422 
24.770650 
24.964670 
23.947495 
25.524345 
24.195677 
25.018600 
24.377789 
25.069262 
26.007921 
24.687011 
24.032490 
25.658412 
24.876687 
25.604874 
24.145398 
24.771583 
26.108284 
23.686043 
24.361609 
25.180837 
23.681535 
24.857400 
24.692136 
25.016374 
24.197849 
25.810222 
24.949271 
24.759242 
25.082664 
24.453815 
23.775813 
25.186202 
23.974098 
24.777038 
23.756815 
24.772729 
24.794799 
24.951091 
25.572615 
23.626717 
24.174901 
25.241601 
24.603351 
24.705207 
24.334789 
23.857655 
24.265763 
24.728415 
25.067738 
25.504689 
24.985315 
24.714033 
24.997152 
25.173533 
24.358457 
25.139468 
26.519859 
24.569252 
25.646920 
25.593286 
24.605219 
24.169637 
25.236624 
24.696840 
25.357432 
24.200110 
24.713520 
25.178616 
23.660273 
24.879491 
24.250847 
24.383156 
25.099790 
24.955106 
25.024448 
24.397594 
25.188969 
25.592056 
23.547063 
25.194411 
24.937591 
24.317448 
24.874070 
25.241742 
24.503350 
25.011486 
25.435382 
24.487272 
24.105562 
24.780251 
24.376468 
24.712777 
24.404642 
24.458188 
25.886985 
24.035541 
24.508346 
25.375572 
25.530031 
25.252904 
24.947822 
25.118978 
24.841136 
24.331981 
25.356804 
24.628700 
24.159937 
25.866014 
24.071531 
25.233287 
26.267999 
24.738516 
24.913343 
24.640012 
25.662613 
24.974552 
24.517776 
24.936540 
24.856871 
26.467847 
24.528104 
25.714685 
25.247851 
25.218813 
24.978320 
25.206337 
25.408094 
24.424042 
23.899517 
23.979752 
24.742212 
24.761572 
25.445970 
24.216454 
25.379564 
25.275228 
24.669688 
25.800371 
24.461105 
24.766897 
25.200740 
25.563989 
24.562911 
24.464092 
25.008404 
25.399655 
25.370931 
24.332304 
24.156291 
24.868726 
24.044693 
25.689024 
25.701950 
24.802022 
25.307823 
25.842969 
24.787138 
24.724174 
24.693516 
24.289880 
24.715273 
25.520248 
24.805431 
24.810991 
24.829931 
25.147660 
24.643334 
24.249373 
25.022115 
25.020400 
25.221784 
25.576061 
25.307835 
24.233351 
24.555982 
25.154778 
24.973860 
25.334773 
24.569632 
24.944318 
25.577552 
24.842809 
24.593156 
24.377327 
24.768963 
25.777731 
24.593347 
24.822701 
24.187504 
25.213221 
23.684999 
24.940327 
24.685424 
24.427443 
24.608744 
24.422371 
24.618737 
24.247353 
24.711712 
24.470118 
24.427394 
24.169088 
25.509607 
24.935529 
24.795913 
24.364459 
23.326858 
24.163129 
24.377213 
24.697524 
25.415427 
24.238351 
24.222471 
25.465955 
25.161255 
25.485123 
24.355097 
25.691979 
25.242957 
24.828006 
24.030248 
25.560558 
24.704384 
25.528782 
24.489617 
24.611630 
24.181479 
25.896220 
24.825359 
24.773158 
24.160496 
23.841630 
