82.478933 
86.635171 
83.180364 
84.632899 
83.171571 
84.839020 
84.064553 
90.625544 
84.591134 
87.907033 
85.456656 
89.609467 
87.203460 
87.013209 
80.770088 
86.378593 
85.909113 
83.646700 
84.847690 
84.758349 
83.870955 
81.433295 
86.853209 
83.407365 
84.056799 
85.766777 
85.244450 
91.916965 
84.639651 
80.914113 
78.315742 
82.669151 
84.279716 
77.113840 
91.871270 
83.898208 
88.001202 
85.346738 
88.413910 
87.312441 
83.912281 
81.699934 
91.456867 
86.598692 
84.206614 
92.476577 
92.032186 
84.271877 
89.449696 
87.375112 
86.542841 
86.179861 
88.219040 
82.049978 
79.677677 
86.627824 
86.724531 
91.855220 
87.528864 
88.248042 
85.478128 
88.260420 
89.653876 
82.696571 
85.307548 
87.897953 
84.968587 
85.378347 
87.764151 
83.983339 
89.706592 
86.220928 
86.371913 
86.015472 
80.286653 
83.871802 
88.022952 
81.855536 
85.841301 
84.797506 
85.733353 
88.433245 
90.588586 
84.892809 
85.650409 
86.524333 
81.810614 
90.898213 
91.221933 
86.843810 
85.861275 
85.532673 
90.875830 
88.089104 
85.381254 
88.138034 
89.392706 
88.959873 
95.516491 
86.120597 
87.630189 
91.257683 
88.071095 
83.843701 
84.788916 
85.334907 
85.528334 
86.395691 
89.246215 
81.640659 
85.283734 
88.751078 
82.253104 
87.871213 
90.291931 
86.764064 
82.748816 
85.248507 
84.092173 
85.073427 
88.363688 
82.415312 
83.713990 
85.336536 
85.289360 
85.027727 
82.355295 
87.722582 
82.986936 
87.929099 
85.966679 
82.946421 
89.030952 
83.779190 
79.422915 
81.141461 
88.063848 
84.059691 
90.732928 
85.415479 
86.316632 
82.617842 
84.368287 
87.737430 
87.714493 
81.667824 
91.581945 
92.017124 
81.074456 
82.123236 
86.025805 
86.887965 
78.940389 
79.831715 
87.474479 
81.725625 
85.353531 
89.771897 
89.144738 
84.139524 
83.609887 
84.811400 
83.989314 
85.360686 
90.056555 
84.366055 
87.003838 
87.436259 
86.142344 
89.280714 
87.558063 
89.350655 
89.378501 
86.385820 
89.812781 
86.995099 
85.994185 
89.025990 
88.578056 
87.983271 
88.432015 
83.619963 
89.598720 
87.784840 
87.407862 
83.608255 
85.592890 
87.593208 
87.315143 
80.365882 
87.676404 
78.487435 
88.809047 
85.036009 
87.724557 
87.064177 
84.878080 
83.341643 
88.006703 
88.334367 
82.401572 
84.865270 
85.439251 
83.019705 
85.454152 
84.314659 
87.001550 
80.823808 
85.704282 
90.442577 
86.681103 
87.913438 
88.112749 
81.018865 
87.819791 
81.547433 
88.235911 
90.962293 
88.828199 
83.663734 
84.967051 
83.525637 
90.480345 
78.706687 
85.827632 
81.739058 
89.008641 
85.349760 
84.255230 
81.611321 
84.921900 
81.613021 
82.812156 
85.450399 
83.518866 
89.763296 
93.904304 
84.120891 
81.487051 
84.979139 
90.178039 
89.309394 
88.427876 
86.315371 
89.476421 
88.224420 
89.905682 
88.411456 
86.468469 
83.937318 
90.319958 
87.095257 
84.396065 
89.034795 
86.786936 
85.785134 
88.129978 
79.805287 
86.012891 
79.344854 
87.113361 
88.057934 
79.460786 
86.043780 
91.225791 
81.767510 
82.002028 
86.349963 
89.219428 
78.375633 
85.081950 
89.329008 
90.188457 
89.801388 
86.548019 
84.946921 
91.739875 
82.102858 
85.764519 
86.850096 
83.292170 
87.783526 
84.230577 
85.221651 
92.615495 
82.228973 
85.713278 
86.813082 
84.041539 
91.248183 
84.989096 
85.346835 
84.302072 
86.023583 
81.736343 
83.534309 
82.878967 
90.860958 
90.421636 
85.838007 
85.231553 
89.385338 
91.597522 
89.716622 
85.433627 
84.246048 
85.059167 
79.543761 
84.768525 
86.214054 
90.375403 
85.479909 
82.947343 
88.320313 
81.754562 
87.097764 
86.205333 
80.078366 
85.256691 
89.181870 
86.927029 
84.458093 
86.133641 
90.758236 
89.658001 
88.073566 
84.516826 
81.041143 
85.699707 
87.638861 
86.143476 
85.199467 
82.826816 
83.871771 
83.788850 
82.400179 
88.704999 
84.478869 
85.172534 
88.347718 
85.034848 
82.854510 
88.866780 
87.483798 
94.043404 
92.490112 
87.635135 
86.550646 
84.947169 
82.790139 
86.782873 
80.651716 
89.364091 
85.751148 
85.446042 
88.305402 
90.303239 
83.206662 
87.753933 
84.091752 
85.245758 
86.216526 
87.675109 
81.387959 
85.903477 
85.561760 
83.485996 
80.802961 
86.414334 
85.958659 
84.818818 
86.735447 
88.129111 
88.236205 
83.924199 
81.944312 
83.374449 
85.323356 
87.629336 
85.404441 
84.403973 
87.593988 
87.248877 
83.410295 
86.353516 
88.796691 
86.606037 
86.879097 
86.030536 
90.055297 
83.912773 
86.586751 
89.536026 
86.343387 
91.723104 
84.092874 
87.151942 
85.201262 
80.130872 
88.224210 
89.266438 
81.218143 
86.237958 
86.660534 
84.448671 
89.961491 
89.264315 
82.485193 
82.881727 
85.594847 
90.709246 
84.985773 
84.208694 
86.789526 
87.025342 
87.586936 
84.031504 
83.739431 
87.320980 
89.756008 
83.141061 
89.250395 
83.542421 
89.345821 
87.899471 
84.214918 
87.116341 
88.673163 
85.746187 
86.568221 
81.711270 
85.174390 
88.085460 
82.438008 
87.571746 
86.439378 
88.306029 
85.304965 
88.241933 
86.652479 
84.870902 
89.670001 
83.632144 
90.170983 
81.016953 
84.315120 
85.716368 
84.941531 
83.755364 
86.581342 
87.091453 
92.651099 
85.843668 
88.314301 
85.647648 
89.323234 
90.155515 
88.198826 
82.075971 
83.503000 
84.545741 
88.970462 
90.666092 
85.943092 
90.014101 
82.633515 
83.777578 
83.837632 
78.721286 
85.892237 
84.976285 
88.889390 
85.398739 
93.355233 
87.962761 
88.194348 
85.672197 
86.695283 
87.327615 
86.728304 
87.653580 
87.360189 
86.304009 
86.617108 
86.011776 
88.836336 
83.629699 
91.099419 
88.619926 
84.081616 
89.835272 
79.794664 
86.015841 
89.113235 
84.682278 
82.141952 
83.491540 
82.680845 
88.395379 
85.422233 
84.124910 
86.526310 
81.383248 
86.951432 
80.449213 
82.255611 
80.050075 
85.835006 
91.363340 
90.361669 
94.629939 
86.041238 
86.734223 
91.935770 
85.636526 
82.144734 
92.406531 
83.813934 
88.978439 
85.337544 
87.043064 
85.410944 
85.393459 
84.714119 
91.887906 
83.789736 
84.808743 
89.899095 
86.648351 
86.947074 
84.455756 
84.180262 
86.084898 
89.317037 
84.818729 
85.181208 
86.521784 
83.994993 
89.727865 
85.637456 
85.971566 
88.476648 
85.712118 
83.106956 
82.175985 
79.885022 
86.091089 
91.121723 
85.168296 
85.941183 
83.672934 
80.434403 
87.963035 
86.288983 
86.767510 
84.305208 
84.933885 
90.863118 
88.064079 
85.390731 
85.728267 
84.273645 
87.210247 
89.314064 
83.631435 
89.251512 
86.585285 
83.826913 
86.051087 
85.481371 
83.693221 
80.207343 
90.884301 
89.341182 
83.816245 
88.959854 
84.329766 
83.283089 
87.901876 
87.852109 
89.222001 
83.218753 
87.791311 
85.216882 
82.386589 
85.728131 
87.204742 
84.410074 
84.568726 
87.282987 
80.450484 
89.358787 
87.468853 
89.189985 
86.426646 
92.814742 
90.690569 
89.382329 
83.685458 
88.830008 
89.550264 
86.005190 
87.643336 
85.929757 
78.265966 
83.829389 
91.018637 
94.556346 
88.817586 
85.881325 
85.847081 
80.114740 
84.067954 
91.870221 
85.548781 
84.029712 
79.940438 
89.151729 
91.131619 
84.984494 
89.402210 
89.307427 
83.697209 
83.029735 
84.692869 
85.524062 
87.327805 
87.174899 
79.435631 
83.246082 
90.395076 
83.051347 
90.442559 
87.342855 
82.858920 
83.198300 
92.374463 
85.893119 
87.930645 
87.787754 
88.568892 
87.216936 
82.641923 
85.407630 
87.739345 
89.664569 
85.517956 
84.645194 
82.887826 
89.786292 
89.441234 
85.117536 
86.338325 
90.859870 
78.863547 
87.209818 
84.060637 
85.513468 
87.532938 
84.125791 
89.124303 
86.185638 
86.799691 
83.250427 
83.519415 
87.181902 
84.294577 
84.915758 
80.574376 
85.896578 
84.640274 
85.828147 
88.112012 
87.022882 
83.614013 
84.282899 
85.161301 
88.198218 
85.720636 
87.056757 
84.096048 
84.632638 
85.488816 
82.898881 
79.708719 
87.340819 
85.519744 
88.519712 
86.988728 
86.239221 
88.859625 
87.588670 
89.870073 
87.996944 
82.348821 
85.175445 
84.760766 
92.064435 
86.743242 
90.408714 
83.945431 
86.702040 
83.644336 
86.382563 
85.840888 
90.631868 
82.893393 
86.959087 
83.088794 
82.473422 
86.080712 
84.151147 
83.065642 
86.402564 
85.042999 
85.056796 
96.945237 
80.845739 
84.260437 
89.126728 
85.744566 
85.579788 
81.502966 
79.122152 
89.291887 
83.691389 
86.336596 
85.486173 
87.974357 
83.784408 
86.281769 
83.836092 
87.510123 
88.479959 
88.797750 
84.458880 
85.576101 
82.350285 
85.855970 
79.397629 
84.588383 
87.212497 
89.695144 
79.904575 
84.416789 
90.582622 
83.521061 
84.455680 
89.375059 
82.029293 
86.196983 
87.938390 
82.204933 
90.020778 
82.621380 
83.060918 
85.063354 
88.007942 
84.055248 
83.456172 
83.739792 
86.365576 
86.528188 
84.300412 
86.513406 
87.332082 
84.867953 
81.613274 
83.191676 
87.589657 
88.797291 
84.722652 
82.835760 
91.586158 
93.779486 
83.202391 
83.512555 
82.244889 
87.503258 
88.456204 
83.637776 
85.105746 
83.668988 
84.360284 
85.195628 
84.740022 
89.894315 
88.021526 
84.201193 
89.251192 
86.748925 
87.525695 
88.327589 
82.786945 
84.692131 
87.824467 
86.831569 
85.384995 
89.775375 
88.979400 
84.990788 
87.564314 
90.043926 
83.788743 
87.413120 
86.719942 
87.391057 
83.991156 
89.685932 
88.971906 
85.816889 
77.209354 
90.445731 
92.893976 
84.311516 
87.746542 
90.555839 
87.208952 
80.078526 
83.403966 
83.287398 
86.056713 
88.793746 
89.140488 
80.985500 
80.290493 
87.910833 
90.339333 
88.191414 
85.940011 
92.891420 
88.541951 
85.388837 
87.126087 
83.072494 
84.581759 
89.125625 
88.865469 
83.602887 
88.792902 
84.694180 
87.780335 
89.098558 
83.689131 
85.657255 
86.098065 
83.850227 
82.703818 
84.833676 
82.727865 
87.758434 
88.574203 
90.803300 
86.489919 
86.763621 
86.555053 
88.819473 
81.381418 
78.196243 
82.256110 
82.790556 
92.030301 
86.231946 
90.711103 
88.655158 
94.600328 
88.192933 
85.411416 
91.821004 
83.215215 
85.977098 
86.427032 
83.537716 
88.424152 
84.159480 
93.496518 
82.530747 
89.938883 
85.899259 
85.642253 
84.971735 
83.254850 
85.488999 
88.777780 
83.760315 
85.462849 
86.662712 
91.115392 
85.493551 
86.483650 
89.108565 
85.700343 
81.986519 
83.452739 
85.848845 
81.022669 
84.886158 
87.959812 
86.355755 
84.116039 
89.855808 
91.498536 
88.004673 
81.798452 
86.660549 
86.731320 
86.693425 
86.379005 
84.636462 
80.353613 
90.958370 
81.120859 
82.854927 
84.098150 
87.855403 
89.260582 
85.701761 
90.249562 
96.049495 
85.842617 
85.114188 
88.352417 
87.186964 
82.597346 
83.384772 
86.344694 
84.149742 
88.382635 
90.486441 
92.078671 
85.926095 
85.619808 
91.890057 
87.425830 
87.167700 
78.311006 
82.888853 
90.680813 
85.623792 
87.078152 
85.203431 
90.483211 
83.227266 
93.911186 
89.965300 
85.411541 
85.396199 
88.235227 
85.841265 
84.417421 
84.403669 
91.495888 
90.274825 
85.718548 
84.584636 
86.616444 
86.123257 
88.062319 
85.860927 
87.543954 
85.986645 
85.751522 
85.206848 
83.995367 
87.461792 
87.552843 
85.968644 
82.443470 
82.177178 
82.750631 
90.077867 
85.092801 
84.338896 
84.091459 
82.239813 
85.621908 
87.683148 
89.269005 
88.270084 
92.549084 
87.443996 
91.435135 
81.819794 
84.101404 
85.566559 
90.252261 
85.125059 
90.724269 
90.077874 
84.120437 
86.871124 
85.853685 
81.453854 
83.571866 
85.615901 
84.914010 
89.556186 
85.701261 
85.973043 
85.304294 
84.793554 
90.611648 
89.003598 
93.835138 
87.436434 
87.294116 
82.793266 
86.181919 
85.094871 
84.351000 
85.379517 
93.759423 
83.770820 
88.474058 
91.439672 
92.703613 
86.576256 
86.382762 
80.960521 
91.837181 
88.562382 
84.638722 
83.913748 
88.296119 
86.517428 
82.485440 
83.741214 
84.339432 
83.961277 
82.659765 
83.428826 
85.391473 
81.440017 
89.898210 
88.062640 
86.112844 
89.216295 
91.267240 
80.197766 
88.343918 
86.196913 
86.007569 
88.189737 
87.321161 
83.758683 
83.470520 
94.841912 
85.449319 
83.991997 
85.724284 
85.171270 
92.898573 
89.824253 
85.922630 
82.436559 
86.721078 
89.113637 
84.542920 
89.748517 
85.884965 
90.566426 
84.629815 
90.658806 
84.144227 
83.561955 
86.049891 
85.971269 
85.142212 
84.268501 
87.753236 
89.970974 
89.272035 
82.654128 
79.373400 
83.204303 
86.569501 
89.609275 
88.118047 
87.706111 
85.994290 
90.683474 
91.334825 
86.993619 
82.233379 
82.914392 
83.942387 
86.200621 
86.805878 
84.491170 
90.148074 
80.576147 
86.576110 
84.660493 
87.683264 
86.131380 
81.669211 
87.886336 
85.307754 
88.197892 
89.723122 
90.350925 
86.581530 
85.944726 
82.020531 
83.687788 
86.227955 
84.796277 
84.316521 
85.760593 
85.750404 
84.840461 
84.347577 
85.605347 
86.855409 
86.228814 
85.252085 
87.319398 
85.090612 
88.003648 
85.329730 
83.203805 
92.121016 
79.886527 
89.620280 
88.784802 
85.865422 
83.379294 
81.776631 
84.604624 
81.282636 
84.096544 
89.044177 
89.637638 
91.738683 
88.646345 
84.378128 
86.156459 
87.311103 
87.225935 
84.187460 
78.372065 
84.877835 
87.988126 
85.583929 
84.773400 
88.166127 
82.877299 
84.023421 
85.288610 
84.784420 
84.185601 
91.910495 
80.606881 
86.264063 
85.503068 
90.706003 
89.549206 
87.108218 
82.003224 
84.894277 
87.746929 
87.585247 
83.408554 
88.530063 
88.127624 
80.823486 
83.160316 
87.569890 
89.735546 
93.603463 
91.454794 
83.086969 
84.130079 
87.565131 
85.763609 
85.734512 
83.214936 
80.745667 
83.480078 
91.657900 
89.602103 
83.158703 
85.511953 
84.637504 
83.723595 
85.388730 
86.875968 
84.780568 
90.400549 
91.176451 
83.499555 
86.049351 
89.294090 
81.385023 
88.123976 
87.836808 
84.788895 
84.568507 
89.145109 
82.361126 
81.272647 
87.003151 
85.293508 
84.360709 
88.499112 
82.527719 
86.202354 
87.516645 
86.749887 
85.685415 
85.613604 
90.577141 
89.814247 
87.240096 
82.300300 
92.267490 
86.144677 
85.808542 
84.674764 
85.819418 
86.279215 
85.986243 
90.985525 
83.052761 
82.231254 
85.743297 
84.630301 
82.491647 
90.159168 
88.353344 
85.865931 
91.523275 
83.200044 
78.497481 
86.702982 
86.740176 
81.341247 
89.274598 
86.750047 
83.442202 
84.011200 
88.524514 
85.092196 
92.528558 
87.560797 
88.401012 
90.038078 
89.578657 
89.198156 
85.089978 
88.676690 
90.519939 
85.486440 
86.131532 
88.105575 
85.034015 
90.549930 
89.404120 
88.874345 
87.815085 
77.448237 
87.343693 
85.157602 
89.590177 
89.247516 
84.782367 
88.804028 
89.556690 
89.035784 
86.024534 
83.566373 
85.829462 
80.997857 
88.748727 
84.159338 
81.118038 
82.428573 
83.665187 
80.051491 
87.646518 
86.283284 
85.341692 
90.975328 
89.890748 
88.874057 
89.645587 
89.661998 
87.776827 
90.049523 
84.543906 
87.178377 
89.393027 
85.751319 
92.647197 
86.953236 
85.609407 
79.997320 
86.696205 
83.576186 
86.889567 
86.060884 
82.665550 
87.164544 
86.343488 
86.406037 
92.509984 
90.396618 
87.617161 
89.200730 
86.051451 
89.737328 
80.669955 
89.140935 
85.464127 
83.676103 
85.281544 
82.728406 
87.608271 
86.704185 
85.506582 
87.402442 
82.593189 
82.705156 
90.279999 
87.518824 
88.117142 
89.102264 
81.691440 
89.382863 
89.042936 
87.154863 
83.906278 
87.246754 
82.173575 
84.687899 
85.781954 
87.695995 
83.704888 
82.286931 
84.783309 
87.254662 
90.234285 
86.702087 
86.853086 
81.962624 
86.739414 
91.487904 
86.802769 
86.402234 
88.937748 
89.591715 
95.031889 
87.543438 
85.362644 
84.461678 
86.281182 
85.499019 
86.615584 
88.179805 
83.153179 
85.514892 
87.202788 
86.349466 
88.653367 
86.391550 
89.603218 
86.621143 
86.378087 
86.806342 
88.304107 
83.467571 
92.461261 
86.558494 
90.386587 
85.387079 
83.963459 
88.240684 
82.522565 
83.713970 
84.565953 
85.400580 
83.102681 
85.582587 
83.413414 
89.156601 
84.960519 
88.756775 
88.973443 
84.538678 
85.315437 
84.747830 
86.090033 
90.481583 
85.320719 
86.260852 
90.266547 
89.129710 
85.478848 
86.465308 
86.174496 
85.472435 
84.986487 
85.356569 
89.101742 
89.200045 
88.265004 
83.518422 
86.729903 
88.995806 
84.141591 
85.907289 
90.137714 
87.829058 
83.108695 
82.628258 
85.426058 
87.745717 
82.175953 
90.535249 
84.431657 
87.553568 
87.294218 
87.253837 
94.903734 
89.771375 
86.125922 
81.268417 
80.363220 
86.496212 
83.002666 
87.552771 
82.255185 
85.316022 
90.181227 
87.149992 
88.101456 
86.053160 
86.267175 
78.979950 
90.550829 
86.773132 
92.942571 
87.836681 
85.258414 
75.999550 
86.313767 
82.323585 
89.804502 
84.225492 
84.612608 
86.442138 
88.535378 
87.425590 
84.847917 
83.130194 
80.874596 
85.584820 
82.612113 
86.739230 
81.014300 
87.275409 
90.635903 
83.498666 
80.989946 
88.779784 
84.953459 
89.121076 
86.121226 
90.573327 
90.225051 
85.648455 
92.889962 
90.380384 
82.003308 
88.283053 
86.136414 
88.020999 
88.658426 
85.008195 
89.340350 
90.519186 
79.034925 
87.200499 
84.571571 
94.574358 
90.811291 
82.126012 
93.727014 
89.408643 
87.351555 
83.664121 
85.328712 
85.084843 
89.548319 
87.756322 
89.665731 
77.704172 
90.607303 
87.445786 
84.919435 
86.522646 
84.802783 
83.265657 
88.916069 
88.986523 
86.167291 
91.054174 
91.146104 
81.551855 
87.874913 
82.014862 
87.605012 
89.190259 
88.136666 
85.106488 
85.852349 
84.072308 
88.038736 
91.251040 
87.012524 
85.944067 
93.497835 
85.363091 
88.662321 
84.123761 
85.722765 
88.241467 
89.454520 
87.627876 
90.293724 
88.271721 
89.804795 
86.711975 
83.883485 
83.079302 
90.591052 
91.267026 
91.308897 
84.118845 
80.517691 
89.391907 
91.241144 
85.082059 
79.986135 
88.940346 
84.700805 
83.983671 
84.630813 
84.357097 
83.428121 
83.935877 
90.945326 
87.363130 
86.918440 
94.051743 
84.859518 
85.395196 
84.663431 
84.760760 
83.123676 
85.511555 
87.087094 
82.564159 
90.164564 
88.851515 
84.189145 
82.770570 
86.213247 
85.800649 
89.336238 
87.321825 
87.717758 
84.819812 
86.212431 
85.502746 
84.394219 
90.097437 
89.023776 
82.646295 
87.260131 
85.770391 
96.168980 
88.849265 
81.564663 
85.918096 
84.045924 
89.478030 
87.038149 
90.512269 
83.218324 
83.370925 
86.031908 
86.831502 
85.385160 
90.574314 
83.738715 
86.304802 
85.630943 
86.338095 
87.783485 
88.537120 
81.812201 
81.230271 
88.107648 
86.066309 
85.917854 
83.524250 
87.190574 
91.185241 
85.596590 
88.691643 
91.698820 
86.891193 
86.833578 
87.885495 
88.232302 
88.147361 
90.008269 
88.947917 
89.572003 
93.743430 
84.046489 
87.483129 
88.527397 
89.659914 
88.601406 
90.422438 
87.919839 
86.431640 
85.275927 
85.251429 
82.596570 
84.454983 
84.982192 
84.313655 
82.919364 
89.600790 
85.349485 
84.356433 
85.458946 
86.503498 
92.027167 
89.223938 
87.629540 
84.853856 
90.559662 
84.123075 
88.127016 
82.872691 
82.405970 
85.586268 
88.076183 
85.185473 
87.273596 
85.708462 
90.371225 
85.800983 
89.572518 
89.797007 
86.861874 
87.515010 
87.431967 
88.921601 
86.594829 
85.499229 
87.214949 
87.384537 
88.613547 
87.745725 
86.696230 
82.065789 
85.216391 
84.478893 
85.041899 
82.413005 
83.657245 
87.017549 
94.443535 
90.766754 
81.907206 
86.656347 
90.099694 
80.960219 
87.460490 
91.600274 
88.888287 
88.439292 
89.371670 
86.116195 
81.596444 
88.609756 
83.336175 
85.638944 
81.238516 
88.055469 
84.119124 
82.236707 
85.306954 
86.656041 
86.536767 
87.003985 
89.365373 
86.155978 
86.291591 
88.136501 
82.590764 
90.619871 
85.320982 
89.192326 
85.491165 
86.953905 
86.106498 
87.147805 
89.887217 
84.249665 
82.881664 
89.133736 
88.232172 
88.435601 
87.022672 
88.905489 
81.498189 
85.994437 
85.327004 
87.901465 
90.197095 
88.025782 
91.681683 
87.890061 
89.253395 
82.119578 
80.152690 
83.383195 
86.026268 
82.185378 
83.944720 
81.549998 
81.866035 
85.920553 
85.289602 
83.269723 
84.362781 
91.519906 
90.971216 
89.885679 
87.144019 
81.182271 
80.278935 
84.473226 
88.722087 
89.699500 
86.458167 
90.209777 
85.663086 
93.099170 
90.023757 
84.466674 
88.102818 
92.693010 
88.958301 
83.539533 
86.934942 
86.087038 
87.652888 
89.647798 
92.034355 
84.609014 
86.106669 
82.868017 
84.525198 
83.970517 
93.131052 
82.651335 
86.280158 
89.457196 
90.327719 
87.903946 
87.144319 
89.146689 
81.718502 
84.032072 
86.851433 
88.587079 
90.353630 
83.790841 
86.309474 
84.202344 
89.817270 
82.827544 
88.407397 
87.573146 
89.190490 
86.645583 
86.990934 
91.195204 
84.137502 
84.210052 
86.230970 
87.394127 
81.092135 
90.632154 
88.141745 
86.668394 
83.588340 
83.389251 
88.214338 
87.907547 
90.189834 
83.614696 
86.874826 
86.663511 
81.541314 
83.727914 
80.943227 
89.331577 
89.421297 
83.690169 
86.168548 
82.908320 
81.000980 
89.062985 
84.371162 
90.409456 
85.467500 
84.821970 
93.886106 
86.755200 
80.522993 
85.959338 
83.919181 
85.822373 
84.409248 
83.484634 
90.446828 
83.244450 
87.242545 
85.943068 
88.029814 
87.016194 
85.305250 
86.485279 
89.176016 
91.450943 
85.941403 
87.777990 
86.060218 
84.606584 
84.422724 
86.655418 
86.647048 
83.738751 
88.132142 
84.908128 
90.471318 
81.463882 
82.078447 
83.910931 
85.870688 
96.534002 
86.295375 
86.419267 
86.166587 
80.596691 
85.132721 
86.720443 
81.130760 
88.736375 
88.444363 
87.548716 
91.026626 
87.574284 
84.478664 
89.614968 
81.427409 
81.721235 
83.042179 
84.373463 
89.856063 
86.849031 
86.989400 
85.253660 
87.964860 
79.809393 
88.920201 
77.702584 
93.403606 
83.235471 
78.867791 
88.736473 
81.244737 
86.603875 
86.593304 
88.975765 
86.664379 
84.250739 
90.288365 
79.532170 
85.621940 
86.594925 
91.253147 
81.759710 
86.318829 
85.251129 
84.838035 
84.446876 
80.744149 
86.965302 
82.359024 
87.685510 
89.165364 
85.883802 
84.291882 
84.687173 
90.868243 
87.935250 
87.727705 
87.209321 
89.270132 
85.803025 
84.586925 
89.184925 
80.991437 
83.095760 
86.464452 
92.469539 
87.282785 
85.705505 
86.960300 
87.773153 
87.711536 
82.558927 
89.123505 
83.001021 
89.979968 
86.727946 
86.481920 
88.063496 
84.693217 
87.487051 
90.583741 
88.814178 
87.306259 
86.914367 
83.375248 
84.964596 
87.559965 
86.609121 
86.592482 
85.302683 
90.964185 
86.124761 
83.025626 
87.088144 
84.162177 
87.295815 
85.719064 
89.765216 
81.938745 
90.407840 
84.545247 
84.875993 
86.321367 
86.211292 
87.759218 
87.530665 
87.768682 
83.375309 
83.582343 
92.513156 
80.852273 
85.538102 
87.051486 
84.264180 
84.257752 
84.035898 
84.650005 
82.086501 
87.532637 
92.297398 
84.768580 
80.660157 
86.398543 
88.425744 
87.500046 
83.359507 
85.054542 
83.740078 
82.809204 
82.618063 
86.586929 
85.775453 
85.883229 
87.706362 
86.590329 
84.074024 
80.537293 
90.896168 
86.795232 
82.249010 
86.155168 
86.641103 
82.533390 
90.309889 
87.024873 
82.088795 
86.620802 
86.185019 
87.459822 
90.184027 
89.271761 
86.066802 
82.393394 
85.092966 
89.169823 
83.598223 
86.552749 
86.586714 
84.002476 
87.076887 
88.841179 
83.745302 
85.759802 
89.661984 
85.063555 
89.794182 
84.021051 
86.666995 
85.832664 
82.949965 
84.271631 
87.161765 
91.126790 
80.909537 
82.112420 
82.767752 
84.472513 
90.840536 
94.179057 
90.435246 
85.936842 
88.403318 
88.521260 
88.720811 
92.136697 
86.097110 
81.699022 
81.609913 
83.119505 
90.540857 
85.690078 
86.899574 
86.441118 
85.055682 
82.791653 
83.885395 
88.423380 
85.901998 
85.026579 
87.577258 
87.162856 
81.950787 
87.540771 
88.444922 
85.032765 
87.297561 
87.307525 
84.443162 
83.684312 
90.083731 
86.046619 
84.143000 
88.121714 
89.797401 
82.130137 
85.306861 
79.963523 
87.473841 
89.170336 
88.615450 
84.372871 
84.329378 
84.263827 
83.144986 
88.976350 
86.476735 
90.395544 
86.028392 
84.928059 
87.621839 
85.716933 
85.799107 
88.846545 
84.607459 
89.046778 
87.396393 
85.632429 
84.006290 
86.754881 
81.018990 
82.623349 
87.060204 
83.593881 
87.457325 
82.457527 
80.548745 
90.371312 
86.457112 
91.264045 
85.393281 
83.182844 
86.336353 
87.661166 
86.516920 
85.269742 
83.627685 
82.207956 
83.710900 
82.975693 
78.904311 
90.269790 
85.001869 
88.002250 
87.668929 
88.755809 
88.751753 
89.309161 
90.773505 
80.922819 
85.010172 
90.246851 
85.502468 
88.226009 
87.821134 
83.824678 
80.605635 
83.321514 
87.682164 
87.004107 
92.825036 
91.642338 
90.185632 
81.588262 
91.449507 
85.119855 
85.828135 
86.144562 
84.716786 
81.687901 
83.164280 
87.932760 
88.756522 
84.121817 
83.484263 
86.555812 
86.184461 
89.943549 
89.612187 
86.069655 
90.854322 
87.916194 
83.423818 
86.706682 
83.122297 
88.253785 
84.600798 
87.200713 
84.758707 
85.171469 
84.763115 
82.705388 
81.739230 
86.289380 
85.102468 
82.211105 
88.409355 
91.071487 
85.121242 
84.641055 
87.058544 
86.372470 
88.723814 
87.539078 
82.511285 
89.791366 
84.417863 
85.294036 
87.628130 
85.725705 
84.555176 
84.068208 
86.393399 
89.320395 
89.344356 
87.413642 
88.841720 
83.717022 
86.607372 
87.930903 
86.509611 
89.177171 
87.978800 
85.208529 
86.417749 
88.970055 
87.822785 
88.311303 
86.355571 
86.621505 
81.993024 
88.830454 
86.842528 
79.647824 
87.346653 
90.410609 
86.622791 
88.425770 
82.815859 
84.074615 
82.998364 
87.054188 
85.828441 
90.209478 
86.136929 
88.231723 
84.347313 
94.133459 
87.102864 
89.249596 
86.497769 
85.593202 
88.967629 
81.371497 
88.577433 
78.510503 
84.379043 
83.316840 
83.785094 
83.672535 
82.183438 
84.960996 
82.012536 
91.941215 
84.804217 
82.909567 
88.178006 
89.599389 
87.205110 
90.527354 
82.687328 
88.300411 
84.251173 
85.728011 
84.579520 
88.542842 
85.137360 
81.341762 
86.694536 
86.306189 
86.415624 
87.269631 
84.217420 
83.711867 
91.431951 
84.167885 
87.679248 
85.559687 
86.112212 
92.336497 
85.518380 
91.829737 
88.180041 
86.971109 
85.324260 
85.216231 
84.359638 
88.101870 
81.564366 
84.571996 
79.529219 
86.290376 
86.544624 
82.265193 
84.289135 
84.867058 
82.637731 
87.769510 
86.351462 
91.483221 
87.330654 
88.732021 
87.515312 
88.714276 
87.472058 
90.873791 
88.563872 
88.582005 
85.465327 
86.836997 
83.216718 
82.709972 
90.011160 
84.366644 
85.474601 
80.111621 
87.668725 
89.619399 
85.260276 
85.991439 
87.083638 
86.986860 
80.275111 
89.882838 
85.689623 
88.868277 
91.075879 
84.618805 
86.458685 
91.087349 
86.532800 
83.996666 
85.790411 
85.583470 
88.567062 
90.507492 
86.607106 
87.912815 
88.679214 
86.913969 
89.342401 
85.671023 
85.603426 
86.289821 
88.490385 
87.568543 
89.732584 
81.772773 
84.864669 
85.640678 
87.779693 
83.576084 
86.020931 
88.648481 
93.863044 
85.725190 
87.408499 
86.408331 
81.281260 
90.753437 
91.598650 
87.712823 
88.520684 
92.659163 
84.951812 
90.435236 
90.274156 
83.333042 
78.124658 
86.307893 
89.286229 
83.322011 
82.861163 
86.262555 
89.089837 
80.228695 
88.686104 
84.703488 
83.649961 
88.913148 
90.607830 
85.156694 
76.978151 
89.778956 
79.630198 
89.160482 
88.413658 
82.490598 
88.617741 
82.487156 
88.267736 
85.576187 
89.382816 
82.651532 
91.400484 
89.272464 
89.753070 
82.253671 
83.563708 
86.513446 
86.029002 
84.928636 
83.050341 
90.184806 
80.119122 
86.062103 
81.187724 
88.644227 
88.892202 
86.084368 
81.582784 
90.323069 
89.847118 
88.257912 
84.623813 
85.954764 
91.135994 
83.199497 
85.554980 
86.968796 
93.373279 
89.575870 
83.119701 
86.984391 
82.764639 
87.719933 
83.807889 
79.554100 
85.396771 
90.083368 
79.162986 
82.977317 
88.846575 
89.535885 
86.762443 
88.830303 
93.844752 
89.039785 
91.003315 
89.390672 
89.367903 
86.636784 
87.503664 
84.717805 
85.480798 
86.849096 
90.800963 
85.923416 
87.228405 
90.051973 
88.812415 
83.999952 
86.342976 
85.528741 
89.481424 
90.334198 
83.006440 
89.634053 
89.391878 
84.767368 
87.446580 
85.325560 
84.964241 
89.190944 
88.955283 
89.053789 
89.417787 
88.279237 
83.427934 
84.512525 
83.376245 
83.602618 
89.530501 
87.176435 
83.877454 
85.497465 
87.527169 
89.090131 
84.254288 
82.797023 
81.991393 
83.557536 
88.045847 
86.858831 
84.731088 
90.603338 
86.248489 
91.381041 
85.557054 
88.936429 
87.697121 
89.247657 
87.385913 
87.849111 
83.717391 
87.315797 
88.635594 
85.710761 
86.440915 
87.274652 
87.474210 
88.179468 
88.666282 
85.385922 
87.464808 
79.025354 
89.458692 
85.594512 
92.607157 
88.219799 
91.836064 
82.927296 
83.524780 
92.005445 
83.595388 
84.800677 
85.970044 
88.622755 
90.279180 
84.016247 
82.856610 
88.298630 
84.271820 
86.483700 
85.138290 
80.693069 
84.179774 
91.216035 
88.238760 
88.593193 
90.470760 
85.030927 
86.406735 
82.761605 
90.379106 
85.178163 
83.236057 
82.803103 
84.705953 
84.430530 
85.775106 
87.215831 
87.882904 
82.268289 
86.414522 
87.916407 
85.670281 
86.828408 
84.126196 
86.826966 
76.308656 
88.369644 
80.553163 
81.870378 
90.498541 
88.225216 
85.200404 
83.764073 
90.837137 
91.230542 
85.932886 
84.588106 
85.436322 
82.291811 
82.563927 
86.470200 
86.354900 
84.968679 
88.851059 
83.623293 
84.025865 
86.574309 
84.850155 
87.603408 
86.032683 
86.619787 
83.410517 
85.174440 
87.588083 
92.244056 
88.749693 
83.465495 
88.154485 
88.134630 
85.598989 
83.957147 
85.093748 
89.167812 
90.874313 
85.097462 
85.781179 
88.775385 
80.411326 
88.507857 
86.123241 
87.832116 
86.212892 
85.080412 
86.712244 
83.012849 
80.719300 
91.543583 
93.251649 
85.585917 
87.198112 
87.423284 
87.783289 
90.967300 
80.646013 
85.827771 
87.139424 
86.685695 
85.121313 
90.879153 
86.716246 
84.731890 
87.424484 
89.003324 
82.596112 
86.640782 
88.805378 
86.800619 
86.422891 
89.912279 
84.160814 
86.198723 
95.498506 
90.947974 
86.161076 
86.907738 
83.930747 
84.290058 
93.517575 
90.267429 
86.845203 
87.250811 
86.244843 
85.377423 
82.063994 
83.112699 
83.368164 
80.297410 
87.239390 
88.692879 
90.486776 
84.963827 
85.785328 
86.519212 
83.822770 
84.161791 
87.359367 
82.079837 
82.837580 
84.418424 
80.511109 
84.773922 
83.179716 
86.166887 
84.765997 
80.755709 
87.871321 
81.202038 
87.114608 
87.772775 
86.593010 
89.083911 
88.142594 
90.099950 
83.627451 
84.682928 
87.701603 
88.467618 
85.153378 
84.874511 
84.640849 
90.637513 
90.435992 
87.540276 
86.298429 
82.676046 
82.191748 
81.194483 
87.551929 
86.648328 
88.588168 
86.783024 
87.948427 
88.381296 
84.387280 
91.107775 
88.168307 
86.934868 
88.060631 
82.353622 
86.456682 
85.177904 
87.391901 
86.293990 
83.003579 
83.324076 
90.085340 
89.975570 
84.583479 
84.950236 
91.713413 
87.172931 
93.968804 
86.472194 
81.922265 
91.565797 
86.927505 
80.072953 
88.356819 
81.733013 
86.528097 
90.761398 
87.535419 
81.375236 
79.849839 
84.824593 
86.482283 
81.513485 
84.209530 
85.643744 
82.424438 
88.818932 
88.131469 
82.168000 
85.637477 
81.513660 
89.544139 
86.721712 
85.546368 
90.329068 
87.159307 
91.555275 
85.320983 
78.940297 
90.378860 
87.356520 
91.417378 
84.691998 
88.468553 
90.655987 
82.349624 
82.482680 
87.950895 
82.624172 
83.533599 
88.072233 
80.631880 
82.450241 
86.858475 
82.275910 
82.829992 
84.790210 
85.062627 
84.053109 
87.736762 
84.201124 
88.279853 
88.572493 
84.700689 
85.189544 
86.343298 
81.644528 
83.189958 
84.927471 
89.095443 
88.787675 
84.160232 
84.607367 
85.625990 
85.529353 
85.789275 
84.282971 
84.017475 
85.783489 
88.676089 
86.787056 
82.387700 
86.737612 
90.931124 
86.226779 
89.064306 
85.134578 
90.335355 
87.154745 
87.224530 
83.524545 
82.890642 
87.017271 
86.387772 
89.908066 
86.372132 
88.540245 
85.759998 
87.455158 
89.201079 
81.496947 
84.892470 
81.978126 
82.552730 
87.339163 
90.789545 
89.875623 
86.758119 
81.188969 
82.601770 
88.832956 
91.680869 
86.399214 
86.781594 
84.800915 
84.408931 
85.611499 
89.225730 
80.693212 
86.553545 
85.322647 
82.382666 
87.203918 
88.581838 
83.713836 
82.161747 
87.440516 
90.388602 
82.828864 
84.062402 
83.721827 
82.320899 
87.993081 
90.030794 
88.856788 
84.239151 
88.046428 
85.428512 
84.728353 
80.905374 
86.419687 
83.775982 
84.134705 
86.826341 
85.474433 
87.994473 
83.935697 
91.438862 
90.092760 
91.087109 
85.573323 
83.862184 
86.608147 
87.291272 
84.841840 
87.983291 
81.464546 
87.280258 
86.188243 
89.167726 
86.252563 
86.762529 
83.832995 
84.765532 
86.726598 
89.728635 
78.950300 
84.041669 
91.881975 
85.823578 
91.584873 
86.879673 
89.422961 
84.642833 
79.175730 
90.106906 
92.082104 
89.718434 
86.596590 
86.740456 
82.911738 
85.015543 
89.143794 
89.959078 
81.975079 
82.294475 
87.594794 
84.863885 
80.648952 
91.641958 
80.187744 
78.779001 
85.268434 
89.647699 
83.233935 
85.328868 
89.957332 
85.576389 
84.913610 
84.616305 
87.928747 
87.126292 
83.571092 
81.804252 
93.893195 
82.587313 
83.465208 
81.025961 
82.452009 
90.188422 
83.573254 
87.239278 
87.156049 
88.015721 
87.782260 
86.227915 
84.952353 
90.349059 
85.938616 
84.817431 
84.152724 
82.093443 
82.849741 
91.679577 
89.208709 
87.533217 
83.996874 
86.106106 
87.341281 
86.915583 
87.008978 
89.576645 
84.224294 
88.819637 
92.990172 
88.799124 
78.136882 
85.692290 
79.835367 
84.268869 
88.268516 
82.617833 
83.254640 
86.195349 
86.331931 
83.466758 
88.461406 
85.689569 
88.160066 
84.151890 
88.418586 
83.675058 
81.107420 
86.841801 
85.987580 
90.516773 
87.118348 
86.756503 
79.079935 
82.147455 
89.868753 
88.353947 
87.407622 
87.895639 
87.625873 
78.921693 
85.967575 
83.356770 
90.160400 
87.544168 
87.881665 
86.235650 
90.305893 
84.347908 
84.933426 
87.153675 
84.485110 
87.721768 
90.627150 
80.101558 
84.452074 
87.736168 
87.040682 
80.907480 
84.740561 
87.776483 
85.735185 
88.686430 
93.958921 
84.757419 
85.611538 
86.844078 
83.798386 
84.943295 
83.424573 
86.070030 
79.572012 
86.454839 
83.287310 
89.446804 
84.954462 
83.232257 
84.372747 
86.669733 
90.940406 
85.978966 
87.958814 
84.006441 
89.227767 
88.575145 
88.896017 
87.698669 
88.286867 
90.738786 
85.895427 
82.398662 
84.419425 
80.402578 
83.368273 
84.119901 
84.532782 
88.243572 
86.731326 
88.430794 
87.238932 
89.214151 
88.326901 
83.287233 
87.346553 
81.430468 
90.262014 
84.749994 
86.525269 
86.265196 
89.341655 
91.606092 
86.759675 
88.821838 
86.228530 
85.678583 
83.095940 
87.287903 
84.966102 
86.017356 
84.334068 
85.114205 
86.562217 
84.328345 
88.627111 
80.952327 
85.450269 
81.919023 
86.219375 
85.462007 
89.984567 
88.720146 
87.112809 
83.673350 
87.469960 
86.658621 
83.734625 
85.670791 
89.944721 
82.522103 
87.358584 
80.559141 
86.350416 
83.865765 
90.120613 
82.671242 
83.731661 
82.394051 
83.743275 
79.952531 
88.310508 
86.338744 
85.348245 
82.677125 
86.316396 
86.493400 
81.879947 
87.661914 
86.963691 
86.742902 
89.473274 
77.735388 
83.055819 
83.434532 
90.184201 
81.681993 
83.133452 
87.423084 
87.266845 
83.741909 
85.499723 
89.812037 
90.399899 
86.439672 
87.463692 
87.314909 
87.270386 
82.239977 
91.548538 
84.180456 
85.383431 
87.426169 
80.303939 
88.037846 
84.694114 
88.188276 
85.495524 
88.007559 
86.258686 
85.706365 
84.042086 
91.262676 
90.657442 
88.697033 
87.547798 
84.116668 
90.327396 
87.639435 
83.895801 
85.040297 
87.412471 
85.308892 
85.619769 
80.081972 
88.524042 
83.668192 
90.122582 
84.471066 
86.057675 
81.519367 
86.458135 
81.719592 
88.811355 
86.067862 
88.026235 
81.244306 
89.469981 
87.262927 
82.690028 
88.834153 
84.142657 
85.825515 
81.656935 
79.236274 
82.384133 
90.120397 
87.087976 
83.895979 
90.747317 
84.241850 
87.675421 
89.383947 
80.690442 
88.663041 
85.377647 
80.430966 
85.849006 
80.832967 
86.575240 
81.266432 
86.028869 
89.306824 
84.396927 
83.459689 
91.505591 
90.947626 
84.732302 
84.318747 
85.274689 
85.603917 
83.437969 
87.229218 
86.729440 
86.393344 
81.971222 
85.104908 
82.929870 
85.656336 
89.499864 
86.009398 
83.757441 
90.330976 
87.905834 
84.731582 
87.232311 
90.276048 
87.645843 
87.532723 
84.856017 
88.693209 
85.797488 
88.085954 
84.091695 
85.364858 
87.483521 
89.270431 
90.659238 
85.982588 
90.010214 
84.493935 
85.372833 
92.491425 
84.042500 
90.119201 
90.175949 
83.810783 
88.989284 
83.963900 
84.585752 
85.233273 
88.457683 
87.899513 
91.465759 
87.536147 
91.381084 
85.081445 
83.087235 
83.707566 
86.027317 
84.863956 
87.152486 
86.133812 
89.757899 
86.860748 
83.961215 
85.567470 
80.790665 
84.935102 
87.808821 
80.241785 
83.008929 
89.196271 
86.820485 
85.400614 
87.246375 
83.000125 
81.887493 
89.052273 
86.893346 
87.787101 
86.104935 
83.808285 
89.630028 
88.790993 
84.422950 
84.741576 
86.381608 
87.129028 
86.178186 
86.893743 
84.872445 
86.865307 
79.562962 
86.544637 
86.543143 
81.789675 
88.629337 
84.712614 
86.296063 
82.766177 
86.935517 
89.641022 
80.195051 
91.052851 
87.457944 
86.689743 
85.011807 
86.065309 
87.090665 
80.892512 
84.100586 
88.935838 
81.904633 
84.588644 
87.364728 
89.197800 
84.009396 
82.564557 
84.889102 
84.355198 
86.913098 
87.012735 
86.942696 
83.493827 
86.287060 
84.341684 
85.167404 
87.453454 
91.509607 
85.109577 
86.670246 
86.322359 
79.762780 
83.114127 
87.288174 
83.820761 
85.311457 
79.429598 
83.752923 
87.558343 
86.536030 
86.374330 
87.190836 
79.405413 
91.294650 
84.333106 
85.833726 
83.175864 
88.985598 
89.452858 
82.936298 
92.586420 
85.207667 
87.644269 
85.968120 
85.991933 
88.721220 
88.784047 
87.350690 
87.909246 
91.117123 
86.240322 
82.822629 
84.176834 
85.055637 
91.536874 
85.915874 
89.258517 
90.556818 
88.226026 
87.758012 
77.415125 
90.159754 
87.950995 
82.944449 
92.610735 
84.936770 
85.592550 
87.718422 
87.904084 
80.365208 
85.927653 
81.743673 
86.528272 
88.137140 
88.898107 
82.930265 
84.531233 
87.120871 
88.985090 
86.875583 
85.458582 
88.971658 
80.562598 
89.270693 
87.484391 
90.226751 
86.615957 
86.703767 
81.013870 
85.825970 
86.646679 
82.296049 
86.313112 
86.592221 
88.613555 
83.448033 
86.253924 
86.348040 
89.367490 
93.328394 
88.475098 
82.021115 
86.812141 
84.904545 
83.648880 
90.442650 
86.742860 
82.659238 
82.338679 
85.712830 
82.933080 
88.262359 
88.817735 
83.079796 
85.973472 
88.697801 
87.147064 
85.008758 
86.411419 
85.446350 
85.118356 
85.089084 
92.726267 
85.675551 
84.342646 
83.097423 
90.258704 
86.206963 
84.152106 
86.633556 
84.883469 
85.204185 
85.998575 
94.625592 
84.777478 
88.096230 
81.241868 
87.414368 
87.760719 
87.993507 
85.552859 
84.043010 
82.603310 
83.368386 
87.422586 
87.637510 
87.889833 
88.529745 
85.669520 
86.599462 
82.576978 
86.424725 
91.697587 
82.863237 
86.933154 
85.663429 
87.111867 
89.475606 
84.011022 
88.659645 
85.714871 
83.354515 
80.748498 
88.242262 
84.213487 
86.533330 
85.659032 
84.646397 
77.535641 
86.710079 
85.701499 
90.592389 
80.369105 
85.830053 
83.684816 
79.263213 
78.632513 
87.728496 
85.862966 
87.708352 
82.891667 
83.360643 
82.024869 
80.960924 
87.129281 
87.477462 
90.600507 
88.334994 
88.620292 
85.975909 
87.550220 
89.199621 
84.836400 
89.206049 
86.242196 
85.766874 
88.339462 
86.308854 
89.398474 
87.795231 
84.118294 
85.361683 
86.415715 
83.567665 
86.062202 
91.177283 
87.550127 
85.647688 
85.956018 
84.743633 
82.636947 
83.745164 
89.386827 
84.187950 
84.776159 
84.797604 
84.292252 
87.850249 
86.866315 
88.483543 
86.844649 
83.055645 
82.435523 
92.595124 
87.322622 
88.000128 
85.663788 
80.204441 
82.723183 
87.786641 
88.073688 
86.941450 
85.592891 
84.899073 
91.851688 
86.704219 
91.390136 
84.107065 
87.545069 
88.493668 
88.290704 
88.197475 
82.921225 
80.507657 
88.770079 
85.573813 
82.754426 
84.967779 
91.152274 
83.467468 
80.850544 
80.417024 
88.529488 
87.401953 
79.857968 
82.665325 
80.564132 
87.679796 
89.603419 
82.680360 
88.991688 
82.626214 
82.262041 
84.771621 
87.721140 
91.032864 
88.524484 
85.627004 
83.075718 
86.471140 
82.727821 
81.816308 
88.107551 
94.917099 
83.581892 
84.651253 
82.851128 
87.149880 
82.254930 
84.047924 
91.854563 
90.285413 
88.451104 
86.403254 
84.560851 
84.601150 
89.261313 
87.372997 
87.097419 
86.758014 
86.212620 
85.985353 
83.039618 
87.261904 
85.364754 
82.287551 
81.476398 
87.549899 
89.212940 
86.865964 
89.082185 
84.798599 
83.779117 
86.109836 
87.577540 
84.383799 
89.211729 
85.239575 
83.865886 
87.593331 
79.841622 
87.659635 
89.249374 
91.788115 
85.894369 
84.855524 
92.660019 
79.320881 
83.528486 
83.804264 
87.210564 
90.006921 
87.381648 
87.677863 
85.141503 
86.377898 
86.527945 
85.148886 
97.510951 
87.704224 
84.092174 
83.240854 
83.813194 
88.126794 
89.703103 
88.117989 
82.878382 
87.528659 
89.854463 
83.254781 
89.245242 
87.911004 
86.291324 
82.767356 
88.849581 
87.318799 
85.784359 
85.839050 
86.341503 
86.432101 
84.934227 
87.744009 
83.442060 
84.683223 
91.121829 
84.319761 
87.558994 
84.238500 
84.995798 
86.192548 
90.524687 
88.381958 
85.964636 
90.112779 
85.527529 
91.318669 
85.235944 
84.222485 
93.201219 
85.547677 
90.983482 
88.432251 
85.945283 
82.196638 
89.470764 
86.551621 
82.896100 
84.554767 
84.895966 
80.495416 
84.212088 
87.877607 
89.608304 
87.323800 
78.372508 
85.669405 
86.374393 
94.213591 
89.188983 
84.827845 
87.333916 
84.859388 
88.915525 
84.815446 
85.565084 
79.385216 
86.703295 
83.547878 
90.856903 
84.693948 
85.139457 
82.571439 
84.157156 
81.323028 
83.532566 
86.516842 
88.302554 
83.739357 
86.930005 
88.470271 
87.322761 
87.683364 
86.157490 
85.246891 
86.753819 
92.880752 
88.786430 
85.374281 
91.067144 
89.091988 
88.090658 
86.046910 
84.622893 
87.436384 
85.820444 
87.060092 
87.184026 
88.452949 
84.768481 
87.147013 
82.968701 
84.522470 
85.500544 
87.656818 
86.377656 
89.655305 
86.538473 
88.729990 
89.399721 
88.533753 
84.738514 
91.301997 
83.964643 
88.625305 
85.018883 
86.127034 
86.416488 
85.382272 
86.532300 
86.333101 
87.083604 
88.192936 
79.238374 
88.919355 
91.728033 
86.363255 
81.154863 
85.598572 
88.621937 
86.659350 
87.628213 
88.130370 
86.635245 
86.901699 
86.676910 
87.859951 
84.554513 
83.180824 
87.643026 
86.750147 
82.165858 
88.261146 
86.716268 
82.364197 
84.676031 
87.804183 
85.985761 
87.644794 
85.944757 
83.637356 
88.009797 
85.948011 
84.609053 
85.601934 
83.577615 
88.562717 
81.455335 
87.909602 
84.065966 
89.315042 
86.581993 
86.285203 
89.940987 
79.464199 
92.168665 
84.359008 
83.037057 
85.146863 
87.348573 
84.829243 
87.290761 
88.201811 
84.248133 
88.433872 
82.991638 
86.270338 
95.530985 
86.138894 
87.156761 
85.774365 
81.812745 
89.316731 
92.894012 
91.359174 
82.982667 
82.919856 
86.907741 
88.798260 
88.750625 
84.748249 
85.476060 
86.157870 
83.192721 
80.851733 
82.608163 
87.975015 
88.684032 
84.638469 
87.551844 
82.143394 
85.504299 
93.644311 
87.924860 
82.954970 
89.921788 
90.578310 
85.164465 
93.343430 
86.479813 
87.481579 
94.301503 
82.733626 
85.863767 
87.944283 
91.493117 
85.663247 
86.606375 
82.631914 
91.343476 
90.447202 
89.202021 
87.746116 
87.771281 
85.587515 
84.670030 
87.952911 
92.172880 
84.765790 
88.570137 
84.751812 
90.104395 
87.521815 
87.573929 
92.532451 
86.776424 
84.207777 
83.324382 
88.270148 
89.482658 
81.725307 
84.828441 
87.764069 
85.567979 
91.389190 
88.656895 
89.528885 
87.125553 
81.951117 
80.970863 
89.915261 
87.662209 
85.912799 
88.792294 
82.605190 
88.255024 
89.926029 
84.729322 
86.340399 
89.282751 
89.354227 
82.438444 
85.653726 
85.261342 
87.504286 
82.062110 
92.960737 
84.554981 
86.785282 
82.138737 
88.538823 
85.858825 
89.843630 
84.957038 
92.202997 
90.115623 
87.659291 
89.477100 
89.388837 
87.964044 
84.533333 
87.631412 
81.169264 
85.345413 
79.781040 
83.308628 
85.792642 
82.560632 
83.578674 
86.200108 
86.880637 
83.095535 
88.069635 
88.066291 
87.882450 
86.915557 
87.484618 
82.070411 
81.828736 
87.738389 
82.707140 
86.449248 
87.789196 
86.823256 
84.308256 
83.702131 
89.596894 
82.823196 
83.384605 
84.823735 
88.137364 
86.380515 
90.115384 
88.393823 
86.891270 
83.781733 
87.465431 
87.789340 
83.550572 
90.692033 
86.049257 
83.350023 
88.895545 
78.610767 
82.816980 
81.646183 
85.908670 
88.215451 
78.755545 
87.584157 
85.930581 
83.505999 
82.728174 
88.730136 
84.725858 
84.652924 
87.305712 
82.237614 
86.637186 
86.028993 
84.008176 
82.111787 
85.582749 
85.443187 
84.244009 
85.652529 
86.650472 
82.110067 
86.835615 
87.370782 
79.721591 
83.872127 
85.803873 
89.842998 
88.579532 
83.269642 
87.539763 
83.294670 
87.727015 
85.454482 
88.024588 
85.376008 
84.199682 
84.034066 
82.846170 
88.392546 
83.665944 
90.036744 
83.415901 
91.795787 
89.204952 
83.770028 
90.814116 
89.234420 
81.949815 
80.038435 
83.077505 
86.757580 
85.731235 
84.381423 
86.783834 
86.781640 
84.545454 
85.532293 
83.636254 
81.849856 
80.828720 
93.174363 
90.191871 
94.799895 
81.128834 
88.766581 
85.748430 
88.496945 
85.739023 
86.740521 
85.519039 
88.940168 
86.806071 
87.234108 
85.154427 
84.695781 
86.749200 
81.286165 
87.329370 
81.566079 
87.723328 
82.281093 
84.308282 
85.936239 
77.982052 
85.755950 
87.332323 
82.637742 
87.884892 
86.812216 
85.012494 
85.713451 
87.969028 
92.405002 
89.888910 
85.827355 
84.499113 
86.416955 
81.794003 
87.093822 
80.914141 
87.187876 
84.254965 
83.688666 
86.878478 
86.151655 
82.851134 
87.505706 
91.334898 
87.940442 
86.315396 
91.179771 
80.867756 
83.952722 
84.816686 
89.637973 
84.346704 
83.218329 
87.135884 
87.895567 
87.281835 
82.973607 
88.882286 
79.491404 
85.465651 
88.822936 
86.069432 
85.419062 
87.542946 
84.497338 
82.895467 
90.882906 
87.527650 
88.996990 
84.771363 
89.767750 
85.508311 
85.926069 
83.619919 
85.563001 
85.384532 
81.737291 
87.302299 
83.584450 
85.735048 
83.139296 
85.648240 
83.313428 
81.741189 
88.460230 
80.784826 
89.300103 
88.723015 
81.613750 
87.443574 
82.118965 
86.484032 
84.939339 
87.606768 
88.085877 
91.247092 
84.793755 
85.192487 
87.106687 
85.471565 
84.486085 
86.727963 
84.586665 
88.069799 
86.766853 
89.905787 
82.283157 
84.247317 
84.696882 
85.150300 
87.136260 
86.211429 
81.260902 
81.913727 
87.379535 
85.447794 
86.582495 
89.204594 
84.793706 
86.534340 
83.984071 
89.201919 
86.045208 
86.641478 
89.078570 
88.278018 
90.564951 
86.989129 
82.702086 
88.598321 
86.950758 
88.583765 
86.860438 
84.103501 
85.425675 
89.367972 
84.564211 
87.489512 
87.879479 
84.660502 
92.986439 
87.985564 
92.158556 
77.502656 
83.737975 
88.143133 
86.249699 
86.711909 
92.451405 
87.704268 
93.539193 
85.179263 
88.142144 
85.869488 
86.491382 
87.351179 
84.502692 
86.942476 
86.709017 
88.514723 
85.435942 
83.726706 
87.888809 
85.994443 
85.772978 
82.515572 
84.395530 
84.981891 
87.184416 
89.789237 
82.806802 
86.539189 
89.493613 
85.947439 
90.250281 
86.481561 
91.306962 
86.248266 
85.274372 
91.260855 
84.223925 
87.576443 
91.318660 
82.140575 
85.145066 
83.248127 
77.543156 
84.407327 
89.699297 
88.323542 
85.847213 
87.184677 
88.394296 
82.681444 
83.070089 
86.510918 
87.018641 
86.189906 
86.559528 
84.454574 
83.746748 
85.111478 
87.801245 
84.286599 
91.068211 
92.250851 
90.054529 
84.886387 
88.186764 
85.935968 
85.016790 
87.041607 
87.996758 
88.047143 
86.056107 
88.247605 
85.478402 
87.585772 
86.099529 
86.602929 
81.446895 
94.755252 
84.933403 
82.405412 
79.631656 
86.336872 
87.185275 
83.036716 
83.578287 
87.436949 
93.045661 
86.882383 
79.702943 
89.040044 
83.106694 
88.261143 
86.814897 
85.592693 
85.939974 
87.630979 
90.971254 
85.868426 
86.669357 
89.190261 
85.535760 
84.941293 
89.574345 
87.492675 
84.335729 
91.738701 
88.579763 
86.052118 
90.138089 
87.131635 
93.103451 
85.492709 
89.368787 
84.672608 
88.943806 
90.770718 
84.880069 
91.631950 
82.847075 
92.536094 
83.978266 
87.805357 
87.343163 
90.887250 
84.722611 
88.461410 
90.376602 
83.595072 
89.172306 
84.014443 
86.544454 
91.613842 
90.707336 
86.728738 
88.190901 
81.705263 
88.617132 
87.702349 
85.334483 
91.100432 
85.862497 
89.568384 
84.279086 
89.105448 
87.096957 
82.317879 
86.319596 
88.093430 
82.514410 
84.689266 
88.446836 
80.752449 
85.720841 
85.018335 
92.183233 
83.285284 
85.614150 
87.479539 
85.002778 
85.007877 
84.387418 
88.158562 
86.760865 
87.740053 
86.943912 
80.855263 
84.502712 
85.071517 
84.481110 
87.483198 
89.008616 
83.106894 
90.446389 
82.675652 
88.104960 
89.303304 
88.895388 
86.112537 
85.747228 
85.419156 
81.842952 
85.510800 
85.176445 
86.749933 
85.192101 
83.656914 
82.625023 
82.547751 
85.127009 
89.960647 
86.838484 
83.225497 
84.558271 
89.489728 
87.857146 
87.878194 
87.812867 
81.418811 
87.714654 
92.322232 
85.444123 
85.113375 
88.012822 
87.761000 
87.325777 
83.411079 
87.978322 
90.062868 
87.528167 
84.468253 
83.729930 
81.130566 
90.384545 
85.531851 
87.806364 
82.819181 
91.199305 
86.551537 
88.582344 
81.161053 
86.720182 
85.241770 
88.463663 
88.309117 
86.962074 
85.683055 
90.314603 
93.821572 
81.682596 
84.091651 
86.475636 
90.169464 
81.060234 
84.047985 
85.754848 
81.285348 
93.991910 
83.681444 
86.009522 
85.543821 
91.052400 
76.506836 
86.877700 
85.834412 
82.143127 
84.215184 
81.444076 
82.475199 
95.150935 
86.791406 
83.713980 
88.182678 
86.778534 
85.064976 
85.400016 
83.947225 
81.574797 
85.388099 
85.905343 
87.132750 
87.554349 
80.390972 
87.830884 
86.119639 
85.650146 
84.158201 
88.260958 
85.894843 
85.278356 
85.866977 
85.728656 
86.783087 
82.860007 
84.693860 
89.627137 
84.611548 
88.413483 
87.823629 
81.786874 
87.445078 
81.812815 
85.221996 
82.581683 
85.674378 
85.756977 
87.883809 
84.481796 
86.687952 
82.583252 
85.579035 
84.228878 
91.908468 
82.655219 
85.730596 
83.829960 
91.089460 
88.424954 
90.268472 
88.570682 
84.390756 
81.795688 
92.102260 
83.594013 
84.700844 
82.849235 
88.061639 
86.582466 
89.433681 
87.443163 
86.638061 
87.404813 
85.001210 
86.778430 
86.842578 
85.120643 
84.724339 
87.533667 
90.622029 
86.286981 
89.962040 
88.673982 
80.887445 
85.046100 
88.112560 
83.604976 
86.339670 
91.643849 
84.924911 
88.312124 
90.942302 
84.618046 
81.849941 
89.352388 
88.224185 
87.969553 
86.200077 
83.131801 
84.998330 
87.105487 
85.612896 
87.082756 
80.611797 
82.120400 
83.348677 
91.039559 
89.084930 
84.552042 
83.607495 
88.500854 
85.563633 
84.720254 
85.262072 
83.941817 
86.521173 
89.983203 
87.996208 
84.477782 
91.821869 
81.667949 
86.843225 
84.879898 
90.391051 
82.781876 
83.173167 
87.051655 
85.158294 
92.528182 
86.802541 
84.201976 
84.620598 
83.941433 
81.451800 
83.972821 
83.485730 
85.372869 
88.079463 
86.486140 
85.992225 
88.931739 
89.743306 
86.371728 
89.324740 
90.155003 
86.838143 
78.333328 
80.449701 
83.212212 
90.336697 
85.851044 
88.033850 
91.096403 
83.387033 
92.331058 
88.573764 
87.156954 
83.493289 
84.204293 
83.708771 
87.542238 
86.635705 
85.768056 
85.370427 
87.322749 
88.532028 
87.450286 
86.238414 
90.966015 
82.111593 
82.080495 
87.758470 
87.904563 
81.336965 
85.084430 
84.718490 
91.695247 
85.970405 
91.959843 
86.708812 
88.879483 
83.432079 
86.435293 
81.104722 
87.308807 
85.854594 
84.008153 
81.821425 
91.750610 
90.546349 
90.492229 
81.957984 
89.317022 
86.462221 
77.529124 
82.806687 
83.340134 
84.361676 
86.509247 
86.011586 
82.685122 
86.440290 
87.250257 
82.749012 
87.752786 
86.036857 
83.360507 
87.403809 
84.238686 
87.338120 
86.368126 
93.097094 
88.580893 
86.356457 
84.972571 
80.503745 
84.197859 
86.647760 
81.448243 
85.006738 
83.810301 
87.781364 
90.764042 
89.926137 
86.627118 
85.815994 
78.697302 
82.491171 
90.062268 
88.554097 
84.758616 
82.914764 
87.803064 
88.302458 
86.071745 
89.273339 
91.442238 
87.157292 
83.955651 
82.014176 
81.490640 
82.952065 
88.273421 
84.824602 
91.021672 
89.322578 
87.899900 
86.528288 
83.553915 
87.892666 
81.992085 
88.909553 
81.402322 
83.092642 
82.573719 
90.838179 
84.651917 
83.891403 
82.489079 
92.811046 
82.079957 
79.010912 
85.418594 
89.405005 
87.681424 
86.763395 
82.827331 
86.735259 
88.088672 
86.217834 
84.758446 
88.640380 
81.930645 
89.592440 
86.273444 
88.315714 
83.146405 
86.896581 
79.302404 
82.981079 
81.687237 
85.622332 
90.555405 
94.553022 
86.826177 
89.439866 
86.755201 
87.165728 
87.392882 
84.746557 
84.010528 
89.584923 
87.786306 
87.165998 
88.903973 
87.693432 
86.271529 
89.044348 
88.446803 
90.656356 
83.042510 
89.237807 
87.427252 
90.478311 
87.850599 
87.410279 
85.199766 
90.999863 
87.332701 
86.276522 
88.107638 
85.518621 
89.854824 
89.942979 
83.905623 
83.584242 
88.495181 
84.036408 
83.667525 
88.090717 
82.187085 
89.382922 
83.215822 
85.057341 
82.418984 
84.279393 
87.672626 
87.222607 
77.445439 
87.609312 
85.101140 
84.515750 
85.226586 
83.348011 
86.167982 
84.102269 
85.495008 
79.690345 
91.988967 
89.422094 
86.193325 
83.154175 
82.595359 
85.722028 
83.970834 
85.586779 
85.532236 
90.124926 
88.133157 
87.830458 
87.589263 
91.179547 
87.839763 
87.489642 
90.209694 
90.022018 
86.160339 
84.574498 
84.725662 
86.980318 
87.915424 
84.508568 
87.738377 
82.757625 
86.797221 
82.418845 
86.827761 
86.692402 
85.100393 
87.088114 
87.139335 
84.944615 
87.444676 
88.873507 
91.140524 
90.304685 
83.164949 
87.491569 
82.159994 
91.979568 
90.464567 
87.100968 
85.238756 
86.510581 
82.560030 
86.882779 
81.837969 
94.233761 
90.352315 
86.316597 
86.188014 
83.561350 
87.353784 
89.001143 
84.222205 
82.000739 
86.606200 
82.120520 
87.500077 
82.633911 
82.059430 
86.743704 
93.109879 
80.250514 
86.913365 
86.628162 
88.211410 
88.750655 
89.645533 
85.747444 
86.606147 
80.964828 
84.611421 
89.704362 
80.054779 
89.137810 
85.552847 
82.430254 
88.678024 
87.788813 
83.939414 
85.602899 
90.037072 
86.537107 
86.785248 
82.477987 
84.149160 
83.045917 
86.641833 
91.996322 
86.701344 
87.592866 
88.358138 
89.367720 
87.408507 
83.742956 
88.699418 
86.972013 
85.842329 
81.179024 
86.163054 
87.419681 
83.701846 
84.217502 
85.570089 
87.083460 
85.958531 
83.988870 
94.318116 
84.534552 
82.262988 
86.150090 
87.187109 
90.884674 
87.033568 
93.214653 
88.914737 
85.197750 
83.363987 
84.037650 
84.470570 
89.692685 
85.487720 
84.039643 
86.654510 
87.702942 
84.756243 
85.602438 
86.105684 
80.973162 
87.360822 
87.313359 
82.109280 
82.443081 
85.904515 
89.089911 
84.210246 
88.755824 
87.688250 
90.792627 
88.701992 
87.571711 
86.177586 
84.077491 
83.665903 
89.010218 
89.640120 
84.006701 
84.326272 
86.413136 
88.402417 
86.300888 
80.326129 
89.974176 
84.043542 
86.301890 
84.097335 
86.119134 
84.888986 
83.257497 
85.619294 
95.741358 
86.919603 
83.972210 
85.221241 
90.732287 
86.322016 
86.462180 
86.431363 
91.436507 
80.936544 
86.401726 
83.419512 
91.948832 
87.969942 
88.130076 
90.129828 
85.702720 
85.941334 
84.538561 
86.139360 
84.063791 
90.154746 
84.177864 
88.061346 
85.474779 
85.169353 
86.267852 
84.213786 
82.641600 
86.947345 
84.788143 
85.927369 
90.189316 
86.758000 
95.535186 
86.469129 
91.344834 
90.626074 
85.379382 
86.556309 
88.157503 
87.045141 
83.443810 
87.550733 
81.856612 
84.074776 
87.248027 
83.199210 
83.238305 
88.117273 
86.703315 
87.956344 
84.632862 
86.869579 
84.220807 
87.023543 
88.786176 
85.926175 
86.329882 
88.864863 
84.159299 
86.172763 
82.214284 
87.209904 
86.881700 
82.620477 
88.814214 
83.448228 
88.464480 
87.538030 
87.057655 
83.088132 
87.905745 
88.379420 
87.778905 
86.023119 
90.440759 
91.271871 
80.748531 
81.052013 
91.188570 
87.648183 
88.293163 
82.882200 
80.426978 
87.343671 
83.476580 
82.204790 
87.636676 
85.020402 
91.091388 
85.562917 
79.359914 
80.249885 
86.614804 
89.395050 
88.969111 
86.543888 
85.344197 
84.991699 
87.567575 
83.918175 
91.714343 
89.435813 
85.876504 
88.749638 
84.967882 
87.405230 
83.972351 
87.429259 
82.785116 
86.643750 
87.580010 
82.687534 
85.455345 
80.690215 
85.149062 
87.857827 
79.966000 
90.021553 
83.438250 
88.716031 
81.951398 
90.014143 
87.306484 
90.078609 
79.031141 
79.398663 
84.840841 
90.034006 
88.972466 
85.599567 
79.975601 
85.355041 
79.239463 
82.586909 
82.380741 
78.343540 
90.602773 
90.667780 
85.190027 
87.917261 
85.383566 
86.945952 
86.497891 
87.053258 
86.239863 
87.544865 
82.986869 
91.609757 
85.592562 
84.523616 
85.249690 
85.547409 
80.414149 
92.575148 
83.006908 
89.693900 
89.326927 
87.533359 
86.688155 
86.949768 
80.563521 
84.349610 
88.179475 
82.014776 
88.803948 
90.531066 
85.388126 
88.330388 
83.155084 
84.073076 
81.051471 
86.872745 
85.640682 
85.917566 
90.764485 
83.133141 
87.897816 
83.134630 
85.681878 
89.025823 
86.887420 
83.104121 
86.215368 
87.386231 
82.879536 
90.949840 
81.688447 
85.388393 
84.649895 
83.077935 
83.215020 
83.461234 
84.037067 
89.330673 
87.078955 
88.092421 
89.734581 
88.152528 
82.922148 
82.606666 
85.681777 
85.275806 
86.426844 
87.579847 
90.267300 
87.519322 
88.486926 
84.041039 
84.322783 
85.349854 
87.862218 
86.812950 
90.776959 
90.089210 
86.787640 
83.524084 
80.272560 
87.083851 
88.232580 
82.233940 
85.878387 
84.935648 
86.846088 
85.706481 
85.751742 
83.169351 
88.311895 
81.864124 
84.384484 
85.450126 
87.082141 
82.143839 
89.514764 
87.072464 
88.520755 
81.078134 
90.409361 
88.010841 
82.552004 
88.541266 
86.022419 
87.084025 
81.313670 
84.318607 
88.926810 
81.853831 
85.353195 
92.184102 
88.587475 
92.930763 
85.634432 
84.840619 
90.969312 
84.376818 
83.831969 
88.463940 
81.935088 
85.572196 
85.131452 
91.130708 
81.753283 
89.129844 
86.744012 
88.550466 
86.872466 
83.361181 
88.647700 
90.276934 
84.569280 
83.454424 
89.673082 
83.262701 
90.699929 
84.357671 
82.731745 
85.022927 
79.630419 
90.782748 
84.055170 
87.329814 
88.953808 
91.827301 
85.811917 
85.805969 
85.098064 
89.295069 
86.178690 
88.219628 
87.586361 
91.418275 
82.321027 
88.371699 
90.941949 
87.521016 
85.616222 
87.969377 
86.729344 
79.615933 
87.268054 
86.339507 
91.026934 
85.528220 
86.567265 
82.582374 
89.097961 
88.850434 
82.983835 
82.737984 
84.933387 
86.369119 
86.519142 
86.690206 
82.457276 
82.149315 
83.607423 
84.781574 
87.188235 
83.815449 
78.444564 
87.752287 
87.710234 
83.472407 
84.430615 
86.735769 
82.141634 
87.895080 
84.500879 
86.257473 
87.270673 
87.386964 
88.801556 
89.378252 
86.743772 
86.384990 
82.211739 
86.468322 
88.820373 
81.249803 
82.232493 
83.288024 
88.896528 
83.493552 
87.196137 
90.707214 
85.439637 
84.838431 
84.318532 
89.934308 
85.749643 
90.912256 
87.980670 
86.339345 
85.257276 
84.542988 
84.319249 
84.272098 
89.145482 
84.961594 
84.510729 
93.055714 
85.227780 
85.058581 
89.423849 
85.987065 
88.502379 
85.301815 
92.452065 
85.074700 
82.428378 
81.277935 
88.940514 
88.116192 
83.289252 
88.439880 
91.402283 
87.660750 
86.528046 
91.890988 
84.987802 
86.841665 
85.489873 
86.668244 
87.824567 
81.232739 
83.352940 
92.437844 
84.653086 
83.993656 
84.382368 
84.229477 
83.035532 
78.186381 
82.151403 
87.042710 
84.470871 
86.999570 
84.858234 
78.168813 
90.412936 
88.726847 
91.022601 
85.615095 
84.480421 
77.840144 
80.823401 
84.946956 
84.197545 
87.188232 
86.678279 
83.761878 
90.953838 
86.696062 
88.706991 
83.891479 
87.455869 
87.213396 
82.072654 
87.675910 
91.104606 
89.837379 
86.813394 
89.222206 
83.905363 
92.507971 
87.339263 
86.385110 
81.167138 
84.885270 
83.334617 
87.893336 
86.115521 
86.324617 
86.697029 
87.271485 
85.931907 
88.500555 
82.541262 
85.490899 
79.727414 
83.854201 
88.647492 
83.863172 
87.682946 
87.872319 
83.080087 
82.222624 
84.664329 
85.286508 
83.495011 
88.769758 
82.599047 
89.404423 
85.119581 
88.072564 
88.744550 
89.086358 
84.906124 
85.688159 
89.515935 
85.519795 
85.815720 
83.077434 
84.009652 
85.384985 
84.744208 
86.264342 
84.645495 
86.740373 
84.189886 
84.441054 
84.652056 
92.548538 
89.327797 
88.283461 
88.654554 
83.060873 
89.130949 
87.383018 
87.844063 
86.367887 
84.309484 
84.750400 
87.003212 
90.392285 
87.994864 
84.370681 
82.593318 
90.262051 
85.287628 
82.709153 
94.337697 
86.106395 
80.609102 
87.075718 
84.624396 
90.121141 
87.330548 
86.029813 
88.177327 
86.713169 
85.547724 
88.340507 
86.904763 
85.085882 
81.645784 
88.024280 
79.221835 
86.176956 
83.353737 
91.093429 
83.974929 
85.810235 
88.869908 
86.073358 
86.944240 
81.973783 
89.288589 
91.650425 
87.002454 
90.968263 
88.447473 
86.060193 
85.688161 
87.949407 
86.202261 
86.233875 
83.906497 
85.872113 
86.557432 
90.685277 
84.591840 
85.230520 
87.232362 
86.323532 
86.510015 
87.955989 
89.355222 
84.490873 
78.897632 
86.046574 
81.131441 
85.503325 
86.887962 
91.617989 
90.146745 
85.017195 
86.956643 
86.506054 
80.535512 
87.337416 
80.585909 
86.041868 
82.052577 
90.179378 
80.975850 
86.964851 
82.496294 
85.431400 
85.391788 
92.215715 
84.807213 
87.309913 
90.066930 
85.138168 
84.876718 
85.284768 
86.367531 
89.401274 
88.172630 
85.776172 
86.972840 
86.081714 
84.488323 
90.454124 
86.565715 
80.995108 
81.736468 
88.384744 
86.978603 
87.811561 
89.242486 
88.230620 
89.024277 
84.607130 
83.266599 
86.413764 
89.437371 
84.920832 
83.888695 
84.444885 
89.799530 
84.976254 
90.621834 
90.064952 
88.073674 
85.679951 
92.525857 
83.685989 
85.078733 
85.370056 
87.238605 
89.815860 
84.451611 
86.509330 
92.188137 
84.468270 
81.104035 
81.352132 
90.631297 
87.106628 
85.500989 
87.709783 
83.320181 
91.147417 
84.112070 
89.723573 
87.504349 
88.419050 
87.300369 
85.025871 
89.169066 
83.427013 
81.960082 
83.780890 
90.540679 
82.724664 
89.857104 
88.557883 
87.239431 
82.834271 
87.132002 
86.194770 
84.942495 
85.056818 
84.670034 
86.780713 
84.668039 
93.661617 
78.874278 
90.035662 
85.637855 
86.859873 
87.507669 
86.107777 
81.043592 
80.469381 
83.465513 
78.999602 
86.059640 
90.719906 
84.103832 
86.363736 
87.619207 
81.613921 
87.720968 
85.577342 
83.372102 
89.799663 
86.477897 
88.512679 
85.392250 
84.454842 
90.149479 
88.656637 
84.145806 
85.804168 
89.092198 
84.029745 
82.499167 
82.042888 
85.919316 
87.890663 
84.827475 
84.279188 
84.888170 
87.299880 
85.811639 
83.468654 
87.597982 
83.921491 
82.430607 
86.431243 
90.122451 
85.293729 
85.298456 
83.473430 
87.103327 
83.188029 
86.072794 
82.955316 
90.946911 
84.136411 
88.071660 
88.787452 
83.260981 
86.603448 
81.858383 
88.195250 
84.470239 
85.643310 
85.283971 
88.702440 
91.095583 
86.290641 
85.522075 
91.870974 
87.181849 
88.494159 
88.399917 
83.477125 
84.169273 
82.934195 
89.633101 
83.610830 
92.066834 
93.003565 
85.640276 
83.095298 
85.230796 
84.146272 
84.170259 
85.227002 
90.203680 
90.639307 
85.345383 
84.573716 
84.411298 
88.493514 
89.419158 
89.408592 
86.370945 
81.040787 
82.175801 
97.319264 
85.657484 
88.191915 
89.468697 
86.967732 
81.481977 
91.302722 
89.838887 
85.863957 
82.502144 
84.894442 
90.249236 
85.617044 
88.985036 
88.368513 
87.462754 
86.924216 
85.226946 
84.990417 
84.771757 
89.180380 
90.461178 
82.718124 
87.280065 
85.920050 
90.740306 
89.399166 
86.878045 
89.197551 
85.331774 
86.140163 
86.738080 
84.354123 
82.296610 
88.110527 
81.521502 
90.996135 
83.341914 
86.099139 
88.897934 
83.443548 
80.854419 
88.733799 
88.826103 
86.012359 
86.670692 
90.963312 
85.406326 
86.474797 
82.870095 
84.919186 
84.264458 
87.910757 
84.716405 
93.109371 
91.663479 
88.238591 
86.576892 
91.406467 
87.997833 
89.332843 
84.551032 
91.724725 
88.798620 
83.134591 
90.495884 
82.598666 
87.703214 
86.876528 
87.194149 
83.768971 
88.255999 
87.790067 
85.304366 
84.893033 
84.645475 
84.389233 
87.508762 
86.967715 
82.097747 
85.897579 
85.393197 
81.171057 
85.679804 
85.383333 
89.119449 
85.951639 
92.105757 
90.173007 
85.101845 
81.135311 
88.229843 
86.394297 
87.476225 
82.787920 
88.662337 
86.430973 
87.138893 
83.878213 
84.859709 
87.549084 
83.365972 
89.594121 
84.587928 
83.649923 
83.024401 
82.676832 
84.222221 
84.131489 
86.885646 
80.076665 
82.062806 
83.244526 
84.685430 
84.938446 
86.306977 
82.362974 
85.190383 
86.925799 
85.285524 
85.613577 
84.260951 
84.842705 
88.941406 
82.091163 
93.382858 
85.399991 
90.342818 
88.393468 
89.195749 
89.317244 
81.817829 
84.463942 
90.303681 
85.379809 
84.545954 
93.474655 
90.673375 
86.207530 
86.798128 
88.737707 
88.714565 
94.010448 
84.281847 
90.218165 
85.739942 
91.277391 
88.542416 
84.419662 
88.102022 
84.339612 
88.164571 
85.118804 
84.208699 
83.815376 
87.677440 
89.163963 
85.843707 
90.798225 
89.098054 
85.394349 
81.081604 
91.162507 
91.098590 
91.299633 
82.373489 
88.712556 
82.592656 
89.742162 
89.596268 
87.036825 
88.959088 
86.450073 
85.241443 
85.328047 
83.392228 
90.238498 
88.005837 
82.181596 
82.372471 
90.974384 
87.194794 
87.290669 
92.782353 
88.221915 
92.391839 
85.719727 
93.588138 
81.839237 
86.244580 
86.172950 
77.668301 
87.892330 
80.663686 
82.649274 
83.300881 
90.884011 
86.048785 
82.399822 
84.931379 
88.939224 
87.738718 
85.759558 
85.835954 
88.638208 
87.400315 
86.617834 
87.217813 
88.952701 
89.080272 
84.877611 
84.288722 
84.091696 
84.738931 
83.954409 
90.632426 
86.343067 
90.964738 
85.113156 
84.546155 
88.284814 
87.525379 
86.064096 
88.485018 
91.301954 
83.235648 
81.888602 
90.437403 
92.262556 
91.187837 
88.014752 
88.608189 
84.751095 
86.989020 
83.941501 
84.877786 
86.270449 
89.094762 
88.659994 
87.396040 
83.345308 
84.465625 
87.035895 
84.290950 
88.951389 
83.509688 
87.169166 
87.500378 
85.019505 
84.303460 
91.871025 
87.544903 
82.086600 
82.736281 
85.051552 
81.063373 
85.548016 
88.945655 
87.428872 
85.618329 
84.850283 
85.831584 
88.904190 
86.920318 
86.838951 
84.730053 
85.540623 
87.805821 
86.024939 
86.765061 
86.348412 
83.397329 
86.960487 
88.394995 
85.723267 
87.913729 
86.617359 
91.843238 
88.087106 
79.158835 
87.947903 
85.809420 
85.398525 
89.317477 
91.116328 
85.537245 
82.364140 
82.231297 
84.285613 
83.415090 
86.822919 
87.744818 
86.826728 
84.266858 
84.566289 
84.922782 
89.034781 
84.129805 
87.786315 
88.776829 
82.135256 
87.029907 
87.072472 
86.528667 
88.430002 
88.429355 
90.648729 
85.210407 
86.370100 
85.458920 
87.519798 
80.898633 
86.064505 
89.860488 
86.748150 
84.583691 
80.388140 
84.480226 
87.077810 
83.889759 
85.619675 
81.949552 
89.540885 
86.919407 
88.464711 
87.007601 
87.100386 
86.425498 
89.187514 
86.246829 
88.219020 
80.419102 
80.060547 
82.720707 
88.737522 
89.197981 
89.747082 
84.912215 
85.797734 
87.815466 
87.215886 
88.925043 
87.672267 
86.433341 
85.791754 
88.343830 
79.831954 
82.342006 
84.972934 
85.833162 
83.123280 
83.509017 
85.101904 
86.452975 
84.541692 
84.206630 
84.431427 
88.057610 
88.222724 
84.071167 
81.910997 
84.752012 
82.876004 
89.615652 
84.558013 
83.625673 
83.180065 
86.178273 
84.444651 
84.442512 
90.328755 
84.065184 
88.402512 
87.876526 
83.271825 
87.325775 
86.409075 
88.712249 
88.298543 
81.194610 
84.258642 
85.209403 
85.029242 
84.283142 
90.017250 
86.460361 
89.027406 
84.942052 
85.930099 
87.245396 
82.642849 
90.123614 
87.271630 
89.474580 
81.621594 
87.421133 
85.800233 
82.757074 
82.227600 
83.060387 
88.802757 
84.974437 
85.599700 
90.277144 
84.605301 
88.714515 
81.274625 
87.040600 
92.647323 
86.130375 
83.311388 
82.849116 
86.120226 
85.373453 
86.589930 
80.951959 
89.977743 
84.774408 
83.204223 
85.722732 
87.537694 
84.507270 
82.282018 
82.324793 
87.617300 
87.410482 
87.906898 
89.967628 
87.361376 
92.244047 
85.344672 
86.616813 
84.948695 
84.292789 
88.919104 
88.507888 
86.858221 
86.205643 
86.301602 
85.210413 
85.816700 
89.957693 
82.931909 
86.138434 
82.645365 
89.013835 
83.985313 
89.467179 
89.418480 
86.541895 
88.880846 
92.028047 
80.452989 
91.064762 
85.467471 
86.725229 
87.092104 
84.810476 
89.930313 
88.317578 
87.473444 
85.977425 
91.979663 
84.570738 
89.365204 
83.112129 
84.287421 
86.149603 
82.366337 
85.487845 
82.570487 
87.119897 
89.882068 
82.186437 
82.749815 
86.353035 
90.638142 
87.511007 
86.398819 
87.399943 
90.094996 
85.331925 
85.618641 
87.820637 
89.045448 
85.447653 
86.435571 
82.826347 
83.600317 
85.052451 
87.025311 
85.760957 
88.879045 
86.328030 
87.661999 
84.026089 
83.738139 
84.504058 
86.437452 
86.425879 
88.893889 
86.907037 
84.989153 
84.248392 
89.752812 
86.948658 
89.951104 
87.220724 
91.835693 
84.790088 
86.713221 
86.597868 
84.881834 
85.663884 
85.770269 
84.914287 
86.790483 
85.123273 
86.748705 
87.679801 
84.747628 
83.175154 
87.133421 
90.738891 
95.848666 
87.522858 
82.131067 
87.212373 
83.802037 
87.077841 
86.128216 
87.007920 
86.924088 
84.500015 
86.619991 
89.851724 
89.274063 
82.849700 
86.801315 
92.580417 
87.826784 
88.066675 
87.430459 
85.685717 
89.501767 
87.124208 
87.325960 
84.881551 
86.114639 
83.560353 
83.391490 
88.734103 
86.041531 
85.822424 
83.966544 
85.516739 
90.011370 
90.739440 
88.983066 
86.970370 
91.612508 
81.689143 
86.054783 
89.047713 
83.785751 
80.425041 
82.536974 
82.534175 
89.070370 
87.925730 
89.593479 
84.662814 
85.354766 
80.003086 
82.845995 
83.167454 
83.451732 
86.030570 
81.573644 
88.610926 
89.053421 
86.151344 
82.506756 
85.619438 
84.919444 
89.687733 
85.370530 
88.284106 
83.055017 
88.311384 
80.298964 
88.059624 
85.170918 
87.349228 
87.241013 
79.138752 
83.718515 
88.171523 
85.856236 
93.144945 
85.338569 
86.035182 
86.781405 
87.945449 
82.722188 
88.922164 
89.059532 
86.715382 
83.155333 
88.391044 
81.855866 
83.252454 
90.382451 
89.854762 
91.454149 
90.500999 
89.497956 
87.442529 
85.490193 
86.388894 
87.199771 
85.399538 
88.222057 
88.340856 
85.242595 
83.864132 
82.253426 
85.721275 
87.297680 
87.590902 
83.397372 
83.011074 
83.695961 
84.968037 
87.484764 
88.502267 
86.615811 
85.747597 
84.798083 
88.342649 
88.882785 
85.275943 
86.145882 
89.919995 
85.847759 
85.250436 
92.582767 
84.469606 
84.653580 
88.609152 
86.957658 
88.406067 
90.424089 
84.142623 
86.043106 
82.087244 
88.294997 
89.755874 
84.195071 
84.131451 
89.444260 
86.621549 
85.283133 
84.431465 
88.411142 
83.043485 
93.344627 
88.231566 
88.953911 
85.926916 
84.886910 
87.790311 
87.126269 
82.132925 
90.841646 
84.853566 
89.986648 
90.326490 
88.290584 
87.304676 
87.375486 
87.847577 
87.788984 
85.280840 
88.396755 
87.072276 
82.944019 
81.872958 
87.221804 
89.346619 
84.361264 
87.816906 
90.132058 
85.489867 
87.593360 
89.789255 
83.939920 
82.414241 
83.421483 
85.453610 
90.438465 
83.897747 
85.229532 
88.070568 
86.272044 
84.867991 
83.321953 
84.616396 
84.527229 
85.022407 
86.224718 
83.795038 
83.419993 
88.670639 
89.160631 
82.189868 
86.080833 
85.909932 
86.713235 
87.220652 
78.551261 
85.695252 
80.803302 
90.404301 
86.990483 
86.974271 
81.978556 
85.498409 
87.198014 
83.793812 
86.064499 
89.284115 
90.108056 
84.365899 
87.811501 
81.695783 
83.933364 
86.879991 
82.835072 
81.672328 
88.792277 
92.068949 
82.835346 
85.990241 
91.925443 
85.844677 
85.467781 
81.176159 
87.381514 
81.629207 
85.252218 
84.762184 
88.830863 
85.506922 
87.715731 
85.376805 
93.811218 
84.307807 
89.692946 
84.044393 
85.323840 
81.787933 
87.992609 
85.444760 
86.658185 
88.008783 
84.159035 
87.252410 
84.716033 
82.690233 
86.773771 
84.834865 
82.866491 
81.169264 
88.080992 
84.047917 
84.588813 
83.840316 
88.710514 
81.247525 
86.340151 
84.003855 
93.941117 
85.603988 
85.958450 
86.834991 
89.198053 
87.101590 
84.665603 
86.638283 
87.619813 
87.656840 
85.925885 
84.462106 
86.352983 
87.304957 
89.269180 
84.112643 
84.489027 
87.990894 
87.983626 
87.498205 
79.434943 
84.937538 
84.772913 
87.967277 
86.027673 
82.292401 
85.041919 
86.788184 
89.664939 
86.049175 
85.929442 
85.569950 
80.494007 
90.005749 
81.743749 
87.607363 
80.716552 
85.017812 
89.257666 
90.249617 
77.289464 
84.659892 
85.829515 
89.422608 
86.789919 
84.492246 
85.164219 
86.659559 
93.850798 
88.186589 
78.808268 
85.543139 
86.798774 
88.009063 
86.561901 
88.567346 
86.540966 
85.529580 
80.544315 
85.594371 
83.461955 
83.862527 
83.927307 
88.119028 
83.916545 
89.852595 
87.065235 
84.391369 
81.834114 
86.114483 
83.962511 
85.885192 
77.652568 
89.404785 
81.747531 
87.197304 
93.310015 
85.217163 
89.347812 
87.343560 
85.386784 
84.898633 
85.703273 
88.741015 
85.934583 
82.749771 
85.498351 
86.801673 
87.758295 
83.577314 
86.424132 
86.272607 
88.262199 
94.053066 
84.809266 
92.294119 
88.426936 
87.553415 
85.232078 
89.244294 
93.980686 
84.118177 
84.639637 
84.286134 
86.812357 
84.513690 
88.366122 
89.364706 
92.442195 
84.836909 
88.529154 
88.828577 
89.788519 
84.053043 
86.482681 
84.686376 
79.423165 
91.323725 
85.231719 
85.929647 
87.733632 
85.875282 
87.868675 
85.447552 
88.035712 
85.021817 
82.330863 
90.527053 
90.211934 
92.580462 
83.784439 
85.108071 
85.082551 
84.388099 
86.979739 
85.929178 
85.508101 
77.794485 
84.961753 
81.899666 
86.072889 
82.381253 
85.326645 
82.809216 
89.760965 
82.915362 
79.911687 
82.711396 
89.793832 
88.889770 
85.247061 
84.340517 
86.074004 
85.731114 
90.368070 
82.313945 
83.616466 
85.500325 
88.300164 
83.325593 
83.641852 
84.616467 
85.079808 
89.400951 
83.096748 
84.679467 
83.474724 
86.808229 
86.301643 
87.211476 
86.881617 
87.121229 
85.845366 
87.697291 
86.505714 
86.200168 
86.799836 
83.532945 
86.994687 
84.974533 
79.590962 
80.720044 
85.935590 
90.076789 
88.184930 
87.537187 
86.565899 
82.926849 
80.641957 
84.675546 
89.224287 
88.254246 
87.509631 
83.915847 
90.392008 
89.000941 
84.633775 
88.634098 
83.226674 
92.786935 
85.708487 
82.467380 
85.286146 
87.446418 
87.092171 
84.948485 
89.558452 
84.354821 
87.490227 
80.898156 
84.462529 
85.876715 
89.357261 
84.125546 
87.422774 
85.776397 
93.182475 
89.358399 
87.243295 
85.063983 
91.735012 
85.824709 
89.499655 
82.749680 
83.680503 
92.670860 
84.052375 
86.997767 
86.187444 
83.665948 
91.429299 
93.202912 
88.436821 
86.983365 
89.815345 
87.412982 
86.107539 
83.408945 
85.609203 
89.383052 
87.111677 
89.363551 
81.424662 
81.146420 
82.788377 
85.002789 
91.906862 
86.804978 
86.050973 
90.521371 
89.486439 
83.048339 
85.659035 
86.055759 
88.198322 
89.711873 
86.886492 
85.439947 
82.824053 
84.918828 
82.785961 
91.638152 
87.792518 
87.775005 
87.789058 
82.390114 
91.784794 
83.019403 
85.073086 
89.146367 
82.314196 
85.095586 
87.010098 
87.805215 
86.097184 
87.056507 
82.078964 
84.252241 
84.582486 
87.414487 
87.815359 
86.670329 
87.648042 
87.870513 
87.384340 
87.874630 
85.254171 
88.521868 
81.764810 
85.493112 
95.034297 
86.315146 
86.969635 
82.168826 
91.046065 
83.424653 
85.057767 
82.031047 
84.109931 
89.360650 
77.960031 
86.369046 
88.365126 
84.697805 
86.044177 
85.240371 
82.140826 
87.601573 
87.199074 
86.597072 
85.867547 
82.042763 
85.666000 
87.483309 
83.919308 
87.175219 
89.535958 
81.222959 
88.679051 
86.470364 
88.546382 
87.596364 
89.863768 
83.886323 
89.334169 
79.467042 
87.345988 
84.955206 
88.490133 
87.965786 
86.735224 
88.851442 
82.887103 
84.905035 
86.804925 
90.823735 
84.229580 
89.759905 
84.043963 
83.798343 
87.678377 
81.953835 
87.040401 
87.383802 
88.621382 
87.590496 
80.697060 
92.624361 
87.576421 
82.800944 
93.768030 
85.276718 
88.140158 
85.747464 
86.702218 
84.276113 
87.564516 
85.410631 
88.037680 
80.953028 
87.347738 
85.319747 
89.981038 
80.854783 
85.249399 
81.605123 
89.674566 
81.381435 
86.290228 
87.843620 
87.142235 
85.768160 
88.068872 
79.514827 
87.618370 
91.049599 
81.577595 
82.678991 
86.517245 
85.920002 
86.965940 
88.148221 
89.516770 
90.723352 
91.463740 
83.570329 
80.515864 
83.714600 
90.451201 
86.081845 
83.526066 
88.309247 
86.134324 
85.327120 
87.355590 
85.134095 
87.002336 
82.772630 
82.323915 
89.573242 
85.375536 
84.397733 
88.925106 
85.047473 
83.223430 
86.632947 
86.270276 
84.169049 
87.062562 
84.116156 
85.852789 
86.501595 
81.250948 
84.378852 
86.174353 
86.218362 
84.994934 
81.547914 
81.703884 
84.328533 
90.870949 
87.339509 
87.233831 
90.099415 
79.637439 
85.823727 
91.569418 
85.241349 
84.542819 
85.321401 
85.378590 
85.744674 
88.098616 
85.755885 
89.691598 
87.533218 
87.884457 
83.324228 
89.785552 
93.608462 
82.362768 
86.223206 
85.432322 
88.466267 
83.541329 
86.247923 
85.787528 
87.167718 
91.454319 
88.845503 
86.017732 
88.896097 
80.876098 
87.844018 
88.764190 
86.790687 
88.405668 
83.643470 
82.686098 
85.453884 
84.005058 
84.288493 
87.848186 
86.607823 
86.729157 
87.463522 
93.540630 
91.348910 
85.970340 
81.067482 
88.604566 
86.001638 
83.918298 
87.310026 
86.676208 
85.153585 
88.084952 
85.596823 
86.551514 
86.001342 
83.201942 
85.954646 
85.855116 
85.289014 
82.947901 
87.081999 
83.843345 
84.595514 
87.427683 
83.342657 
87.197787 
87.120129 
90.582353 
82.479087 
82.482097 
80.901607 
83.959074 
80.128687 
80.077512 
83.633548 
87.281423 
87.812466 
89.005343 
90.226209 
83.870341 
85.933887 
85.941015 
80.737207 
83.275179 
83.660876 
79.598768 
84.628474 
86.803848 
87.600956 
85.408505 
84.701170 
87.041734 
86.755525 
88.309338 
82.702403 
84.525386 
82.667016 
82.769481 
88.207371 
83.324363 
88.685494 
85.456527 
89.534332 
84.353441 
84.194890 
86.240667 
87.659686 
81.398914 
87.765481 
91.632391 
85.240377 
84.643738 
86.886488 
84.421387 
87.705599 
85.288227 
82.545927 
91.321918 
84.774430 
88.872552 
87.502954 
85.893830 
90.582114 
89.427456 
87.574104 
86.345697 
85.621762 
86.639980 
87.851158 
83.609214 
90.220946 
88.097189 
87.769583 
89.250401 
84.356746 
86.666366 
87.873443 
85.319248 
82.463464 
80.476678 
88.249770 
87.164821 
90.539604 
88.373744 
85.598094 
83.012946 
81.665444 
87.818699 
87.518189 
84.883949 
88.818642 
84.115694 
91.114754 
84.146403 
86.104834 
91.564178 
87.464354 
84.730701 
91.349312 
90.303696 
90.609831 
84.280468 
83.950407 
84.978947 
86.648121 
80.633163 
80.691044 
84.416622 
88.894740 
88.576030 
87.393741 
86.345449 
84.473683 
84.185579 
85.826975 
85.780090 
86.953699 
82.340735 
86.510692 
87.071967 
81.576846 
80.022264 
82.443703 
86.226219 
86.035973 
84.876676 
84.553916 
81.657190 
89.089475 
93.082719 
82.645579 
80.431422 
86.844156 
87.677100 
87.337570 
90.192107 
86.359716 
78.930207 
88.399749 
85.005039 
82.250181 
88.758000 
86.444658 
87.695578 
84.247238 
86.656839 
87.232822 
86.690700 
85.848431 
87.442804 
80.149591 
87.535193 
90.082006 
81.945256 
83.573035 
83.553139 
81.624941 
84.006561 
81.948264 
87.196594 
83.944014 
83.236456 
86.456090 
85.707364 
84.681067 
89.032878 
83.024313 
81.137166 
83.235777 
87.112815 
82.345991 
91.385327 
83.009573 
85.711687 
83.232951 
85.233171 
84.062884 
88.282220 
84.532142 
87.921061 
80.590017 
87.559621 
84.051526 
85.896459 
84.322535 
95.198377 
85.412358 
86.123491 
91.375975 
86.638933 
85.428667 
88.118022 
91.762018 
85.532196 
89.697605 
85.679966 
84.652295 
83.160624 
89.660289 
87.668495 
83.319522 
82.104405 
83.349840 
83.607740 
86.121469 
89.525634 
86.799850 
83.494094 
91.426364 
84.742796 
81.612749 
85.421490 
85.679193 
79.759613 
85.705903 
88.537348 
85.586258 
84.813028 
84.125028 
86.244880 
86.490336 
87.242533 
88.038586 
89.537396 
84.202999 
84.619865 
89.630063 
85.798031 
84.423358 
85.485657 
84.585569 
85.279697 
91.694516 
85.858966 
86.509347 
88.417336 
89.014813 
88.905729 
82.949164 
82.299955 
81.675254 
86.337484 
92.698914 
80.944100 
81.758674 
83.455340 
88.018930 
88.181660 
91.028397 
83.237704 
85.185263 
84.968812 
88.964858 
85.135161 
94.408875 
84.869040 
87.238104 
88.958487 
88.292846 
89.516153 
79.910625 
86.023177 
84.289898 
91.936904 
80.217506 
80.425680 
84.281334 
87.370515 
87.613246 
90.038444 
85.897655 
86.494178 
87.053787 
89.570323 
88.408431 
85.574935 
90.729416 
95.132718 
89.109884 
86.075418 
88.364492 
80.568614 
91.136314 
81.392707 
88.165112 
83.467668 
84.467156 
85.834156 
89.632452 
88.211012 
86.712467 
82.823783 
90.797005 
84.572978 
87.671393 
83.742311 
88.454022 
85.833593 
87.679391 
80.818958 
85.104839 
85.245909 
83.314820 
84.294951 
86.148576 
86.041384 
90.431691 
85.984686 
85.755670 
86.388550 
87.854350 
81.864544 
85.510679 
88.368065 
87.166398 
86.395615 
92.712446 
83.376925 
84.898798 
85.341755 
85.569272 
93.492023 
89.351705 
81.697592 
80.629468 
87.082697 
92.177574 
82.533646 
83.496587 
85.024828 
88.571221 
81.850732 
85.843622 
