11.975013 
11.860625 
11.935856 
11.823480 
12.028260 
11.997762 
11.914130 
11.889192 
11.628272 
11.760438 
12.040574 
11.873729 
11.787127 
11.748914 
11.923148 
11.902025 
11.952521 
11.738222 
11.943228 
12.054943 
11.972437 
12.014806 
12.221554 
11.766519 
11.848293 
11.474864 
11.664183 
11.479289 
11.634548 
12.006078 
11.966402 
11.731486 
11.796383 
12.265543 
11.994845 
11.788586 
11.760299 
11.850721 
11.791172 
12.058207 
11.881696 
11.830625 
11.713999 
11.724128 
11.884045 
12.268316 
11.968504 
12.234808 
12.071663 
11.809290 
12.108939 
12.242759 
11.917457 
11.742799 
11.717112 
11.885331 
12.200581 
11.741697 
11.973362 
11.835068 
11.982400 
11.990882 
11.898655 
12.184844 
11.428897 
11.952081 
12.354196 
11.880651 
11.976194 
11.882403 
11.771669 
11.892360 
12.027373 
11.876409 
11.946945 
11.931994 
12.049313 
11.912704 
11.954659 
11.628870 
11.647913 
11.851783 
11.920453 
11.982183 
11.597067 
11.975414 
12.100628 
11.896459 
12.076613 
11.899899 
12.036083 
11.897435 
11.855238 
11.866135 
11.658921 
11.900347 
11.613494 
11.621262 
11.787290 
11.929432 
11.841674 
11.725430 
11.841366 
11.822639 
11.665237 
11.852728 
11.847899 
11.773425 
12.090445 
11.732772 
11.795124 
11.844008 
11.876671 
11.881664 
12.121871 
11.973167 
12.008616 
11.879318 
11.960985 
11.786099 
11.956620 
12.159352 
11.938067 
11.968354 
11.761128 
12.190699 
11.934166 
12.157857 
12.203185 
11.864487 
11.897904 
12.079293 
11.907045 
11.707617 
11.901385 
12.060213 
11.629994 
11.815904 
11.800760 
11.538070 
12.105702 
11.793059 
12.045613 
11.954422 
12.073305 
11.891522 
11.792768 
11.933492 
11.850325 
12.014275 
11.771065 
11.741402 
11.704652 
11.808577 
11.737647 
11.921055 
11.848869 
11.971094 
12.145190 
11.891816 
11.970613 
11.720197 
11.984764 
11.775157 
11.757238 
11.904956 
12.062900 
11.904358 
11.792574 
12.007471 
11.655129 
11.825613 
11.716649 
11.809505 
12.200617 
12.020163 
11.888267 
12.173178 
11.959382 
12.050296 
11.902483 
12.147020 
11.697631 
11.953541 
11.780216 
11.506652 
11.703166 
12.254741 
12.094169 
11.772105 
11.600967 
11.683705 
11.636073 
11.828319 
11.748709 
11.809486 
11.977413 
11.867599 
11.883337 
11.619088 
11.736982 
11.870527 
11.970281 
11.744913 
11.793464 
11.729200 
11.563005 
12.049846 
11.892073 
11.940177 
12.011443 
11.961626 
11.987979 
12.008646 
11.526459 
11.793716 
11.763832 
11.954491 
11.729100 
11.828103 
11.780136 
11.898762 
11.800372 
12.035355 
11.737301 
11.862424 
12.150255 
12.180864 
12.103815 
12.117750 
11.956908 
12.057659 
12.081205 
11.992663 
11.918835 
11.949291 
11.654840 
11.625538 
11.737560 
11.825805 
11.524974 
12.010129 
11.949035 
11.932908 
11.544923 
11.707577 
11.828721 
11.749571 
11.912871 
11.842148 
11.800904 
11.673416 
11.665632 
11.691577 
11.738001 
11.739338 
11.790232 
11.874009 
11.634241 
11.728272 
12.045089 
11.860402 
11.779289 
11.893457 
11.953264 
11.783425 
11.766825 
11.874877 
12.038742 
11.903566 
12.078194 
11.899119 
11.886171 
11.807544 
11.792499 
11.907869 
11.784489 
11.804664 
11.653626 
11.814159 
11.788735 
11.775964 
11.600730 
11.745377 
11.890303 
12.276281 
12.058857 
11.844780 
11.760882 
11.637407 
11.527524 
11.637311 
11.797724 
11.805640 
11.998793 
11.854630 
11.991467 
12.237723 
11.765553 
11.664877 
11.741525 
12.217621 
12.072644 
11.866596 
11.999042 
11.981738 
12.106966 
11.940470 
11.687006 
11.802428 
11.863688 
11.816604 
12.040886 
11.935465 
11.667831 
11.728995 
12.068912 
11.940799 
11.565331 
11.589081 
11.710792 
11.802728 
11.966232 
11.949109 
11.922913 
12.113096 
11.955997 
11.937792 
11.583201 
12.095267 
11.561559 
11.544554 
11.750086 
11.800030 
11.716439 
11.706871 
11.797295 
11.876144 
11.841328 
11.833653 
11.653985 
11.605602 
11.631541 
11.865660 
11.753891 
11.634188 
11.891185 
11.674480 
11.603258 
11.980079 
11.930998 
11.715477 
11.730423 
11.841156 
11.919685 
11.959947 
12.162369 
11.770579 
11.792950 
11.763381 
11.856409 
11.710627 
11.861064 
11.902822 
11.950136 
12.146314 
12.197571 
12.256941 
11.795282 
12.065013 
12.229553 
11.829895 
11.686539 
11.734586 
11.988961 
11.827527 
11.946925 
11.971810 
11.817981 
11.932315 
11.708784 
11.787775 
12.067479 
11.828090 
11.839123 
11.777754 
11.651613 
11.813983 
11.640852 
11.746594 
11.575714 
11.798058 
11.628824 
11.833099 
11.746694 
12.022733 
11.872349 
11.794994 
11.992203 
11.993634 
11.877777 
11.746420 
11.704610 
12.063168 
11.943115 
12.028217 
11.773325 
11.902310 
11.819875 
12.048207 
12.069614 
12.115806 
11.713483 
11.802395 
11.776182 
11.885138 
11.903791 
11.792827 
11.854780 
12.000242 
11.882837 
11.539301 
11.837139 
12.068445 
12.039678 
11.735040 
11.784760 
11.687665 
11.892318 
12.161988 
12.032349 
11.913409 
11.949195 
12.132979 
11.906158 
11.772019 
11.876999 
11.862865 
11.858871 
11.815334 
11.947105 
12.030972 
12.155971 
12.230346 
12.319090 
12.127758 
11.809664 
11.667382 
11.848520 
11.924999 
11.648089 
11.762957 
11.783016 
12.013302 
12.258275 
11.833685 
11.843070 
11.757578 
11.991452 
11.702925 
11.803344 
11.724874 
12.005806 
11.775266 
11.787420 
11.826361 
12.024215 
12.323442 
11.857628 
12.009693 
11.890163 
12.050772 
12.116327 
12.186895 
11.901881 
11.995609 
11.918712 
11.779827 
11.872496 
12.043768 
11.902499 
11.743563 
11.901932 
11.844895 
11.687966 
11.989029 
11.833305 
11.819092 
11.578807 
11.678210 
11.932764 
12.027302 
11.727350 
11.994970 
11.950897 
11.776284 
11.917630 
11.393528 
11.856676 
11.939381 
12.040891 
11.604275 
11.944682 
11.830964 
11.588966 
12.096475 
11.825336 
11.635167 
11.908479 
12.206014 
12.016764 
11.941827 
11.875720 
12.280946 
11.936946 
11.911627 
11.968959 
11.892684 
11.944104 
11.950337 
11.807599 
11.805779 
11.966677 
11.721420 
11.992022 
11.721570 
11.844480 
11.809292 
11.729757 
11.690300 
11.795966 
11.695688 
12.019783 
12.053143 
12.038825 
12.132604 
11.970921 
12.121799 
12.085689 
12.147829 
12.006541 
11.846977 
11.931880 
11.918682 
11.739703 
11.660455 
11.809513 
11.879104 
12.173713 
11.916235 
11.549636 
11.956924 
12.066628 
11.921773 
12.330108 
11.883771 
11.875652 
11.906124 
11.887020 
11.869665 
11.693876 
11.943715 
12.021816 
12.037363 
11.870947 
11.579015 
11.743212 
11.725679 
11.829907 
11.970544 
11.908951 
11.697727 
11.634091 
11.837482 
11.954825 
11.709896 
11.798209 
11.992334 
11.925742 
11.932470 
11.898217 
11.803914 
12.010062 
11.845388 
12.006117 
11.621965 
11.631744 
11.788393 
12.032556 
11.960134 
11.855643 
12.113229 
11.564606 
11.703467 
11.870771 
11.884664 
12.096507 
11.721747 
12.043166 
11.853495 
12.133969 
12.128250 
11.886049 
11.798938 
11.867074 
12.046483 
11.982174 
12.188943 
11.937008 
12.114446 
11.921188 
11.685658 
11.741614 
11.864200 
11.823678 
11.719205 
11.469288 
11.559133 
11.838687 
11.653798 
11.633339 
11.881177 
11.695807 
11.840545 
11.953812 
11.561914 
11.939727 
11.915218 
12.073226 
11.877489 
11.879910 
11.522756 
11.793671 
11.706407 
11.679642 
11.848381 
11.902100 
12.092630 
11.882100 
12.210690 
12.039961 
12.018755 
12.060034 
12.008106 
11.893722 
12.067420 
11.880275 
11.954222 
12.283230 
11.829481 
11.978259 
11.985823 
11.889443 
11.687117 
11.604357 
11.697234 
11.871107 
11.905610 
11.874258 
11.603509 
11.915064 
11.985933 
11.901190 
11.921390 
11.761492 
11.593601 
12.054990 
11.747101 
11.820585 
11.895481 
11.950543 
11.861545 
11.819456 
11.878563 
11.825485 
11.783121 
11.950982 
11.892446 
11.620790 
11.593265 
11.655120 
11.639421 
11.877847 
11.999813 
11.945835 
11.677330 
11.913912 
11.937856 
11.915067 
11.962309 
11.859884 
11.897064 
12.177511 
11.836904 
11.983398 
11.804633 
11.814844 
11.757134 
11.989531 
11.954330 
11.896155 
11.944563 
11.927901 
11.919655 
11.795183 
12.083044 
11.871232 
11.953046 
11.593372 
11.780622 
11.803435 
11.874692 
12.049233 
11.902076 
11.891077 
11.845907 
11.842992 
12.151268 
11.893746 
11.850537 
11.846036 
11.920011 
11.857012 
12.166207 
12.094403 
12.117098 
12.090436 
11.856784 
11.866698 
12.159892 
11.829504 
11.465594 
11.721900 
11.868778 
11.769712 
11.841225 
11.900251 
11.957498 
11.685729 
11.901514 
11.892529 
11.875853 
11.912322 
12.069483 
11.978589 
11.988585 
12.024159 
11.831263 
11.583259 
12.103947 
11.911853 
11.983547 
12.039955 
11.838994 
12.113510 
11.775761 
11.983591 
11.877663 
11.868206 
12.297137 
12.049687 
11.677266 
11.762795 
11.952613 
12.070240 
12.065833 
11.762891 
11.718315 
12.155607 
11.754155 
12.012594 
11.875932 
12.051069 
12.250835 
11.877823 
12.023418 
11.756598 
11.619615 
11.873262 
11.897177 
11.788635 
11.916536 
12.047486 
11.961059 
11.951022 
11.925069 
11.757597 
12.116551 
11.732487 
11.891515 
11.880263 
11.999673 
12.062999 
11.989892 
11.970750 
11.672537 
11.812936 
12.030068 
11.748791 
11.663025 
11.806926 
11.977897 
12.340274 
12.024534 
11.892873 
11.992622 
11.881969 
11.977104 
11.825921 
11.856674 
11.893099 
11.544157 
11.862145 
11.661761 
11.505289 
11.796182 
11.957225 
12.124245 
12.084218 
12.118426 
12.022229 
11.892374 
11.874996 
11.807298 
11.845729 
11.886044 
11.877516 
11.861502 
11.825465 
11.714834 
11.906436 
11.845315 
12.158021 
12.092337 
11.818126 
11.859641 
11.800553 
11.859010 
11.853481 
12.309231 
12.066169 
12.000320 
12.005330 
12.040912 
12.005887 
11.800276 
12.172361 
12.151444 
11.769133 
11.842616 
11.788111 
11.969313 
11.775415 
11.893295 
11.739544 
11.843637 
12.266108 
12.092214 
12.084002 
12.050955 
11.953051 
12.100739 
12.033731 
11.716595 
11.646039 
11.807201 
11.691675 
11.953830 
11.919031 
11.665372 
11.922397 
12.127322 
11.857649 
11.933971 
11.973411 
11.933375 
11.983622 
11.979580 
11.879975 
11.946042 
11.857247 
11.716517 
11.894709 
11.831837 
11.849505 
12.069384 
11.821695 
11.934421 
11.822789 
12.005237 
11.875537 
11.908068 
11.535463 
12.094001 
11.589578 
11.817015 
12.108817 
11.804221 
11.698418 
11.719609 
11.710978 
11.893003 
11.783713 
11.743745 
11.837679 
11.698501 
12.087734 
11.834053 
11.835920 
11.800005 
11.620500 
11.649449 
12.186707 
11.927377 
12.017829 
12.000095 
11.709515 
11.720648 
11.939615 
12.122605 
12.058447 
11.942761 
11.837051 
11.854854 
11.904801 
11.912363 
11.530941 
12.001680 
12.017567 
11.943869 
11.747887 
11.859632 
11.754917 
11.661114 
12.065088 
12.110490 
11.954173 
12.061915 
11.883916 
11.630369 
11.833332 
11.756842 
11.842271 
11.925791 
12.118282 
11.963136 
11.982736 
11.713926 
11.943551 
11.784697 
12.008560 
12.024197 
11.912468 
11.741522 
11.563263 
11.718874 
11.713744 
12.043466 
11.921844 
12.213027 
12.026144 
11.974794 
12.000939 
12.156370 
12.113488 
11.598271 
11.854518 
11.808788 
11.881512 
11.914564 
11.927316 
11.924824 
11.695048 
11.974619 
11.699183 
11.737147 
11.772311 
11.705013 
11.771898 
12.027401 
11.944486 
12.173525 
11.894783 
11.797052 
12.288202 
11.917823 
11.785574 
11.881949 
11.815705 
11.690083 
11.778162 
11.923037 
11.747692 
11.752587 
11.725109 
11.903386 
11.866991 
11.799495 
11.789266 
11.797772 
11.744458 
11.895742 
11.533424 
11.908802 
11.604956 
11.573722 
11.742686 
12.119148 
11.928161 
11.832462 
11.944873 
12.057341 
12.029286 
11.768826 
11.880279 
11.908576 
11.584079 
11.634501 
11.816779 
11.769928 
11.919815 
11.887973 
11.718960 
11.769516 
11.921075 
11.900512 
12.044687 
11.737382 
11.765530 
11.580245 
11.915775 
12.072873 
11.986297 
11.597728 
11.805454 
12.108569 
11.866228 
11.740886 
11.722266 
11.831442 
11.756524 
11.997537 
11.735776 
11.756280 
11.778359 
11.657857 
11.713726 
11.771976 
11.845899 
11.619533 
11.922809 
11.547955 
11.834934 
12.047246 
11.435398 
11.922567 
11.671271 
11.943293 
11.717153 
11.684540 
12.056170 
11.849890 
11.745378 
12.011112 
11.780231 
11.844827 
12.031378 
11.783606 
11.818548 
11.583527 
11.986390 
12.089892 
11.887632 
11.652693 
11.884109 
11.928901 
11.969137 
11.745822 
11.512671 
11.905656 
12.019650 
11.835556 
12.009150 
12.046175 
11.811081 
11.614140 
11.830727 
11.611945 
11.682537 
11.941652 
12.014929 
11.963526 
12.063103 
11.973475 
11.802890 
11.762336 
11.990518 
11.812759 
11.537445 
11.858199 
12.012768 
11.695302 
11.902611 
11.903325 
12.052350 
11.833087 
11.648173 
11.624857 
11.700146 
11.727836 
11.796929 
11.873731 
11.936118 
11.945251 
11.971883 
11.849033 
11.857654 
11.651122 
12.082469 
12.126897 
12.223462 
12.171135 
12.042488 
12.100509 
12.018354 
11.926631 
12.069318 
11.964659 
12.067233 
11.763926 
11.735486 
11.602152 
11.763227 
11.816307 
11.776140 
11.601498 
11.706084 
11.838270 
11.946244 
11.926628 
11.778703 
11.825873 
11.786951 
11.595566 
11.743302 
11.736869 
11.806681 
11.668022 
11.669369 
11.847265 
11.777665 
11.858258 
11.942817 
11.963914 
11.708742 
11.788051 
11.923114 
11.695686 
11.974520 
11.845732 
11.724322 
12.107024 
11.985205 
12.011625 
12.219536 
11.991782 
12.341910 
11.884859 
12.089945 
11.766642 
11.817824 
11.794894 
11.883126 
12.004555 
11.906658 
12.109550 
11.810868 
11.718990 
11.748673 
12.147081 
12.002554 
12.064527 
12.002418 
11.855881 
12.113195 
12.148407 
11.744759 
11.926763 
11.715784 
11.899445 
11.864975 
11.811840 
11.640408 
11.876020 
11.835672 
11.812206 
11.288767 
11.728428 
11.625845 
11.701670 
11.849824 
11.670764 
11.632641 
12.102535 
11.784478 
11.515345 
11.692024 
12.068407 
12.112699 
12.144792 
11.880128 
11.907674 
11.988784 
12.024150 
12.122998 
11.914962 
11.527107 
11.875231 
12.183412 
12.086561 
11.779746 
11.618493 
11.834957 
12.068095 
12.262695 
11.934788 
12.057684 
11.921473 
11.948657 
12.092323 
11.854242 
11.859161 
12.063420 
11.946311 
11.796209 
11.902598 
11.966578 
11.758715 
11.963933 
11.974982 
11.744929 
11.941067 
11.943643 
11.769722 
11.843242 
12.055949 
11.677587 
11.565272 
11.945503 
11.934114 
11.950831 
11.851106 
11.997507 
11.865401 
11.870287 
11.929893 
11.929080 
11.881442 
12.039425 
12.233165 
12.046293 
12.033821 
11.834103 
11.923356 
11.950523 
11.931530 
12.028466 
11.880730 
12.086855 
11.554970 
11.913034 
11.920979 
11.819867 
11.909308 
12.007815 
12.080854 
12.285930 
11.960258 
11.870702 
12.328839 
11.997496 
11.971308 
12.030193 
12.138959 
12.101863 
11.907990 
11.789451 
11.832933 
11.885744 
12.048756 
11.859087 
11.847345 
11.896686 
11.862027 
11.678976 
12.028939 
11.936789 
12.113094 
12.018750 
11.802210 
12.005893 
12.006259 
12.001655 
11.894595 
11.731893 
11.901044 
12.060331 
12.050773 
11.906663 
11.669661 
11.650088 
12.003244 
11.751684 
12.108086 
11.932542 
11.858390 
11.771351 
12.151761 
12.185573 
12.096967 
11.997377 
11.915792 
11.842726 
11.589240 
11.679847 
11.734894 
11.828056 
11.668436 
11.958886 
11.880389 
12.052131 
12.218113 
12.154438 
11.933121 
11.989236 
11.954967 
11.780184 
11.888077 
11.971877 
11.793234 
11.760116 
11.952332 
12.041486 
11.842413 
11.941746 
11.934166 
12.023101 
11.975723 
12.068509 
12.072974 
12.004245 
11.941208 
11.977046 
12.093096 
12.041430 
11.941864 
11.999515 
12.088110 
11.889047 
11.663562 
11.898069 
11.626262 
11.955650 
11.907977 
11.755581 
11.940684 
11.783864 
11.920217 
11.720036 
11.933198 
11.990219 
11.905479 
11.535938 
11.659927 
11.749101 
11.735049 
11.821811 
12.020038 
11.799504 
12.046230 
12.326955 
11.796826 
11.790542 
11.956074 
11.993785 
11.737559 
11.554044 
11.831079 
11.633725 
11.659916 
11.830186 
11.513221 
11.698185 
11.907872 
11.899658 
11.991913 
11.801048 
11.769303 
11.563724 
11.622308 
12.210816 
12.134737 
11.787672 
11.891992 
11.887137 
11.567384 
11.916042 
11.742888 
11.732959 
12.101251 
12.019723 
11.803926 
11.458249 
11.541602 
11.617887 
12.029882 
11.858206 
11.520945 
11.837714 
11.958390 
12.019192 
11.922648 
11.755037 
11.730918 
12.099748 
11.971830 
12.054648 
11.744231 
12.008439 
12.000428 
11.855160 
11.886608 
12.050925 
11.746983 
11.898291 
11.989187 
12.123251 
11.850841 
11.754719 
11.930685 
11.968202 
11.730553 
11.948539 
11.960665 
12.049368 
11.555734 
11.375583 
11.804100 
11.741161 
11.701618 
11.876127 
11.946178 
12.295399 
11.801169 
11.690526 
11.832604 
11.772187 
11.867080 
12.059992 
11.901219 
12.133772 
11.871800 
11.921273 
11.829541 
11.988547 
12.264402 
11.785243 
11.925150 
12.100424 
11.755971 
11.919707 
12.025846 
11.912020 
11.868877 
11.985595 
11.955331 
12.152307 
11.955207 
11.747073 
11.799980 
11.984258 
11.852967 
11.890569 
11.883885 
11.981311 
11.852479 
11.821414 
11.748485 
11.692885 
11.629688 
12.160787 
12.099386 
12.058353 
11.781601 
11.849025 
11.733076 
11.872483 
12.152082 
11.787727 
12.017918 
12.140256 
12.086124 
11.653274 
11.676645 
11.803383 
12.083134 
12.228289 
12.330027 
12.044747 
12.080538 
11.936821 
11.876581 
12.026962 
11.919770 
12.216643 
12.189136 
12.344044 
11.937821 
11.905703 
11.687807 
11.673738 
11.462366 
11.837841 
11.916118 
12.022429 
12.129369 
11.930078 
12.019627 
12.013854 
11.933215 
11.706968 
12.149687 
11.848910 
11.429936 
11.701945 
12.075293 
12.179856 
12.049381 
12.208285 
12.206931 
11.902797 
11.623609 
11.919129 
11.746605 
11.862709 
11.776326 
11.837313 
11.956647 
11.813985 
11.780183 
11.646566 
11.613188 
11.713320 
11.858774 
11.868329 
11.870355 
12.064143 
11.852998 
11.984338 
11.930938 
11.723933 
11.659554 
11.874640 
11.888845 
11.941331 
11.988739 
11.987950 
11.915110 
12.051277 
11.769628 
11.847290 
11.719341 
11.733727 
11.640451 
11.904490 
11.790953 
12.146302 
12.118399 
11.896068 
11.749218 
12.082665 
11.837678 
11.691685 
11.712644 
11.614222 
11.826910 
11.792907 
11.797857 
11.882059 
11.876558 
11.662988 
11.893856 
11.969373 
11.928194 
11.778221 
12.051486 
12.107739 
12.216810 
11.964312 
11.764726 
11.642899 
11.776143 
11.928946 
12.002050 
11.805359 
12.065106 
11.852075 
12.107746 
11.748260 
11.681421 
11.794787 
11.986221 
11.536453 
11.738079 
11.625290 
11.939876 
11.945639 
11.817543 
11.888045 
11.784129 
11.880669 
11.611364 
11.583622 
11.815035 
11.895337 
11.993508 
11.912381 
12.082445 
11.805503 
12.046967 
12.009714 
11.571563 
11.476190 
11.750390 
12.007684 
12.195878 
12.298434 
12.102903 
11.990764 
11.861928 
12.081928 
11.971013 
11.967179 
11.913076 
11.791635 
11.656628 
11.712144 
11.961561 
11.981140 
11.835060 
11.971081 
11.583624 
11.619746 
11.485788 
11.871673 
11.895730 
11.540124 
11.733220 
11.952056 
11.872730 
11.588957 
12.081161 
12.140091 
11.969745 
12.311178 
11.895562 
11.684753 
11.959452 
11.726383 
11.833871 
11.601272 
11.783482 
11.867093 
11.873211 
12.044101 
11.778290 
12.035006 
11.904542 
11.609130 
11.749876 
11.751536 
11.523277 
11.597837 
11.789418 
11.832787 
12.038688 
11.921305 
12.006084 
11.986753 
11.887301 
11.874166 
12.060960 
11.904984 
11.541413 
11.591789 
11.693660 
11.855200 
11.657143 
11.592412 
11.829351 
11.930080 
11.791848 
11.935745 
11.918022 
12.084423 
12.042969 
12.066299 
12.071530 
12.295799 
11.980500 
12.121388 
11.747479 
11.924953 
11.613048 
11.295296 
11.559409 
11.831155 
11.831697 
11.897710 
11.775780 
11.900239 
11.931123 
11.828155 
12.098595 
12.142334 
11.979484 
11.944401 
11.936903 
11.997650 
11.762566 
11.985464 
11.602674 
11.796157 
11.788963 
11.703508 
11.808695 
12.001877 
12.145092 
11.966821 
11.978352 
12.063024 
12.044407 
11.772786 
11.795117 
11.919551 
12.100270 
11.593949 
11.988895 
11.802122 
11.898846 
11.546215 
11.550022 
12.099988 
11.935837 
11.675189 
12.047781 
11.868530 
11.960305 
11.948755 
11.842256 
11.857975 
11.582637 
11.848196 
12.111298 
12.045259 
11.855073 
12.102933 
12.111549 
12.053936 
11.703123 
12.009917 
12.038471 
12.059961 
11.859279 
11.771581 
11.977284 
12.146289 
11.826780 
12.162833 
12.308901 
12.039258 
11.961885 
12.105817 
12.020882 
12.060485 
11.661234 
11.781105 
11.767152 
11.745431 
11.899731 
11.722888 
11.900996 
12.154885 
11.824101 
11.908250 
11.819012 
11.893621 
11.981382 
11.815899 
11.596544 
11.878623 
11.544026 
11.509007 
11.796104 
11.728307 
11.792178 
12.078910 
11.943780 
11.986713 
11.690066 
11.881514 
11.887188 
12.126332 
12.111953 
11.853409 
11.716266 
11.562666 
11.891782 
11.833499 
11.930983 
12.027873 
11.866330 
12.096884 
12.172505 
11.928518 
11.916522 
11.920966 
11.839000 
11.876393 
11.976079 
12.053406 
11.841662 
11.892360 
12.121755 
11.971431 
11.792774 
11.877696 
11.857953 
11.715069 
11.865034 
11.853852 
11.958641 
12.098859 
12.136595 
11.818802 
11.909888 
11.607770 
12.008934 
11.946917 
12.090389 
12.182165 
11.924322 
12.143834 
12.271680 
11.789646 
12.037607 
12.040157 
11.917611 
12.036478 
12.142494 
11.821889 
11.833386 
11.932405 
12.000266 
11.859473 
11.764442 
11.768267 
11.613070 
11.880276 
11.795721 
11.883110 
11.851961 
11.907380 
11.600471 
11.942790 
12.050038 
11.748373 
11.806261 
11.917074 
11.662458 
11.842798 
11.959300 
12.003362 
11.888069 
11.912189 
11.845114 
12.200103 
11.967113 
11.826476 
12.049836 
11.749045 
11.786187 
12.037642 
11.947533 
12.289829 
12.022800 
11.848071 
11.869181 
11.963578 
11.923074 
11.769534 
11.659655 
11.883071 
11.235701 
11.652324 
11.785994 
12.203383 
12.082155 
11.951376 
11.961998 
12.047120 
11.794356 
11.734174 
11.364453 
11.582653 
12.106861 
12.122934 
11.886473 
11.680436 
11.773882 
11.785806 
12.117827 
12.205996 
11.834885 
11.682269 
11.953084 
11.993890 
12.250796 
11.908511 
11.786021 
11.705944 
11.757318 
11.893520 
11.859982 
11.759797 
11.616644 
11.831958 
11.878482 
11.941237 
11.266400 
12.027530 
12.144998 
12.341923 
11.776337 
11.767605 
11.751578 
11.961435 
11.958023 
11.825363 
11.798816 
11.836321 
11.567465 
11.928939 
11.888158 
11.932542 
11.830311 
11.952473 
11.929684 
12.146975 
12.022610 
11.919395 
11.883612 
11.647827 
11.697670 
11.999205 
12.021441 
12.086247 
12.181364 
11.929327 
11.923968 
12.003290 
11.838540 
11.785091 
11.862401 
11.665635 
11.908257 
11.826097 
11.707950 
11.809118 
11.772271 
12.003339 
12.201660 
12.113498 
11.715515 
11.684271 
11.630602 
11.712138 
11.850054 
12.040694 
11.964327 
11.893466 
11.935455 
11.914899 
11.977420 
12.070408 
12.014739 
11.766178 
11.878031 
11.890080 
11.873547 
11.705359 
11.985897 
11.588096 
11.801069 
12.097393 
11.855669 
11.874011 
12.031489 
12.031479 
12.432393 
11.854062 
11.775491 
11.854343 
11.864058 
11.596318 
11.434766 
11.627656 
11.780099 
11.582068 
11.602503 
11.976089 
11.992609 
11.880058 
12.084215 
11.994714 
11.658851 
11.908104 
11.833871 
11.364016 
11.724491 
11.613348 
11.773379 
11.829040 
11.981831 
11.990104 
12.030056 
11.519470 
11.704229 
11.668581 
12.005437 
12.157852 
11.971811 
12.025602 
11.776692 
12.083589 
12.033283 
11.666822 
11.937040 
11.738835 
11.942372 
11.851624 
11.864432 
11.830384 
11.603903 
11.757118 
11.853081 
11.892974 
11.944153 
11.878910 
11.621501 
11.884625 
11.868374 
11.909784 
11.895342 
12.150361 
11.828323 
11.935914 
12.001212 
11.830940 
11.654768 
12.096042 
12.326905 
12.167390 
12.139013 
11.724760 
12.044416 
11.800244 
11.598547 
11.621383 
11.971840 
11.725261 
11.541024 
11.773727 
11.922530 
11.802766 
11.884213 
11.806092 
11.682677 
11.771396 
12.180315 
12.055633 
12.007495 
11.918264 
11.965668 
11.955798 
11.744574 
11.733372 
11.791355 
12.181632 
11.919292 
12.017700 
11.996063 
11.918323 
11.548646 
11.723030 
11.750101 
11.746482 
11.757089 
11.997303 
12.060104 
12.040069 
12.153566 
12.057941 
11.811975 
11.877961 
11.621540 
12.221848 
11.725948 
11.813363 
11.738915 
11.562753 
11.793356 
11.774775 
11.713526 
12.165974 
11.917383 
12.044298 
12.230184 
12.020535 
11.722789 
11.540470 
11.879611 
11.320701 
11.545093 
11.734099 
11.942710 
12.262168 
12.164087 
11.793950 
11.563542 
11.814691 
11.523608 
11.917137 
11.832478 
11.835197 
11.772702 
11.748269 
11.880436 
11.842969 
11.715768 
11.911197 
11.614220 
11.714259 
11.762450 
11.617824 
11.694612 
11.882654 
11.722053 
11.779081 
11.985423 
11.821503 
11.987036 
12.171289 
11.827268 
12.033303 
11.947628 
11.678235 
11.896319 
11.952671 
12.049755 
11.788200 
11.918266 
12.210079 
12.042480 
11.863300 
11.873251 
11.714684 
11.822179 
11.731827 
11.902199 
11.875051 
11.778224 
11.735356 
11.823014 
11.937085 
11.826984 
11.626148 
12.071013 
12.000734 
11.940226 
12.159345 
11.819904 
11.841729 
11.904233 
11.752533 
11.766468 
11.697616 
11.772163 
11.907490 
11.615162 
11.736526 
11.721451 
11.611357 
11.830602 
11.772685 
11.793311 
11.944848 
11.649286 
11.932758 
11.888249 
11.990622 
11.975582 
12.084455 
11.856652 
12.103870 
12.063620 
12.030968 
11.902936 
11.943482 
11.579812 
11.733379 
11.744776 
11.854144 
12.009147 
12.071073 
12.174170 
11.712447 
11.832741 
11.837868 
12.147873 
12.170239 
11.977807 
11.946932 
11.797983 
11.946963 
11.707511 
11.747154 
11.810061 
11.979062 
11.748124 
12.129169 
12.018439 
11.852656 
11.696137 
12.091058 
11.931578 
11.921981 
11.675212 
11.499361 
11.613544 
12.310430 
11.909217 
11.928434 
11.911704 
12.005021 
12.053311 
12.092699 
11.953844 
12.114926 
11.723221 
11.735456 
12.048839 
11.918778 
11.870951 
12.059770 
11.755313 
11.787646 
11.722369 
11.505824 
11.851506 
12.036644 
12.039354 
12.110468 
11.988918 
12.176813 
11.816409 
12.082991 
11.617284 
11.690698 
12.128209 
11.768060 
11.783689 
11.995663 
12.064766 
11.974576 
11.910343 
11.995713 
12.270132 
11.817841 
11.734383 
12.057491 
12.115605 
11.863539 
11.878968 
11.655969 
11.904349 
12.280884 
11.533678 
11.842076 
11.861562 
11.962214 
11.889403 
11.770637 
12.002698 
11.742169 
11.673311 
11.629230 
11.652885 
11.620251 
11.754942 
11.717956 
12.058722 
12.080138 
12.007013 
11.937065 
11.769151 
11.979242 
11.814692 
12.062346 
11.602205 
11.964663 
12.074852 
11.689980 
11.723140 
11.747736 
11.708163 
11.651626 
11.892842 
12.009603 
12.176650 
12.018953 
11.956935 
11.776133 
11.766134 
11.695095 
11.772521 
11.537144 
11.700765 
11.917459 
11.853709 
12.069685 
11.789967 
11.904130 
11.705488 
12.041605 
11.997407 
11.808914 
12.052748 
11.990835 
11.847695 
11.999986 
12.089106 
12.145513 
11.897908 
11.920684 
11.824934 
11.867980 
11.800669 
11.644567 
11.754432 
12.115971 
11.773386 
11.649961 
11.954955 
11.717616 
11.905631 
12.081956 
11.764528 
11.832699 
12.014581 
11.949968 
11.915650 
11.946050 
12.245748 
12.120858 
12.058027 
12.060317 
11.786638 
11.913242 
11.477792 
12.133456 
11.880154 
11.731040 
11.742472 
11.720357 
11.876784 
11.746562 
11.945909 
11.913613 
11.881730 
11.903128 
11.791246 
11.998231 
12.049003 
11.931849 
12.112929 
12.034216 
11.882354 
12.166624 
12.141964 
11.656740 
11.794281 
11.855412 
11.766845 
11.951020 
11.963970 
11.876748 
11.948424 
11.814877 
12.223988 
12.169794 
12.040817 
11.940777 
11.773135 
11.870570 
11.668092 
11.850506 
11.672027 
11.636512 
11.730466 
11.894531 
11.842414 
11.775451 
11.868932 
11.653564 
11.861964 
11.905082 
11.951977 
11.998223 
11.878474 
11.640495 
11.851804 
11.904305 
12.405032 
11.910168 
11.957858 
11.929256 
11.704280 
11.695014 
11.906190 
11.950773 
11.988755 
11.984221 
12.101438 
11.742100 
11.829183 
11.966479 
11.934734 
11.891929 
11.941541 
11.859830 
12.045398 
11.934137 
11.951990 
11.774218 
11.505591 
11.919306 
11.959663 
11.810291 
11.860465 
12.026039 
11.733400 
11.571247 
11.721825 
11.898452 
11.971648 
12.076722 
11.932603 
11.692717 
11.872094 
11.770480 
11.886299 
11.758474 
11.425896 
11.682876 
11.835411 
11.908859 
11.744512 
11.798964 
11.921087 
11.919337 
11.799575 
11.984569 
11.997427 
11.894101 
11.832606 
11.816509 
11.658534 
11.783692 
11.748080 
11.779197 
11.826514 
11.718587 
11.935725 
11.824060 
11.819249 
11.808679 
11.765804 
11.699577 
11.697358 
11.737127 
11.800577 
12.281913 
12.174212 
11.925212 
12.066818 
11.910564 
11.937998 
11.649351 
11.778709 
11.634792 
11.475939 
11.962204 
12.338141 
11.904103 
11.950766 
12.133662 
11.977831 
11.992691 
11.931211 
11.995078 
12.025011 
12.016370 
11.748228 
11.659501 
12.106794 
11.950740 
11.961922 
11.965000 
11.870452 
11.757348 
11.931315 
12.041006 
11.991175 
11.835053 
12.041960 
12.036515 
11.737279 
11.884140 
11.563071 
11.606061 
11.821333 
11.892449 
11.872526 
11.793744 
11.650724 
11.925924 
11.661926 
11.690105 
11.627813 
12.219017 
12.160248 
12.014858 
12.116978 
11.837613 
11.831493 
11.729848 
11.929651 
12.173365 
11.980082 
11.699054 
11.950296 
11.707287 
11.861579 
11.999171 
11.846090 
11.861885 
12.115612 
12.106835 
11.928001 
11.724243 
12.116740 
12.001702 
11.962512 
11.902366 
12.153248 
11.915806 
11.816401 
12.064286 
11.839209 
11.653456 
11.631162 
11.998693 
11.968521 
11.523114 
11.818722 
11.843058 
12.157944 
11.884030 
11.803103 
11.760406 
11.992472 
11.817379 
11.859780 
11.881567 
11.838399 
11.692976 
11.713995 
11.840473 
12.009775 
12.125883 
11.942391 
12.199492 
12.190518 
12.032346 
12.132652 
12.266039 
11.951015 
12.105327 
12.036005 
11.929326 
12.046252 
11.837273 
11.995627 
11.913451 
11.656256 
11.780250 
11.792201 
11.710021 
11.705423 
11.825906 
12.051895 
11.916137 
11.887511 
12.114648 
11.877392 
11.825828 
11.916042 
11.918193 
12.052604 
11.731804 
11.873157 
11.899479 
11.917234 
11.756516 
11.814686 
12.025357 
11.984747 
11.595337 
11.909109 
12.057647 
12.198054 
12.272449 
12.077151 
11.767839 
11.845066 
11.692392 
11.729549 
11.966226 
11.555705 
11.713112 
11.811447 
12.000471 
11.757688 
11.819508 
12.109624 
12.023347 
12.132415 
11.860008 
11.978260 
11.909206 
12.017988 
12.179685 
12.006615 
11.893728 
11.888573 
11.888984 
11.963769 
11.886955 
11.793120 
12.027114 
11.960152 
11.856378 
11.892587 
12.048834 
12.134730 
12.052282 
11.792325 
11.929699 
11.617226 
11.878114 
11.850043 
11.720008 
11.933527 
11.917949 
11.893562 
11.779479 
11.935960 
11.914077 
11.804457 
12.159024 
12.029538 
12.018414 
12.198390 
11.929790 
12.034699 
12.059077 
11.800713 
11.903678 
11.927345 
11.775019 
12.019421 
12.020120 
11.768754 
11.937992 
11.888869 
11.713938 
11.500224 
11.754888 
11.836146 
12.052644 
11.932786 
11.972240 
12.002389 
11.824545 
11.970415 
11.966592 
11.715708 
11.963127 
12.037923 
12.017744 
11.993946 
11.734243 
11.644624 
11.540377 
11.631377 
11.695855 
11.580955 
11.719521 
11.625092 
11.900042 
12.076493 
12.164940 
11.919560 
11.979909 
12.060511 
12.027508 
12.113335 
11.969352 
11.715845 
11.711750 
11.866309 
11.873731 
11.857158 
11.906568 
11.760495 
11.670228 
11.735992 
11.928161 
11.796557 
11.787069 
11.878607 
11.884232 
11.963614 
11.791145 
12.029427 
12.006384 
11.791707 
11.786270 
11.691535 
11.901894 
11.803579 
11.987822 
11.976396 
11.956535 
11.871110 
11.795511 
11.860805 
11.749424 
12.039215 
11.615350 
11.662191 
12.027950 
11.914109 
12.082771 
11.613234 
11.963993 
11.980291 
12.126761 
12.121337 
11.867998 
12.100692 
11.727666 
11.795182 
11.722786 
12.002907 
12.111478 
11.819423 
12.268223 
11.937300 
11.678263 
12.027806 
11.730562 
11.905363 
11.893707 
12.050816 
12.423469 
11.971258 
12.039720 
12.017711 
11.965624 
11.992560 
11.999250 
11.562515 
11.829053 
11.795618 
12.129826 
12.306837 
11.948295 
11.856224 
12.158465 
12.073063 
11.843096 
11.539978 
12.024052 
12.088957 
11.955763 
12.025902 
11.911519 
11.900513 
12.064072 
11.898137 
12.296262 
11.558893 
11.776917 
11.898083 
12.277402 
12.254731 
12.260960 
12.200567 
12.192191 
12.027783 
11.896716 
11.857471 
12.184253 
11.745236 
11.848690 
11.487378 
11.519547 
11.816319 
12.265747 
12.147204 
12.038870 
11.666615 
11.852740 
11.828433 
11.774216 
11.507767 
11.642432 
11.966019 
11.699307 
11.931053 
11.991644 
11.826331 
11.755316 
11.383634 
11.842390 
11.966673 
11.909475 
11.910716 
12.086112 
11.975591 
12.405620 
12.025878 
11.999903 
11.708566 
11.736137 
11.779906 
11.512647 
11.917576 
12.156262 
11.769895 
12.009266 
12.217584 
11.564940 
11.718782 
11.899813 
11.977730 
11.946829 
11.984078 
11.975157 
11.843007 
11.634390 
11.892518 
11.699659 
11.750079 
11.722347 
11.898124 
11.932667 
11.874545 
11.633517 
11.703464 
11.683301 
11.898727 
11.921700 
11.700987 
11.801752 
11.731732 
11.780300 
11.860684 
11.564637 
11.878970 
11.874835 
12.044939 
11.867259 
11.901111 
11.822569 
12.001034 
11.877751 
12.081638 
12.149966 
12.023938 
11.618240 
11.947180 
12.165231 
11.782213 
11.892596 
11.872217 
11.887934 
11.891890 
11.955718 
11.984322 
12.085047 
11.764723 
11.774080 
11.943339 
12.042354 
12.125396 
11.820113 
11.616302 
12.077730 
11.844383 
11.879816 
11.824354 
11.882964 
11.870183 
11.906281 
12.165756 
11.750321 
11.975552 
11.936808 
11.932335 
12.048137 
11.854939 
11.443101 
11.892049 
11.865271 
11.935030 
11.979535 
12.162859 
11.859222 
12.073413 
11.815200 
11.875784 
11.940452 
11.937788 
11.970815 
12.027734 
12.219665 
11.986798 
11.595653 
12.006793 
11.960914 
11.820913 
11.928143 
12.125956 
11.737134 
11.935135 
11.725364 
12.231733 
11.882197 
12.071566 
11.963586 
11.890403 
11.627819 
11.671402 
11.949139 
11.830342 
11.971325 
12.047399 
11.935071 
11.843176 
12.064841 
12.072552 
12.044802 
11.895917 
11.801531 
11.636220 
11.669092 
11.949177 
12.117998 
12.147465 
11.837422 
11.544636 
11.735298 
12.005031 
11.957454 
11.654711 
11.897569 
11.867172 
11.846197 
11.876784 
11.974658 
11.963860 
11.839226 
11.576849 
11.794203 
11.861447 
11.874942 
12.288574 
11.856584 
12.000359 
11.850253 
11.744839 
11.686744 
11.735494 
11.746493 
11.852099 
11.807120 
11.983605 
12.015452 
11.980048 
12.043213 
11.766584 
11.806366 
11.944813 
11.970173 
11.940681 
11.538612 
11.869869 
11.752872 
11.627375 
11.770718 
11.926226 
11.802097 
11.972255 
12.039720 
11.878306 
11.894530 
11.817900 
11.921110 
12.044508 
12.014456 
11.849383 
12.062857 
12.167921 
12.292567 
12.176185 
12.149167 
12.131862 
11.861196 
12.223043 
11.890480 
11.944265 
12.178978 
11.760346 
11.992381 
11.959491 
12.087980 
11.973166 
11.830290 
11.703423 
11.810380 
11.990833 
11.683245 
12.039141 
12.025574 
11.892024 
11.574863 
11.769936 
11.814985 
11.744909 
11.398369 
11.692701 
11.685850 
11.875630 
11.934030 
11.820523 
11.844335 
11.672716 
12.263524 
11.673013 
11.538381 
11.760450 
11.876687 
11.749681 
11.962094 
11.649484 
11.742368 
11.682759 
11.803763 
11.762099 
11.963453 
11.807124 
11.897058 
11.960767 
12.111913 
11.838880 
11.983386 
12.028015 
11.559093 
11.989019 
11.704668 
12.032612 
12.093847 
12.216191 
12.089047 
12.076493 
12.086442 
12.071457 
11.928759 
12.154661 
12.008202 
11.927417 
12.180191 
11.908235 
11.872125 
11.636447 
11.836114 
11.892714 
11.917896 
11.734806 
12.041930 
11.749447 
11.932891 
12.130278 
12.059993 
12.071280 
11.973813 
11.717083 
11.934544 
11.801563 
11.989270 
11.702320 
11.682573 
11.859012 
11.619941 
11.831037 
11.801538 
11.956483 
11.804958 
11.816702 
11.974149 
11.943749 
11.672782 
11.687622 
11.773029 
11.613115 
11.909050 
12.172192 
11.791788 
11.834718 
12.051360 
11.880918 
12.128381 
11.964131 
11.774512 
11.897871 
12.049592 
11.766306 
11.894059 
11.651885 
12.141842 
11.759872 
11.968016 
11.689599 
11.547629 
11.750446 
11.775783 
12.008032 
11.983194 
11.986132 
11.797263 
11.769460 
11.665679 
11.781791 
11.900154 
12.105921 
11.848789 
11.625155 
11.820455 
11.776988 
11.699021 
11.678989 
12.037242 
11.693315 
11.839429 
11.775973 
11.753673 
11.698517 
11.631468 
11.664119 
11.576385 
11.716798 
11.722959 
11.868652 
11.903343 
11.873448 
11.774164 
11.912224 
11.787675 
11.819293 
11.973201 
12.132005 
11.998924 
11.865911 
11.820385 
12.010140 
12.075127 
11.642222 
11.835516 
12.215063 
11.771888 
11.468170 
11.780968 
11.645211 
11.795639 
11.902257 
11.848252 
11.844691 
11.954855 
11.991864 
11.867382 
11.805517 
11.805672 
11.747669 
11.892565 
12.169542 
12.290266 
12.098617 
11.835503 
11.922773 
11.720050 
11.812300 
11.776587 
11.973159 
11.873155 
11.830134 
11.704835 
11.746003 
12.139217 
12.234993 
11.876071 
12.036131 
12.217723 
11.933439 
12.025118 
12.123175 
11.863302 
11.607742 
11.601748 
11.702285 
11.597789 
11.466285 
11.784272 
11.882237 
11.767695 
11.839347 
12.114927 
11.917114 
11.861883 
11.886372 
11.850880 
11.973140 
12.017977 
11.978166 
12.264978 
12.171024 
11.865991 
11.929253 
11.774900 
11.631554 
11.993369 
11.639298 
12.052300 
12.110242 
11.942516 
11.742386 
11.783013 
12.034542 
11.876997 
11.825119 
11.801801 
11.907290 
12.019000 
11.665627 
11.788881 
11.814496 
11.466764 
11.799531 
12.109694 
12.023452 
12.154110 
12.061958 
11.624992 
11.689400 
11.630687 
11.967568 
11.943003 
11.689566 
11.852899 
12.010641 
11.813463 
11.918017 
11.715133 
11.706269 
11.762059 
11.626013 
11.834603 
12.073616 
12.089274 
11.989959 
11.870678 
11.873516 
11.903415 
11.969530 
11.711370 
11.965400 
12.138756 
11.861420 
11.753444 
12.062226 
12.120972 
11.631707 
11.995547 
12.025618 
12.355864 
12.139960 
11.604495 
11.876022 
11.958144 
11.729106 
11.848812 
11.818591 
11.727036 
11.747305 
11.800217 
11.854646 
11.745957 
11.627655 
11.929300 
11.807260 
11.696302 
11.645524 
11.938692 
11.710348 
11.475611 
11.787714 
12.137984 
12.192470 
11.843587 
11.818922 
11.928208 
11.909081 
11.846377 
11.905741 
11.792132 
11.583022 
11.612270 
11.459243 
11.867306 
11.817267 
11.696175 
11.655002 
11.677134 
11.939163 
12.016416 
12.000535 
11.963652 
12.037173 
12.215862 
11.901439 
11.786849 
11.882610 
11.842350 
11.644296 
11.854041 
11.873267 
11.923235 
11.925520 
11.991518 
11.889735 
11.738628 
11.602563 
11.750431 
11.840641 
11.913002 
11.841562 
11.839996 
11.977498 
12.043101 
12.004333 
12.006413 
11.979878 
11.810259 
11.726216 
11.808895 
11.716830 
11.886414 
11.972811 
12.066481 
12.400664 
11.961692 
11.960336 
11.685648 
11.704954 
11.824462 
12.127668 
12.033817 
11.734447 
11.792540 
11.783487 
11.571821 
11.775474 
11.664393 
11.909788 
11.869924 
11.810440 
11.755125 
11.858742 
12.045945 
12.047930 
11.992354 
11.849986 
11.743735 
11.679378 
11.766260 
12.165776 
12.045211 
12.088334 
11.651783 
11.880191 
11.429339 
11.963479 
12.071180 
11.818709 
11.893980 
11.831654 
11.487030 
11.797561 
11.759443 
12.008608 
11.781691 
12.324771 
11.856083 
11.822153 
11.989871 
12.002531 
11.672897 
11.873747 
12.040681 
11.920565 
12.121927 
12.114585 
12.124753 
12.055568 
11.927858 
12.000210 
11.785597 
11.976569 
11.758938 
11.953775 
11.988777 
11.896257 
11.858626 
12.206946 
11.913025 
11.802671 
11.933545 
12.272279 
12.572002 
11.843898 
11.878292 
11.802560 
11.848564 
12.038862 
12.044162 
12.018472 
11.997045 
11.748682 
11.766137 
11.666342 
11.743521 
11.630557 
11.922148 
11.924512 
11.887793 
11.841856 
11.770233 
11.757424 
11.801835 
11.875260 
11.825966 
11.997814 
11.875460 
11.645593 
11.773702 
11.698348 
11.991823 
11.969151 
11.846784 
11.955176 
11.705744 
11.724083 
11.928860 
11.701766 
12.057254 
12.081299 
12.086028 
11.729980 
11.796275 
11.939781 
12.210152 
11.797364 
11.905442 
11.899098 
11.749533 
11.691506 
12.339828 
11.789623 
11.609901 
11.780505 
12.029784 
11.807127 
11.877991 
11.666000 
11.830135 
11.925176 
11.883805 
11.842255 
11.920557 
11.667433 
11.866487 
11.938158 
12.139124 
11.713238 
11.837387 
12.171436 
11.922571 
11.770590 
11.620834 
11.712678 
11.916361 
11.819857 
11.876380 
12.043398 
11.867066 
11.887582 
11.997813 
11.840706 
11.767810 
11.813752 
11.736293 
12.095435 
11.990478 
11.778203 
11.919079 
12.191984 
11.796079 
11.785562 
11.574230 
11.857936 
11.790516 
11.899567 
11.759319 
11.815800 
11.706747 
11.941096 
11.787776 
11.585285 
11.816288 
11.938060 
11.930284 
11.758334 
11.700956 
11.915668 
11.917749 
11.716805 
12.025341 
12.141208 
11.730191 
11.739794 
11.851357 
11.751273 
12.024974 
12.013805 
11.849616 
11.847391 
11.676739 
11.704835 
11.794090 
11.866203 
11.828107 
11.648473 
11.651585 
11.779636 
11.843298 
12.005496 
11.775735 
12.094992 
11.787939 
11.968039 
11.982456 
11.909669 
12.133655 
12.307767 
11.760509 
11.698354 
11.818525 
11.923144 
11.775886 
11.844838 
11.906289 
11.998748 
11.911902 
11.863069 
11.880654 
12.079351 
11.829033 
12.084001 
11.812121 
11.894434 
11.756440 
11.940339 
11.867467 
12.111904 
11.923704 
11.773697 
11.805452 
11.786808 
11.928417 
11.861123 
11.950147 
12.036790 
11.700832 
12.088689 
12.056859 
12.044934 
12.066846 
11.945680 
11.693346 
11.804018 
11.898476 
11.797904 
11.949678 
11.930150 
11.794424 
12.056740 
12.119352 
12.128564 
12.369127 
11.958788 
12.078042 
12.116419 
11.989380 
11.953134 
12.076754 
11.870036 
11.680364 
11.974015 
11.801135 
11.709759 
12.110286 
11.841382 
12.091535 
12.089186 
11.933230 
12.037506 
11.751791 
11.509464 
11.510193 
11.758429 
11.795495 
11.658423 
11.686243 
11.881226 
11.763198 
12.034948 
11.780282 
11.649201 
11.681508 
12.014046 
11.938405 
12.146757 
11.963016 
11.917745 
11.811524 
11.613723 
11.686765 
11.633455 
11.764872 
11.997614 
11.592205 
11.894422 
11.650137 
11.895530 
11.930053 
11.956103 
11.668019 
11.730839 
11.762944 
11.722858 
11.664936 
11.785354 
11.835882 
11.956432 
11.831309 
11.834516 
11.649568 
11.754289 
11.704111 
11.905600 
11.967232 
11.679371 
11.805134 
11.948602 
12.030410 
12.048395 
12.241185 
11.497464 
11.852151 
11.992594 
11.913044 
11.975093 
11.938861 
11.924595 
11.884425 
11.892859 
12.030248 
12.030128 
11.854792 
11.889967 
11.978753 
11.792891 
11.843085 
11.843957 
11.768783 
11.567453 
11.613794 
12.032044 
12.121784 
12.316530 
12.040806 
11.802005 
11.940205 
11.786055 
12.014182 
11.971236 
11.776093 
11.758987 
11.746628 
11.950357 
12.084817 
11.947918 
11.940192 
11.987788 
11.855220 
12.071707 
11.819753 
11.965206 
11.887555 
12.191774 
11.778712 
11.570109 
12.028853 
11.808390 
11.877773 
11.907968 
12.002542 
11.912192 
11.882712 
11.905418 
11.836978 
11.560638 
11.799777 
12.150241 
12.087201 
12.037223 
11.904262 
11.873983 
11.655719 
11.886822 
11.708229 
11.823575 
11.628817 
12.002693 
11.841364 
12.045743 
11.768380 
11.770509 
11.842757 
11.825818 
11.888612 
11.957080 
11.397133 
11.708009 
11.814297 
11.583249 
11.868010 
11.924751 
11.958335 
12.082762 
11.996531 
11.895849 
11.557122 
11.848412 
11.878658 
11.842669 
11.979295 
11.751624 
11.944338 
12.157894 
11.619984 
11.927251 
11.782820 
11.812770 
11.846365 
12.005290 
12.036029 
11.797668 
11.923590 
11.623271 
12.095865 
11.928221 
11.690266 
11.695142 
11.854325 
11.959850 
11.858040 
11.736987 
11.768388 
12.111406 
11.903147 
12.043530 
11.901924 
11.945536 
11.684106 
11.770352 
12.267432 
12.000587 
11.970453 
11.758741 
11.874482 
11.611160 
11.773572 
11.981236 
11.856122 
11.803426 
12.031365 
11.774343 
11.722667 
11.967206 
11.872472 
11.861295 
11.573940 
11.759125 
12.006541 
11.794636 
11.747641 
11.589482 
11.854147 
11.769694 
11.701214 
11.749394 
11.911048 
11.694701 
11.608987 
11.721399 
11.656817 
11.762043 
11.826982 
12.022755 
11.766544 
11.765543 
11.801116 
11.804990 
12.130264 
11.926923 
12.158033 
11.921123 
11.821699 
12.006729 
12.239380 
11.986879 
12.043877 
11.988235 
11.987798 
11.969871 
11.893592 
11.785137 
11.964596 
12.349780 
11.916821 
12.081980 
12.146147 
11.820396 
11.871114 
11.900564 
11.766469 
11.891835 
11.597607 
11.969030 
11.896139 
11.706904 
11.688492 
11.912561 
11.677315 
11.743127 
11.782017 
11.720031 
11.917196 
11.728290 
11.673372 
11.799575 
12.051265 
11.622675 
11.923084 
11.834823 
12.172637 
11.923372 
11.982515 
12.037838 
12.018993 
11.841330 
11.978491 
11.976310 
11.557959 
11.554156 
11.745645 
11.804242 
11.868659 
11.944571 
12.285809 
11.914618 
11.720328 
11.707599 
11.773060 
11.710189 
11.970674 
11.733068 
11.904622 
11.836931 
11.896411 
11.773603 
11.940397 
12.021084 
11.901520 
12.051690 
11.573690 
11.593758 
11.911837 
12.002972 
11.928179 
12.169914 
11.737483 
11.812481 
11.917210 
11.621771 
11.627743 
11.909177 
11.996716 
11.804283 
11.760413 
11.937807 
11.848689 
11.991332 
11.860605 
11.739668 
11.880043 
11.880217 
11.684707 
11.758470 
12.068100 
11.939998 
11.890237 
12.081633 
12.031688 
11.960069 
11.759761 
11.925751 
12.060442 
11.811677 
11.777362 
11.757880 
11.689443 
11.653893 
11.835824 
11.960635 
11.913339 
12.013485 
12.088394 
11.749221 
11.557538 
11.784713 
11.921873 
12.034949 
11.866806 
11.929884 
11.972035 
11.821803 
11.866397 
11.899249 
11.705801 
11.812249 
12.003120 
11.951169 
11.920010 
11.815066 
12.099388 
11.983041 
11.924731 
11.857329 
11.941532 
11.729155 
12.360963 
11.986147 
11.731570 
12.035312 
11.631673 
11.995128 
11.739185 
11.873267 
11.911733 
11.838018 
12.083366 
11.953777 
11.698402 
11.728550 
11.823765 
11.989222 
12.038722 
12.147659 
11.850186 
11.918097 
11.778250 
11.885835 
11.968379 
11.974543 
12.047186 
11.828648 
11.654298 
11.591144 
12.045714 
11.800922 
11.864250 
11.809721 
12.229713 
11.996820 
12.068901 
12.130331 
11.751696 
11.824286 
11.829124 
11.946066 
11.967929 
12.235041 
11.742467 
11.878960 
11.752315 
11.629429 
11.800149 
11.980861 
11.993887 
11.901733 
11.840289 
12.153160 
11.985533 
11.783501 
11.924497 
11.745912 
11.958750 
11.996740 
11.597773 
11.696187 
11.773782 
11.702036 
11.848725 
11.912889 
12.049414 
12.350758 
11.829604 
11.561444 
12.083188 
11.602909 
11.895054 
11.740470 
11.758250 
11.717223 
11.539659 
11.734213 
11.865005 
11.930360 
11.829559 
11.931383 
11.845713 
11.753765 
11.724674 
12.013781 
11.901871 
11.513606 
11.953486 
12.023929 
12.111273 
11.920327 
11.679395 
11.694812 
11.983167 
11.972935 
12.018712 
12.119312 
12.235352 
12.017076 
12.079587 
11.709594 
11.926940 
11.995267 
11.953220 
11.927410 
11.813913 
11.794889 
11.903157 
11.541941 
11.902402 
12.039464 
11.706052 
11.470430 
11.965316 
11.951935 
11.636609 
11.837889 
11.901004 
12.258370 
11.556367 
11.806441 
11.744247 
11.911762 
11.976516 
11.783178 
11.759513 
11.804416 
11.829877 
11.878621 
11.528682 
11.758019 
12.148182 
12.078993 
11.886709 
11.772503 
12.057512 
11.797524 
11.723460 
11.563604 
11.821334 
11.461758 
11.772694 
11.795836 
11.975326 
11.910743 
11.837608 
11.985632 
11.857609 
11.788860 
11.868128 
11.757600 
11.785595 
11.954472 
11.996505 
11.836984 
12.020346 
12.073997 
12.205078 
12.098165 
12.141503 
11.903579 
11.852542 
11.868447 
11.876572 
12.056602 
12.093971 
11.892519 
11.682174 
11.954789 
11.924993 
11.865249 
12.341626 
12.121192 
12.031164 
12.013826 
11.611568 
11.779625 
11.717275 
11.908376 
11.978340 
11.961338 
11.682264 
11.577544 
11.739382 
11.995442 
12.098710 
12.238510 
11.686292 
12.006217 
11.902844 
11.851484 
12.255248 
12.330505 
11.673059 
11.552670 
11.633417 
11.892782 
12.058931 
12.107292 
12.330256 
12.122517 
12.174324 
11.864658 
11.993360 
11.397888 
11.589732 
11.726077 
11.741563 
12.091892 
11.935541 
11.847038 
11.823937 
12.010634 
11.856971 
11.966609 
11.934567 
11.856871 
11.644283 
12.103570 
12.040616 
11.954253 
12.081482 
11.717254 
11.942380 
11.925124 
12.055159 
11.808394 
11.941739 
11.807864 
11.788828 
12.044641 
11.955641 
11.923773 
11.932015 
11.883701 
11.568673 
11.840682 
11.900930 
11.811985 
11.694123 
11.976419 
12.015359 
11.941909 
11.702090 
11.757024 
12.162727 
12.055350 
11.978344 
12.000448 
12.306984 
11.813394 
12.079946 
11.751288 
12.122030 
11.882458 
11.611899 
11.968020 
12.033064 
11.751769 
11.817556 
12.000385 
11.997619 
11.874477 
11.726675 
11.878498 
11.768784 
12.049394 
11.906308 
11.495376 
11.529687 
11.781245 
11.790889 
11.868981 
11.948969 
12.060302 
11.879756 
11.937706 
11.816236 
11.559314 
11.698317 
11.587821 
11.616773 
11.847117 
11.971224 
11.746011 
11.693521 
11.723117 
12.081891 
11.854083 
11.660554 
11.589691 
11.621197 
11.793321 
11.619238 
11.769370 
11.777444 
11.835748 
11.945763 
11.874680 
11.802663 
11.729744 
11.937529 
11.861937 
11.708694 
11.738041 
11.944540 
12.022224 
11.628638 
11.682063 
12.063960 
11.837645 
12.014046 
11.617095 
11.682711 
12.024411 
11.856141 
12.186500 
12.062212 
12.146655 
11.845601 
11.993899 
12.028230 
11.708852 
11.936601 
12.001991 
12.234370 
12.098055 
11.884392 
11.942118 
12.199342 
11.946450 
11.963601 
11.983911 
11.685155 
11.988102 
12.171833 
11.847645 
11.947291 
12.024051 
11.885876 
11.550068 
12.090846 
12.190936 
11.903282 
12.147686 
11.998397 
12.218229 
12.004718 
11.799382 
12.071934 
12.110135 
12.098798 
12.050139 
11.741831 
11.864241 
11.740427 
11.767192 
11.766074 
12.110967 
12.047832 
11.755073 
11.544693 
11.809500 
11.932733 
12.089067 
11.829962 
12.138177 
12.090053 
11.964402 
11.950659 
11.599775 
11.759880 
11.923715 
11.899455 
12.006214 
11.640491 
11.947893 
11.723048 
11.707336 
11.792806 
11.752836 
11.716328 
11.775282 
11.860257 
11.998166 
12.035702 
12.224122 
12.002833 
11.974258 
11.736947 
12.072234 
12.068835 
11.855114 
11.896838 
11.971476 
11.957042 
11.968510 
11.905954 
11.837747 
11.920768 
12.037386 
11.999270 
12.019108 
12.019338 
11.986499 
11.955712 
11.623558 
12.114194 
12.059543 
11.836123 
12.077592 
12.020264 
12.048150 
11.776322 
11.811226 
11.728718 
11.543629 
11.852774 
12.061273 
12.042974 
11.788301 
11.853796 
11.772531 
11.815009 
12.026756 
11.904985 
11.983477 
11.972133 
11.913677 
12.075586 
12.068507 
12.018042 
11.599603 
11.709105 
11.994365 
11.878240 
12.005215 
11.998066 
11.975308 
12.115135 
11.881120 
11.830608 
11.741698 
12.079128 
12.076997 
11.809476 
12.223926 
11.983029 
11.888213 
11.954808 
11.869315 
11.683334 
11.890593 
11.974006 
11.985606 
12.097604 
11.964598 
11.704359 
11.966702 
11.783192 
11.784146 
12.198715 
12.518290 
11.864050 
11.708948 
11.797763 
11.745313 
11.772310 
11.897137 
11.994815 
11.770656 
11.951270 
11.695124 
11.935205 
11.599488 
11.756322 
11.785749 
11.699941 
11.849335 
11.843975 
11.931316 
12.222644 
12.057961 
12.099384 
12.030783 
12.041898 
11.946248 
11.799236 
11.943971 
12.007538 
11.825218 
12.055741 
11.855115 
12.018467 
11.763569 
11.619591 
11.454849 
11.879424 
11.834942 
11.769065 
11.973538 
11.779427 
11.610682 
11.717672 
11.845300 
12.011545 
11.844751 
12.070118 
11.809840 
11.748586 
11.815432 
11.613749 
12.127386 
12.132599 
11.819781 
12.114450 
11.990959 
11.981057 
11.849787 
11.857205 
11.865530 
11.687154 
11.575990 
11.569010 
11.744254 
11.983298 
11.954678 
11.960311 
11.864229 
11.651372 
11.847581 
12.060190 
12.099120 
12.128292 
12.031965 
12.014499 
11.864521 
12.047445 
11.946532 
11.823839 
11.592461 
11.721141 
11.782306 
11.730913 
11.822612 
12.069528 
11.858879 
11.752417 
11.837360 
11.931918 
11.996314 
12.104186 
12.098216 
11.732794 
11.731603 
11.826024 
12.284677 
11.992992 
11.796065 
11.539673 
11.949507 
11.961817 
11.934131 
11.849117 
11.741240 
11.714864 
11.928589 
11.970605 
11.765000 
11.760766 
11.571575 
11.730161 
11.668636 
11.825365 
11.940385 
11.792359 
12.085135 
11.903009 
12.161743 
11.943565 
12.060754 
12.125008 
11.974536 
11.982493 
11.746080 
11.932270 
11.866479 
12.002452 
11.744443 
11.946975 
11.730887 
11.627822 
11.495615 
11.630593 
11.749973 
11.676221 
11.889247 
11.873189 
12.068627 
11.941226 
11.975754 
11.940752 
11.874645 
12.032775 
11.797067 
12.033168 
12.144474 
11.871593 
11.820839 
12.014869 
11.898820 
11.947893 
11.754205 
11.937174 
11.801344 
11.866728 
11.882524 
12.052802 
12.027552 
12.185817 
11.836585 
11.691009 
11.417356 
11.864773 
11.775777 
11.996453 
11.894847 
11.674245 
11.658115 
11.755250 
11.774779 
11.735353 
11.843760 
11.651169 
11.854006 
11.537857 
11.882328 
11.669250 
11.636448 
11.699949 
11.457861 
11.806971 
12.202580 
12.110459 
11.587356 
11.863814 
11.842206 
11.988784 
11.727312 
11.842604 
11.546215 
11.641966 
12.064763 
11.704907 
11.505598 
11.570263 
11.733394 
11.911775 
11.871001 
11.870494 
11.935636 
11.925319 
11.778096 
11.892988 
12.107948 
11.749507 
11.908617 
11.720915 
11.687210 
11.785367 
12.030716 
11.993275 
11.862606 
11.791113 
11.959988 
11.894856 
11.816440 
11.718999 
12.233602 
11.990788 
11.948723 
11.921903 
11.748426 
11.676065 
11.794673 
11.814219 
11.542972 
11.926127 
12.198588 
11.975919 
11.744413 
12.105786 
12.047972 
12.189347 
11.934210 
11.765354 
11.832357 
11.884414 
11.989538 
11.950288 
11.764416 
11.675386 
11.580987 
11.985096 
11.978789 
11.990608 
12.243170 
11.972367 
11.949512 
11.884008 
11.995298 
11.911146 
11.906174 
11.820058 
11.806132 
11.766791 
11.839517 
11.979699 
11.780365 
11.993790 
11.907380 
11.797083 
11.876855 
11.739766 
11.874698 
12.137888 
11.931298 
11.898449 
12.145217 
11.872158 
11.908803 
11.692798 
12.037505 
11.965618 
11.991139 
12.036597 
12.009005 
12.046476 
12.169317 
11.980028 
11.908582 
11.979004 
11.929495 
11.773219 
11.863975 
12.073667 
12.002134 
11.637582 
11.746406 
11.652067 
11.907342 
11.757369 
11.700782 
11.654721 
11.868924 
11.940655 
11.863898 
11.968135 
12.042600 
11.788384 
11.794275 
11.699620 
12.176944 
11.804192 
11.853402 
11.863763 
11.893463 
11.662780 
11.801026 
11.987576 
11.944177 
11.985715 
12.100173 
11.762729 
11.798554 
11.749775 
11.779938 
11.765738 
11.751075 
11.614786 
11.646448 
11.694537 
11.716166 
12.050447 
12.106405 
11.953052 
12.026279 
11.952892 
11.895986 
12.213625 
12.006384 
11.877507 
12.353984 
11.874880 
11.613381 
11.944868 
12.151070 
11.990277 
11.866133 
11.972447 
12.069623 
12.164920 
12.145039 
11.919107 
11.874204 
11.867736 
11.923996 
11.933312 
11.950240 
11.862062 
11.802063 
11.945715 
12.056728 
11.681557 
11.809785 
12.075986 
11.887456 
11.641382 
11.685168 
11.546806 
11.951602 
11.764770 
11.788690 
11.780999 
11.757112 
11.818313 
11.989975 
11.734627 
12.073745 
11.888246 
11.874448 
11.713273 
11.831426 
11.717348 
11.859921 
11.875532 
11.741321 
11.852701 
11.857994 
11.812487 
11.695993 
11.755161 
11.810972 
12.046240 
11.933913 
12.300395 
11.613244 
11.618825 
11.590078 
12.084878 
12.088370 
11.743290 
11.553199 
11.673588 
11.678267 
11.905488 
11.508144 
11.638861 
12.011996 
12.142859 
11.942377 
11.832071 
11.983221 
11.975406 
11.816876 
12.083521 
11.828343 
11.677983 
11.955724 
11.986540 
11.813923 
11.714435 
11.893069 
11.811341 
11.637761 
11.735799 
11.745324 
12.092227 
11.984485 
11.959516 
11.959621 
11.913966 
12.014141 
11.836101 
11.832635 
11.969778 
11.963782 
11.908247 
12.014002 
11.985250 
12.163048 
11.993534 
11.966145 
12.099829 
12.044642 
11.831203 
11.757915 
12.093352 
11.547203 
11.636882 
11.873094 
12.184053 
12.104626 
11.904750 
11.995453 
11.886057 
11.915748 
11.767032 
11.900876 
12.098113 
12.172064 
11.960681 
12.060466 
12.295490 
12.101794 
11.892626 
11.729590 
11.872944 
12.008018 
11.926163 
12.083475 
12.195147 
11.671630 
11.777727 
11.747192 
12.008041 
11.757614 
12.012229 
12.184628 
11.928375 
11.782882 
11.791188 
11.988184 
11.762591 
11.862408 
12.081290 
11.916206 
11.874972 
11.700781 
11.868347 
11.979228 
11.974425 
11.952745 
11.895831 
11.831488 
11.995221 
11.985732 
11.690421 
11.671295 
11.945965 
11.756198 
11.505432 
11.801681 
12.042607 
11.704644 
12.019445 
11.725270 
12.032459 
11.872205 
11.788327 
11.999917 
11.864633 
12.161992 
12.073041 
11.802247 
11.851030 
11.707670 
11.772867 
11.752304 
11.862320 
11.690360 
11.874521 
12.111301 
11.836526 
11.926706 
11.787809 
11.839607 
11.764109 
11.779917 
11.957274 
12.097385 
12.115672 
11.942768 
11.727929 
11.793470 
11.854136 
11.677751 
11.967320 
11.798255 
11.912550 
11.646306 
12.185789 
11.933638 
11.886986 
11.942878 
11.923760 
11.818906 
11.799607 
11.877261 
11.710413 
11.755474 
11.991278 
11.854121 
11.821758 
11.774471 
11.897933 
11.749425 
11.584037 
11.842408 
11.754866 
12.044123 
11.921819 
11.904480 
11.880546 
11.640650 
12.016242 
11.666464 
11.926162 
11.956089 
11.953598 
11.832348 
11.874379 
11.976827 
12.155956 
11.711300 
11.998875 
11.581471 
12.086997 
12.051924 
11.811937 
11.779276 
11.911572 
11.695021 
11.734069 
12.030135 
11.977528 
12.009583 
12.109915 
11.830221 
11.961944 
11.743271 
11.948455 
11.822076 
11.626091 
12.044642 
11.982094 
11.767095 
11.766404 
11.658910 
11.867435 
11.710108 
11.974425 
12.062591 
12.021993 
11.721829 
11.918760 
11.863924 
11.714995 
11.825238 
11.834102 
11.768692 
11.873604 
11.824608 
11.682335 
11.761202 
11.854865 
12.067102 
11.684344 
12.041316 
11.824048 
11.967490 
11.936762 
12.318394 
11.905522 
11.789006 
11.970574 
11.790926 
11.934121 
11.924312 
11.940938 
12.078559 
12.121972 
11.954638 
11.915149 
11.991317 
11.767127 
11.688169 
11.964113 
11.732349 
11.942278 
12.044053 
12.068154 
11.818428 
11.761911 
11.821829 
11.838201 
11.833867 
11.638299 
12.031485 
11.889987 
11.899234 
11.796534 
12.039966 
11.865534 
11.940545 
11.825626 
12.036575 
12.032066 
11.969559 
11.889135 
11.991278 
11.992589 
11.995913 
11.910653 
12.082857 
12.014907 
11.738743 
11.907959 
11.773133 
11.797820 
11.615275 
11.726340 
11.893240 
11.874619 
11.976077 
11.894817 
11.953742 
11.778055 
11.565434 
11.946417 
11.999696 
12.010545 
11.898335 
11.797985 
12.258894 
11.749266 
11.596031 
11.788181 
11.966540 
12.139912 
11.934972 
11.781375 
11.880393 
11.577297 
11.732960 
11.876815 
12.161784 
12.085188 
11.860025 
12.056713 
12.240820 
12.003305 
11.962987 
11.675291 
11.659307 
12.068324 
11.863188 
11.728935 
12.029815 
11.947546 
11.664716 
11.689743 
11.545846 
11.728062 
11.820950 
11.158573 
11.499411 
11.624299 
11.777184 
11.867857 
11.706001 
11.696937 
11.798007 
11.819011 
11.992190 
12.045094 
12.035725 
11.705028 
11.873735 
12.132560 
11.997163 
11.599005 
11.533095 
11.667510 
11.557411 
11.753450 
11.920793 
11.773878 
11.978213 
11.789105 
12.162263 
12.082942 
12.160999 
11.968832 
11.703143 
11.844986 
11.936057 
11.992236 
11.761698 
11.840270 
11.915487 
12.047531 
11.893211 
11.918484 
11.953124 
11.363721 
11.678303 
11.857680 
11.844223 
11.943519 
11.964816 
11.927840 
11.853372 
11.597308 
11.786110 
11.646989 
11.794831 
11.805153 
11.879947 
11.918143 
12.007640 
12.108214 
11.973862 
11.647736 
11.688436 
11.761336 
11.894432 
12.138417 
11.961021 
12.070245 
12.099041 
12.010735 
12.080390 
12.290674 
11.887048 
11.987599 
11.882391 
11.746987 
11.833263 
11.675326 
11.963767 
11.748249 
11.852716 
11.578201 
11.947203 
12.042577 
11.983443 
12.347193 
12.056147 
12.225667 
12.048781 
11.655468 
12.059122 
12.039492 
11.747686 
12.234345 
11.724728 
11.703717 
11.861695 
11.791951 
12.034954 
12.001732 
11.817164 
11.689195 
11.854687 
11.887735 
12.209641 
11.782691 
11.941420 
11.896092 
11.656892 
12.010082 
11.982213 
12.231819 
12.033314 
11.959261 
11.950098 
11.716656 
11.831287 
11.694509 
12.224028 
11.899536 
12.160780 
11.788983 
11.825365 
11.751884 
12.120868 
12.081410 
11.990731 
11.859254 
11.808614 
12.060163 
11.920627 
11.484852 
11.883125 
11.831235 
11.855533 
11.696778 
11.782219 
11.674540 
11.983525 
11.825737 
11.983245 
11.963786 
11.966344 
11.962950 
11.841618 
12.027644 
11.737068 
11.676386 
11.813584 
11.443641 
11.857862 
11.858782 
12.042117 
11.892735 
11.831097 
11.812777 
11.635391 
11.875142 
11.814143 
11.919550 
11.790623 
11.675098 
12.044828 
11.789121 
11.911597 
11.922510 
11.897929 
11.752154 
11.740497 
11.876878 
11.973008 
11.810011 
11.990877 
12.001179 
12.018943 
12.079638 
12.133323 
12.065979 
12.038797 
12.028159 
11.760472 
11.915394 
12.178005 
12.135788 
11.999920 
11.868765 
12.048690 
12.024869 
12.016681 
11.939967 
11.786319 
11.600711 
11.927129 
12.031940 
11.985682 
11.663739 
11.753490 
11.711937 
11.778260 
11.653049 
11.940377 
11.963333 
11.878354 
12.166529 
11.843026 
11.840327 
12.170479 
12.000951 
11.962155 
11.725939 
11.716824 
11.703464 
12.024468 
12.064582 
11.719322 
11.840202 
11.826454 
11.719593 
11.846061 
11.979533 
12.174556 
11.947173 
11.717491 
11.652007 
11.882594 
11.940701 
11.912443 
11.957667 
12.008017 
11.805939 
12.048876 
11.884047 
11.866344 
12.048061 
12.027971 
11.917218 
11.904843 
11.764410 
11.737999 
11.956909 
12.201024 
12.189156 
11.803555 
11.820975 
12.095319 
12.076659 
11.480479 
12.136948 
11.963756 
11.696920 
11.920038 
12.033207 
11.845155 
11.988619 
11.883286 
11.880762 
11.540532 
12.320273 
11.883771 
11.928997 
12.085964 
12.125689 
11.820130 
12.100969 
11.896520 
12.086679 
11.912525 
11.829047 
11.649179 
11.614397 
11.914691 
11.943756 
11.690999 
11.745041 
11.591821 
12.050942 
11.900947 
12.049872 
11.923009 
11.721328 
11.856694 
11.797111 
11.762163 
11.930741 
11.585556 
11.780508 
12.124921 
12.112868 
11.991724 
12.015441 
12.071706 
11.955798 
11.946726 
11.786211 
11.832504 
11.831345 
11.916639 
11.945043 
12.199668 
12.069201 
11.784825 
11.706901 
11.803476 
11.903612 
11.843881 
11.916790 
11.832684 
11.721470 
11.842603 
11.898932 
11.955281 
11.635638 
11.434317 
11.720289 
11.708907 
11.907650 
12.060461 
12.082126 
12.061111 
11.758354 
12.117474 
11.897379 
11.831590 
11.919082 
12.032782 
11.876476 
11.702355 
11.754103 
11.952027 
11.595470 
11.652744 
11.775470 
11.765380 
11.744652 
11.776243 
12.091091 
12.135656 
11.712638 
11.598421 
11.869370 
11.886695 
12.055718 
12.048067 
11.908383 
11.933675 
11.874841 
12.021859 
12.151486 
11.899194 
12.117471 
11.832591 
11.863986 
12.130997 
12.096058 
11.875372 
11.996782 
11.895351 
11.895213 
11.772672 
11.858552 
11.941203 
11.837049 
11.912491 
11.943701 
11.869410 
11.790619 
11.913768 
11.906518 
11.886746 
11.723881 
11.669630 
11.804235 
11.891702 
11.767326 
11.494014 
11.733381 
11.763350 
12.003930 
11.871382 
11.853671 
11.888394 
12.266416 
12.068485 
11.792138 
11.690060 
11.904394 
11.943547 
11.853242 
12.119639 
11.783657 
11.813005 
12.017906 
11.611068 
11.712633 
11.964432 
11.903806 
11.962108 
11.964836 
11.866667 
11.753783 
11.948122 
11.809176 
12.004368 
11.925948 
11.896406 
11.782065 
12.053031 
12.014830 
11.796820 
11.917920 
11.787469 
11.990767 
12.066861 
11.942410 
12.089226 
11.740283 
11.756480 
11.849173 
11.599803 
11.907258 
11.749475 
11.987309 
11.917244 
12.121904 
11.873330 
12.008927 
11.578987 
12.080815 
11.887257 
11.802513 
11.732917 
11.879398 
12.118096 
12.196139 
12.073104 
12.106704 
12.237864 
11.948160 
11.681854 
11.683542 
11.766863 
12.003786 
11.666163 
11.975412 
11.768283 
11.864870 
11.904723 
11.863359 
11.625600 
11.713978 
11.771343 
11.847866 
11.864536 
11.819786 
11.819224 
11.934976 
12.160832 
12.147562 
11.946519 
11.846836 
11.917313 
11.665750 
12.203718 
11.865034 
12.008654 
11.593909 
11.666855 
11.784183 
11.927560 
11.967520 
12.049486 
11.682351 
11.850549 
11.962293 
11.962597 
11.886107 
11.992331 
12.211947 
11.746620 
11.967415 
11.936873 
12.054400 
12.167645 
12.217697 
11.967146 
11.627975 
11.564385 
11.825153 
12.014053 
11.747876 
11.689923 
11.740870 
12.024342 
12.083902 
12.123587 
11.686794 
11.427925 
11.953877 
11.458037 
11.616046 
12.007461 
12.023873 
12.074794 
11.924075 
11.957729 
11.794685 
11.586554 
11.631443 
11.582126 
11.414762 
11.984089 
11.831454 
11.867792 
11.956027 
11.753418 
11.985774 
11.881534 
11.891480 
11.776729 
11.734974 
12.065703 
11.977742 
11.812107 
12.004399 
11.656487 
11.766516 
11.879984 
11.798747 
11.728372 
11.832723 
11.876926 
12.012217 
11.794892 
11.604024 
11.897913 
12.026236 
11.980928 
11.848424 
11.848060 
11.678838 
11.725427 
12.077325 
12.071690 
12.225240 
12.090767 
12.015778 
12.125039 
11.846343 
11.986768 
11.768429 
11.775486 
12.091189 
12.052451 
11.797947 
11.894883 
11.705644 
11.790548 
11.770130 
11.821104 
11.547662 
11.746326 
11.848684 
11.993698 
11.844755 
11.993723 
11.734807 
11.720475 
11.653961 
11.650132 
11.778713 
11.872742 
11.596663 
11.867369 
11.853739 
11.852698 
11.678472 
11.657246 
11.695920 
12.145205 
11.967780 
11.865601 
11.796365 
11.658176 
11.701824 
11.823658 
11.826651 
11.740656 
11.886369 
11.763668 
11.858618 
11.663688 
11.935339 
11.924516 
12.026057 
11.779377 
11.974859 
11.937192 
11.950372 
11.978642 
11.935734 
12.047116 
11.992758 
11.930445 
12.249984 
12.123115 
12.052660 
12.123321 
12.151203 
11.887749 
11.878140 
11.732528 
11.683354 
11.532302 
11.609674 
11.767983 
11.686814 
11.688967 
12.034996 
11.855356 
11.777488 
11.640172 
12.038014 
12.326714 
12.270773 
12.109125 
11.918221 
12.250992 
12.192932 
11.889761 
12.058691 
11.816559 
11.677889 
11.894732 
11.765045 
12.028458 
11.935409 
11.939146 
11.626679 
11.710120 
11.669109 
11.996421 
11.870103 
12.044890 
12.170509 
11.987071 
11.711806 
11.912456 
11.785483 
11.860262 
11.840428 
12.001083 
11.929409 
11.648140 
11.798533 
12.054654 
12.016717 
11.908607 
12.080432 
11.882233 
11.809666 
11.665279 
12.059736 
11.981341 
12.050485 
11.822186 
11.863601 
11.941941 
11.706741 
11.868369 
11.989969 
11.724021 
11.974183 
11.993863 
11.947628 
12.043294 
11.938560 
12.013908 
11.682840 
11.805195 
11.977767 
11.987525 
12.224968 
12.297762 
11.893549 
11.949712 
11.698225 
11.970416 
11.774284 
11.867951 
11.597257 
11.725196 
11.870189 
12.055755 
11.949070 
11.870361 
11.868582 
11.871875 
12.053800 
11.832170 
12.028377 
11.877263 
11.693392 
11.971557 
11.921431 
11.786457 
12.011570 
11.717155 
12.104765 
11.968773 
11.653783 
12.113507 
11.834277 
11.792632 
11.762860 
11.848969 
11.858344 
11.631166 
11.867665 
12.046221 
11.705940 
11.843798 
12.069259 
11.852834 
11.670877 
11.662750 
11.808890 
11.883497 
11.876148 
12.076099 
12.008191 
11.997599 
12.060049 
12.150991 
11.874384 
12.028829 
12.040447 
12.089176 
11.812392 
12.032198 
11.680061 
11.853386 
11.939876 
11.841726 
12.167779 
12.136431 
12.136573 
11.869560 
11.975261 
11.997283 
12.221888 
12.092236 
12.143894 
11.735481 
12.040218 
12.251243 
11.844526 
11.768621 
11.802961 
11.706317 
11.843955 
12.207724 
12.139014 
11.836489 
11.843063 
11.929495 
11.976298 
12.325326 
12.104170 
12.041875 
11.838036 
11.657313 
11.809630 
11.657061 
11.923649 
12.018976 
11.810244 
11.762965 
12.014126 
12.142822 
11.810516 
11.544390 
11.745303 
11.566813 
11.649424 
11.615501 
11.694043 
11.949164 
12.095523 
11.977868 
11.861333 
12.110398 
12.092512 
12.165272 
12.083055 
11.928398 
11.989956 
12.199822 
11.822481 
11.921586 
12.032662 
11.892603 
12.143111 
12.075082 
12.128922 
11.974664 
11.828948 
12.010890 
11.783424 
11.852191 
11.730052 
11.983297 
11.790864 
11.733483 
11.833499 
12.047438 
12.015213 
12.013191 
11.717188 
11.700801 
11.711729 
11.861647 
12.376798 
12.337056 
12.016635 
11.921846 
11.998679 
12.043573 
12.012980 
11.606553 
11.996133 
12.106615 
12.242202 
11.809742 
11.700050 
11.890242 
11.744742 
12.021702 
12.173904 
11.800568 
11.638057 
11.798723 
11.756829 
12.193033 
11.981343 
11.644558 
11.805494 
12.143357 
12.234843 
11.906373 
11.902297 
11.811248 
11.658112 
12.056255 
11.949419 
11.829349 
11.740834 
11.827114 
11.986104 
11.748968 
11.870727 
11.995591 
11.939638 
12.178993 
11.944189 
11.909532 
12.026746 
12.146441 
11.993273 
12.178013 
12.218607 
12.218989 
12.120291 
11.584418 
11.820118 
11.781366 
11.809449 
11.901804 
11.891181 
11.884064 
11.993862 
11.917552 
11.958662 
12.052971 
11.490952 
11.820062 
12.117412 
11.579578 
11.686880 
12.159954 
12.041632 
11.924649 
12.064877 
11.968331 
11.915019 
11.820079 
11.849222 
11.964977 
11.876149 
12.052132 
11.896669 
11.903412 
11.700450 
12.036571 
11.662157 
11.746514 
11.761576 
11.345817 
11.536706 
11.834152 
11.930322 
11.923442 
11.809152 
11.938546 
12.060385 
12.021861 
11.855043 
11.874244 
11.822020 
12.083940 
12.064452 
11.723372 
11.881417 
12.049499 
11.889892 
11.762857 
11.760115 
11.997559 
11.843956 
11.752943 
11.759198 
11.649159 
11.851088 
12.000925 
11.848616 
11.454171 
11.527674 
11.527660 
11.717208 
11.623615 
11.889133 
11.694123 
11.700337 
11.617866 
11.855030 
12.207006 
11.933943 
11.833161 
11.859413 
11.866032 
11.869885 
11.913779 
11.959863 
11.777997 
11.803736 
12.014212 
11.731534 
11.778172 
11.937304 
11.659580 
11.808685 
11.638639 
11.816137 
11.642070 
11.662570 
11.708870 
11.586127 
11.993000 
11.917208 
11.720895 
11.675945 
11.900039 
12.144602 
11.745530 
11.710448 
11.803650 
11.787970 
11.648715 
11.819782 
12.034022 
12.104650 
11.928623 
11.736280 
12.037673 
12.014363 
11.939896 
12.017454 
11.735064 
11.674357 
11.787673 
11.930329 
12.008205 
11.524664 
11.828969 
11.872758 
11.536888 
11.915161 
11.922377 
11.976600 
11.700434 
11.753093 
11.897233 
11.616998 
11.797802 
11.874933 
11.472304 
11.927931 
12.042821 
11.711856 
11.901184 
11.809146 
11.827167 
11.900014 
11.930281 
11.576232 
11.743029 
11.916644 
12.041868 
12.041631 
11.841791 
12.219279 
12.034686 
11.828282 
11.936767 
12.174592 
11.960919 
11.982819 
12.145116 
11.831370 
11.739182 
12.055972 
11.863241 
11.930110 
11.986579 
12.151491 
11.992108 
12.080127 
12.264921 
12.102588 
11.760642 
12.098643 
11.834095 
11.847731 
11.696383 
11.758270 
11.965528 
12.082016 
12.027815 
11.832839 
12.047704 
11.936612 
12.015626 
11.829799 
11.960787 
11.736809 
11.649105 
11.899350 
11.852404 
11.959601 
11.460978 
11.558480 
11.526125 
12.020836 
11.893689 
12.094882 
11.730051 
11.991774 
11.863603 
11.734082 
11.759370 
11.884080 
11.816018 
11.897257 
11.917939 
11.922152 
11.924812 
11.666453 
12.068991 
12.221489 
11.967240 
11.913854 
11.805754 
11.672070 
12.122968 
11.629449 
11.667081 
11.793476 
11.767815 
12.059684 
12.077434 
11.822636 
12.020665 
12.023664 
12.309799 
11.887654 
11.737701 
11.750605 
11.888818 
12.130214 
12.140463 
12.042015 
12.038916 
12.014980 
12.056951 
12.114230 
11.729500 
11.683640 
11.952234 
11.992136 
12.104410 
12.284288 
12.047372 
11.946675 
11.711982 
11.709674 
11.998801 
11.929721 
11.966554 
11.822528 
11.851260 
11.709892 
11.977091 
12.105454 
11.914061 
11.820687 
12.132230 
11.846538 
11.688238 
11.756169 
11.691555 
11.962733 
11.906063 
11.851198 
12.068594 
12.239028 
11.900429 
12.064755 
11.960254 
11.899830 
11.853512 
11.796098 
11.666827 
11.770339 
12.296205 
11.945667 
11.883646 
12.058618 
11.882514 
11.936475 
11.914741 
11.734795 
11.976229 
11.792336 
11.940583 
11.989919 
11.551172 
11.688526 
11.840567 
11.661322 
11.744170 
11.779554 
11.581080 
11.810090 
11.954350 
11.954538 
11.824779 
11.720130 
11.889608 
11.935298 
11.833849 
11.869783 
12.105465 
11.957016 
11.828724 
11.937544 
12.104278 
12.108847 
11.980633 
11.850535 
11.904436 
12.082750 
11.827739 
11.996777 
11.829186 
11.808417 
12.204032 
11.725382 
11.855075 
11.726883 
12.200242 
11.915349 
11.948342 
11.963963 
11.647988 
11.746951 
12.048629 
11.888549 
11.738796 
11.708323 
11.793503 
11.734384 
11.647903 
11.842426 
11.887555 
11.906643 
11.984581 
11.709053 
11.893340 
11.985892 
11.977765 
11.914412 
11.781425 
11.717563 
12.143407 
12.008690 
11.974137 
11.666751 
11.945253 
11.738238 
11.584415 
11.647309 
11.730967 
12.063497 
12.009986 
11.869554 
12.263130 
11.644502 
11.557304 
11.623877 
11.639788 
11.828472 
12.107492 
12.186304 
11.820319 
11.837722 
11.907722 
12.312477 
12.052463 
12.137351 
12.184436 
12.146355 
12.008171 
12.015542 
12.111344 
12.125970 
11.697213 
11.912024 
12.242771 
11.810066 
11.889069 
11.969024 
11.980610 
12.062994 
12.209643 
12.174128 
11.870878 
11.947180 
12.262771 
11.873079 
12.198347 
11.971248 
11.877439 
12.173220 
12.009661 
11.682077 
12.170399 
11.900574 
11.792040 
11.648535 
11.817940 
11.809385 
11.968698 
11.822254 
11.850749 
11.885547 
12.081874 
11.854654 
11.988970 
11.733925 
11.903357 
11.836099 
11.939596 
11.841741 
11.753989 
12.094310 
11.728720 
11.813618 
11.581139 
12.175267 
11.898962 
12.111648 
11.899149 
11.804208 
12.364526 
11.995701 
11.843540 
11.785226 
11.978723 
11.771272 
11.603661 
11.875662 
11.688158 
11.598201 
11.582266 
11.841989 
11.924876 
11.862157 
12.110518 
11.935850 
11.697391 
12.060543 
11.799914 
11.591859 
12.142009 
11.765903 
11.834813 
12.074026 
11.893740 
12.075844 
11.936190 
11.795545 
11.850283 
11.691441 
11.701262 
11.659187 
11.773436 
11.966247 
11.649331 
11.668571 
11.637703 
11.723672 
11.942191 
11.677318 
12.097883 
11.638955 
11.677595 
11.917064 
11.921152 
11.640316 
11.643042 
11.631236 
11.709222 
11.641195 
11.775735 
11.443084 
11.525586 
11.724655 
11.749470 
11.463835 
11.866724 
12.000502 
11.706892 
11.854783 
12.128332 
11.660048 
11.746728 
11.659557 
11.947045 
11.804578 
11.715248 
11.815415 
12.007530 
12.183168 
12.330674 
12.133189 
12.063755 
11.947486 
12.201403 
11.983016 
12.081843 
11.955903 
11.917685 
11.979419 
11.772730 
11.682339 
11.692143 
11.670906 
11.739214 
11.836876 
11.783802 
11.662799 
11.808479 
11.745852 
11.637342 
11.880985 
11.783761 
11.610489 
11.952110 
11.846464 
11.864266 
12.089374 
11.697610 
12.176282 
11.494353 
11.664018 
11.867515 
11.893307 
11.873736 
11.963264 
11.879042 
11.757951 
11.908706 
11.936970 
11.855692 
12.163883 
11.887379 
11.823283 
11.957703 
11.855599 
12.065263 
11.538229 
11.681919 
11.683548 
11.890326 
11.681339 
11.719612 
12.079636 
12.255110 
12.050653 
11.949543 
12.199784 
11.827626 
11.743180 
11.823050 
11.777474 
12.064113 
12.081312 
11.974960 
12.040057 
11.975090 
11.991073 
11.786507 
11.968432 
11.798570 
11.930803 
11.950486 
11.972349 
11.710719 
11.853000 
11.708010 
11.663245 
11.914087 
11.873239 
11.711106 
11.702835 
11.923012 
12.217262 
11.969705 
11.942389 
11.831376 
12.012867 
12.174392 
12.105278 
11.888170 
11.879074 
11.862951 
11.808715 
11.818566 
11.690007 
11.896498 
11.942614 
12.046558 
11.814750 
11.912193 
11.972466 
11.993113 
11.632277 
11.472811 
11.538773 
11.767227 
11.808058 
11.798383 
11.804745 
11.924439 
11.824336 
12.007902 
11.990608 
12.018569 
11.797473 
12.115263 
11.947786 
11.908182 
11.895620 
11.804565 
11.947982 
11.831247 
11.786040 
12.058544 
11.969408 
11.897003 
11.860294 
11.816749 
11.863091 
11.482923 
11.648846 
11.782735 
11.736093 
11.644539 
11.735364 
11.818783 
11.885243 
11.817740 
11.742116 
11.675201 
11.797360 
11.996864 
11.810543 
12.066924 
11.833233 
11.881167 
11.779058 
11.724903 
11.766970 
11.923454 
11.910500 
11.794709 
11.979395 
11.659302 
11.610095 
11.772705 
11.847218 
11.669082 
12.164963 
11.998090 
11.956545 
11.989044 
12.038036 
11.789898 
11.884901 
11.737050 
11.567902 
11.799910 
11.522013 
11.792289 
11.816002 
11.728346 
11.757717 
11.941957 
11.805826 
11.851849 
11.774397 
11.712940 
11.738933 
11.998895 
12.146480 
12.002132 
11.997139 
11.872096 
12.011091 
11.760313 
11.727665 
11.832336 
11.833896 
11.950047 
12.094653 
12.120409 
11.904919 
12.109885 
11.711748 
11.796168 
11.862500 
12.020706 
12.065593 
12.002364 
12.140917 
11.911815 
11.772204 
11.906906 
12.162532 
11.730711 
12.013149 
12.005906 
11.783821 
11.827414 
12.070620 
11.979966 
12.011444 
12.176340 
11.975907 
11.824846 
12.049396 
11.955782 
11.934607 
12.010111 
11.752624 
11.638108 
11.679229 
11.731422 
11.733100 
11.973246 
11.871108 
11.889984 
11.935345 
11.553347 
11.669174 
11.781328 
11.824342 
11.945762 
12.182986 
12.004580 
11.674821 
12.009642 
11.840887 
11.737600 
11.921255 
11.773385 
12.052508 
11.980947 
12.048978 
11.878954 
11.599532 
11.941997 
11.952426 
11.740455 
11.399213 
11.677433 
11.835668 
11.835396 
12.233111 
12.009365 
11.819321 
11.884291 
11.979834 
12.258212 
11.990311 
11.862030 
11.743166 
11.951305 
12.164584 
12.058770 
11.835614 
11.663968 
11.791232 
11.772283 
11.644963 
12.076298 
11.878776 
11.756455 
11.764714 
11.764860 
12.057100 
11.703331 
11.661256 
11.817178 
12.343711 
12.121188 
12.144635 
11.948876 
12.004868 
11.953032 
11.868593 
11.832878 
12.067614 
11.923027 
11.799445 
11.830205 
11.820889 
11.921420 
11.764679 
11.992587 
12.010856 
12.069458 
11.851759 
11.760706 
11.867109 
12.053369 
11.834466 
11.935566 
12.080392 
12.095248 
11.995296 
12.029420 
12.101712 
11.873814 
11.710340 
11.668602 
11.779817 
11.895177 
11.950436 
12.115377 
11.878186 
11.839629 
11.808702 
11.644663 
11.653227 
11.709879 
11.845811 
11.929877 
11.964958 
11.941566 
11.621206 
12.068442 
12.152602 
11.704714 
11.850263 
11.661623 
11.790228 
11.462615 
11.851136 
11.752654 
12.019306 
12.229687 
11.718569 
11.800531 
11.938123 
12.115711 
11.997613 
11.821067 
12.057546 
12.103632 
11.992196 
11.909112 
11.827221 
11.794575 
11.780597 
11.840454 
11.991824 
11.743648 
11.791938 
11.964207 
12.029296 
12.036957 
11.722967 
11.958381 
11.651541 
11.786946 
11.795826 
11.913288 
11.661126 
11.600452 
12.163020 
11.976491 
11.939804 
12.006864 
11.969029 
12.296691 
11.794166 
11.771979 
12.292887 
12.025824 
11.923733 
11.884535 
11.631880 
11.816039 
11.852188 
12.148053 
11.827978 
11.973916 
12.080258 
12.089186 
12.101037 
11.789618 
12.066566 
12.115670 
11.922682 
11.955598 
11.929501 
11.804968 
12.038706 
11.836271 
11.783048 
11.617286 
11.657932 
11.585257 
12.113227 
11.966463 
11.820595 
11.908342 
11.716701 
11.786393 
11.778608 
12.026457 
11.990868 
12.056632 
11.529875 
11.560726 
11.938312 
11.861844 
11.707089 
11.726446 
12.051630 
12.005655 
11.973631 
11.961161 
12.182798 
11.939989 
11.997644 
11.960140 
11.800731 
11.821833 
11.866240 
11.996757 
12.218426 
11.856459 
11.671087 
11.762696 
11.626291 
12.069629 
11.960164 
11.908180 
11.556486 
11.380517 
11.614929 
11.577196 
11.633012 
11.692931 
12.154954 
11.786657 
11.818774 
11.723498 
11.724375 
11.995226 
12.169624 
11.555632 
11.799670 
11.731150 
11.841871 
11.780411 
11.718297 
11.707552 
11.597241 
11.839800 
11.794988 
12.220630 
11.701266 
11.741185 
11.669661 
11.757117 
11.859399 
11.713357 
11.724381 
11.813832 
12.059090 
12.023633 
11.985219 
11.588924 
11.502923 
11.667504 
11.901498 
12.271400 
11.556302 
11.694521 
11.940820 
12.195854 
11.891958 
12.286978 
12.014448 
11.929377 
11.856588 
11.704736 
12.033200 
11.730738 
11.833653 
12.110565 
12.071472 
11.680393 
11.969190 
11.758201 
11.649767 
11.647491 
11.977538 
12.208577 
11.641755 
11.963320 
12.005360 
12.111459 
12.007156 
11.832794 
12.129122 
11.815438 
11.825295 
11.715963 
11.822372 
11.731816 
11.635455 
11.855859 
12.092466 
11.900556 
11.892843 
11.721767 
11.500650 
11.765185 
11.766554 
11.704439 
11.788898 
11.837461 
11.894095 
12.014581 
12.069221 
12.214596 
12.084291 
11.674638 
11.571908 
11.699523 
12.072099 
11.825632 
12.093669 
11.863292 
11.940375 
11.857744 
12.306719 
11.990310 
11.928840 
11.973966 
11.858688 
11.744250 
11.546968 
11.885382 
12.100500 
12.084081 
12.056880 
12.002453 
11.884572 
11.763170 
11.786389 
11.897786 
11.912776 
11.962619 
11.866110 
11.775972 
11.879367 
11.914804 
12.051510 
11.909407 
11.718927 
11.793472 
11.687015 
11.772778 
11.866736 
11.652820 
11.780052 
11.726151 
12.003437 
12.145310 
11.826144 
11.727800 
11.924567 
11.817481 
12.169864 
12.178520 
11.823003 
11.492834 
11.875002 
11.713517 
12.036542 
11.776064 
11.743720 
11.653041 
11.504188 
11.683484 
11.735395 
11.694856 
11.978434 
11.837288 
11.815826 
11.976337 
11.743635 
12.098737 
11.826923 
11.751409 
11.872117 
11.680184 
12.063849 
11.926485 
11.751278 
12.153316 
12.015278 
12.027110 
11.941222 
12.040339 
12.058942 
12.013091 
11.786361 
11.704959 
11.968279 
11.849758 
11.830472 
11.536588 
11.773032 
11.792709 
11.731867 
12.110291 
11.751500 
11.878250 
11.923357 
12.028132 
11.694166 
11.682094 
12.243267 
12.215006 
11.882706 
11.713057 
11.744729 
11.542283 
11.671395 
11.971513 
11.793389 
11.655916 
11.729901 
12.148055 
11.898956 
11.688840 
11.585340 
11.738647 
11.634030 
11.739186 
11.763003 
11.790132 
11.807659 
11.676751 
11.813857 
11.903219 
11.624019 
11.686758 
12.032526 
11.679292 
11.941430 
11.944646 
12.027898 
11.855027 
11.956482 
12.074882 
11.869556 
12.128400 
11.886973 
12.081398 
