0.142425 
0.137909 
0.139375 
0.141164 
0.140024 
0.141555 
0.142369 
0.138778 
0.138065 
0.136639 
0.140366 
0.137196 
0.136985 
0.139066 
0.140348 
0.137273 
0.140954 
0.138332 
0.138930 
0.142510 
0.140249 
0.143588 
0.138642 
0.135010 
0.139217 
0.136748 
0.139313 
0.131996 
0.140614 
0.141609 
0.143108 
0.135572 
0.142172 
0.147839 
0.139814 
0.139200 
0.138801 
0.138712 
0.137267 
0.139982 
0.137732 
0.139764 
0.137002 
0.137991 
0.140441 
0.146206 
0.141044 
0.144145 
0.141781 
0.134625 
0.140187 
0.141381 
0.137339 
0.135588 
0.139869 
0.139497 
0.140047 
0.138833 
0.139619 
0.136267 
0.139173 
0.138350 
0.136008 
0.143655 
0.133271 
0.139596 
0.141429 
0.143314 
0.138350 
0.140046 
0.136960 
0.137925 
0.141659 
0.139291 
0.141453 
0.141594 
0.141925 
0.139572 
0.138300 
0.137882 
0.139042 
0.139015 
0.136857 
0.141611 
0.135825 
0.142219 
0.144374 
0.137392 
0.143312 
0.138818 
0.141616 
0.139241 
0.138783 
0.139414 
0.135989 
0.139498 
0.133556 
0.135630 
0.140401 
0.142662 
0.139392 
0.139689 
0.137143 
0.138405 
0.137726 
0.141485 
0.138504 
0.136606 
0.139259 
0.138038 
0.139957 
0.141685 
0.136884 
0.139519 
0.142030 
0.142078 
0.140190 
0.138032 
0.138676 
0.137196 
0.140634 
0.142316 
0.137281 
0.137947 
0.135271 
0.142217 
0.138758 
0.140418 
0.145970 
0.140429 
0.135998 
0.144111 
0.141205 
0.137262 
0.142653 
0.144248 
0.132473 
0.138915 
0.137365 
0.138951 
0.144718 
0.135128 
0.143782 
0.143831 
0.142879 
0.140970 
0.135749 
0.138318 
0.137710 
0.140545 
0.137661 
0.135668 
0.140588 
0.140087 
0.137123 
0.141509 
0.141394 
0.142536 
0.143593 
0.140198 
0.141619 
0.135356 
0.144178 
0.139835 
0.133391 
0.140372 
0.139588 
0.135791 
0.140681 
0.142233 
0.137170 
0.139396 
0.139825 
0.135850 
0.141591 
0.139128 
0.140838 
0.140355 
0.139402 
0.141718 
0.144780 
0.140286 
0.140295 
0.142613 
0.138518 
0.134497 
0.136881 
0.144895 
0.140714 
0.140274 
0.133285 
0.139106 
0.136478 
0.138479 
0.138018 
0.138472 
0.140484 
0.142402 
0.136873 
0.137576 
0.139803 
0.139562 
0.140579 
0.137734 
0.140268 
0.138450 
0.133549 
0.144236 
0.137748 
0.141670 
0.139017 
0.141020 
0.141955 
0.144062 
0.132983 
0.138948 
0.135812 
0.139923 
0.137460 
0.140191 
0.140218 
0.140734 
0.138057 
0.144039 
0.141599 
0.141225 
0.141461 
0.140564 
0.138581 
0.144151 
0.140268 
0.140446 
0.139663 
0.141282 
0.143641 
0.140505 
0.137024 
0.139194 
0.139073 
0.136788 
0.134696 
0.138518 
0.142041 
0.138207 
0.136777 
0.137730 
0.139726 
0.135258 
0.138327 
0.138768 
0.135758 
0.135650 
0.136753 
0.134739 
0.139498 
0.135184 
0.138820 
0.140418 
0.137846 
0.138036 
0.138908 
0.140657 
0.142273 
0.137336 
0.139875 
0.137856 
0.136727 
0.137795 
0.141896 
0.140266 
0.141524 
0.137253 
0.141289 
0.140138 
0.134941 
0.139110 
0.136914 
0.139660 
0.134037 
0.138699 
0.138133 
0.138791 
0.136768 
0.137356 
0.137773 
0.144245 
0.141039 
0.137524 
0.136995 
0.134559 
0.137185 
0.139821 
0.137741 
0.137046 
0.140108 
0.139765 
0.142109 
0.145448 
0.140195 
0.137180 
0.138793 
0.142323 
0.141365 
0.139787 
0.140553 
0.140266 
0.140900 
0.143196 
0.137465 
0.135535 
0.139196 
0.141042 
0.143187 
0.140323 
0.137146 
0.136670 
0.141412 
0.141848 
0.138220 
0.136839 
0.140157 
0.140548 
0.139049 
0.137226 
0.139252 
0.141103 
0.141315 
0.141742 
0.133745 
0.140083 
0.136870 
0.136130 
0.134691 
0.135535 
0.138116 
0.139794 
0.140511 
0.140667 
0.142058 
0.138527 
0.138652 
0.136049 
0.135025 
0.140939 
0.139097 
0.139539 
0.140195 
0.137211 
0.138576 
0.139466 
0.140408 
0.139727 
0.137571 
0.139186 
0.137096 
0.140151 
0.139120 
0.137867 
0.139331 
0.137122 
0.138785 
0.137116 
0.137569 
0.141309 
0.138492 
0.142999 
0.144381 
0.143928 
0.136188 
0.141368 
0.143591 
0.141731 
0.135817 
0.138061 
0.136312 
0.138886 
0.141400 
0.139997 
0.137523 
0.137956 
0.138761 
0.138248 
0.142225 
0.137163 
0.139108 
0.139480 
0.135365 
0.139441 
0.135444 
0.136445 
0.136800 
0.138309 
0.133569 
0.135360 
0.137313 
0.141603 
0.139044 
0.138739 
0.142032 
0.142029 
0.140511 
0.138126 
0.135406 
0.141639 
0.144242 
0.142713 
0.138181 
0.139711 
0.142180 
0.143269 
0.145197 
0.142339 
0.138718 
0.138272 
0.136917 
0.140892 
0.139728 
0.136474 
0.140307 
0.143838 
0.138351 
0.136543 
0.139757 
0.140240 
0.143379 
0.136631 
0.138949 
0.135337 
0.136863 
0.144571 
0.140518 
0.141699 
0.139196 
0.141452 
0.141001 
0.136288 
0.135436 
0.140515 
0.139281 
0.135634 
0.138696 
0.141747 
0.143285 
0.142825 
0.145353 
0.144354 
0.139943 
0.137403 
0.134644 
0.137050 
0.139785 
0.136115 
0.139680 
0.140646 
0.142758 
0.138056 
0.138047 
0.138987 
0.140845 
0.138958 
0.140994 
0.138533 
0.136347 
0.137998 
0.137818 
0.139141 
0.140316 
0.142878 
0.137079 
0.139660 
0.137878 
0.139602 
0.140588 
0.141955 
0.139237 
0.139381 
0.139822 
0.137968 
0.140480 
0.141322 
0.137444 
0.138306 
0.139150 
0.137232 
0.135453 
0.140690 
0.138695 
0.137730 
0.133158 
0.141166 
0.138430 
0.143978 
0.141151 
0.140883 
0.140305 
0.140429 
0.136364 
0.133797 
0.135823 
0.141200 
0.142921 
0.136905 
0.142779 
0.135303 
0.138706 
0.141487 
0.141432 
0.138266 
0.140551 
0.139247 
0.141312 
0.142904 
0.139536 
0.147433 
0.139339 
0.137052 
0.141878 
0.141219 
0.137556 
0.142552 
0.139939 
0.139057 
0.142147 
0.139263 
0.136978 
0.137993 
0.139944 
0.136705 
0.137039 
0.137871 
0.140770 
0.136969 
0.146450 
0.139046 
0.136360 
0.144764 
0.142155 
0.143518 
0.139940 
0.142124 
0.141622 
0.139049 
0.140738 
0.136603 
0.142624 
0.138300 
0.137827 
0.136876 
0.140740 
0.139243 
0.139540 
0.141708 
0.143686 
0.135693 
0.144285 
0.143457 
0.139060 
0.138942 
0.140260 
0.140037 
0.138303 
0.142380 
0.140617 
0.142798 
0.138348 
0.132859 
0.138775 
0.137438 
0.140603 
0.140281 
0.140990 
0.139822 
0.138494 
0.140431 
0.139628 
0.137065 
0.140927 
0.142649 
0.138916 
0.142918 
0.139993 
0.140614 
0.142076 
0.139455 
0.142517 
0.135506 
0.138640 
0.140366 
0.142454 
0.140164 
0.142618 
0.140295 
0.135297 
0.134430 
0.138338 
0.140840 
0.140564 
0.143150 
0.141092 
0.139164 
0.142517 
0.140676 
0.139099 
0.139142 
0.137480 
0.145039 
0.139494 
0.141327 
0.136778 
0.141928 
0.140878 
0.135021 
0.140183 
0.142546 
0.138097 
0.137537 
0.135981 
0.139515 
0.138020 
0.137797 
0.136189 
0.137331 
0.134167 
0.137744 
0.141870 
0.136110 
0.139465 
0.139010 
0.138667 
0.140864 
0.142089 
0.136548 
0.137408 
0.137823 
0.140133 
0.140439 
0.141557 
0.140094 
0.140995 
0.144710 
0.141215 
0.140375 
0.141599 
0.142260 
0.138845 
0.144484 
0.138239 
0.142506 
0.141425 
0.137680 
0.137787 
0.140444 
0.138812 
0.136481 
0.135750 
0.133625 
0.141248 
0.139072 
0.137275 
0.135304 
0.140100 
0.140470 
0.140836 
0.142413 
0.138927 
0.134572 
0.139461 
0.138140 
0.140570 
0.140088 
0.140711 
0.140883 
0.139005 
0.137254 
0.139990 
0.135077 
0.138482 
0.138367 
0.136959 
0.134529 
0.137815 
0.135785 
0.138559 
0.141321 
0.145651 
0.139675 
0.136249 
0.137579 
0.138742 
0.137846 
0.138849 
0.138420 
0.140017 
0.138920 
0.139965 
0.139669 
0.138005 
0.137558 
0.142231 
0.139487 
0.140040 
0.140655 
0.137975 
0.139718 
0.138631 
0.140925 
0.138266 
0.139311 
0.138088 
0.138804 
0.139774 
0.139197 
0.142310 
0.138285 
0.142897 
0.139397 
0.138009 
0.141776 
0.139521 
0.137799 
0.138655 
0.137815 
0.139874 
0.144162 
0.139706 
0.145089 
0.140889 
0.139678 
0.141525 
0.143172 
0.140711 
0.133755 
0.137675 
0.143656 
0.138093 
0.139362 
0.135813 
0.139176 
0.135922 
0.140900 
0.141569 
0.143157 
0.139567 
0.142201 
0.142978 
0.137835 
0.139611 
0.136993 
0.136595 
0.142170 
0.139537 
0.141285 
0.142139 
0.139222 
0.142846 
0.139049 
0.136370 
0.139725 
0.137492 
0.146761 
0.143458 
0.137413 
0.137635 
0.140271 
0.138254 
0.139719 
0.140411 
0.136192 
0.146680 
0.142089 
0.139949 
0.138986 
0.141330 
0.143015 
0.139503 
0.141003 
0.138292 
0.137525 
0.136962 
0.142329 
0.138503 
0.138789 
0.142793 
0.141023 
0.140009 
0.139075 
0.140020 
0.140040 
0.134427 
0.136406 
0.140792 
0.136319 
0.138081 
0.142658 
0.141904 
0.136163 
0.140191 
0.141221 
0.135894 
0.137859 
0.138748 
0.137039 
0.147071 
0.140633 
0.136560 
0.141720 
0.136190 
0.139031 
0.134800 
0.135757 
0.137542 
0.139192 
0.138033 
0.132002 
0.136273 
0.139953 
0.137589 
0.141104 
0.140745 
0.139903 
0.142596 
0.138092 
0.138905 
0.139904 
0.142349 
0.138419 
0.136229 
0.137805 
0.139831 
0.134868 
0.142369 
0.137199 
0.142174 
0.145648 
0.135731 
0.137766 
0.137999 
0.137668 
0.143529 
0.142944 
0.138361 
0.141996 
0.137838 
0.141758 
0.143229 
0.137555 
0.143900 
0.141766 
0.139587 
0.139770 
0.134318 
0.139339 
0.132647 
0.138907 
0.135546 
0.137097 
0.142292 
0.141680 
0.142481 
0.142356 
0.137765 
0.142224 
0.140796 
0.137050 
0.138255 
0.138434 
0.138536 
0.140123 
0.139160 
0.133414 
0.139204 
0.144614 
0.139634 
0.139051 
0.141442 
0.139325 
0.141203 
0.140365 
0.139596 
0.139585 
0.139730 
0.137383 
0.137672 
0.141549 
0.143965 
0.144630 
0.139294 
0.140924 
0.137014 
0.136510 
0.137667 
0.138687 
0.135519 
0.142007 
0.136276 
0.142622 
0.141105 
0.139020 
0.136602 
0.134977 
0.138487 
0.141452 
0.139631 
0.139779 
0.138112 
0.135595 
0.141550 
0.135802 
0.141036 
0.142869 
0.138051 
0.138789 
0.141348 
0.140854 
0.141976 
0.139618 
0.137813 
0.135437 
0.142150 
0.140795 
0.142009 
0.137994 
0.140341 
0.139539 
0.136589 
0.138207 
0.133319 
0.137850 
0.140970 
0.137885 
0.139721 
0.140146 
0.141254 
0.134485 
0.141222 
0.144635 
0.140741 
0.141015 
0.135241 
0.138748 
0.138868 
0.139559 
0.138780 
0.141672 
0.139253 
0.136255 
0.139843 
0.135368 
0.136881 
0.135858 
0.141554 
0.137432 
0.140314 
0.139053 
0.136117 
0.138817 
0.136479 
0.138760 
0.137950 
0.142098 
0.139575 
0.143601 
0.141789 
0.144965 
0.140756 
0.132617 
0.137493 
0.139062 
0.138811 
0.140405 
0.139697 
0.141010 
0.139376 
0.140911 
0.137869 
0.136871 
0.137814 
0.138407 
0.137168 
0.142066 
0.140476 
0.139692 
0.142922 
0.138543 
0.144643 
0.138132 
0.136853 
0.139904 
0.136865 
0.137096 
0.136133 
0.138351 
0.137868 
0.137659 
0.141003 
0.140405 
0.138197 
0.140789 
0.139810 
0.133754 
0.140004 
0.139382 
0.137652 
0.143054 
0.133031 
0.134958 
0.138962 
0.141959 
0.141595 
0.139207 
0.135654 
0.139200 
0.142477 
0.137027 
0.138533 
0.140186 
0.132338 
0.140444 
0.142809 
0.137026 
0.139934 
0.141223 
0.137657 
0.136663 
0.140789 
0.140715 
0.142256 
0.136263 
0.140588 
0.133743 
0.138903 
0.143006 
0.145698 
0.132502 
0.137007 
0.146744 
0.139228 
0.139015 
0.141408 
0.136070 
0.140446 
0.135266 
0.138198 
0.132618 
0.143433 
0.139756 
0.136895 
0.137481 
0.140407 
0.135120 
0.141068 
0.137280 
0.140841 
0.137977 
0.132043 
0.141738 
0.137797 
0.141429 
0.136670 
0.136622 
0.141027 
0.141047 
0.140928 
0.143651 
0.138494 
0.139866 
0.136065 
0.140432 
0.137436 
0.133357 
0.140902 
0.137029 
0.137779 
0.139017 
0.140195 
0.136986 
0.140643 
0.135970 
0.133868 
0.136322 
0.135402 
0.141002 
0.136828 
0.141518 
0.140435 
0.136488 
0.140831 
0.133477 
0.135736 
0.141063 
0.140746 
0.138271 
0.143270 
0.137638 
0.136556 
0.140622 
0.137245 
0.136794 
0.134496 
0.139569 
0.139745 
0.139900 
0.138432 
0.141923 
0.138897 
0.135619 
0.135634 
0.136011 
0.137397 
0.139283 
0.137414 
0.141736 
0.142934 
0.142057 
0.138522 
0.137927 
0.138685 
0.140231 
0.142562 
0.144060 
0.141728 
0.143701 
0.144385 
0.137654 
0.141036 
0.139317 
0.141797 
0.140267 
0.139622 
0.141218 
0.138570 
0.135210 
0.134850 
0.136217 
0.140533 
0.137412 
0.136624 
0.138850 
0.138427 
0.139502 
0.140346 
0.137515 
0.134371 
0.135346 
0.137547 
0.138502 
0.137666 
0.135876 
0.133859 
0.139544 
0.139220 
0.137750 
0.144426 
0.138988 
0.137504 
0.139598 
0.140647 
0.137233 
0.143241 
0.139658 
0.134218 
0.139998 
0.140766 
0.139154 
0.141332 
0.142430 
0.144888 
0.141068 
0.141927 
0.135133 
0.132839 
0.136995 
0.138573 
0.141331 
0.144520 
0.145682 
0.139051 
0.134071 
0.133354 
0.138875 
0.140749 
0.140835 
0.139294 
0.142178 
0.140945 
0.140030 
0.138047 
0.142103 
0.138502 
0.138870 
0.137687 
0.138412 
0.136999 
0.139914 
0.139464 
0.136151 
0.130792 
0.140790 
0.135981 
0.138649 
0.138201 
0.133505 
0.137574 
0.142057 
0.137203 
0.136545 
0.138089 
0.139171 
0.141533 
0.143367 
0.138621 
0.142160 
0.138813 
0.142532 
0.141936 
0.138545 
0.136609 
0.140866 
0.140467 
0.140123 
0.136282 
0.134550 
0.138265 
0.140954 
0.147036 
0.137820 
0.143020 
0.139867 
0.140111 
0.141373 
0.138082 
0.134996 
0.140699 
0.144200 
0.137591 
0.138179 
0.142559 
0.138521 
0.138358 
0.140710 
0.140329 
0.140040 
0.139488 
0.138726 
0.140833 
0.140733 
0.136446 
0.133829 
0.136107 
0.139285 
0.136159 
0.138230 
0.137453 
0.140124 
0.135734 
0.140210 
0.140989 
0.138493 
0.140247 
0.145511 
0.142720 
0.142346 
0.140205 
0.139711 
0.141019 
0.142818 
0.141441 
0.136995 
0.144030 
0.137253 
0.139198 
0.142156 
0.139814 
0.135404 
0.145743 
0.145131 
0.144301 
0.141572 
0.139571 
0.142074 
0.141937 
0.141711 
0.140771 
0.143375 
0.140876 
0.137112 
0.136584 
0.137008 
0.134672 
0.141065 
0.140165 
0.134571 
0.137268 
0.139584 
0.132675 
0.140167 
0.143240 
0.140636 
0.142488 
0.139320 
0.137045 
0.142413 
0.140549 
0.138441 
0.135173 
0.138752 
0.140432 
0.142646 
0.138641 
0.140224 
0.138313 
0.141021 
0.138196 
0.146367 
0.144008 
0.138731 
0.139082 
0.141556 
0.142262 
0.140321 
0.142987 
0.142503 
0.139944 
0.134836 
0.140014 
0.138920 
0.134816 
0.136266 
0.139142 
0.138198 
0.141617 
0.143112 
0.138953 
0.138536 
0.136118 
0.138059 
0.135522 
0.136216 
0.142415 
0.138010 
0.142026 
0.139736 
0.142807 
0.140619 
0.144167 
0.137594 
0.141426 
0.141267 
0.140981 
0.145265 
0.141882 
0.139595 
0.140034 
0.141812 
0.140505 
0.141683 
0.141760 
0.142314 
0.139983 
0.136984 
0.142453 
0.138108 
0.138823 
0.138672 
0.139136 
0.141928 
0.138487 
0.138199 
0.139761 
0.138446 
0.143696 
0.141466 
0.136344 
0.137764 
0.137943 
0.136088 
0.137595 
0.142171 
0.136158 
0.142965 
0.144870 
0.138921 
0.140475 
0.138818 
0.140740 
0.139412 
0.135496 
0.138208 
0.136130 
0.141393 
0.141340 
0.136016 
0.132806 
0.137830 
0.139749 
0.143874 
0.140590 
0.139016 
0.134137 
0.136285 
0.140099 
0.136967 
0.138165 
0.141402 
0.137488 
0.133868 
0.139304 
0.136069 
0.137665 
0.139992 
0.140586 
0.141324 
0.135180 
0.138117 
0.137797 
0.144568 
0.138944 
0.136981 
0.141061 
0.138120 
0.139708 
0.140287 
0.136153 
0.137112 
0.141525 
0.140191 
0.142830 
0.135440 
0.140038 
0.143944 
0.140187 
0.137990 
0.142401 
0.137702 
0.137736 
0.138243 
0.139822 
0.142685 
0.143197 
0.139899 
0.140762 
0.138152 
0.137939 
0.138146 
0.144021 
0.135408 
0.135599 
0.137612 
0.140503 
0.140694 
0.137541 
0.139308 
0.142755 
0.138505 
0.137919 
0.139528 
0.138080 
0.138019 
0.142617 
0.142091 
0.142931 
0.138400 
0.138833 
0.138795 
0.140838 
0.143427 
0.139498 
0.137432 
0.142344 
0.137544 
0.139217 
0.138843 
0.140964 
0.140835 
0.138173 
0.137497 
0.141981 
0.136019 
0.138099 
0.135564 
0.140634 
0.140955 
0.138629 
0.137407 
0.141083 
0.136659 
0.136286 
0.139668 
0.137123 
0.137298 
0.148076 
0.141563 
0.138940 
0.137831 
0.140404 
0.136883 
0.143631 
0.145208 
0.139699 
0.141623 
0.141185 
0.139981 
0.138179 
0.136090 
0.138574 
0.139940 
0.139942 
0.145230 
0.142811 
0.143714 
0.136356 
0.137752 
0.144122 
0.143094 
0.144657 
0.140695 
0.142473 
0.138428 
0.136038 
0.137542 
0.138924 
0.137659 
0.139886 
0.139976 
0.140670 
0.143039 
0.142255 
0.143705 
0.140101 
0.138505 
0.138880 
0.139928 
0.137781 
0.135082 
0.134813 
0.141435 
0.142742 
0.136995 
0.147311 
0.146548 
0.138055 
0.135704 
0.140455 
0.139829 
0.137928 
0.137148 
0.140531 
0.137114 
0.140141 
0.141833 
0.139875 
0.135905 
0.136719 
0.139594 
0.136465 
0.136873 
0.142445 
0.140677 
0.142238 
0.139120 
0.138131 
0.136413 
0.140767 
0.138803 
0.141864 
0.144144 
0.145052 
0.136435 
0.143476 
0.141694 
0.140949 
0.137847 
0.135496 
0.137562 
0.138777 
0.137686 
0.141985 
0.143981 
0.141334 
0.139884 
0.139143 
0.141432 
0.136851 
0.141648 
0.135884 
0.138448 
0.138338 
0.137659 
0.139661 
0.138326 
0.138135 
0.137536 
0.141153 
0.137230 
0.138312 
0.144249 
0.142251 
0.144107 
0.140272 
0.138100 
0.133573 
0.138203 
0.144783 
0.139343 
0.137946 
0.143568 
0.140132 
0.144789 
0.135891 
0.138035 
0.137889 
0.135430 
0.134548 
0.137125 
0.138647 
0.141175 
0.139402 
0.140169 
0.138646 
0.134017 
0.141145 
0.134305 
0.131740 
0.138635 
0.138389 
0.140503 
0.138861 
0.141805 
0.141540 
0.137985 
0.141834 
0.138279 
0.137571 
0.136451 
0.144692 
0.140013 
0.144499 
0.140419 
0.138685 
0.136774 
0.138548 
0.139112 
0.141619 
0.140699 
0.136368 
0.137393 
0.140701 
0.142124 
0.139478 
0.139201 
0.139528 
0.135572 
0.136907 
0.132303 
0.140103 
0.134718 
0.134561 
0.136557 
0.140325 
0.134991 
0.139038 
0.138943 
0.143850 
0.141586 
0.144415 
0.141001 
0.136890 
0.140945 
0.139663 
0.139831 
0.138713 
0.136571 
0.138188 
0.139399 
0.145537 
0.140050 
0.142028 
0.140902 
0.136646 
0.139933 
0.137609 
0.131546 
0.139209 
0.134459 
0.141359 
0.139694 
0.142372 
0.143583 
0.140621 
0.142140 
0.139475 
0.145268 
0.138523 
0.136855 
0.133994 
0.139715 
0.136805 
0.134686 
0.139944 
0.139391 
0.140457 
0.139741 
0.138362 
0.141223 
0.141987 
0.141777 
0.142707 
0.142219 
0.144694 
0.141121 
0.140006 
0.136767 
0.137650 
0.136711 
0.135708 
0.134392 
0.138137 
0.139140 
0.140276 
0.136765 
0.137389 
0.142432 
0.135881 
0.141621 
0.142485 
0.144329 
0.137066 
0.140050 
0.138228 
0.136454 
0.137531 
0.138939 
0.140104 
0.140383 
0.137172 
0.137069 
0.137536 
0.143991 
0.140316 
0.140415 
0.140953 
0.143145 
0.133454 
0.137003 
0.140940 
0.140064 
0.136102 
0.143661 
0.139227 
0.137133 
0.136373 
0.135326 
0.141833 
0.141565 
0.137802 
0.139778 
0.140569 
0.139463 
0.140218 
0.141545 
0.140363 
0.132963 
0.141065 
0.141047 
0.139179 
0.136479 
0.140708 
0.139156 
0.139695 
0.139786 
0.139361 
0.140832 
0.141396 
0.138266 
0.137483 
0.140344 
0.142882 
0.142215 
0.140273 
0.146577 
0.137977 
0.138722 
0.142331 
0.139806 
0.142269 
0.135639 
0.136665 
0.139597 
0.140083 
0.139577 
0.138869 
0.138770 
0.141931 
0.138518 
0.137728 
0.140022 
0.141607 
0.138390 
0.137796 
0.138517 
0.141767 
0.135759 
0.138356 
0.139526 
0.137487 
0.136286 
0.143117 
0.142181 
0.138704 
0.135919 
0.137838 
0.138806 
0.147201 
0.145683 
0.138724 
0.134850 
0.135798 
0.139876 
0.137349 
0.139934 
0.141930 
0.135258 
0.141059 
0.143180 
0.142172 
0.144650 
0.139230 
0.139618 
0.141165 
0.139986 
0.142811 
0.139334 
0.141330 
0.140307 
0.144121 
0.139544 
0.139913 
0.134414 
0.137265 
0.139712 
0.136577 
0.135992 
0.140414 
0.141156 
0.139720 
0.141326 
0.136392 
0.141803 
0.141124 
0.140283 
0.142719 
0.141422 
0.146537 
0.141630 
0.140015 
0.142467 
0.143543 
0.138781 
0.140497 
0.139264 
0.134708 
0.139893 
0.141584 
0.138943 
0.137453 
0.136239 
0.140667 
0.134700 
0.136891 
0.135615 
0.139253 
0.139120 
0.139339 
0.138716 
0.141590 
0.141381 
0.138689 
0.138773 
0.137704 
0.135316 
0.139771 
0.139529 
0.143023 
0.139004 
0.142065 
0.139818 
0.143688 
0.141489 
0.142060 
0.143417 
0.135054 
0.135652 
0.139443 
0.136100 
0.145088 
0.142618 
0.139231 
0.136926 
0.144162 
0.142320 
0.134985 
0.137926 
0.141055 
0.131284 
0.137359 
0.137736 
0.142110 
0.142421 
0.139874 
0.139893 
0.140292 
0.140087 
0.139104 
0.135116 
0.133915 
0.139769 
0.142248 
0.140375 
0.136801 
0.135800 
0.137854 
0.142399 
0.143524 
0.138880 
0.139757 
0.140958 
0.139200 
0.142959 
0.136274 
0.137294 
0.138045 
0.138162 
0.142859 
0.137497 
0.137871 
0.136161 
0.138101 
0.142525 
0.137197 
0.130419 
0.134997 
0.141069 
0.144958 
0.135593 
0.138245 
0.136854 
0.138509 
0.137409 
0.138158 
0.137833 
0.138184 
0.134486 
0.137275 
0.139846 
0.137650 
0.138939 
0.140717 
0.139875 
0.143032 
0.139374 
0.139499 
0.136293 
0.134987 
0.138588 
0.141591 
0.139180 
0.144262 
0.142384 
0.139972 
0.142294 
0.140092 
0.137113 
0.136978 
0.142267 
0.138241 
0.135019 
0.143343 
0.135862 
0.139370 
0.139076 
0.145623 
0.141987 
0.139362 
0.136324 
0.135745 
0.136136 
0.140406 
0.142044 
0.141576 
0.140322 
0.139085 
0.142763 
0.140339 
0.137763 
0.139260 
0.142944 
0.138572 
0.141626 
0.139981 
0.140490 
0.138266 
0.143193 
0.137528 
0.138183 
0.142243 
0.139088 
0.139504 
0.146147 
0.144927 
0.144420 
0.135801 
0.140387 
0.144663 
0.137874 
0.136702 
0.133158 
0.134051 
0.136845 
0.136367 
0.138489 
0.141338 
0.142953 
0.139859 
0.140373 
0.142350 
0.137513 
0.140101 
0.136872 
0.133170 
0.137185 
0.138197 
0.138582 
0.141666 
0.142724 
0.141883 
0.141665 
0.135831 
0.135628 
0.137750 
0.142892 
0.144322 
0.134567 
0.139462 
0.140289 
0.141527 
0.144218 
0.137121 
0.144712 
0.138859 
0.142051 
0.138608 
0.138945 
0.138614 
0.135599 
0.138295 
0.139278 
0.139396 
0.139423 
0.140069 
0.138427 
0.139784 
0.138402 
0.140297 
0.140228 
0.141915 
0.137001 
0.140333 
0.140935 
0.139459 
0.140608 
0.142729 
0.142720 
0.140446 
0.143973 
0.137215 
0.142682 
0.139478 
0.135572 
0.135160 
0.141722 
0.137917 
0.137188 
0.137107 
0.141071 
0.137445 
0.137885 
0.140404 
0.133192 
0.139492 
0.142996 
0.141820 
0.142596 
0.141436 
0.142155 
0.139889 
0.140492 
0.137670 
0.140052 
0.145843 
0.140910 
0.136881 
0.141579 
0.138228 
0.135225 
0.139361 
0.138538 
0.136416 
0.133812 
0.139748 
0.139849 
0.140476 
0.138843 
0.140305 
0.136730 
0.142060 
0.139299 
0.140752 
0.137384 
0.140186 
0.141533 
0.137932 
0.134561 
0.139241 
0.140760 
0.146243 
0.142110 
0.144999 
0.146999 
0.142328 
0.136476 
0.136145 
0.140742 
0.130821 
0.138161 
0.139955 
0.140744 
0.141888 
0.142590 
0.137215 
0.137151 
0.141956 
0.134147 
0.139343 
0.137881 
0.136165 
0.137238 
0.139007 
0.142836 
0.134466 
0.138265 
0.143008 
0.135930 
0.141283 
0.136738 
0.139016 
0.134066 
0.135519 
0.133779 
0.136860 
0.140384 
0.138116 
0.136405 
0.139436 
0.140793 
0.142296 
0.137827 
0.136517 
0.138520 
0.138440 
0.139315 
0.138791 
0.137675 
0.143085 
0.141106 
0.139202 
0.140267 
0.139009 
0.138192 
0.139319 
0.137983 
0.139326 
0.135094 
0.140668 
0.138722 
0.138794 
0.138740 
0.137100 
0.141668 
0.139414 
0.143232 
0.143459 
0.139208 
0.139374 
0.140714 
0.140397 
0.138971 
0.136687 
0.136231 
0.138764 
0.135173 
0.134796 
0.137655 
0.134538 
0.137106 
0.135678 
0.135372 
0.140746 
0.134319 
0.136528 
0.138285 
0.139306 
0.141187 
0.142978 
0.139489 
0.141818 
0.142483 
0.135729 
0.140245 
0.139309 
0.134196 
0.139215 
0.137458 
0.139308 
0.140354 
0.144229 
0.140760 
0.136797 
0.136932 
0.140747 
0.137201 
0.141796 
0.143263 
0.138574 
0.143267 
0.139452 
0.138595 
0.139663 
0.141425 
0.144610 
0.138723 
0.144197 
0.141525 
0.139890 
0.135599 
0.138954 
0.136974 
0.137730 
0.133786 
0.133337 
0.135274 
0.142947 
0.141413 
0.138627 
0.140316 
0.141481 
0.141778 
0.140120 
0.141158 
0.138303 
0.139188 
0.137506 
0.143813 
0.136586 
0.137729 
0.142552 
0.139147 
0.137365 
0.136487 
0.134080 
0.140734 
0.137591 
0.139308 
0.141564 
0.137443 
0.143098 
0.138507 
0.141800 
0.137088 
0.138473 
0.141880 
0.135689 
0.139955 
0.140153 
0.146595 
0.143062 
0.138338 
0.141567 
0.139543 
0.135801 
0.136373 
0.139460 
0.138113 
0.138409 
0.137127 
0.136357 
0.141432 
0.145393 
0.139054 
0.141533 
0.139216 
0.141083 
0.139414 
0.136953 
0.144123 
0.138997 
0.137724 
0.135476 
0.135715 
0.137282 
0.131896 
0.137494 
0.140952 
0.143649 
0.138737 
0.139447 
0.140073 
0.139380 
0.138671 
0.140889 
0.136433 
0.140218 
0.140806 
0.140828 
0.138274 
0.135907 
0.135825 
0.140473 
0.137764 
0.142206 
0.144209 
0.140849 
0.137307 
0.137915 
0.139071 
0.136579 
0.139455 
0.134167 
0.136413 
0.143352 
0.138070 
0.147088 
0.138347 
0.137904 
0.137832 
0.139869 
0.138984 
0.139008 
0.144063 
0.136225 
0.139586 
0.140053 
0.138229 
0.142205 
0.138653 
0.140626 
0.140028 
0.142421 
0.138247 
0.137238 
0.139191 
0.143795 
0.138315 
0.135096 
0.141815 
0.136286 
0.138189 
0.143338 
0.140133 
0.137489 
0.142100 
0.144571 
0.140399 
0.144276 
0.141992 
0.140647 
0.143310 
0.141451 
0.136496 
0.139075 
0.139011 
0.141624 
0.142212 
0.138445 
0.136221 
0.137983 
0.140806 
0.141107 
0.139922 
0.140374 
0.140307 
0.142191 
0.138271 
0.142339 
0.144579 
0.142574 
0.140506 
0.142604 
0.139549 
0.143096 
0.141590 
0.135527 
0.140269 
0.138763 
0.135327 
0.137849 
0.140119 
0.136738 
0.138587 
0.137607 
0.144838 
0.143090 
0.140907 
0.138445 
0.135417 
0.136002 
0.138929 
0.141171 
0.137497 
0.135891 
0.137159 
0.140866 
0.143589 
0.137117 
0.139298 
0.137521 
0.138963 
0.139038 
0.141718 
0.142331 
0.139939 
0.139201 
0.139621 
0.140334 
0.140957 
0.137847 
0.142138 
0.140084 
0.138117 
0.140865 
0.137193 
0.139707 
0.142056 
0.138335 
0.138363 
0.139281 
0.138123 
0.138897 
0.139607 
0.138755 
0.137456 
0.139279 
0.143540 
0.141356 
0.145570 
0.138026 
0.133871 
0.139045 
0.140446 
0.139397 
0.139695 
0.139182 
0.137607 
0.136477 
0.138446 
0.139960 
0.138451 
0.139760 
0.141826 
0.138885 
0.142769 
0.136438 
0.137020 
0.137400 
0.134716 
0.136093 
0.139264 
0.139376 
0.137605 
0.139982 
0.138588 
0.137077 
0.139642 
0.140002 
0.140868 
0.139517 
0.139338 
0.137917 
0.133771 
0.137087 
0.137805 
0.139118 
0.139031 
0.137171 
0.142875 
0.141478 
0.138398 
0.137206 
0.138002 
0.136370 
0.134432 
0.138051 
0.136826 
0.143346 
0.142443 
0.137220 
0.143814 
0.142016 
0.143491 
0.140820 
0.136744 
0.140274 
0.136617 
0.141341 
0.147911 
0.138487 
0.140869 
0.139287 
0.140264 
0.140519 
0.141199 
0.142742 
0.139588 
0.141053 
0.136292 
0.136980 
0.140521 
0.140327 
0.142711 
0.143616 
0.141521 
0.138386 
0.140050 
0.140638 
0.140605 
0.140168 
0.141693 
0.144646 
0.137053 
0.139976 
0.130937 
0.136153 
0.141022 
0.135952 
0.137917 
0.139853 
0.137837 
0.142174 
0.135459 
0.134391 
0.137209 
0.141932 
0.143543 
0.140525 
0.143606 
0.138192 
0.137639 
0.138053 
0.138083 
0.138388 
0.136145 
0.137670 
0.137057 
0.133646 
0.139298 
0.141357 
0.135614 
0.136412 
0.141462 
0.142996 
0.138357 
0.141801 
0.140608 
0.139592 
0.140143 
0.140378 
0.143040 
0.138739 
0.139304 
0.140581 
0.139473 
0.142149 
0.137911 
0.142462 
0.139418 
0.134468 
0.136860 
0.134857 
0.144077 
0.139533 
0.136837 
0.139474 
0.142727 
0.138241 
0.139835 
0.137934 
0.136733 
0.140311 
0.140149 
0.140795 
0.139295 
0.143973 
0.140623 
0.140824 
0.142935 
0.140181 
0.142036 
0.143862 
0.139730 
0.139525 
0.139652 
0.139307 
0.140498 
0.139413 
0.139429 
0.140540 
0.136509 
0.136804 
0.135116 
0.138260 
0.140966 
0.142985 
0.139698 
0.138884 
0.137877 
0.141443 
0.136353 
0.142083 
0.140016 
0.138360 
0.145076 
0.137092 
0.136273 
0.139309 
0.138139 
0.139961 
0.136961 
0.143792 
0.139067 
0.139810 
0.144140 
0.143717 
0.144030 
0.143825 
0.140474 
0.136050 
0.137642 
0.137881 
0.138112 
0.140782 
0.137198 
0.135521 
0.140012 
0.142975 
0.136756 
0.139940 
0.141006 
0.138929 
0.143381 
0.136796 
0.139936 
0.138928 
0.138786 
0.146403 
0.139934 
0.140099 
0.137970 
0.136427 
0.142908 
0.139788 
0.138621 
0.140694 
0.137315 
0.137908 
0.138640 
0.139260 
0.140615 
0.140589 
0.137245 
0.140722 
0.137803 
0.137328 
0.141336 
0.137476 
0.138476 
0.144887 
0.141034 
0.139581 
0.139702 
0.143042 
0.138160 
0.140016 
0.141925 
0.139628 
0.139899 
0.140245 
0.141441 
0.140427 
0.137824 
0.137343 
0.141414 
0.137593 
0.140892 
0.141947 
0.138210 
0.139717 
0.139627 
0.139754 
0.133567 
0.136781 
0.137372 
0.141495 
0.140137 
0.140315 
0.143163 
0.135369 
0.139975 
0.137366 
0.137215 
0.140735 
0.141314 
0.141302 
0.141219 
0.139942 
0.133310 
0.137737 
0.136301 
0.137392 
0.134130 
0.138865 
0.137219 
0.140958 
0.141469 
0.144438 
0.141205 
0.138804 
0.141361 
0.144966 
0.139357 
0.141090 
0.140284 
0.137384 
0.140839 
0.141991 
0.138842 
0.142151 
0.139987 
0.138346 
0.140442 
0.143600 
0.138395 
0.136931 
0.136626 
0.138276 
0.141607 
0.136257 
0.141020 
0.138986 
0.138292 
0.138721 
0.135788 
0.139649 
0.139961 
0.141378 
0.139182 
0.139461 
0.140259 
0.134144 
0.141545 
0.137932 
0.141006 
0.137350 
0.136773 
0.141443 
0.141639 
0.141806 
0.137481 
0.138713 
0.141699 
0.142517 
0.144865 
0.141724 
0.137811 
0.137986 
0.140711 
0.135717 
0.139641 
0.140831 
0.144248 
0.144786 
0.138737 
0.139671 
0.141720 
0.135809 
0.136508 
0.137070 
0.144423 
0.149844 
0.140478 
0.142272 
0.140984 
0.142452 
0.136465 
0.142262 
0.134369 
0.139908 
0.139467 
0.142943 
0.145496 
0.141373 
0.139085 
0.142315 
0.139819 
0.139334 
0.139112 
0.140586 
0.143760 
0.142574 
0.140324 
0.141494 
0.140811 
0.139839 
0.140878 
0.145586 
0.133302 
0.140568 
0.141049 
0.146008 
0.141766 
0.142860 
0.140676 
0.140463 
0.137977 
0.137963 
0.137040 
0.145023 
0.136870 
0.139382 
0.137516 
0.136768 
0.139103 
0.142685 
0.144518 
0.137738 
0.138039 
0.135561 
0.138918 
0.136607 
0.132527 
0.134819 
0.142720 
0.140355 
0.140836 
0.142671 
0.143644 
0.141809 
0.130470 
0.137711 
0.140691 
0.137844 
0.140618 
0.141917 
0.143119 
0.144517 
0.142679 
0.142396 
0.132938 
0.138754 
0.140144 
0.137581 
0.139078 
0.143654 
0.139439 
0.140920 
0.142790 
0.133176 
0.138098 
0.133574 
0.141515 
0.144127 
0.140165 
0.140244 
0.138675 
0.136353 
0.139582 
0.137940 
0.137841 
0.137520 
0.139041 
0.140345 
0.141334 
0.137350 
0.136575 
0.143126 
0.141472 
0.142662 
0.139631 
0.137831 
0.139387 
0.136002 
0.141210 
0.132668 
0.133733 
0.138651 
0.143241 
0.137968 
0.139013 
0.140760 
0.143626 
0.138156 
0.141535 
0.140283 
0.140951 
0.135935 
0.144555 
0.142259 
0.138086 
0.138292 
0.138543 
0.140859 
0.138233 
0.139338 
0.140861 
0.142213 
0.145330 
0.141200 
0.142092 
0.142980 
0.139911 
0.140943 
0.138341 
0.140272 
0.140001 
0.139404 
0.141651 
0.137903 
0.136860 
0.138199 
0.139751 
0.141239 
0.145646 
0.140048 
0.138397 
0.140705 
0.138865 
0.132314 
0.136756 
0.137566 
0.142472 
0.140994 
0.138751 
0.138322 
0.138569 
0.142173 
0.141714 
0.142911 
0.140177 
0.140962 
0.139033 
0.145980 
0.137570 
0.134808 
0.136707 
0.138058 
0.138278 
0.140876 
0.142283 
0.140776 
0.141687 
0.135480 
0.143952 
0.138823 
0.138558 
0.140747 
0.138003 
0.135593 
0.136917 
0.141161 
0.142063 
0.141122 
0.142084 
0.140292 
0.135560 
0.139328 
0.143281 
0.143595 
0.139601 
0.132590 
0.134491 
0.141393 
0.136882 
0.141594 
0.139117 
0.141256 
0.133661 
0.139456 
0.140243 
0.137965 
0.138138 
0.139872 
0.141883 
0.142292 
0.142611 
0.141695 
0.139857 
0.138376 
0.134883 
0.137467 
0.139073 
0.140168 
0.143008 
0.138691 
0.140071 
0.137746 
0.136291 
0.138347 
0.138777 
0.141828 
0.143274 
0.141272 
0.140967 
0.140128 
0.142182 
0.139691 
0.138484 
0.137501 
0.138265 
0.140114 
0.137345 
0.134959 
0.137247 
0.137460 
0.134883 
0.138958 
0.139123 
0.137911 
0.139803 
0.140901 
0.140464 
0.145507 
0.142557 
0.137815 
0.143828 
0.137687 
0.138207 
0.139681 
0.142366 
0.142384 
0.142616 
0.144022 
0.140511 
0.141265 
0.139092 
0.142921 
0.141986 
0.143482 
0.136482 
0.140487 
0.144910 
0.141203 
0.139987 
0.137836 
0.136268 
0.135650 
0.142063 
0.140290 
0.138502 
0.141425 
0.141412 
0.133748 
0.140199 
0.139521 
0.140362 
0.140101 
0.140096 
0.136293 
0.138992 
0.139662 
0.138990 
0.139761 
0.135532 
0.143418 
0.136049 
0.136514 
0.137620 
0.136429 
0.129514 
0.136772 
0.134261 
0.134975 
0.138602 
0.136149 
0.137743 
0.136915 
0.138693 
0.138447 
0.141729 
0.139626 
0.139393 
0.139812 
0.142585 
0.138609 
0.141249 
0.139271 
0.141306 
0.140104 
0.138615 
0.144993 
0.140284 
0.141510 
0.143918 
0.139533 
0.143878 
0.138865 
0.138012 
0.142839 
0.145852 
0.141121 
0.139496 
0.141183 
0.138213 
0.139220 
0.137606 
0.140174 
0.137750 
0.139131 
0.141293 
0.143694 
0.142456 
0.138360 
0.137035 
0.137929 
0.137910 
0.140515 
0.138981 
0.141960 
0.139269 
0.133974 
0.142671 
0.139023 
0.140230 
0.136366 
0.140099 
0.143373 
0.142837 
0.135361 
0.137998 
0.137425 
0.137190 
0.139336 
0.139491 
0.138672 
0.136765 
0.139720 
0.139001 
0.143595 
0.138930 
0.136874 
0.137175 
0.142718 
0.139326 
0.139937 
0.137222 
0.143645 
0.138254 
0.139738 
0.134433 
0.133433 
0.138339 
0.140075 
0.144203 
0.139794 
0.140323 
0.139191 
0.137770 
0.138045 
0.136340 
0.138224 
0.142240 
0.137722 
0.137149 
0.138752 
0.135665 
0.135988 
0.138158 
0.139410 
0.133208 
0.139156 
0.139379 
0.139479 
0.134866 
0.138707 
0.140298 
0.135564 
0.137302 
0.136767 
0.138076 
0.139329 
0.137479 
0.137404 
0.141009 
0.136176 
0.137086 
0.141001 
0.144061 
0.141876 
0.140592 
0.137284 
0.138639 
0.145868 
0.137179 
0.140280 
0.143751 
0.133757 
0.133136 
0.137042 
0.136123 
0.138220 
0.137547 
0.143285 
0.134602 
0.144076 
0.138584 
0.135965 
0.134401 
0.136401 
0.133857 
0.140836 
0.142960 
0.141674 
0.144988 
0.137432 
0.140849 
0.141233 
0.138842 
0.136787 
0.141236 
0.138902 
0.139390 
0.138327 
0.138433 
0.146293 
0.143589 
0.138151 
0.143099 
0.140811 
0.141306 
0.142218 
0.141208 
0.140109 
0.136508 
0.138209 
0.137499 
0.138169 
0.134848 
0.137279 
0.136991 
0.137413 
0.138601 
0.140700 
0.141016 
0.137980 
0.137596 
0.140098 
0.142142 
0.144774 
0.138830 
0.141906 
0.142693 
0.137522 
0.139631 
0.141321 
0.137396 
0.135812 
0.136275 
0.141307 
0.143327 
0.141437 
0.138320 
0.137507 
0.141695 
0.137879 
0.138177 
0.136549 
0.141205 
0.143431 
0.137644 
0.141650 
0.137291 
0.139331 
0.139071 
0.141467 
0.145199 
0.141560 
0.142799 
0.142073 
0.136334 
0.136976 
0.141342 
0.139637 
0.137589 
0.136665 
0.139320 
0.143471 
0.139540 
0.136990 
0.141343 
0.138947 
0.136566 
0.138292 
0.138253 
0.140667 
0.140550 
0.141038 
0.138743 
0.138678 
0.143362 
0.139758 
0.141507 
0.141718 
0.140318 
0.133671 
0.141943 
0.146126 
0.131742 
0.142046 
0.138304 
0.145706 
0.142034 
0.134185 
0.138255 
0.140661 
0.138227 
0.138203 
0.137396 
0.135050 
0.136114 
0.135181 
0.139014 
0.137403 
0.138529 
0.140044 
0.137712 
0.134783 
0.137007 
0.140141 
0.135762 
0.133747 
0.140452 
0.140225 
0.142628 
0.141491 
0.138191 
0.140295 
0.142666 
0.136239 
0.138029 
0.138391 
0.134814 
0.134244 
0.132537 
0.136390 
0.139969 
0.139865 
0.138275 
0.137584 
0.140108 
0.141722 
0.138736 
0.140014 
0.141190 
0.140770 
0.138869 
0.139659 
0.139269 
0.140027 
0.138351 
0.139953 
0.139033 
0.139282 
0.139939 
0.138306 
0.136477 
0.139613 
0.133615 
0.133754 
0.141191 
0.138348 
0.136805 
0.141966 
0.141136 
0.139508 
0.144619 
0.141526 
0.139449 
0.139429 
0.132933 
0.138971 
0.135143 
0.142326 
0.140188 
0.143025 
0.143212 
0.141731 
0.139693 
0.135997 
0.136726 
0.139634 
0.141386 
0.138296 
0.135626 
0.136952 
0.138701 
0.136353 
0.138436 
0.136678 
0.141301 
0.139098 
0.137840 
0.137508 
0.141317 
0.143492 
0.143422 
0.137230 
0.143957 
0.140254 
0.134882 
0.137044 
0.146028 
0.140066 
0.140176 
0.139300 
0.140107 
0.136817 
0.141958 
0.144620 
0.136060 
0.140244 
0.141628 
0.136188 
0.135575 
0.138712 
0.140204 
0.136411 
0.143719 
0.140069 
0.139205 
0.139405 
0.139456 
0.140028 
0.139486 
0.142882 
0.141890 
0.140703 
0.139996 
0.139475 
0.142107 
0.138237 
0.143684 
0.137488 
0.140869 
0.140554 
0.140346 
0.141391 
0.138270 
0.143889 
0.144113 
0.137207 
0.139359 
0.142465 
0.143161 
0.147927 
0.139486 
0.139454 
0.139340 
0.138067 
0.143673 
0.141476 
0.141207 
0.141708 
0.135870 
0.141806 
0.137042 
0.138415 
0.138382 
0.140593 
0.143571 
0.138631 
0.136788 
0.137833 
0.140182 
0.140991 
0.138772 
0.136517 
0.142255 
0.141781 
0.137617 
0.136803 
0.137602 
0.140004 
0.137132 
0.138956 
0.136574 
0.135055 
0.137938 
0.140329 
0.141268 
0.142208 
0.138333 
0.142609 
0.136930 
0.138082 
0.137742 
0.143216 
0.141461 
0.140820 
0.141888 
0.141084 
0.136023 
0.145135 
0.138349 
0.136720 
0.136483 
0.140621 
0.139224 
0.141736 
0.135034 
0.140660 
0.140673 
0.141724 
0.140691 
0.138636 
0.138569 
0.140777 
0.139249 
0.142820 
0.135761 
0.139790 
0.144075 
0.138098 
0.138008 
0.135997 
0.136925 
0.139209 
0.136387 
0.138986 
0.139969 
0.138073 
0.141654 
0.139460 
0.140993 
0.139122 
0.140740 
0.137846 
0.139794 
0.141630 
0.138158 
0.141435 
0.143413 
0.140311 
0.137714 
0.136403 
0.138138 
0.138227 
0.141606 
0.138307 
0.138436 
0.137832 
0.141849 
0.135436 
0.138568 
0.139202 
0.137643 
0.140090 
0.138878 
0.139778 
0.137245 
0.138906 
0.136998 
0.137712 
0.143761 
0.139375 
0.137226 
0.136717 
0.136729 
0.143128 
0.143018 
0.136062 
0.140262 
0.135397 
0.139935 
0.140198 
0.141676 
0.139672 
0.137281 
0.136352 
0.139669 
0.143316 
0.142094 
0.137898 
0.140979 
0.138415 
0.140221 
0.140844 
0.137131 
0.144149 
0.144488 
0.132554 
0.137452 
0.134435 
0.137394 
0.139594 
0.139295 
0.141330 
0.142085 
0.138431 
0.138831 
0.135889 
0.140810 
0.138517 
0.142422 
0.135748 
0.136888 
0.138040 
0.139968 
0.141176 
0.141624 
0.144638 
0.138912 
0.137409 
0.138900 
0.140297 
0.140179 
0.140266 
0.141918 
0.134532 
0.140327 
0.138156 
0.139371 
0.138457 
0.143467 
0.139030 
0.139657 
0.139536 
0.137063 
0.139387 
0.135166 
0.143840 
0.141297 
0.142114 
0.139684 
0.144169 
0.139836 
0.140977 
0.140554 
0.142048 
0.140433 
0.144194 
0.140389 
0.137827 
0.143193 
0.139636 
0.137598 
0.143372 
0.140164 
0.143214 
0.139875 
0.141507 
0.140033 
0.137323 
0.135496 
0.135545 
0.135795 
0.137509 
0.136376 
0.136809 
0.138639 
0.139680 
0.140794 
0.137657 
0.133632 
0.137376 
0.143333 
0.142755 
0.141322 
0.139531 
0.135717 
0.137371 
0.135589 
0.136912 
0.136080 
0.139244 
0.143404 
0.138981 
0.139400 
0.139804 
0.140723 
0.137624 
0.141321 
0.136205 
0.134623 
0.133887 
0.137727 
0.136467 
0.137440 
0.136227 
0.138077 
0.139239 
0.138943 
0.136030 
0.139886 
0.136157 
0.141909 
0.141888 
0.138080 
0.140561 
0.140721 
0.137234 
0.140460 
0.146020 
0.133799 
0.136008 
0.140467 
0.142839 
0.138334 
0.136558 
0.137943 
0.140723 
0.140253 
0.142175 
0.142957 
0.141295 
0.137663 
0.139120 
0.139312 
0.134716 
0.139068 
0.139445 
0.135572 
0.138259 
0.143752 
0.142151 
0.143352 
0.143855 
0.142116 
0.137199 
0.139085 
0.142378 
0.137742 
0.136965 
0.135023 
0.137271 
0.136870 
0.139513 
0.142986 
0.138030 
0.144395 
0.139864 
0.141334 
0.138737 
0.136848 
0.137816 
0.138958 
0.136096 
0.138035 
0.143854 
0.139745 
0.140889 
0.140180 
0.140537 
0.142329 
0.137854 
0.139555 
0.141789 
0.135624 
0.136881 
0.141156 
0.140336 
0.142183 
0.140121 
0.136955 
0.136460 
0.138504 
0.137417 
0.138476 
0.139007 
0.139970 
0.143399 
0.138952 
0.136220 
0.136836 
0.140168 
0.140677 
0.139993 
0.139741 
0.131072 
0.136004 
0.139018 
0.137687 
0.141171 
0.140798 
0.139997 
0.139991 
0.143458 
0.136858 
0.135691 
0.138694 
0.139044 
0.140719 
0.140331 
0.141214 
0.141329 
0.143852 
0.132761 
0.139218 
0.139937 
0.138030 
0.142694 
0.140878 
0.138880 
0.137744 
0.141157 
0.138902 
0.141335 
0.142290 
0.137645 
0.134631 
0.138845 
0.137704 
0.140211 
0.135588 
0.137239 
0.145262 
0.138557 
0.141189 
0.137644 
0.140414 
0.136745 
0.140367 
0.143510 
0.141002 
0.142210 
0.137998 
0.140350 
0.132542 
0.135448 
0.136522 
0.137745 
0.136618 
0.140907 
0.137972 
0.137441 
0.139282 
0.139032 
0.139619 
0.137320 
0.135744 
0.140585 
0.139060 
0.138587 
0.135371 
0.137181 
0.135298 
0.135179 
0.136584 
0.140674 
0.134475 
0.136877 
0.138427 
0.134302 
0.137410 
0.138912 
0.142261 
0.135563 
0.138142 
0.137994 
0.141370 
0.141592 
0.140280 
0.144093 
0.137075 
0.139566 
0.139852 
0.142826 
0.138890 
0.142986 
0.136630 
0.143165 
0.141772 
0.140285 
0.145024 
0.142228 
0.145401 
0.139865 
0.142018 
0.141656 
0.138377 
0.140502 
0.138422 
0.142121 
0.139579 
0.134624 
0.139715 
0.140926 
0.135946 
0.137923 
0.138203 
0.135548 
0.138240 
0.138106 
0.140372 
0.142392 
0.141065 
0.138438 
0.136855 
0.143424 
0.135736 
0.142443 
0.141062 
0.144559 
0.141697 
0.141276 
0.138726 
0.140761 
0.137483 
0.137259 
0.138106 
0.135181 
0.134450 
0.137360 
0.138024 
0.142166 
0.140690 
0.146152 
0.139360 
0.137173 
0.140474 
0.137278 
0.134535 
0.139773 
0.137324 
0.143819 
0.140659 
0.141562 
0.136579 
0.141153 
0.141116 
0.139180 
0.140994 
0.138134 
0.134298 
0.139695 
0.141120 
0.139665 
0.149560 
0.139802 
0.140728 
0.141225 
0.134272 
0.136390 
0.140613 
0.140134 
0.138503 
0.135442 
0.140861 
0.138003 
0.140955 
0.138863 
0.141400 
0.140424 
0.140471 
0.141022 
0.135996 
0.143866 
0.140197 
0.141875 
0.141577 
0.138264 
0.139399 
0.138489 
0.139242 
0.139406 
0.138793 
0.133462 
0.140813 
0.136520 
0.135803 
0.139540 
0.141903 
0.141246 
0.137182 
0.139774 
0.140205 
0.133181 
0.134812 
0.143648 
0.141867 
0.143270 
0.138263 
0.145210 
0.137858 
0.137275 
0.145815 
0.140002 
0.141936 
0.137962 
0.139989 
0.141092 
0.138292 
0.139327 
0.138105 
0.140835 
0.136167 
0.142585 
0.141258 
0.150328 
0.141098 
0.138542 
0.139752 
0.139109 
0.139670 
0.137936 
0.137970 
0.139161 
0.144832 
0.141523 
0.141652 
0.137444 
0.135091 
0.136182 
0.140539 
0.141633 
0.145481 
0.139895 
0.140960 
0.141408 
0.139981 
0.139810 
0.138384 
0.141988 
0.139164 
0.136827 
0.133109 
0.145979 
0.140855 
0.141249 
0.135899 
0.145695 
0.139989 
0.139174 
0.142551 
0.137755 
0.140589 
0.139542 
0.138058 
0.140265 
0.140366 
0.136160 
0.142245 
0.138941 
0.139061 
0.138336 
0.141935 
0.143284 
0.138849 
0.139308 
0.142128 
0.140412 
0.139029 
0.136656 
0.139951 
0.141365 
0.143252 
0.135475 
0.136368 
0.136988 
0.142200 
0.136418 
0.137771 
0.143085 
0.142429 
0.137442 
0.136837 
0.139679 
0.135869 
0.141900 
0.138485 
0.136831 
0.137039 
0.136800 
0.136408 
0.137068 
0.138889 
0.136111 
0.137536 
0.141593 
0.138005 
0.136014 
0.141262 
0.137774 
0.134922 
0.137671 
0.141875 
0.141615 
0.139384 
0.136824 
0.139359 
0.140231 
0.140133 
0.142088 
0.139747 
0.145427 
0.139162 
0.141006 
0.136657 
0.138249 
0.143395 
0.139300 
0.138354 
0.139450 
0.139652 
0.139042 
0.132464 
0.138074 
0.142814 
0.136605 
0.137705 
0.144295 
0.140359 
0.139020 
0.139270 
0.142417 
0.142349 
0.136313 
0.139494 
0.137230 
0.137401 
0.138526 
0.133156 
0.137675 
0.138018 
0.138284 
0.139781 
0.135176 
0.136180 
0.146087 
0.144018 
0.136243 
0.135546 
0.140786 
0.135817 
0.137332 
0.133567 
0.138284 
0.135669 
0.137360 
0.140874 
0.135770 
0.138654 
0.135501 
0.142369 
0.138174 
0.139528 
0.143312 
0.139532 
0.136859 
0.137898 
0.140290 
0.140398 
0.141671 
0.139942 
0.144637 
0.140611 
0.142910 
0.139353 
0.139482 
0.142010 
0.138323 
0.141232 
0.144027 
0.140368 
0.135292 
0.139402 
0.138513 
0.139789 
0.142665 
0.144537 
0.141670 
0.138586 
0.134228 
0.141585 
0.137536 
0.140614 
0.139215 
0.137701 
0.138012 
0.137650 
0.134881 
0.143850 
0.141513 
0.144278 
0.136920 
0.143734 
0.139183 
0.141144 
0.146044 
0.142264 
0.139876 
0.134833 
0.134671 
0.141755 
0.138792 
0.141666 
0.142563 
0.142423 
0.146401 
0.139099 
0.139889 
0.135386 
0.132949 
0.135107 
0.136421 
0.142493 
0.138147 
0.140559 
0.135789 
0.140122 
0.138556 
0.141378 
0.136302 
0.140390 
0.139460 
0.140630 
0.140313 
0.140249 
0.138004 
0.133163 
0.141679 
0.141315 
0.141286 
0.140009 
0.143666 
0.137362 
0.139345 
0.140512 
0.142504 
0.143816 
0.140463 
0.139178 
0.136486 
0.136698 
0.140775 
0.139058 
0.137356 
0.141015 
0.139245 
0.138167 
0.135191 
0.138286 
0.144185 
0.140927 
0.140787 
0.140733 
0.143545 
0.137407 
0.142043 
0.135358 
0.141390 
0.141241 
0.136759 
0.140274 
0.141588 
0.135590 
0.138665 
0.139506 
0.141663 
0.135720 
0.139378 
0.141335 
0.139448 
0.143701 
0.139058 
0.135699 
0.132527 
0.137869 
0.140045 
0.136671 
0.139109 
0.141728 
0.140576 
0.138385 
0.139639 
0.132888 
0.142199 
0.135029 
0.131493 
0.140306 
0.142543 
0.138255 
0.137761 
0.134578 
0.141729 
0.142011 
0.135506 
0.137151 
0.135932 
0.141986 
0.136738 
0.140855 
0.139788 
0.139007 
0.139930 
0.143613 
0.139696 
0.137858 
0.143929 
0.140404 
0.138586 
0.136255 
0.136461 
0.140487 
0.137178 
0.137227 
0.141361 
0.140461 
0.141105 
0.134654 
0.137377 
0.144017 
0.138972 
0.140504 
0.139843 
0.142385 
0.142311 
0.141281 
0.142081 
0.137873 
0.137504 
0.143466 
0.144057 
0.140610 
0.138769 
0.140960 
0.142118 
0.138748 
0.137422 
0.142943 
0.137924 
0.139870 
0.142137 
0.137526 
0.136386 
0.143320 
0.138734 
0.135311 
0.143967 
0.144521 
0.137061 
0.140892 
0.146301 
0.145057 
0.141752 
0.138770 
0.139881 
0.140439 
0.143717 
0.140886 
0.134879 
0.140992 
0.141072 
0.136144 
0.136501 
0.142119 
0.142520 
0.142676 
0.138229 
0.138704 
0.137679 
0.140810 
0.137826 
0.140795 
0.141332 
0.137759 
0.140617 
0.136870 
0.135325 
0.139030 
0.137866 
0.141880 
0.136648 
0.135404 
0.138700 
0.138777 
0.141367 
0.136879 
0.138443 
0.137846 
0.143194 
0.142033 
0.140781 
0.141810 
0.137603 
0.142616 
0.135217 
0.142266 
0.138187 
0.138659 
0.141692 
0.137011 
0.140632 
0.135952 
0.139045 
0.140379 
0.137245 
0.136441 
0.140967 
0.141948 
0.140746 
0.139363 
0.142851 
0.137655 
0.142888 
0.142257 
0.137373 
0.137537 
0.140524 
0.138203 
0.136126 
0.140160 
0.138520 
0.137303 
0.141203 
0.139176 
0.139144 
0.135719 
0.138133 
0.137458 
0.139718 
0.142789 
0.139126 
0.136345 
0.140697 
0.136281 
0.140794 
0.139222 
0.144506 
0.136157 
0.134984 
0.141415 
0.140327 
0.139807 
0.143911 
0.142493 
0.143374 
0.138307 
0.135499 
0.136129 
0.143353 
0.140152 
0.138654 
0.145578 
0.139572 
0.138031 
0.140425 
0.141408 
0.137107 
0.140202 
0.140538 
0.141650 
0.141655 
0.143561 
0.138775 
0.141506 
0.135400 
0.141793 
0.143491 
0.146900 
0.139988 
0.137064 
0.140722 
0.139256 
0.135251 
0.139825 
0.138062 
0.136617 
0.138880 
0.136606 
0.142050 
0.134445 
0.136396 
0.141970 
0.138755 
0.142594 
0.135905 
0.137453 
0.142778 
0.138664 
0.142555 
0.143170 
0.137947 
0.141324 
0.141103 
0.140040 
0.136747 
0.140742 
0.146301 
0.140162 
0.138681 
0.139598 
0.136944 
0.136454 
0.144091 
0.138929 
0.135709 
0.139803 
0.141272 
0.134528 
0.134361 
0.138065 
0.141189 
0.138209 
0.142620 
0.139777 
0.138727 
0.139638 
0.135560 
0.144008 
0.143658 
0.135634 
0.143559 
0.141980 
0.139000 
0.142101 
0.140731 
0.140770 
0.140731 
0.138836 
0.138089 
0.140230 
0.139806 
0.141384 
0.142418 
0.140244 
0.136935 
0.139839 
0.143719 
0.144835 
0.141252 
0.144081 
0.142067 
0.138865 
0.142531 
0.139878 
0.135610 
0.133758 
0.139317 
0.140272 
0.135142 
0.141421 
0.143194 
0.137955 
0.138250 
0.138939 
0.138384 
0.139060 
0.144259 
0.142442 
0.135171 
0.138426 
0.139491 
0.142524 
0.142587 
0.140536 
0.134695 
0.139589 
0.139672 
0.140539 
0.138479 
0.137506 
0.138280 
0.135795 
0.142632 
0.134376 
0.137622 
0.135409 
0.137973 
0.136841 
0.140545 
0.137573 
0.137622 
0.138260 
0.141864 
0.147216 
0.140132 
0.141629 
0.143361 
0.136812 
0.140021 
0.137645 
0.138718 
0.136176 
0.141143 
0.136932 
0.140426 
0.139352 
0.137745 
0.136886 
0.137140 
0.140077 
0.135320 
0.139386 
0.137211 
0.141251 
0.139968 
0.136312 
0.141984 
0.137161 
0.143908 
0.137983 
0.143239 
0.142582 
0.141867 
0.140191 
0.142909 
0.138989 
0.140917 
0.142257 
0.139693 
0.138068 
0.139223 
0.141653 
0.143377 
0.142778 
0.145109 
0.137511 
0.138911 
0.134376 
0.141665 
0.137419 
0.141697 
0.140914 
0.138107 
0.136681 
0.138282 
0.140731 
0.141549 
0.139662 
0.138034 
0.138587 
0.136293 
0.139506 
0.133847 
0.136749 
0.133843 
0.133577 
0.138001 
0.142145 
0.138994 
0.136311 
0.137332 
0.137757 
0.139480 
0.136833 
0.135850 
0.133925 
0.138230 
0.139688 
0.134392 
0.134543 
0.134730 
0.139459 
0.138619 
0.139203 
0.140306 
0.139902 
0.138308 
0.138977 
0.140111 
0.141867 
0.138056 
0.143370 
0.135524 
0.140473 
0.137203 
0.138369 
0.141693 
0.139490 
0.137212 
0.140842 
0.142376 
0.139132 
0.136091 
0.140010 
0.144030 
0.138330 
0.140805 
0.141857 
0.138932 
0.138691 
0.138395 
0.132102 
0.144382 
0.146105 
0.138479 
0.139663 
0.141553 
0.138876 
0.143674 
0.142439 
0.134742 
0.137398 
0.142956 
0.142456 
0.137060 
0.137598 
0.136242 
0.137065 
0.140919 
0.139784 
0.139227 
0.145634 
0.137970 
0.142166 
0.141537 
0.141008 
0.139633 
0.139670 
0.138524 
0.137939 
0.139746 
0.140595 
0.139512 
0.136820 
0.136589 
0.138900 
0.138708 
0.140145 
0.139126 
0.135243 
0.138038 
0.136825 
0.140979 
0.145327 
0.139206 
0.140582 
0.134581 
0.142459 
0.143454 
0.137788 
0.143021 
0.140011 
0.140627 
0.141771 
0.140399 
0.134855 
0.140376 
0.139583 
0.136209 
0.139825 
0.142772 
0.138938 
0.139121 
0.136695 
0.139780 
0.142518 
0.136767 
0.136987 
0.136839 
0.139929 
0.137644 
0.139506 
0.141790 
0.141841 
0.138219 
0.137009 
0.139627 
0.142360 
0.140378 
0.140078 
0.142577 
0.135844 
0.137565 
0.138637 
0.138580 
0.134253 
0.139912 
0.143096 
0.139981 
0.138929 
0.135314 
0.141011 
0.138667 
0.137929 
0.137502 
0.138372 
0.133683 
0.135150 
0.143479 
0.140589 
0.140686 
0.139937 
0.142267 
0.138526 
0.146188 
0.139158 
0.139993 
0.140972 
0.139805 
0.136557 
0.136548 
0.139139 
0.139361 
0.142705 
0.139130 
0.143928 
0.144056 
0.142679 
0.139126 
0.137295 
0.138188 
0.140832 
0.138584 
0.142781 
0.138704 
0.139592 
0.141877 
0.141559 
0.136866 
0.137226 
0.141019 
0.141360 
0.137862 
0.141192 
0.137355 
0.142848 
0.137744 
0.137977 
0.144148 
0.138875 
0.138467 
0.138815 
0.139260 
0.142396 
0.140029 
0.136936 
0.137342 
0.139996 
0.137368 
0.142154 
0.142726 
0.140951 
0.138213 
0.142963 
0.139621 
0.137607 
0.135460 
0.138906 
0.141977 
0.138786 
0.142711 
0.135133 
0.132685 
0.136405 
0.141839 
0.142986 
0.133212 
0.133535 
0.137347 
0.138081 
0.140789 
0.135418 
0.135352 
0.140957 
0.139523 
0.141289 
0.140319 
0.138587 
0.141050 
0.136680 
0.139700 
0.139082 
0.133755 
0.141011 
0.143132 
0.136019 
0.137510 
0.140809 
0.136501 
0.138285 
0.135882 
0.135609 
0.140677 
0.137794 
0.143144 
0.138586 
0.136715 
0.141356 
0.138156 
0.135959 
0.143570 
0.137974 
0.143807 
0.137967 
0.140577 
0.143522 
0.141643 
0.140633 
0.140509 
0.140711 
0.139597 
0.137961 
0.145602 
0.137715 
0.140135 
0.139641 
0.141289 
0.141031 
0.137422 
0.139632 
0.141494 
0.139600 
0.137217 
0.138449 
0.143495 
0.142969 
0.143187 
0.145353 
0.145011 
0.141374 
0.138164 
0.137524 
0.138543 
0.140909 
0.139929 
0.143796 
0.145010 
0.139069 
0.137560 
0.138317 
0.139269 
0.134897 
0.140290 
0.143465 
0.137093 
0.141167 
0.141366 
0.138802 
0.135046 
0.137698 
0.142761 
0.141425 
0.139952 
0.139981 
0.140985 
0.142753 
0.143856 
0.138277 
0.140791 
0.143751 
0.139732 
0.140470 
0.137998 
0.136209 
0.141319 
0.140634 
0.136171 
0.139708 
0.140674 
0.133593 
0.141302 
0.139385 
0.140006 
0.138726 
0.138713 
0.142329 
0.138801 
0.140788 
0.141058 
0.136132 
0.138326 
0.138710 
0.141830 
0.139176 
0.138874 
0.139281 
0.141306 
0.143165 
0.138550 
0.137129 
0.137089 
0.137682 
0.138817 
0.140557 
0.140837 
0.142782 
0.145633 
0.141630 
0.139274 
0.140778 
0.137214 
0.141294 
0.141931 
0.140090 
0.143414 
0.135818 
0.141596 
0.137816 
0.136758 
0.138322 
0.141108 
0.138161 
0.135204 
0.137527 
0.136414 
0.137981 
0.142196 
0.138435 
0.135330 
0.140781 
0.137893 
0.143230 
0.132956 
0.137836 
0.136105 
0.141605 
0.141643 
0.141931 
0.139620 
0.137768 
0.138501 
0.136363 
0.143470 
0.136579 
0.138188 
0.139895 
0.138480 
0.138296 
0.143030 
0.138810 
0.138549 
0.134518 
0.140600 
0.141403 
0.141870 
0.139450 
0.140136 
0.135662 
0.136147 
0.144366 
0.143273 
0.140529 
0.143851 
0.139389 
0.142325 
0.135631 
0.140368 
0.138361 
0.139151 
0.142943 
0.140145 
0.136448 
0.138620 
0.132575 
0.141677 
0.136746 
0.140752 
0.142335 
0.141024 
0.137310 
0.140616 
0.139222 
0.138297 
0.141208 
0.143915 
0.141181 
0.139993 
0.139733 
0.134878 
0.135770 
0.142074 
0.141232 
0.134179 
0.144460 
0.137813 
0.143925 
0.137042 
0.142065 
0.141026 
0.137157 
0.140697 
0.140806 
0.138302 
0.138584 
0.141877 
0.137326 
0.141442 
0.141658 
0.144162 
0.139864 
0.138800 
0.138520 
0.141568 
0.135178 
0.139704 
0.142107 
0.139331 
0.140232 
0.136203 
0.139388 
0.139722 
0.138396 
0.138280 
0.139833 
0.137949 
0.139823 
0.139674 
0.142925 
0.138219 
0.139476 
0.136643 
0.142085 
0.142730 
0.141196 
0.138656 
0.144749 
0.142535 
0.143510 
0.137032 
0.146009 
0.139153 
0.137444 
0.136238 
0.139625 
0.140062 
0.137140 
0.134217 
0.137937 
0.140282 
0.141627 
0.142143 
0.136811 
0.140926 
0.135618 
0.139916 
0.143668 
0.136112 
0.136806 
0.139066 
0.143260 
0.138174 
0.135705 
0.138966 
0.140538 
0.138865 
0.142674 
0.137081 
0.142827 
0.137493 
0.138175 
0.138337 
0.141150 
0.142587 
0.139721 
0.139821 
0.143699 
0.144351 
0.140694 
0.139666 
0.137048 
0.138506 
0.135623 
0.136467 
0.141813 
0.138161 
0.136870 
0.138674 
0.133364 
0.139036 
0.140013 
0.130967 
0.135891 
0.142341 
0.135273 
0.138021 
0.135846 
0.140419 
0.139380 
0.133594 
0.140687 
0.140704 
0.143402 
0.138710 
0.138571 
0.143700 
0.141475 
0.137308 
0.133581 
0.138129 
0.133628 
0.135142 
0.139670 
0.138919 
0.140097 
0.138262 
0.140862 
0.149255 
0.143504 
0.143521 
0.135309 
0.139163 
0.138443 
0.139868 
0.140364 
0.137795 
0.140831 
0.139799 
0.140576 
0.137980 
0.140126 
0.133237 
0.138979 
0.142343 
0.136289 
0.137887 
0.137984 
0.140598 
0.140092 
0.134820 
0.137575 
0.136558 
0.138724 
0.141357 
0.138514 
0.139422 
0.137594 
0.142654 
0.145569 
0.137838 
0.139956 
0.137649 
0.136956 
0.141742 
0.139919 
0.140993 
0.145944 
0.143653 
0.137738 
0.140670 
0.139893 
0.138838 
0.138254 
0.138658 
0.136033 
0.137719 
0.143305 
0.140007 
0.137731 
0.136529 
0.138062 
0.145818 
0.142153 
0.140897 
0.142080 
0.143625 
0.141219 
0.142983 
0.142264 
0.141465 
0.137923 
0.145030 
0.138150 
0.139862 
0.143362 
0.138846 
0.141572 
0.136794 
0.137791 
0.138991 
0.137667 
0.146832 
0.144517 
0.139174 
0.138739 
0.139618 
0.136957 
0.137717 
0.138132 
0.137097 
0.138795 
0.142469 
0.139697 
0.136195 
0.138129 
0.137506 
0.141585 
0.141473 
0.139045 
0.136205 
0.140039 
0.138372 
0.141621 
0.142755 
0.140261 
0.138333 
0.139018 
0.142716 
0.142816 
0.134739 
0.137176 
0.140914 
0.138804 
0.134855 
0.141492 
0.136384 
0.137417 
0.138654 
0.140681 
0.137936 
0.142344 
0.138870 
0.138917 
0.140878 
0.136229 
0.138474 
0.140752 
0.136902 
0.134610 
0.135891 
0.141067 
0.140321 
0.139734 
0.139286 
0.138005 
0.135372 
0.139952 
0.139983 
0.135339 
0.138327 
0.142273 
0.138310 
0.136266 
0.141254 
0.139492 
0.135381 
0.135111 
0.139000 
0.143038 
0.138392 
0.139930 
0.142282 
0.141992 
0.142028 
0.142787 
0.139404 
0.140278 
0.141981 
0.138362 
0.138953 
0.143360 
0.143092 
0.145857 
0.138244 
0.141512 
0.141756 
0.138561 
0.136747 
0.136020 
0.135986 
0.140485 
0.139302 
0.138321 
0.138318 
0.136714 
0.140775 
0.137883 
0.137271 
0.139109 
0.137067 
0.138115 
0.140322 
0.141498 
0.137027 
0.143516 
0.138460 
0.141465 
0.139473 
0.137445 
0.136295 
0.138892 
0.143182 
0.135597 
0.138248 
0.134195 
0.137496 
0.141781 
0.141588 
0.143699 
0.140027 
0.137904 
0.136267 
0.136170 
0.140416 
0.140319 
0.139550 
0.140384 
0.137794 
0.144396 
0.138831 
0.140870 
0.142431 
0.143739 
0.140861 
0.137922 
0.133234 
0.136768 
0.140458 
0.146552 
0.142324 
0.141362 
0.136399 
0.146166 
0.142232 
0.135175 
0.143905 
0.140212 
0.139437 
0.135522 
0.139058 
0.140992 
0.140675 
0.136543 
0.139946 
0.133378 
0.144532 
0.139092 
0.141835 
0.141787 
0.140849 
0.138711 
0.140937 
0.139322 
0.141173 
0.137766 
0.137843 
0.136800 
0.136019 
0.139388 
0.141181 
0.138586 
0.137363 
0.131324 
0.138917 
0.138135 
0.140753 
0.140678 
0.137981 
0.134953 
0.140748 
0.138974 
0.142297 
0.134760 
0.135270 
0.139893 
0.140905 
0.142075 
0.143977 
0.141135 
0.142078 
0.139078 
0.138216 
0.137812 
0.140753 
0.138799 
0.142013 
0.142261 
0.146479 
0.138141 
0.136110 
0.138639 
0.141058 
0.136972 
0.139769 
0.139623 
0.137226 
0.137277 
0.140427 
0.142975 
0.136768 
0.131618 
0.136709 
0.137625 
0.138475 
0.141126 
0.139419 
0.144225 
0.136669 
0.141500 
0.142954 
0.137441 
0.141654 
0.141245 
0.138178 
0.137516 
0.137783 
0.141692 
0.135439 
0.139316 
0.137167 
0.137385 
0.135456 
0.138708 
0.143234 
0.141302 
0.137275 
0.136863 
0.140150 
0.139356 
0.141880 
0.142136 
0.140909 
0.140191 
0.140495 
0.141384 
0.146185 
0.142252 
0.141827 
0.135180 
0.139565 
0.141914 
0.143725 
0.138777 
0.138510 
0.140902 
0.141435 
0.137634 
0.136998 
0.141101 
0.137463 
0.135216 
0.140092 
0.135280 
0.135318 
0.139260 
0.134940 
0.140359 
0.140475 
0.138624 
0.138449 
0.140316 
0.139532 
0.132794 
0.137105 
0.135932 
0.140396 
0.134569 
0.141192 
0.137897 
0.148808 
0.141966 
0.137352 
0.139057 
0.138040 
0.142210 
0.140065 
0.143887 
0.139906 
0.137621 
0.140172 
0.134980 
0.136888 
0.142500 
0.139508 
0.140274 
0.142007 
0.136177 
0.135946 
0.140438 
0.140845 
0.140256 
0.140833 
0.139127 
0.137417 
0.139862 
0.140107 
0.138958 
0.140830 
0.135023 
0.142825 
0.142507 
0.139906 
0.140498 
0.136272 
0.135461 
0.138824 
0.135062 
0.139271 
0.140910 
0.136595 
0.139717 
0.145990 
0.139176 
0.140632 
0.139024 
0.143227 
0.138107 
0.139223 
0.138486 
0.145639 
0.141565 
0.139154 
0.146168 
0.141827 
0.141919 
0.140768 
0.136527 
0.138769 
0.137530 
0.139605 
0.134285 
0.140509 
0.136393 
0.139599 
0.142218 
0.137833 
0.141038 
0.142321 
0.138285 
0.137749 
0.137689 
0.134397 
0.137413 
0.137893 
0.141768 
0.141622 
0.137692 
0.136722 
0.138649 
0.133446 
0.143184 
0.137469 
0.139886 
0.134915 
0.136443 
0.137729 
0.138899 
0.141645 
0.142178 
0.137585 
0.139257 
0.139207 
0.138585 
0.137101 
0.143731 
0.139546 
0.135950 
0.136195 
0.138742 
0.141172 
0.141628 
0.143666 
0.141534 
0.134597 
0.137840 
0.138521 
0.138710 
0.140798 
0.134982 
0.140834 
0.141823 
0.139802 
0.141347 
0.136338 
0.134269 
0.136128 
0.133517 
0.133337 
0.139611 
0.142004 
0.138987 
0.139930 
0.140506 
0.137216 
0.134310 
0.135707 
0.133761 
0.132333 
0.143471 
0.136685 
0.136554 
0.139992 
0.139623 
0.138871 
0.136816 
0.139266 
0.135226 
0.138292 
0.141024 
0.140582 
0.136779 
0.136848 
0.139290 
0.140047 
0.138592 
0.136552 
0.136541 
0.137758 
0.141039 
0.143646 
0.137628 
0.137275 
0.139748 
0.142441 
0.140880 
0.137414 
0.140468 
0.139597 
0.139923 
0.144794 
0.143829 
0.142608 
0.141287 
0.140577 
0.144744 
0.138594 
0.143609 
0.138494 
0.137108 
0.141020 
0.139195 
0.140859 
0.140825 
0.136929 
0.137011 
0.138769 
0.138169 
0.135237 
0.138999 
0.139182 
0.140729 
0.133916 
0.137874 
0.139732 
0.137284 
0.135670 
0.139574 
0.139903 
0.139362 
0.132269 
0.137553 
0.140379 
0.139174 
0.137491 
0.135561 
0.141355 
0.142994 
0.144350 
0.143359 
0.134352 
0.138077 
0.136795 
0.138901 
0.139307 
0.138397 
0.139091 
0.139847 
0.137074 
0.135326 
0.141290 
0.141195 
0.141993 
0.136298 
0.141110 
0.141093 
0.137636 
0.138185 
0.141710 
0.137528 
0.139775 
0.138856 
0.142633 
0.145877 
0.140073 
0.142825 
0.144610 
0.139404 
0.138152 
0.138366 
0.139970 
0.136214 
0.137771 
0.139035 
0.137570 
0.139843 
0.138704 
0.139767 
0.141000 
0.137431 
0.143744 
0.143380 
0.145064 
0.142168 
0.139639 
0.146268 
0.142688 
0.141289 
0.144927 
0.142428 
0.136793 
0.139073 
0.136086 
0.146677 
0.142679 
0.137206 
0.134872 
0.138106 
0.139903 
0.142343 
0.139313 
0.142478 
0.146803 
0.142758 
0.137694 
0.139061 
0.133573 
0.138411 
0.140180 
0.142215 
0.141177 
0.133985 
0.141619 
0.141331 
0.141323 
0.139451 
0.138736 
0.141588 
0.139424 
0.137780 
0.139910 
0.140437 
0.142570 
0.141229 
0.140478 
0.138155 
0.134316 
0.139032 
0.139775 
0.136140 
0.138274 
0.134605 
0.139525 
0.141694 
0.139291 
0.142252 
0.137668 
0.137942 
0.143888 
0.140753 
0.145790 
0.142770 
0.138668 
0.139772 
0.137751 
0.141214 
0.139519 
0.138185 
0.136753 
0.139093 
0.142536 
0.142165 
0.143172 
0.138253 
0.136353 
0.138383 
0.142343 
0.138109 
0.141986 
0.136282 
0.139634 
0.140877 
0.138357 
0.141164 
0.140931 
0.136189 
0.141792 
0.138534 
0.136355 
0.138736 
0.140682 
0.137863 
0.135385 
0.137868 
0.138408 
0.136765 
0.138209 
0.143267 
0.137937 
0.139411 
0.138975 
0.140291 
0.134240 
0.133962 
0.136990 
0.137153 
0.138560 
0.140898 
0.140379 
0.140368 
0.141436 
0.140246 
0.138440 
0.142413 
0.139805 
0.142193 
0.144800 
0.140099 
0.134555 
0.142873 
0.142285 
0.140410 
0.142545 
0.143238 
0.141849 
0.137496 
0.138897 
0.140016 
0.142479 
0.142753 
0.140511 
0.138263 
0.142064 
0.145497 
0.137072 
0.139533 
0.140455 
0.133912 
0.137984 
0.141532 
0.140435 
0.140692 
0.139788 
0.134688 
0.140227 
0.143373 
0.140794 
0.140246 
0.138236 
0.133976 
0.140687 
0.140479 
0.137665 
0.137329 
0.139595 
0.139564 
0.139642 
0.142649 
0.139930 
0.132655 
0.140244 
0.134217 
0.136839 
0.136478 
0.135340 
0.142005 
0.143378 
0.138991 
0.137820 
0.143630 
0.139882 
0.140428 
0.142085 
0.140460 
0.141340 
0.139950 
0.134892 
0.140904 
0.142395 
0.139952 
0.144639 
0.141437 
0.144662 
0.142968 
0.141118 
0.139668 
0.138523 
0.136314 
0.137007 
0.140693 
0.135345 
0.139734 
0.136900 
0.139927 
0.139445 
0.139443 
0.136391 
0.140642 
0.138900 
0.139516 
0.146337 
0.148008 
0.140118 
0.138374 
0.141001 
0.139707 
0.140319 
0.138803 
0.140423 
0.141612 
0.145541 
0.144193 
0.134090 
0.138652 
0.137633 
0.141244 
0.144116 
0.138004 
0.138336 
0.140595 
0.138311 
0.144279 
0.138610 
0.137488 
0.138388 
0.141590 
0.140663 
0.140102 
0.142504 
0.139480 
0.130865 
0.138631 
0.139534 
0.136070 
0.139673 
0.138541 
0.141828 
0.136150 
0.138443 
0.137586 
0.139809 
0.140514 
0.137120 
0.140597 
0.136986 
0.141911 
0.140842 
0.140740 
0.143904 
0.143477 
0.142583 
0.132152 
0.136617 
0.138207 
0.137457 
0.141303 
0.140816 
0.138483 
0.140657 
0.136221 
0.140017 
0.141461 
0.132356 
0.140742 
0.140342 
0.136723 
0.135521 
0.140292 
0.139995 
0.140972 
0.144524 
0.138766 
0.138622 
0.141198 
0.144668 
0.138655 
0.140266 
0.141540 
0.143439 
0.138821 
0.135556 
0.146054 
0.141011 
0.136340 
0.138405 
0.134050 
0.136342 
0.138043 
0.139851 
0.138987 
0.138404 
0.140018 
0.143790 
0.139202 
0.138658 
0.140906 
0.140283 
0.137122 
0.143768 
0.137101 
0.140254 
0.140373 
0.137036 
0.136692 
0.136786 
0.138398 
0.139844 
0.140624 
0.138714 
0.137113 
0.135899 
0.137330 
0.137958 
0.134962 
0.138413 
0.137807 
0.138376 
0.138059 
0.140342 
0.139289 
0.136059 
0.136935 
0.141492 
0.139877 
0.138460 
0.137766 
0.137087 
0.137444 
0.138863 
0.138216 
0.140089 
0.139870 
0.137101 
0.141057 
0.139186 
0.138091 
0.140347 
0.139393 
0.136054 
0.136486 
0.139204 
0.136713 
0.136447 
0.136697 
0.134759 
0.139884 
0.137456 
0.137551 
0.133040 
0.136184 
0.145556 
0.139974 
0.134729 
0.139609 
0.140988 
0.135699 
0.141526 
0.140618 
0.142568 
0.139731 
0.136177 
0.137669 
0.141431 
0.141142 
0.138821 
0.139266 
0.138597 
0.140313 
0.142519 
0.140638 
0.135000 
0.138088 
0.141075 
0.136771 
0.139068 
0.140159 
0.142718 
0.136756 
0.137936 
0.140663 
0.135847 
0.136130 
0.137700 
0.135423 
0.139991 
0.140282 
0.138897 
0.136432 
0.139864 
0.136573 
0.139020 
0.140003 
0.140138 
0.135772 
0.138904 
0.136791 
0.142694 
0.138427 
0.143037 
0.143445 
0.143456 
0.140932 
0.140740 
0.140834 
0.140788 
0.142705 
0.141280 
0.137365 
0.142983 
0.139869 
0.138116 
0.140643 
0.144916 
0.137868 
0.141148 
0.143732 
0.138991 
0.138278 
0.140669 
0.136065 
0.135293 
0.137391 
0.139524 
0.142043 
0.139838 
0.141493 
0.139719 
0.138671 
0.139503 
0.141380 
0.140939 
0.137607 
0.137709 
0.134292 
0.136648 
0.137652 
0.143789 
0.134387 
0.137360 
0.133717 
0.140452 
0.139667 
0.142759 
0.138395 
0.142091 
0.137660 
0.139391 
0.138888 
0.140621 
0.136340 
0.138214 
0.140364 
0.144139 
0.143014 
0.136098 
0.142676 
0.141835 
0.140793 
0.139324 
0.140202 
0.136784 
0.139211 
0.136913 
0.138220 
0.138773 
0.139338 
0.142060 
0.143726 
0.138389 
0.143927 
0.139582 
0.145131 
0.135312 
0.138235 
0.138647 
0.135635 
0.142343 
0.146421 
0.142560 
0.139228 
0.137083 
0.140530 
0.139308 
0.134967 
0.136714 
0.137289 
0.140542 
0.140327 
0.140727 
0.140432 
0.142019 
0.139268 
0.138569 
0.139255 
0.140639 
0.140940 
0.138946 
0.140570 
0.138728 
0.140541 
0.145080 
0.139373 
0.138263 
0.143849 
0.138970 
0.139594 
0.132485 
0.136664 
0.140882 
0.140016 
0.142256 
0.142947 
0.142525 
0.140876 
0.139070 
0.141062 
0.141453 
0.138708 
0.140643 
0.135804 
0.138396 
0.140004 
0.143465 
0.135843 
0.141906 
0.138852 
0.141114 
0.137566 
0.139034 
0.138334 
0.139968 
0.138585 
0.139361 
0.136688 
0.134915 
0.138379 
0.134984 
0.137669 
0.136023 
0.136202 
0.138079 
0.137839 
0.144093 
0.140526 
0.134820 
0.140706 
0.139754 
0.140313 
0.135939 
0.140395 
0.137603 
0.140394 
0.139615 
0.139170 
0.143453 
0.142330 
0.134634 
0.138558 
0.142595 
0.140530 
0.139737 
0.136826 
0.139720 
0.144208 
0.138707 
0.140639 
0.137941 
0.146128 
0.139525 
0.138129 
0.141598 
0.137106 
0.135460 
0.142186 
0.138339 
0.136677 
0.137422 
0.137829 
0.134270 
0.134987 
0.136731 
0.140651 
0.139919 
0.141355 
0.137679 
0.140502 
0.140565 
0.137999 
0.138879 
0.137705 
0.136366 
0.140399 
0.146028 
0.139363 
0.135927 
0.137729 
0.136001 
0.136407 
0.136130 
0.139873 
0.140514 
0.143549 
0.140263 
0.146376 
0.134991 
0.133280 
0.139662 
0.138404 
0.143157 
0.139220 
0.139559 
0.136304 
0.139545 
0.138248 
0.139050 
0.141435 
0.140660 
0.143005 
0.144703 
0.138077 
0.136461 
0.142132 
0.143798 
0.137192 
0.137786 
0.140362 
0.141434 
0.137198 
0.141385 
0.141309 
0.141212 
0.142903 
0.145373 
0.137600 
0.138323 
0.138424 
0.143930 
0.141336 
0.136832 
0.137187 
0.142156 
0.142927 
0.138307 
0.139958 
0.141062 
0.138785 
0.134672 
0.136531 
0.136616 
0.142743 
0.136278 
0.140826 
0.137051 
0.142560 
0.139912 
0.141119 
0.137983 
0.137007 
0.139399 
0.138572 
0.138588 
0.138051 
0.139484 
0.139438 
0.137670 
0.137132 
0.141756 
0.140576 
0.144901 
0.137496 
0.141060 
0.143769 
0.142824 
0.138065 
0.140356 
0.140925 
0.139126 
0.135140 
0.136918 
0.135119 
0.136229 
0.135613 
0.141275 
0.140978 
0.139299 
0.139835 
0.140285 
0.136633 
0.142209 
0.137911 
0.138093 
0.142319 
0.137669 
0.135449 
0.140958 
0.141188 
0.139997 
0.138860 
0.135382 
0.140397 
0.136827 
0.139094 
0.140902 
0.139186 
0.138307 
0.136109 
0.137140 
0.134836 
0.137383 
0.140981 
0.135048 
0.139382 
0.137949 
0.137322 
0.135764 
0.137401 
0.138015 
0.135004 
0.138517 
0.139285 
0.135566 
0.139073 
0.134221 
0.136816 
0.136620 
0.137647 
0.134133 
0.140201 
0.138061 
0.139798 
0.141070 
0.143519 
0.137926 
0.135669 
0.137770 
0.141776 
0.141048 
0.137768 
0.135451 
0.145495 
0.144663 
0.143149 
0.143292 
0.141417 
0.138909 
0.140049 
0.138191 
0.138889 
0.136850 
0.138914 
0.144390 
0.136436 
0.135765 
0.137400 
0.135167 
0.138434 
0.136622 
0.140263 
0.138204 
0.138032 
0.138687 
0.137440 
0.142648 
0.137747 
0.136528 
0.139914 
0.139927 
0.140337 
0.142364 
0.135176 
0.141011 
0.137261 
0.134074 
0.137383 
0.139927 
0.140901 
0.140444 
0.141104 
0.138770 
0.140682 
0.137358 
0.139465 
0.139055 
0.138368 
0.139540 
0.144152 
0.140415 
0.141988 
0.133752 
0.138736 
0.139815 
0.140344 
0.135797 
0.135858 
0.142127 
0.146336 
0.142991 
0.140895 
0.141296 
0.141097 
0.134628 
0.138939 
0.134788 
0.139099 
0.139759 
0.141014 
0.139981 
0.141532 
0.139933 
0.140242 
0.138677 
0.138383 
0.139625 
0.137841 
0.140197 
0.136130 
0.136912 
0.137174 
0.137388 
0.141568 
0.139584 
0.139945 
0.141400 
0.137461 
0.145013 
0.139321 
0.137658 
0.137089 
0.140802 
0.140665 
0.144054 
0.139832 
0.137556 
0.135937 
0.138113 
0.137823 
0.136428 
0.140893 
0.139033 
0.137732 
0.136561 
0.139452 
0.139158 
0.143080 
0.138679 
0.135511 
0.137881 
0.138136 
0.138518 
0.137049 
0.136924 
0.138205 
0.137218 
0.141202 
0.140620 
0.143143 
0.137854 
0.143497 
0.141449 
0.137195 
0.142032 
0.138904 
0.142017 
0.141617 
0.140621 
0.139774 
0.138727 
0.139976 
0.140204 
0.137872 
0.140123 
0.139365 
0.138125 
0.140397 
0.137598 
0.134978 
0.141104 
0.136783 
0.136335 
0.139058 
0.139185 
0.137943 
0.140424 
0.142222 
0.137790 
0.143563 
0.140037 
0.137808 
0.134407 
0.135251 
0.138345 
0.136765 
0.141212 
0.138672 
0.141436 
0.138954 
0.137621 
0.136730 
0.140587 
0.134514 
0.143237 
0.145222 
0.140707 
0.141826 
0.140449 
0.136460 
0.142433 
0.136833 
0.134559 
0.142735 
0.134728 
0.139857 
0.136377 
0.135939 
0.133245 
0.139277 
0.136864 
0.138345 
0.134914 
0.132648 
0.136635 
0.139585 
0.143584 
0.142895 
0.140969 
0.140358 
0.140291 
0.139495 
0.135724 
0.138014 
0.139854 
0.136397 
0.144050 
0.143086 
0.139995 
0.143120 
0.137597 
0.136561 
0.139592 
0.138067 
0.138404 
0.140767 
0.142930 
0.139193 
0.136146 
0.139380 
0.140652 
0.138671 
0.141149 
0.142167 
0.135607 
0.137588 
0.140631 
0.143023 
0.141113 
0.138448 
0.145708 
0.137278 
0.143062 
0.136767 
0.140355 
0.142904 
0.138646 
0.135504 
0.136263 
0.139243 
0.139187 
0.142301 
0.139432 
0.137720 
0.138915 
0.138046 
0.138317 
0.141918 
0.137793 
0.138304 
0.142028 
0.137723 
0.138574 
0.142389 
0.140998 
0.135936 
0.139249 
0.140192 
0.141153 
0.137498 
0.140503 
0.142193 
0.134600 
0.140480 
0.137740 
0.138759 
0.130775 
0.139139 
0.140235 
0.135256 
0.146088 
0.137487 
0.140061 
0.139383 
0.138763 
0.141012 
0.137371 
0.141014 
0.141614 
0.140281 
0.142172 
0.138975 
0.137239 
0.137679 
0.140681 
0.138499 
0.136040 
0.143737 
0.138971 
0.139072 
0.139555 
0.136619 
0.138951 
0.135918 
0.141280 
0.133858 
0.145895 
0.145365 
0.140416 
0.142445 
0.140394 
0.141037 
0.134439 
0.140133 
0.140009 
0.139734 
0.135945 
0.137321 
0.135507 
0.140684 
0.137834 
0.139344 
0.141031 
0.141559 
0.140170 
0.138655 
0.138487 
0.141246 
0.138035 
0.141874 
0.145263 
0.144242 
0.141820 
0.143820 
0.142086 
0.140198 
0.138785 
0.134006 
0.136823 
0.140441 
0.141831 
0.139713 
0.138768 
0.140453 
0.139037 
0.137556 
0.136156 
0.137472 
0.138331 
0.139134 
0.141870 
0.142021 
0.133385 
0.140272 
0.143281 
0.140558 
0.140064 
0.140105 
0.139608 
0.136497 
0.140813 
0.139002 
0.140139 
0.144557 
0.138878 
0.138523 
0.142347 
0.142568 
0.141509 
0.138428 
0.140748 
0.135324 
0.138965 
0.141316 
0.135928 
0.141012 
0.139797 
0.143302 
0.139699 
0.141521 
0.139561 
0.140094 
0.141391 
0.140100 
0.136984 
0.140386 
0.137052 
0.135851 
0.136816 
0.143350 
0.138457 
0.136149 
0.144106 
0.137613 
0.138361 
0.139718 
0.141032 
0.141526 
0.139554 
0.138762 
0.147519 
0.141364 
0.140750 
0.140311 
0.133974 
0.138501 
0.140516 
0.142148 
0.137541 
0.139903 
0.142402 
0.140678 
0.141861 
0.137513 
0.142957 
0.139994 
0.140830 
0.140143 
0.137875 
0.139328 
0.142423 
0.138382 
0.136658 
0.133508 
0.138359 
0.135219 
0.141713 
0.138407 
0.136660 
0.141876 
0.135358 
0.139283 
0.136556 
0.143995 
0.141050 
0.138250 
0.135027 
0.135239 
0.139092 
0.135561 
0.135296 
0.137707 
0.142396 
0.136291 
0.141238 
0.138711 
0.142726 
0.139214 
0.139703 
0.139512 
0.140513 
0.138516 
0.139016 
0.137540 
0.141132 
0.138568 
0.136620 
0.136853 
0.133468 
0.140234 
0.138245 
0.138060 
0.135409 
0.138841 
0.137901 
0.134629 
0.137493 
0.136326 
0.142926 
0.141048 
0.139086 
0.137753 
0.140197 
0.139118 
0.142861 
0.135868 
0.140044 
0.140521 
0.139556 
0.137280 
0.135390 
0.139030 
0.135992 
0.139345 
0.138962 
0.144301 
0.135848 
0.136862 
0.138256 
0.137459 
0.140571 
0.136549 
0.140383 
0.135957 
0.142853 
0.139050 
0.136602 
0.137897 
0.135678 
0.136604 
0.141148 
0.143654 
0.132041 
0.134395 
0.142114 
0.145724 
0.140688 
0.142250 
0.143138 
0.141059 
0.139801 
0.139805 
0.140250 
0.141056 
0.140909 
0.144220 
0.140664 
0.134561 
0.141918 
0.139074 
0.133760 
0.135189 
0.142045 
0.144515 
0.133632 
0.139541 
0.138057 
0.143580 
0.138684 
0.138930 
0.144416 
0.138647 
0.138876 
0.140177 
0.137281 
0.137623 
0.134808 
0.140071 
0.141093 
0.138425 
0.141430 
0.140946 
0.136520 
0.137036 
0.136547 
0.141834 
0.137099 
0.137419 
0.137169 
0.139899 
0.142143 
0.141631 
0.142295 
0.137851 
0.134827 
0.135564 
0.142882 
0.140912 
0.143977 
0.138007 
0.141151 
0.135782 
0.149057 
0.141125 
0.138391 
0.142439 
0.140418 
0.138296 
0.135578 
0.139032 
0.140279 
0.140891 
0.141324 
0.143296 
0.139657 
0.140398 
0.138202 
0.140861 
0.138697 
0.139375 
0.140560 
0.136846 
0.140233 
0.140093 
0.141034 
0.140608 
0.135834 
0.139823 
0.136270 
0.139295 
0.136720 
0.137210 
0.136926 
0.139858 
0.139614 
0.144735 
0.139913 
0.136736 
0.141604 
0.140269 
0.138718 
0.142838 
0.139973 
0.135399 
0.137762 
0.135603 
0.139929 
0.137230 
0.138847 
0.136792 
0.134453 
0.140149 
0.136702 
0.136934 
0.141929 
0.136019 
0.137753 
0.142881 
0.138949 
0.146628 
0.137835 
0.139900 
0.137110 
0.138485 
0.141579 
0.140193 
0.138440 
0.141942 
0.138930 
0.139232 
0.138715 
0.142139 
0.144205 
0.140378 
0.139429 
0.137211 
0.143934 
0.138111 
0.138831 
0.136085 
0.135641 
0.139411 
0.136583 
0.142205 
0.136347 
0.140213 
0.139239 
0.141350 
0.137185 
0.137712 
0.142587 
0.141935 
0.141934 
0.138370 
0.140454 
0.134113 
0.133676 
0.141099 
0.138632 
0.137087 
0.140929 
0.142493 
0.137259 
0.136428 
0.136154 
0.140812 
0.138901 
0.135866 
0.136580 
0.139248 
0.139773 
0.137084 
0.139318 
0.144448 
0.137607 
0.138847 
0.140638 
0.136994 
0.141012 
0.143312 
0.139501 
0.137878 
0.145498 
0.142577 
0.139767 
0.144043 
0.143578 
0.139352 
