45.276019 
43.840602 
44.306623 
44.875231 
44.512751 
44.999472 
45.258253 
44.116600 
43.890064 
43.436600 
44.621655 
43.613871 
43.546594 
44.208412 
44.615673 
43.638417 
44.808578 
43.974795 
44.165182 
45.302974 
44.584282 
45.645931 
44.073495 
42.918986 
44.256261 
43.471383 
44.286881 
41.960905 
44.700227 
45.016757 
45.493172 
43.097531 
45.195692 
46.997151 
44.446075 
44.250963 
44.124143 
44.095809 
43.636227 
44.499574 
43.784355 
44.430189 
43.552079 
43.866522 
44.645242 
46.478100 
44.837153 
45.822957 
45.071240 
42.796594 
44.564581 
44.944051 
43.659302 
43.102538 
44.463463 
44.345397 
44.520219 
44.134290 
44.384108 
43.318628 
44.242257 
43.980735 
43.236070 
45.667033 
42.366098 
44.376765 
44.959588 
45.558719 
43.980614 
44.519961 
43.538812 
43.845659 
45.032658 
44.279817 
44.967131 
45.011814 
45.117130 
44.369128 
43.964731 
43.831823 
44.200530 
44.192087 
43.505997 
45.017392 
43.178095 
45.210577 
45.895763 
43.676052 
45.557966 
44.129594 
45.019055 
44.264013 
44.118371 
44.318819 
43.230062 
44.345663 
42.456835 
43.116047 
44.632662 
45.351529 
44.311803 
44.406438 
43.596835 
43.998237 
43.782234 
44.977327 
44.029658 
43.426183 
44.269562 
43.881389 
44.491669 
45.040681 
43.514784 
44.352311 
45.150435 
45.165860 
44.565513 
43.879551 
44.084273 
43.613946 
44.706762 
45.241552 
43.640813 
43.852609 
43.001807 
45.209834 
44.110377 
44.638029 
46.402952 
44.641476 
43.232957 
45.812140 
44.888152 
43.634682 
45.348493 
45.855629 
42.112490 
44.160322 
43.667590 
44.171764 
46.004987 
42.956332 
45.707521 
45.722980 
45.420276 
44.813648 
43.153852 
43.970410 
43.777321 
44.678538 
43.761610 
43.128144 
44.692252 
44.532837 
43.590488 
44.984925 
44.948450 
45.311496 
45.647358 
44.568229 
45.019985 
43.028912 
45.833217 
44.452768 
42.404361 
44.623340 
44.374172 
43.167259 
44.721700 
45.215018 
43.605532 
44.313287 
44.449647 
43.185797 
45.010937 
44.228024 
44.771629 
44.618088 
44.314963 
45.051194 
46.024746 
44.596109 
44.598930 
45.335889 
44.034014 
42.755909 
43.513577 
46.061232 
44.732137 
44.592224 
42.370676 
44.221105 
43.385494 
44.021715 
43.875235 
44.019508 
44.659131 
45.268823 
43.511198 
43.734727 
44.442555 
44.365915 
44.689301 
43.784900 
44.590322 
44.012351 
42.454491 
45.851936 
43.789153 
45.036152 
44.192574 
44.829281 
45.126586 
45.796447 
42.274381 
44.170722 
43.173917 
44.480601 
43.697858 
44.565913 
44.574547 
44.738402 
43.887675 
45.789085 
45.013616 
44.894524 
44.969494 
44.684424 
44.054099 
45.824910 
44.590385 
44.646947 
44.398010 
44.912818 
45.662566 
44.665765 
43.559241 
44.248936 
44.210419 
43.484266 
42.818944 
44.033983 
45.153865 
43.935189 
43.480602 
43.783494 
44.417932 
42.997775 
43.973415 
44.113515 
43.156521 
43.122494 
43.472896 
42.832615 
44.345516 
42.974314 
44.130018 
44.637974 
43.820339 
43.880731 
44.158195 
44.714035 
45.227618 
43.658158 
44.465356 
43.823474 
43.464824 
43.804145 
45.108021 
44.589712 
44.989773 
43.631875 
44.914881 
44.549176 
42.897057 
44.222296 
43.524215 
44.397245 
42.609651 
44.091607 
43.911746 
44.120721 
43.477668 
43.664693 
43.797272 
45.854733 
44.835390 
43.718027 
43.550027 
42.775505 
43.610417 
44.448271 
43.786920 
43.566052 
44.539583 
44.430332 
45.175771 
46.237123 
44.567066 
43.608657 
44.121427 
45.243792 
44.939111 
44.437383 
44.680908 
44.589614 
44.791257 
45.521155 
43.699445 
43.085843 
44.249604 
44.836458 
45.518214 
44.607845 
43.598056 
43.446502 
44.954083 
45.092771 
43.939272 
43.500168 
44.555085 
44.679400 
44.202749 
43.623414 
44.267376 
44.855889 
44.923291 
45.059067 
42.516861 
44.531564 
43.510176 
43.274969 
42.817596 
43.085896 
43.906254 
44.439742 
44.667593 
44.717381 
45.159320 
44.037011 
44.076753 
43.249264 
42.923525 
44.803642 
44.218061 
44.358669 
44.567322 
43.618520 
44.052472 
44.335542 
44.634915 
44.418397 
43.732867 
44.246266 
43.582121 
44.553041 
44.225347 
43.827231 
44.292414 
43.590160 
44.119047 
43.588277 
43.732475 
44.921371 
44.025861 
45.458584 
45.897759 
45.753935 
43.293494 
44.939929 
45.646827 
45.055533 
43.175470 
43.888918 
43.332832 
44.150941 
44.950298 
44.504212 
43.717855 
43.855567 
44.111430 
43.948327 
45.212400 
43.603376 
44.221582 
44.339830 
43.031641 
44.327335 
43.056931 
43.375077 
43.487880 
43.967488 
42.460934 
43.030064 
43.651160 
45.014659 
44.201256 
44.104194 
45.151078 
45.150245 
44.667472 
43.909516 
43.044883 
45.026344 
45.853710 
45.367515 
43.927013 
44.413432 
45.198218 
45.544332 
46.157135 
45.248730 
44.097701 
43.955911 
43.525138 
44.788695 
44.418835 
43.384282 
44.602868 
45.725258 
43.980871 
43.406202 
44.428090 
44.581453 
45.579352 
43.434339 
44.171113 
43.022835 
43.507807 
45.958223 
44.669922 
45.045208 
44.249502 
44.966649 
44.823262 
43.325128 
43.054197 
44.668853 
44.276665 
43.117128 
44.090637 
45.060546 
45.549363 
45.403255 
46.206849 
45.889329 
44.487088 
43.679660 
42.802648 
43.567500 
44.436773 
43.270033 
44.403364 
44.710627 
45.382079 
43.887316 
43.884383 
44.183037 
44.773825 
44.173904 
44.821155 
44.038965 
43.344012 
43.868616 
43.811424 
44.232218 
44.605762 
45.420106 
43.576696 
44.397188 
43.830596 
44.378694 
44.692231 
45.126783 
44.262686 
44.308401 
44.448584 
43.859127 
44.657912 
44.925327 
43.692619 
43.966681 
44.234865 
43.625128 
43.059672 
44.724646 
44.090299 
43.783417 
42.330117 
44.875854 
44.006166 
45.769728 
44.871181 
44.785932 
44.602065 
44.641533 
43.349423 
42.533347 
43.177419 
44.886629 
45.433872 
43.521169 
45.388721 
43.012033 
44.093952 
44.977923 
44.960291 
43.953973 
44.680298 
44.265891 
44.922122 
45.428317 
44.357813 
46.868131 
44.295011 
43.568118 
45.102109 
44.892721 
43.728244 
45.316301 
44.485930 
44.205490 
45.187684 
44.270800 
43.544605 
43.867328 
44.487301 
43.457637 
43.563894 
43.828488 
44.749874 
43.541595 
46.555663 
44.202018 
43.348179 
46.019643 
45.190262 
45.623519 
44.486075 
45.180349 
45.020837 
44.202722 
44.739816 
43.425293 
45.339318 
43.964630 
43.814249 
43.512041 
44.740383 
44.264398 
44.359060 
45.048049 
45.677092 
43.136051 
45.867447 
45.604077 
44.206341 
44.168769 
44.587771 
44.516972 
43.965732 
45.261629 
44.701356 
45.394702 
43.980114 
42.235013 
44.115696 
43.690768 
44.696783 
44.594588 
44.820046 
44.448662 
44.026557 
44.642092 
44.386787 
43.572137 
44.799767 
45.347257 
44.160640 
45.432781 
44.502951 
44.700395 
45.165209 
44.332059 
45.305277 
43.076478 
44.072692 
44.621411 
45.285403 
44.557438 
45.337277 
44.599025 
43.010150 
42.734651 
43.976837 
44.772263 
44.684402 
45.506563 
44.852176 
44.239442 
45.305168 
44.719989 
44.218751 
44.232330 
43.704093 
46.107195 
44.344441 
44.927027 
43.481053 
45.117979 
44.784247 
42.922312 
44.563374 
45.314692 
43.900328 
43.722135 
43.227571 
44.350970 
43.875794 
43.804950 
43.293560 
43.656740 
42.650873 
43.788105 
45.099564 
43.268585 
44.335175 
44.190604 
44.081585 
44.779894 
45.169271 
43.407902 
43.681181 
43.813284 
44.547517 
44.644701 
45.000112 
44.535067 
44.821351 
46.002507 
44.891452 
44.624389 
45.013361 
45.223492 
44.137965 
45.930481 
43.945325 
45.301751 
44.958176 
43.767516 
43.801707 
44.646327 
44.127651 
43.386440 
43.154023 
42.478563 
44.901865 
44.210131 
43.639074 
43.012359 
44.537027 
44.654465 
44.770978 
45.272138 
44.164034 
42.779795 
44.333988 
43.913836 
44.686541 
44.533186 
44.731197 
44.785783 
44.188945 
43.632348 
44.502094 
42.940141 
44.022517 
43.986019 
43.538593 
42.765947 
43.810547 
43.165251 
44.047112 
44.925218 
46.301734 
44.401991 
43.312706 
43.735517 
44.105341 
43.820551 
44.139433 
44.002902 
44.510613 
44.161894 
44.493919 
44.400059 
43.871056 
43.728734 
45.214253 
44.342095 
44.517762 
44.713564 
43.861398 
44.415643 
44.070076 
44.799308 
43.953819 
44.286050 
43.897218 
44.125096 
44.433449 
44.249770 
45.239575 
43.960046 
45.426024 
44.313399 
43.872411 
45.069851 
44.353056 
43.805431 
44.077543 
43.810519 
44.465244 
45.828256 
44.411732 
46.122950 
44.787807 
44.402887 
44.990046 
45.513676 
44.731352 
42.519969 
43.766040 
45.667349 
43.898823 
44.302309 
43.174264 
44.243275 
43.208968 
44.791149 
45.003861 
45.508916 
44.367656 
45.204963 
45.451854 
43.816918 
44.381551 
43.549192 
43.422634 
45.195040 
44.358044 
44.913714 
45.185097 
44.257997 
45.409978 
44.202765 
43.351345 
44.417777 
43.707908 
46.654448 
45.604588 
43.682662 
43.753424 
44.591426 
43.950111 
44.415741 
44.635933 
43.294610 
46.628755 
45.169361 
44.488863 
44.182745 
44.928133 
45.463633 
44.347070 
44.823895 
43.962242 
43.718326 
43.539381 
45.245547 
44.029337 
44.120328 
45.392952 
44.830485 
44.508200 
44.211055 
44.511695 
44.517978 
42.733510 
43.362643 
44.756800 
43.334982 
43.895284 
45.350135 
45.110358 
43.285281 
44.565944 
44.893244 
43.199965 
43.824638 
44.107040 
43.563777 
46.753126 
44.706332 
43.411481 
45.051878 
43.294030 
44.197148 
42.852242 
43.156417 
43.723769 
44.248418 
43.879830 
41.962790 
43.320500 
44.490146 
43.738790 
44.856142 
44.742174 
44.474374 
45.330506 
43.898615 
44.156990 
44.474568 
45.251915 
44.002630 
43.306408 
43.807413 
44.451513 
42.873775 
45.258382 
43.614869 
45.196408 
46.300671 
43.147992 
43.795115 
43.869149 
43.763758 
45.627009 
45.441133 
43.984227 
45.139572 
43.818000 
45.064091 
45.531627 
43.727786 
45.744909 
45.066575 
44.373944 
44.432144 
42.698839 
44.295056 
42.167812 
44.157825 
43.089207 
43.582260 
45.233933 
45.039391 
45.294003 
45.254076 
43.794729 
45.212201 
44.758362 
43.567512 
43.950592 
44.007517 
44.039859 
44.544387 
44.238184 
42.411435 
44.252228 
45.971973 
44.388965 
44.203376 
44.963578 
44.290521 
44.887497 
44.621263 
44.376696 
44.373205 
44.419354 
43.673393 
43.765026 
44.997638 
45.765752 
45.976892 
44.280824 
44.798979 
43.556006 
43.395754 
43.763574 
44.087835 
43.080680 
45.143178 
43.321419 
45.338838 
44.856595 
44.193518 
43.424877 
42.908265 
44.024090 
44.966834 
44.387740 
44.435079 
43.904929 
43.104873 
44.997783 
43.170701 
44.834369 
45.417089 
43.885476 
44.120179 
44.933671 
44.776570 
45.133271 
44.383747 
43.809831 
43.054526 
45.188535 
44.757994 
45.143799 
43.867350 
44.613543 
44.358663 
43.420899 
43.935341 
42.381226 
43.821603 
44.813677 
43.832850 
44.416566 
44.551599 
44.903745 
42.752086 
44.893542 
45.978607 
44.740792 
44.827756 
42.992183 
44.107321 
44.145350 
44.365000 
44.117264 
45.036695 
44.267769 
43.314716 
44.455435 
43.032585 
43.513539 
43.188565 
44.999191 
43.688884 
44.605141 
44.204173 
43.270825 
44.129268 
43.386018 
44.110906 
43.853473 
45.172012 
44.370225 
45.649883 
45.073803 
46.083522 
44.745595 
42.158094 
43.708297 
44.206919 
44.127136 
44.633805 
44.408858 
44.826406 
44.306952 
44.794819 
43.827815 
43.510619 
43.810165 
43.998775 
43.604819 
45.162059 
44.656575 
44.407271 
45.434089 
44.041891 
45.981053 
43.911425 
43.504658 
44.474664 
43.508569 
43.582113 
43.275907 
43.980840 
43.827436 
43.760841 
44.823889 
44.633805 
43.931917 
44.756078 
44.444661 
42.519674 
44.506530 
44.308642 
43.758743 
45.475937 
42.289770 
42.902430 
44.175082 
45.127879 
45.012158 
44.253144 
43.123547 
44.250726 
45.292716 
43.560033 
44.038853 
44.564411 
42.069363 
44.646403 
45.398266 
43.559635 
44.484215 
44.893933 
43.760376 
43.444384 
44.756000 
44.732571 
45.222504 
43.317096 
44.692257 
42.515993 
44.156407 
45.460879 
46.316650 
42.121775 
43.553698 
46.649196 
44.259638 
44.191973 
44.952919 
43.255969 
44.646848 
43.000229 
43.932292 
42.158635 
45.596394 
44.427686 
43.518059 
43.704511 
44.634512 
42.953797 
44.844633 
43.640597 
44.772629 
43.862161 
41.975675 
45.057703 
43.804811 
44.959505 
43.446649 
43.431467 
44.831818 
44.837938 
44.800168 
45.665950 
44.026438 
44.462680 
43.254135 
44.642675 
43.690184 
42.393257 
44.792057 
43.560835 
43.799281 
44.192696 
44.567297 
43.546905 
44.709476 
43.224104 
42.556017 
43.335862 
43.043635 
44.823790 
43.496790 
44.987727 
44.643623 
43.388763 
44.769499 
42.431706 
43.149631 
44.843124 
44.742233 
43.955503 
45.544728 
43.754184 
43.410416 
44.702963 
43.629543 
43.485909 
42.755615 
44.368163 
44.424003 
44.473469 
44.006825 
45.116406 
44.154402 
43.112484 
43.117204 
43.237253 
43.677668 
44.277185 
43.683142 
45.056976 
45.437916 
45.159042 
44.035459 
43.846246 
44.087259 
44.578564 
45.319652 
45.795814 
45.054587 
45.681689 
45.899053 
43.759385 
44.834586 
44.288169 
45.076475 
44.589976 
44.384930 
44.892337 
44.050590 
42.982526 
42.868019 
43.302607 
44.674759 
43.682537 
43.431933 
44.139667 
44.005035 
44.346832 
44.615213 
43.715126 
42.715851 
43.025631 
43.725426 
44.028855 
43.763378 
43.194148 
42.553152 
44.360226 
44.257084 
43.790082 
45.912256 
44.183579 
43.711838 
44.377313 
44.711003 
43.625691 
45.535581 
44.396625 
42.667245 
44.504566 
44.748570 
44.236396 
44.928576 
45.277667 
46.058997 
44.844573 
45.117827 
42.958060 
42.228610 
43.549958 
44.051594 
44.928405 
45.942022 
46.311497 
44.203530 
42.620241 
42.392453 
44.147402 
44.743332 
44.770727 
44.280740 
45.197686 
44.805508 
44.514636 
43.884347 
45.173777 
44.028894 
44.146120 
43.769962 
44.000305 
43.551065 
44.477990 
44.334796 
43.281625 
41.577994 
44.756269 
43.227415 
44.075834 
43.933443 
42.440364 
43.734005 
45.159098 
43.615988 
43.406938 
43.897760 
44.241595 
44.992541 
45.575426 
44.066800 
45.191727 
44.128004 
45.310083 
45.120655 
44.042518 
43.427353 
44.780610 
44.653764 
44.544208 
43.323138 
42.772649 
43.953526 
44.808417 
46.741801 
43.812088 
45.465356 
44.462976 
44.540447 
44.941613 
43.895400 
42.914545 
44.727521 
45.840456 
43.739461 
43.926250 
45.318641 
44.034893 
43.983190 
44.730834 
44.609726 
44.517924 
44.342351 
44.100241 
44.769909 
44.738134 
43.375271 
42.543386 
43.267737 
44.277831 
43.284086 
43.942561 
43.695465 
44.544717 
43.149178 
44.571926 
44.819641 
44.026186 
44.583661 
46.257223 
45.369805 
45.250869 
44.570245 
44.413381 
44.829183 
45.401016 
44.963148 
43.549806 
45.786231 
43.632035 
44.250219 
45.190408 
44.446189 
43.044106 
46.330893 
46.136291 
45.872546 
45.004960 
44.368934 
45.164582 
45.120907 
45.049246 
44.750421 
45.578037 
44.783649 
43.587004 
43.419285 
43.554051 
42.811386 
44.843903 
44.557684 
42.779477 
43.636581 
44.372982 
42.176603 
44.558286 
45.535162 
44.707300 
45.296047 
44.288971 
43.565861 
45.272261 
44.679799 
44.009649 
42.970819 
44.108583 
44.642399 
45.346335 
44.073279 
44.576448 
43.968780 
44.829762 
43.931782 
46.529242 
45.779432 
44.101899 
44.213235 
44.999785 
45.224206 
44.607366 
45.454705 
45.301001 
44.487358 
42.863580 
44.509537 
44.161722 
42.857147 
43.318313 
44.232325 
43.932364 
45.019130 
45.494410 
44.172504 
44.039727 
43.271018 
43.888149 
43.081735 
43.302351 
45.272846 
43.872658 
45.149394 
44.421111 
45.397651 
44.702113 
45.829984 
43.740443 
44.958388 
44.907988 
44.817122 
46.178944 
45.103550 
44.376331 
44.516023 
45.081182 
44.665648 
45.040346 
45.064586 
45.240829 
44.499927 
43.546449 
45.284926 
43.903628 
44.131147 
44.083111 
44.230475 
45.117991 
44.024352 
43.932717 
44.429257 
44.011131 
45.680050 
44.971225 
43.342880 
43.794472 
43.851256 
43.261704 
43.740634 
45.195401 
43.283904 
45.447782 
46.053286 
44.162130 
44.656225 
44.129505 
44.740532 
44.318246 
43.073430 
43.935423 
43.274827 
44.947984 
44.931158 
43.238713 
42.218362 
43.815296 
44.425545 
45.736734 
44.692780 
44.192393 
42.641469 
43.324277 
44.536773 
43.540999 
43.921940 
44.950722 
43.706724 
42.555780 
44.283925 
43.255400 
43.762778 
44.502724 
44.691410 
44.926202 
42.972976 
43.906505 
43.804739 
45.957267 
44.169380 
43.545612 
44.842520 
43.907616 
44.412272 
44.596336 
43.282327 
43.586997 
44.990121 
44.565860 
45.404765 
43.055621 
44.517209 
45.758959 
44.564620 
43.866171 
45.268477 
43.774633 
43.785366 
43.946668 
44.448555 
45.358676 
45.521475 
44.473153 
44.747376 
43.917834 
43.849944 
43.915713 
45.783304 
43.045548 
43.106015 
43.745954 
44.664944 
44.725788 
43.723573 
44.285060 
45.380915 
44.029828 
43.843782 
44.355037 
43.894929 
43.875366 
45.337055 
45.169971 
45.436864 
43.996703 
44.134250 
44.122237 
44.771486 
45.594698 
44.345729 
43.688688 
45.250208 
43.724375 
44.256232 
44.137334 
44.811700 
44.770599 
43.924252 
43.709604 
45.134826 
43.239728 
43.900960 
43.095027 
44.706574 
44.808648 
44.069377 
43.681023 
44.849388 
43.443254 
43.324532 
44.399587 
43.590517 
43.646080 
47.072564 
45.002110 
44.168067 
43.815778 
44.633620 
43.514285 
45.659357 
46.160895 
44.409432 
45.021217 
44.881832 
44.499038 
43.926196 
43.262095 
44.051983 
44.486047 
44.486856 
46.167857 
45.398678 
45.685981 
43.346750 
43.790495 
45.815553 
45.488647 
45.985689 
44.726239 
45.291318 
44.005428 
43.245628 
43.723810 
44.163247 
43.761122 
44.468946 
44.497623 
44.718171 
45.471148 
45.221886 
45.682987 
44.537292 
44.030074 
44.149061 
44.482413 
43.799929 
42.941712 
42.856304 
44.961414 
45.376898 
43.550049 
46.829193 
46.586624 
43.886839 
43.139604 
44.649742 
44.450698 
43.846551 
43.598689 
44.673854 
43.587749 
44.549927 
45.087889 
44.465327 
43.203431 
43.462269 
44.376013 
43.381365 
43.511199 
45.282467 
44.720410 
45.216482 
44.225527 
43.911169 
43.364768 
44.749094 
44.124782 
45.097858 
45.822504 
46.111055 
43.371838 
45.610323 
45.043551 
44.806790 
43.820897 
43.073338 
43.730021 
44.116405 
43.769488 
45.136205 
45.770763 
44.929373 
44.468155 
44.232774 
44.960385 
43.504232 
45.029131 
43.196672 
44.011702 
43.976913 
43.761017 
44.397506 
43.973012 
43.912208 
43.721886 
44.871855 
43.624746 
43.968608 
45.855862 
45.220701 
45.810872 
44.591796 
43.901338 
42.462148 
43.933900 
46.025536 
44.296481 
43.852249 
45.639316 
44.547099 
46.027447 
43.198998 
43.880522 
43.834027 
43.052254 
42.772140 
43.591282 
44.075072 
44.878745 
44.314932 
44.558994 
44.074748 
42.603297 
44.869136 
42.694663 
41.879409 
44.071113 
43.992956 
44.665133 
44.142979 
45.078939 
44.994855 
43.864711 
45.088199 
43.958234 
43.733141 
43.376871 
45.996904 
44.509278 
45.935347 
44.638325 
44.087013 
43.479651 
44.043685 
44.222901 
45.019845 
44.727456 
43.350513 
43.676392 
44.728077 
45.180247 
44.339172 
44.251271 
44.355199 
43.097479 
43.522057 
42.058443 
44.537989 
42.826033 
42.776190 
43.410834 
44.608362 
42.912719 
44.199495 
44.169051 
45.729211 
45.009441 
45.908741 
44.823374 
43.516399 
44.805496 
44.398146 
44.451573 
44.095994 
43.415134 
43.929107 
44.314078 
46.265257 
44.520954 
45.149778 
44.791804 
43.439109 
44.483736 
43.745001 
41.817691 
44.253769 
42.743612 
44.937173 
44.407838 
45.259163 
45.644104 
44.702545 
45.185393 
44.338435 
46.179904 
44.035692 
43.505462 
42.595771 
44.414701 
43.489515 
42.816007 
44.487332 
44.311514 
44.650595 
44.422832 
43.984334 
44.893913 
45.136749 
45.070066 
45.365647 
45.210547 
45.997383 
44.861668 
44.507191 
43.477284 
43.758068 
43.459578 
43.140912 
42.722419 
43.912904 
44.231760 
44.593008 
43.476827 
43.675110 
45.278223 
43.195734 
45.020386 
45.295301 
45.881437 
43.572342 
44.521193 
43.941829 
43.377881 
43.720297 
44.167962 
44.538199 
44.626890 
43.606308 
43.573591 
43.721991 
45.773850 
44.605686 
44.637244 
44.808268 
45.504813 
42.424224 
43.552396 
44.803905 
44.525526 
43.266039 
45.668965 
44.259449 
43.593741 
43.352143 
43.019236 
45.087846 
45.002768 
43.806402 
44.434630 
44.686048 
44.334625 
44.574592 
44.996450 
44.620522 
42.268300 
44.843838 
44.837934 
44.244210 
43.385953 
44.730182 
44.236928 
44.408387 
44.437091 
44.301949 
44.769597 
44.949015 
43.954079 
43.704912 
44.614587 
45.421445 
45.209174 
44.591958 
46.596114 
43.862200 
44.099053 
45.246284 
44.443660 
45.226403 
43.119007 
43.444868 
44.377107 
44.531551 
44.370659 
44.145654 
44.114325 
45.119133 
44.033962 
43.782977 
44.512300 
45.016055 
43.993444 
43.804583 
44.033702 
45.066784 
43.156841 
43.982632 
44.354460 
43.706390 
43.324481 
45.496097 
45.198547 
44.093111 
43.207725 
43.817809 
44.125661 
46.794322 
46.311736 
44.099546 
42.867904 
43.169524 
44.465653 
43.662400 
44.484212 
45.118850 
42.997797 
44.841784 
45.516030 
45.195724 
45.983287 
44.260438 
44.383667 
44.875656 
44.500760 
45.398939 
44.293340 
44.927963 
44.602651 
45.815084 
44.360152 
44.477674 
42.729424 
43.635884 
44.413756 
43.417002 
43.230932 
44.636742 
44.872698 
44.416221 
44.926867 
43.358104 
45.078308 
44.862403 
44.595129 
45.369423 
44.957230 
46.583262 
45.023213 
44.510089 
45.289389 
45.631335 
44.117758 
44.663147 
44.271361 
42.822937 
44.471092 
45.008620 
44.169084 
43.695412 
43.309645 
44.717102 
42.820475 
43.516990 
43.111309 
44.267828 
44.225336 
44.295105 
44.096955 
45.010724 
44.944250 
44.088356 
44.115221 
43.775313 
43.016261 
44.432502 
44.355600 
45.466227 
44.188532 
45.161673 
44.447341 
45.677594 
44.978625 
45.159953 
45.591372 
42.932914 
43.122911 
44.328262 
43.265500 
46.122721 
45.337322 
44.260592 
43.528137 
45.828205 
45.242799 
42.911098 
43.845740 
44.840577 
41.734352 
43.665688 
43.785342 
45.175954 
45.274889 
44.465186 
44.471150 
44.598073 
44.532953 
44.220398 
42.952499 
42.570889 
44.431752 
45.219742 
44.624544 
43.488196 
43.170089 
43.822929 
45.267845 
45.625316 
44.149020 
44.428007 
44.809849 
44.250875 
45.445684 
43.320822 
43.644945 
43.883853 
43.920801 
45.414190 
43.709475 
43.828316 
43.284720 
43.901434 
45.307799 
43.614100 
41.459302 
42.914718 
44.845151 
46.081169 
43.104302 
43.947368 
43.504992 
44.031331 
43.681385 
43.919739 
43.816439 
43.927823 
42.752458 
43.639072 
44.456372 
43.758234 
44.167758 
44.733195 
44.465346 
45.468889 
44.306154 
44.345918 
43.326742 
42.911443 
44.056410 
45.011049 
44.244427 
45.859929 
45.262909 
44.496372 
45.234409 
44.534566 
43.587353 
43.544666 
45.225968 
43.945881 
42.921841 
45.567915 
43.189748 
44.304823 
44.211404 
46.292650 
45.136931 
44.302221 
43.336479 
43.152612 
43.276793 
44.634277 
45.155029 
45.006296 
44.607598 
44.214369 
45.383387 
44.612907 
43.794047 
44.269922 
45.440962 
44.051103 
45.021946 
44.499037 
44.661098 
43.954064 
45.520245 
43.719257 
43.927650 
45.218219 
44.215284 
44.347558 
46.459371 
46.071324 
45.910382 
43.170418 
44.628070 
45.987576 
43.829384 
43.456759 
42.330110 
42.613937 
43.502203 
43.350136 
44.024776 
44.930469 
45.443862 
44.460440 
44.623812 
45.252232 
43.714734 
44.537268 
43.510804 
42.333899 
43.610441 
43.932164 
44.054490 
45.034729 
45.371167 
45.103763 
45.034390 
43.179785 
43.115435 
43.789779 
45.424490 
45.879216 
42.777975 
44.334240 
44.597016 
44.990749 
45.846046 
43.589919 
46.003000 
44.142444 
45.157262 
44.062674 
44.169831 
44.064685 
43.106024 
43.963019 
44.275636 
44.313294 
44.321678 
44.527097 
44.005136 
44.436660 
43.997037 
44.599712 
44.577733 
45.113879 
43.551823 
44.610986 
44.802522 
44.333178 
44.698409 
45.372813 
45.369843 
44.646947 
45.768317 
43.619905 
45.357917 
44.339290 
43.097680 
42.966622 
45.052489 
43.842863 
43.611291 
43.585422 
44.845694 
43.692959 
43.832824 
44.633627 
42.340831 
44.343634 
45.457722 
45.083859 
45.330375 
44.961581 
45.190391 
44.469913 
44.661691 
43.764412 
44.521680 
46.362706 
44.794595 
43.513528 
45.007170 
43.941878 
42.987316 
44.301926 
44.040444 
43.365944 
42.538167 
44.425058 
44.457081 
44.656624 
44.137414 
44.602101 
43.465797 
45.159981 
44.282323 
44.744222 
43.673557 
44.564440 
44.992521 
43.847807 
42.776274 
44.263878 
44.746748 
46.489887 
45.175976 
46.094256 
46.730088 
45.245374 
43.384790 
43.279575 
44.741177 
41.587300 
43.920551 
44.490898 
44.741587 
45.105410 
45.328566 
43.619766 
43.599462 
45.126955 
42.644613 
44.296391 
43.831595 
43.286061 
43.627262 
44.189507 
45.406817 
42.746118 
43.953586 
45.461397 
43.211252 
44.912893 
43.468212 
44.192469 
42.618919 
43.080742 
42.527518 
43.506862 
44.627167 
43.906422 
43.362406 
44.325820 
44.757130 
45.235228 
43.814248 
43.397924 
44.034831 
44.009209 
44.287385 
44.120782 
43.765957 
45.485733 
44.856621 
44.251442 
44.589947 
44.190141 
43.930356 
44.288634 
43.863876 
44.290904 
42.945583 
44.717501 
44.098809 
44.121926 
44.104707 
43.583159 
45.035375 
44.318944 
45.532513 
45.604928 
44.253341 
44.306268 
44.732291 
44.631534 
44.177947 
43.451987 
43.306968 
44.112227 
42.970714 
42.850784 
43.759739 
42.768930 
43.585292 
43.131363 
43.033867 
44.742349 
42.699103 
43.401405 
43.960072 
44.284595 
44.882670 
45.451835 
44.342625 
45.082975 
45.294666 
43.147313 
44.583006 
44.285600 
42.660105 
44.255715 
43.697011 
44.285292 
44.617747 
45.849432 
44.746727 
43.486998 
43.529793 
44.742516 
43.615460 
45.076104 
45.542622 
44.051893 
45.543816 
44.330832 
44.058501 
44.398000 
44.958057 
45.970815 
44.099331 
45.839474 
44.989832 
44.470115 
43.106224 
44.172799 
43.543227 
43.783518 
42.529792 
42.387111 
43.002758 
45.441927 
44.954281 
44.068731 
44.605679 
44.975843 
45.070386 
44.543326 
44.873287 
43.965703 
44.247039 
43.712337 
45.717377 
43.419952 
43.783244 
45.316540 
44.234012 
43.667399 
43.388429 
42.623384 
44.738389 
43.739477 
44.285067 
45.002305 
43.692211 
45.490144 
44.030539 
45.077506 
43.579497 
44.019827 
45.102811 
43.134740 
44.491039 
44.553703 
46.601727 
45.478702 
43.976968 
45.003449 
44.359775 
43.170352 
43.352141 
44.333417 
43.905250 
43.999426 
43.591984 
43.347161 
44.960286 
46.219670 
44.204587 
44.992595 
44.255887 
44.849440 
44.318825 
43.536625 
45.815846 
44.186226 
43.781624 
43.067138 
43.143152 
43.641224 
41.928949 
43.708449 
44.807868 
45.665126 
44.103550 
44.329476 
44.528238 
44.308042 
44.082675 
44.787925 
43.371258 
44.574479 
44.761368 
44.768258 
43.956593 
43.204183 
43.178071 
44.655666 
43.794419 
45.206441 
45.843237 
44.775150 
43.649219 
43.842504 
44.209976 
43.417822 
44.331997 
42.650819 
43.364800 
45.570871 
43.891716 
46.758529 
43.979758 
43.838748 
43.815964 
44.463401 
44.182292 
44.189929 
45.796755 
43.305286 
44.373645 
44.521923 
43.942117 
45.206189 
44.076890 
44.704080 
44.513954 
45.274701 
43.947995 
43.627187 
44.247888 
45.711482 
43.969594 
42.946242 
45.082227 
43.324433 
43.929496 
45.566295 
44.547478 
43.707033 
45.172864 
45.958238 
44.631878 
45.864507 
45.138456 
44.710762 
45.557508 
44.966600 
43.391353 
44.211135 
44.190680 
45.021378 
45.208293 
44.010932 
43.304008 
43.863880 
44.761356 
44.857230 
44.480522 
44.623976 
44.602722 
45.201845 
43.955557 
45.248857 
45.960735 
45.323481 
44.666172 
45.332855 
44.361744 
45.489496 
45.010520 
43.083343 
44.590688 
44.111824 
43.019661 
43.821368 
44.542886 
43.468302 
44.056145 
43.744390 
46.043111 
45.487379 
44.793555 
44.010753 
43.048397 
43.234216 
44.164745 
44.877529 
43.709512 
43.199030 
43.602097 
44.780462 
45.646218 
43.588827 
44.281949 
43.717116 
44.175593 
44.199261 
45.051346 
45.246045 
44.485893 
44.251215 
44.384600 
44.611374 
44.809312 
43.820655 
45.184879 
44.531929 
43.906713 
44.780240 
43.612870 
44.412111 
45.158783 
43.975759 
43.984816 
44.276521 
43.908535 
44.154509 
44.380248 
44.109389 
43.696522 
44.276142 
45.630523 
44.936337 
46.276009 
43.877559 
42.556729 
44.201710 
44.646900 
44.313575 
44.408386 
44.245129 
43.744537 
43.385298 
44.011080 
44.492373 
44.012847 
44.428897 
45.085618 
44.150828 
45.385328 
43.372895 
43.557763 
43.678658 
42.825589 
43.263159 
44.271361 
44.306828 
43.743937 
44.499554 
44.056270 
43.576024 
44.391333 
44.505834 
44.781251 
44.351575 
44.294739 
43.842945 
42.524883 
43.579189 
43.807423 
44.224926 
44.197231 
43.605916 
45.419085 
44.975110 
43.996009 
43.617148 
43.870078 
43.351141 
42.735132 
43.885687 
43.496172 
45.568977 
45.281680 
43.621436 
45.717790 
45.145959 
45.614983 
44.766018 
43.470032 
44.592214 
43.429907 
44.931612 
47.019918 
44.024211 
44.781588 
44.278527 
44.588999 
44.670292 
44.886183 
45.376972 
44.374070 
44.839937 
43.326326 
43.545173 
44.670718 
44.609147 
45.367152 
45.654831 
44.988565 
43.992249 
44.521158 
44.707883 
44.697449 
44.558702 
45.043321 
45.982278 
43.568298 
44.497498 
41.624013 
43.282208 
44.830121 
43.218388 
43.842955 
44.458354 
43.817552 
45.196187 
43.061700 
42.722200 
43.617846 
45.119489 
45.631361 
44.672110 
45.651378 
43.930500 
43.754547 
43.886219 
43.895886 
43.992783 
43.279628 
43.764358 
43.569586 
42.485134 
44.281961 
44.936722 
43.110912 
43.364482 
44.970098 
45.457542 
43.982976 
45.077777 
44.698623 
44.375349 
44.550505 
44.625448 
45.471661 
44.104477 
44.284025 
44.689736 
44.337799 
45.188365 
43.841068 
45.287991 
44.320267 
42.746585 
43.507044 
42.870117 
45.801149 
44.356765 
43.499742 
44.338129 
45.372023 
43.945982 
44.452735 
43.848489 
43.466475 
44.604005 
44.552574 
44.758017 
44.281140 
45.768065 
44.703095 
44.767150 
45.438223 
44.562772 
45.152470 
45.732741 
44.419306 
44.354061 
44.394622 
44.284944 
44.663510 
44.318642 
44.323628 
44.676782 
43.395527 
43.489180 
42.952630 
43.952094 
44.812116 
45.453979 
44.409154 
44.150373 
43.830289 
44.963934 
43.345678 
45.167432 
44.510151 
43.983949 
46.118819 
43.580792 
43.320346 
44.285363 
43.913451 
44.492815 
43.538973 
45.710582 
44.208661 
44.444774 
45.821152 
45.686855 
45.786206 
45.721002 
44.655809 
43.249628 
43.755605 
43.831645 
43.905008 
44.753797 
43.614576 
43.081268 
44.508931 
45.450795 
43.473980 
44.486080 
44.825075 
44.164798 
45.580111 
43.486782 
44.484701 
44.164382 
44.119305 
46.540687 
44.484352 
44.536722 
43.859946 
43.369253 
45.429479 
44.437832 
44.066717 
44.725878 
43.651628 
43.840213 
44.072971 
44.270036 
44.700740 
44.692274 
43.629339 
44.734749 
43.806631 
43.655914 
44.929758 
43.702712 
44.020801 
46.058610 
44.833909 
44.372146 
44.410537 
45.472362 
43.920292 
44.510381 
45.117115 
44.387013 
44.473155 
44.583077 
44.963286 
44.640853 
43.813391 
43.660643 
44.954786 
43.739923 
44.788603 
45.124066 
43.936194 
44.415219 
44.386575 
44.426965 
42.460289 
43.481844 
43.669633 
44.980534 
44.548855 
44.605437 
45.510837 
43.032937 
44.497123 
43.667800 
43.619936 
44.738746 
44.922775 
44.919191 
44.892835 
44.486622 
42.378471 
43.785684 
43.329403 
43.676166 
42.639303 
44.144358 
43.621158 
44.809613 
44.972055 
45.916126 
44.888163 
44.124834 
44.937890 
46.083804 
44.300660 
44.851696 
44.595545 
43.673632 
44.771924 
45.138096 
44.137106 
45.189020 
44.500942 
43.979489 
44.645728 
45.649460 
43.995117 
43.529492 
43.432770 
43.957174 
45.016012 
43.315229 
44.829329 
44.182704 
43.962099 
44.098688 
43.166141 
44.393530 
44.492659 
44.943192 
44.245148 
44.333774 
44.587589 
42.643503 
44.996486 
43.847697 
44.824993 
43.662713 
43.479299 
44.963819 
45.026098 
45.079191 
43.704479 
44.096064 
45.045308 
45.305279 
46.051776 
45.053227 
43.809461 
43.865050 
44.731195 
43.143688 
44.390972 
44.769389 
45.855606 
46.026728 
44.103624 
44.400691 
45.051905 
43.172862 
43.395135 
43.573755 
45.911139 
47.634487 
44.657223 
45.227298 
44.817987 
45.284548 
43.381358 
45.224151 
42.714966 
44.476053 
44.335659 
45.440829 
46.252478 
44.941712 
44.214226 
45.241131 
44.447672 
44.293413 
44.222801 
44.691572 
45.700373 
45.323488 
44.608271 
44.980236 
44.763085 
44.454058 
44.784212 
46.280815 
42.376085 
44.685727 
44.838783 
46.415005 
45.066454 
45.414471 
44.720155 
44.652303 
43.861960 
43.857523 
43.564083 
46.101843 
43.510209 
44.308789 
43.715669 
43.477629 
44.220142 
45.358879 
45.941485 
43.785956 
43.881766 
43.094072 
44.161206 
43.426646 
42.129421 
42.858085 
45.369909 
44.618159 
44.771075 
45.354257 
45.663737 
45.080400 
41.475717 
43.777408 
44.724783 
43.819925 
44.701720 
45.114462 
45.496661 
45.941027 
45.356818 
45.266775 
42.260286 
44.108963 
44.551110 
43.736233 
44.211984 
45.666927 
44.326725 
44.797502 
45.391977 
42.335788 
43.900439 
42.462282 
44.986952 
45.816994 
44.557778 
44.582702 
44.083942 
43.345680 
44.372286 
43.850240 
43.818943 
43.716673 
44.200455 
44.614732 
44.929129 
43.662667 
43.416372 
45.498830 
44.973090 
45.351334 
44.387821 
43.815793 
44.310417 
43.234092 
44.889854 
42.174255 
42.512974 
44.076487 
45.535604 
43.859356 
44.191499 
44.746815 
45.657756 
43.919082 
44.993208 
44.595093 
44.807633 
43.212936 
45.953069 
45.223235 
43.896690 
43.962348 
44.042111 
44.778293 
43.943547 
44.294678 
44.778771 
45.208594 
46.199719 
44.886711 
45.170245 
45.452376 
44.476842 
44.804858 
43.977902 
44.591773 
44.505573 
44.315762 
45.029921 
43.838527 
43.507014 
43.932662 
44.425916 
44.899031 
46.300062 
44.520362 
43.995641 
44.729300 
44.144372 
42.061746 
43.474086 
43.731285 
45.290979 
44.821056 
44.108261 
43.971655 
44.050139 
45.195908 
45.050211 
45.430477 
44.561406 
44.811154 
44.197830 
46.406037 
43.732768 
42.854550 
43.458270 
43.887755 
43.957758 
44.783819 
45.230932 
44.751735 
45.041341 
43.068323 
45.761596 
44.130929 
44.046775 
44.742631 
43.870460 
43.104146 
43.525091 
44.874370 
45.161013 
44.861999 
45.167782 
44.598051 
43.093631 
44.291414 
45.548329 
45.647992 
44.378440 
42.149492 
42.753889 
44.947866 
43.514135 
45.011846 
44.224542 
44.904359 
42.490131 
44.332247 
44.582588 
43.858155 
43.913172 
44.464373 
45.103903 
45.233924 
45.335254 
45.043936 
44.459590 
43.988991 
42.878442 
43.700059 
44.210458 
44.558557 
45.461392 
44.089147 
44.527846 
43.788619 
43.326142 
43.979840 
44.116286 
45.086274 
45.545950 
44.909535 
44.812702 
44.545975 
45.198685 
44.407058 
44.023399 
43.710674 
43.953638 
44.541415 
43.661310 
42.902526 
43.629938 
43.697593 
42.878634 
44.173904 
44.226483 
43.841152 
44.442449 
44.791486 
44.652589 
46.255762 
45.318048 
43.810432 
45.721957 
43.769953 
43.935049 
44.403654 
45.257422 
45.262916 
45.336733 
45.783886 
44.667696 
44.907309 
44.216666 
45.433874 
45.136483 
45.611957 
43.386989 
44.660119 
46.066010 
44.887752 
44.501000 
43.817342 
43.318929 
43.122286 
45.160880 
44.597464 
44.028985 
44.958198 
44.953940 
42.517755 
44.568389 
44.353007 
44.620154 
44.537201 
44.535796 
43.326860 
44.184908 
44.397746 
44.184272 
44.429303 
43.084747 
45.591661 
43.249180 
43.396919 
43.748525 
43.370004 
41.171867 
43.479091 
42.680701 
42.907787 
44.060917 
43.280947 
43.787658 
43.524620 
44.089802 
44.011422 
45.054741 
44.386447 
44.312176 
44.445397 
45.326830 
44.062851 
44.902309 
44.273294 
44.920333 
44.538355 
44.064996 
46.092313 
44.595607 
44.985124 
45.750571 
44.356651 
45.737859 
44.144460 
43.873210 
45.407715 
46.365410 
44.861655 
44.344928 
44.881198 
43.937056 
44.257327 
43.744289 
44.560619 
43.789984 
44.228862 
44.916129 
45.679409 
45.285826 
43.983783 
43.562557 
43.846935 
43.840736 
44.668750 
44.181154 
45.128379 
44.272651 
42.589554 
45.354308 
44.194488 
44.578302 
43.349979 
44.536585 
45.577362 
45.406934 
43.030322 
43.868730 
43.686709 
43.611950 
44.294219 
44.343401 
44.083140 
43.476674 
44.416269 
44.187645 
45.647918 
44.165140 
43.511338 
43.607192 
45.369226 
44.290838 
44.485096 
43.622029 
45.663929 
43.950235 
44.421818 
42.735344 
42.417573 
43.977136 
44.529044 
45.841192 
44.439558 
44.607783 
44.248060 
43.796348 
43.883835 
43.341753 
43.940553 
45.217174 
43.781125 
43.598805 
44.108474 
43.127264 
43.229762 
43.919738 
44.317782 
42.346138 
44.236957 
44.307813 
44.339436 
42.873052 
44.093994 
44.599762 
43.094884 
43.647381 
43.477356 
43.893676 
44.291970 
43.703711 
43.679928 
44.825968 
43.289647 
43.578849 
44.823518 
45.796124 
45.101697 
44.693316 
43.641709 
44.072657 
46.370571 
43.608444 
44.594157 
45.697588 
42.520698 
42.323051 
43.564950 
43.272598 
43.939356 
43.725275 
45.549430 
42.789319 
45.800875 
44.055161 
43.222633 
42.725256 
43.361070 
42.552296 
44.770877 
45.446142 
45.037380 
46.090728 
43.688732 
44.775068 
44.897151 
44.137180 
43.483894 
44.897980 
44.156180 
44.311125 
43.973402 
44.006910 
46.505573 
45.646188 
43.917541 
45.490474 
44.763035 
44.920393 
45.210407 
44.889239 
44.539830 
43.395122 
43.935943 
43.710249 
43.923142 
42.867326 
43.640077 
43.548618 
43.682797 
44.060294 
44.727707 
44.828260 
43.863118 
43.740831 
44.536337 
45.186122 
46.022827 
44.133364 
45.111109 
45.361192 
43.717520 
44.387948 
44.925059 
43.677469 
43.173914 
43.321101 
44.920813 
45.562864 
44.962015 
43.971122 
43.712710 
45.043985 
43.830889 
43.925590 
43.408094 
44.888280 
45.595932 
43.756110 
45.029624 
43.644110 
44.292514 
44.209876 
44.971440 
46.158039 
45.001027 
45.394936 
45.164254 
43.339730 
43.543781 
44.931838 
44.389869 
43.738645 
43.444982 
44.288873 
45.608741 
44.358964 
43.548423 
44.932041 
44.170536 
43.413418 
43.962115 
43.949779 
44.717222 
44.680062 
44.835138 
44.105555 
44.085001 
45.573927 
44.428239 
44.984130 
45.051375 
44.606224 
42.493103 
45.122960 
46.452651 
41.880164 
45.155586 
43.966082 
46.319121 
45.151691 
42.656577 
43.950551 
44.715229 
43.941610 
43.933882 
43.677381 
42.931516 
43.269997 
42.973261 
44.191815 
43.679686 
44.037632 
44.519102 
43.777927 
42.846776 
43.553577 
44.550094 
43.158014 
42.517550 
44.648960 
44.576609 
45.340570 
44.979258 
43.930243 
44.598925 
45.352650 
43.309452 
43.878692 
43.993589 
42.856484 
42.675408 
42.132847 
43.357553 
44.495431 
44.462210 
43.956884 
43.737256 
44.539385 
45.052504 
44.103486 
44.509714 
44.883327 
44.749918 
44.145738 
44.396680 
44.272876 
44.513705 
43.981078 
44.490171 
44.197754 
44.276967 
44.485878 
43.966579 
43.385158 
44.382091 
42.475552 
42.519660 
44.883717 
43.979984 
43.489556 
45.130171 
44.866407 
44.348669 
45.973540 
44.990410 
44.329930 
44.323531 
42.258709 
44.177924 
42.961291 
45.244687 
44.564798 
45.466875 
45.526417 
45.055389 
44.407620 
43.232774 
43.464388 
44.388958 
44.945708 
43.963610 
43.114805 
43.536152 
44.092206 
43.345974 
44.008086 
43.449196 
44.918925 
44.218376 
43.818596 
43.713025 
44.923907 
45.615151 
45.593018 
43.624725 
45.763231 
44.585872 
42.878326 
43.565439 
46.421504 
44.526247 
44.560990 
44.282705 
44.539063 
43.493308 
45.127516 
45.973943 
43.252732 
44.582798 
45.022584 
43.293522 
43.098584 
44.095806 
44.570042 
43.364170 
45.687481 
44.527211 
44.252610 
44.316070 
44.332209 
44.514234 
44.341698 
45.421503 
45.105854 
44.728800 
44.503835 
44.338154 
45.175105 
43.944768 
45.676270 
43.706489 
44.781469 
44.681235 
44.615260 
44.947290 
43.955264 
45.741578 
45.812641 
43.617334 
44.301534 
45.288808 
45.510032 
47.025123 
44.341794 
44.331746 
44.295501 
43.890591 
45.672894 
44.974277 
44.888745 
45.048287 
43.192406 
45.079458 
43.564874 
44.001330 
43.990743 
44.693568 
45.640286 
44.069986 
43.484013 
43.816163 
44.562902 
44.820102 
44.114738 
43.397827 
45.222016 
45.071308 
43.747702 
43.488846 
43.742861 
44.506504 
43.593378 
44.173422 
43.416181 
42.933282 
43.849771 
44.609852 
44.908246 
45.207120 
43.975219 
45.334714 
43.529098 
43.895623 
43.787486 
45.527388 
44.969508 
44.766012 
45.105450 
44.849736 
43.240895 
46.137684 
43.980226 
43.462534 
43.387245 
44.702663 
44.258535 
45.056906 
42.926673 
44.714931 
44.719103 
45.053284 
44.724784 
44.071612 
44.050354 
44.752291 
44.266379 
45.401648 
43.157559 
44.438434 
45.800753 
43.900567 
43.872053 
43.232695 
43.527616 
44.253785 
43.356741 
44.182909 
44.495175 
43.892561 
45.031063 
44.333442 
44.820713 
44.225976 
44.740406 
43.820500 
44.439773 
45.023286 
43.919718 
44.961496 
45.590157 
44.604186 
43.778460 
43.361591 
43.913229 
43.941426 
45.015767 
43.966966 
44.007870 
43.815890 
45.093118 
43.054453 
44.050111 
44.251384 
43.755759 
44.533890 
44.148633 
44.434772 
43.629436 
44.157465 
43.550859 
43.777956 
45.700773 
44.306494 
43.623310 
43.461532 
43.465389 
45.499561 
45.464445 
43.253435 
44.588479 
43.041768 
44.484581 
44.567985 
45.038110 
44.401062 
43.640926 
43.345433 
44.400088 
45.559366 
45.170706 
43.836886 
44.816484 
44.001296 
44.575369 
44.773364 
43.593050 
45.824217 
45.931797 
42.138260 
43.695192 
42.736230 
43.676764 
44.376095 
44.281043 
44.928071 
45.167997 
44.006408 
44.133558 
43.198366 
44.762742 
44.033864 
45.275044 
43.153502 
43.515873 
43.882068 
44.495121 
44.879070 
45.021402 
45.979529 
44.159455 
43.681679 
44.155528 
44.599549 
44.562112 
44.589808 
45.115031 
42.766913 
44.609283 
43.919037 
44.305168 
44.014754 
45.607456 
44.196709 
44.396224 
44.357746 
43.571394 
44.310375 
42.968401 
45.725930 
44.917491 
45.177301 
44.404832 
45.830593 
44.452954 
44.815714 
44.681278 
45.156125 
44.642934 
45.838483 
44.628870 
43.814355 
45.520343 
44.389550 
43.741592 
45.577278 
44.557367 
45.527057 
44.465607 
44.984303 
44.515708 
43.654092 
43.073324 
43.089113 
43.168455 
43.713258 
43.353103 
43.490687 
44.072519 
44.403519 
44.757519 
43.760499 
42.480752 
43.671010 
45.564629 
45.380999 
44.925311 
44.355999 
43.143536 
43.669579 
43.102905 
43.523520 
43.258894 
44.264700 
45.587317 
44.181318 
44.314312 
44.442774 
44.735147 
43.749950 
44.925153 
43.298721 
42.795882 
42.561750 
43.782687 
43.382084 
43.691332 
43.305908 
43.894025 
44.263237 
44.169225 
43.243119 
44.468850 
43.283489 
45.111993 
45.105289 
43.894950 
44.683406 
44.734354 
43.625978 
44.651321 
46.418830 
42.534058 
43.235994 
44.653549 
45.407585 
43.975496 
43.411086 
43.851139 
44.734996 
44.585558 
45.196472 
45.445158 
44.916978 
43.762349 
44.225359 
44.286583 
42.825591 
44.209031 
44.328759 
43.097702 
43.951751 
45.697900 
45.188978 
45.570677 
45.730646 
45.177771 
43.614640 
44.214354 
45.261267 
43.787345 
43.540480 
42.923056 
43.637695 
43.510301 
44.350503 
45.454562 
43.878980 
45.902451 
44.462023 
44.929207 
44.103769 
43.503070 
43.810841 
44.173924 
43.264245 
43.880683 
45.730365 
44.423975 
44.787774 
44.562498 
44.675752 
45.245660 
43.823061 
44.363767 
45.073974 
43.114157 
43.513524 
44.872527 
44.611989 
45.199259 
44.543494 
43.537354 
43.379834 
44.029571 
43.684023 
44.020607 
44.189394 
44.495502 
45.585642 
44.172029 
43.303486 
43.499413 
44.558538 
44.720248 
44.503082 
44.422949 
41.666954 
43.234841 
44.193011 
43.770004 
44.877514 
44.758922 
44.504276 
44.502228 
45.604474 
43.506429 
43.135251 
44.090132 
44.201279 
44.733646 
44.610444 
44.891134 
44.927655 
45.729817 
42.203907 
44.256438 
44.485103 
43.879041 
45.361506 
44.784299 
44.149104 
43.788143 
44.872973 
44.156265 
44.929715 
45.233030 
43.756671 
42.798270 
44.138105 
43.775211 
44.572365 
43.102529 
43.627521 
46.178085 
44.046401 
44.883102 
43.756266 
44.636928 
43.470514 
44.621719 
45.621077 
44.823796 
45.207613 
43.868858 
44.616510 
42.134478 
43.058155 
43.399424 
43.788392 
43.430004 
44.793542 
43.860531 
43.691591 
44.276901 
44.197464 
44.384194 
43.653074 
43.152263 
44.691295 
44.206233 
44.056050 
43.033506 
43.609142 
43.010573 
42.972495 
43.419382 
44.719386 
42.748863 
43.512509 
44.005029 
42.693772 
43.681796 
44.159289 
45.224058 
43.094746 
43.914536 
43.867590 
44.940696 
45.011128 
44.594317 
45.806341 
43.575376 
44.367271 
44.458178 
45.403543 
44.152307 
45.454476 
43.434017 
45.511450 
45.068531 
44.595834 
46.102193 
45.213307 
46.222284 
44.462354 
45.146646 
45.031541 
43.989400 
44.664742 
44.003395 
45.179426 
44.371480 
42.796189 
44.414623 
44.799505 
43.216472 
43.844804 
43.933822 
43.089787 
43.945743 
43.902943 
44.623536 
45.265540 
44.843757 
44.008489 
43.505337 
45.593807 
43.149844 
45.281780 
44.842906 
45.954555 
45.044681 
44.910968 
44.100172 
44.747021 
43.705047 
43.633689 
43.903075 
42.973206 
42.740783 
43.666102 
43.877035 
45.193801 
44.724620 
46.461013 
44.301630 
43.606389 
44.655716 
43.640003 
42.767847 
44.432977 
43.654517 
45.719124 
44.714613 
45.001669 
43.417651 
44.871852 
44.859943 
44.244608 
44.821322 
43.911969 
42.692587 
44.408346 
44.861237 
44.398564 
47.544112 
44.442219 
44.736593 
44.894473 
42.684301 
43.357627 
44.699909 
44.547677 
44.029420 
43.056135 
44.778742 
43.870298 
44.808817 
44.143712 
44.950152 
44.640090 
44.654939 
44.830143 
43.232202 
45.734025 
44.567934 
45.101267 
45.006454 
43.953402 
44.314286 
44.024856 
44.264138 
44.316389 
44.121334 
42.426892 
44.763760 
43.398940 
43.170907 
44.359064 
45.110034 
44.901267 
43.609266 
44.433448 
44.570409 
42.337510 
42.856096 
45.664751 
45.098718 
45.544552 
43.953051 
46.161516 
43.824228 
43.639002 
46.353669 
44.505884 
45.120505 
43.857346 
44.501587 
44.852177 
43.962167 
44.291276 
43.902723 
44.770549 
43.286744 
45.326975 
44.905023 
47.788431 
44.854100 
44.041830 
44.426211 
44.221976 
44.400295 
43.849048 
43.859724 
44.238473 
46.041274 
44.989421 
45.030207 
43.692650 
42.944535 
43.291489 
44.676574 
45.024321 
46.247692 
44.471673 
44.810387 
44.952743 
44.499071 
44.444876 
43.991536 
45.137170 
44.239516 
43.496543 
42.314433 
46.405769 
44.777084 
44.902088 
43.201345 
46.315712 
44.501708 
44.242675 
45.316183 
43.791402 
44.692357 
44.359602 
43.887834 
44.589555 
44.621658 
43.284428 
45.218933 
44.168412 
44.206703 
43.976080 
45.120201 
45.549136 
44.139376 
44.285087 
45.181729 
44.636018 
44.196603 
43.442134 
44.489698 
44.939098 
45.538921 
43.066636 
43.350641 
43.547693 
45.204698 
43.366620 
43.796567 
45.485916 
45.277483 
43.692151 
43.499780 
44.403173 
43.191854 
45.109072 
44.023656 
43.497735 
43.563918 
43.487821 
43.363335 
43.573116 
44.152154 
43.268832 
43.721910 
45.011514 
43.870975 
43.238195 
44.906298 
43.797664 
42.890961 
43.764728 
45.101178 
45.018661 
44.309460 
43.495423 
44.301463 
44.578733 
44.547486 
45.168996 
44.424798 
46.230499 
44.238731 
44.824966 
43.442321 
43.948575 
45.584335 
44.282534 
43.981895 
44.330409 
44.394503 
44.200775 
42.109691 
43.892835 
45.399791 
43.425878 
43.775682 
45.870545 
44.619292 
44.193734 
44.273211 
45.273446 
45.251987 
43.333175 
44.344491 
43.624475 
43.678897 
44.036733 
42.329490 
43.766008 
43.875063 
43.959614 
44.435535 
42.971787 
43.290692 
46.440114 
45.782495 
43.310849 
43.089236 
44.755088 
43.175353 
43.657150 
42.460022 
43.959739 
43.128341 
43.665858 
44.782886 
43.160574 
44.077226 
43.074985 
45.258193 
43.924809 
44.355091 
45.558178 
44.356382 
43.506786 
43.837014 
44.597515 
44.631765 
45.036452 
44.486691 
45.979338 
44.699573 
45.430397 
44.299499 
44.340362 
45.144025 
43.972167 
44.896697 
45.785407 
44.622030 
43.008485 
44.315002 
44.032635 
44.437973 
45.352316 
45.947514 
45.035988 
44.055567 
42.670227 
45.009144 
43.721777 
44.700462 
44.255646 
43.774197 
43.873209 
43.758115 
42.877790 
45.728960 
44.986258 
45.865062 
43.526175 
45.692189 
44.245390 
44.868866 
46.426624 
45.225029 
44.465684 
42.862506 
42.811130 
45.063003 
44.121236 
45.034731 
45.319805 
45.275317 
46.540181 
44.218767 
44.469933 
43.038509 
42.263821 
42.949879 
43.367576 
45.297814 
43.916240 
44.682855 
43.166423 
44.544114 
44.045992 
44.943209 
43.329679 
44.629267 
44.333419 
44.705342 
44.604823 
44.584373 
43.870811 
42.331594 
45.039086 
44.923142 
44.914044 
44.508082 
45.670445 
43.666727 
44.297103 
44.667999 
45.301173 
45.718271 
44.652490 
44.243730 
43.388133 
43.455547 
44.751569 
44.205792 
43.664541 
44.827849 
44.265155 
43.922399 
42.976493 
43.960373 
45.835500 
44.800016 
44.755389 
44.738214 
45.632196 
43.680827 
45.154538 
43.029475 
44.947174 
44.899626 
43.475028 
44.592270 
45.010157 
43.103267 
44.080942 
44.348067 
45.033858 
43.144467 
44.307338 
44.929717 
44.329691 
45.681660 
44.205610 
43.138079 
42.129545 
43.827829 
44.519475 
43.446869 
44.222037 
45.054459 
44.688267 
43.991679 
44.390570 
42.244187 
45.204338 
42.924899 
41.800796 
44.602519 
45.313684 
43.950492 
43.793458 
42.781686 
45.054855 
45.144376 
43.076561 
43.599564 
43.212138 
45.136488 
43.468305 
44.777010 
44.437889 
44.189401 
44.482837 
45.653733 
44.408558 
43.824229 
45.754295 
44.633689 
44.055610 
43.314779 
43.380270 
44.659999 
43.608183 
43.623701 
44.937983 
44.651846 
44.856495 
42.805775 
43.671261 
45.782090 
44.178482 
44.665339 
44.455410 
45.263414 
45.239984 
44.912563 
45.166632 
43.829089 
43.711748 
45.606897 
45.795020 
44.699023 
44.113825 
44.810241 
45.178509 
44.107112 
43.685771 
45.440638 
43.845218 
44.464006 
45.184440 
43.718575 
43.356283 
45.560497 
44.102787 
43.014693 
45.766286 
45.942468 
43.570740 
44.788774 
46.508378 
46.112746 
45.062065 
44.114315 
44.467500 
44.644723 
45.686858 
44.786776 
42.877382 
44.820622 
44.845883 
43.279395 
43.392942 
45.178889 
45.306399 
45.355893 
43.942077 
44.093328 
43.767299 
44.762649 
43.814084 
44.757776 
44.928564 
43.792887 
44.701401 
43.510048 
43.018948 
44.196730 
43.826655 
45.102843 
43.439737 
43.044201 
44.092080 
44.116484 
44.939617 
43.513133 
44.010346 
43.820339 
45.520494 
45.151426 
44.753336 
45.080440 
43.743171 
45.336748 
42.984783 
45.225551 
43.928817 
44.078816 
45.043035 
43.554857 
44.705948 
43.218268 
44.201442 
44.625534 
43.629455 
43.373880 
44.812532 
45.124452 
44.742449 
44.302668 
45.411580 
43.759826 
45.423247 
45.222655 
43.669980 
43.722300 
44.671803 
43.933830 
43.273695 
44.556057 
44.034666 
43.647955 
44.887613 
44.243337 
44.233011 
43.144253 
43.911530 
43.696959 
44.415509 
45.391941 
44.227307 
43.343374 
44.726647 
43.322833 
44.757656 
44.258010 
45.937514 
43.283415 
42.910520 
44.954848 
44.609187 
44.443854 
45.748612 
45.297625 
45.577919 
43.967021 
43.074284 
43.274650 
45.571082 
44.553595 
44.077431 
46.278313 
44.369251 
43.879288 
44.640343 
44.952697 
43.585401 
44.569470 
44.676182 
45.029803 
45.031318 
45.637202 
44.115736 
44.983912 
43.042981 
45.075306 
45.614840 
46.698503 
44.501348 
43.571733 
44.734775 
44.268797 
42.995510 
44.449418 
43.888950 
43.429621 
44.149250 
43.426149 
45.156884 
42.739434 
43.359402 
45.131330 
44.109324 
45.329934 
43.203295 
43.695649 
45.388406 
44.080452 
45.317299 
45.512865 
43.852571 
44.925983 
44.855950 
44.518008 
43.471195 
44.741004 
46.508246 
44.556719 
44.085916 
44.377263 
43.533561 
43.377866 
45.805546 
44.164670 
43.141245 
44.442432 
44.909596 
42.765580 
42.712475 
43.890152 
44.883108 
43.935722 
45.338075 
44.434358 
44.100396 
44.390238 
43.093726 
45.779347 
45.667932 
43.117344 
45.636580 
45.134735 
44.187268 
45.173106 
44.737470 
44.749809 
44.737428 
44.135314 
43.897842 
44.578238 
44.443577 
44.945293 
45.273846 
44.582680 
43.530815 
44.453922 
45.687419 
46.042293 
44.903120 
45.802661 
45.162383 
44.144464 
45.309818 
44.466351 
43.109788 
42.521011 
44.288210 
44.591722 
42.960799 
44.956911 
45.520572 
43.855011 
43.948998 
44.167979 
43.991602 
44.206389 
45.859218 
45.281433 
42.970042 
44.004799 
44.343304 
45.307563 
45.327710 
44.675623 
42.818879 
44.374637 
44.400862 
44.676382 
44.021801 
43.712258 
43.958531 
43.168533 
45.341777 
42.717452 
43.749130 
43.045593 
43.860972 
43.500811 
44.678533 
43.733765 
43.749188 
43.952029 
45.097700 
46.799010 
44.547152 
45.022902 
45.573680 
43.491772 
44.512010 
43.756621 
44.097645 
43.289456 
44.868561 
43.529751 
44.640647 
44.299085 
43.788178 
43.515189 
43.595903 
44.529526 
43.017492 
44.310158 
43.618733 
44.902822 
44.495038 
43.332723 
45.135735 
43.602806 
45.747653 
43.864024 
45.534794 
45.326046 
45.098797 
44.565967 
45.429878 
44.183810 
44.796830 
45.222808 
44.407528 
43.891078 
44.258082 
45.030809 
45.578770 
45.388274 
46.129430 
43.713803 
44.158995 
42.717358 
45.034609 
43.684699 
45.044545 
44.795597 
43.903394 
43.450211 
43.958965 
44.737623 
44.997466 
44.397759 
43.880250 
44.055944 
43.326816 
44.348164 
42.549329 
43.471739 
42.547985 
42.463365 
43.869839 
45.187120 
44.185528 
43.332591 
43.657035 
43.792103 
44.339972 
43.498391 
43.186071 
42.574082 
43.942444 
44.406023 
42.722356 
42.770295 
42.829744 
44.333172 
44.066160 
44.251905 
44.602536 
44.474046 
43.967229 
44.180007 
44.540543 
45.098821 
43.887178 
45.576621 
43.082401 
44.655508 
43.616089 
43.986638 
45.043225 
44.342911 
43.618937 
44.772727 
45.260485 
44.229214 
43.262446 
44.508275 
45.786190 
43.974314 
44.761056 
45.095518 
44.165644 
44.089156 
43.994959 
41.994574 
45.898123 
46.445882 
44.021736 
44.398142 
44.999008 
44.147812 
45.673188 
45.280438 
42.833707 
43.677928 
45.444777 
45.285926 
43.570487 
43.741465 
43.310630 
43.572239 
44.797270 
44.436595 
44.259493 
46.296140 
43.859953 
45.193839 
44.993889 
44.825674 
44.388457 
44.400416 
44.036051 
43.849991 
44.424483 
44.694406 
44.349947 
43.494177 
43.420964 
44.155431 
44.094524 
44.551349 
44.227448 
42.992969 
43.881416 
43.495885 
44.816299 
46.198464 
44.252632 
44.690240 
42.782418 
45.286782 
45.603119 
43.802021 
45.465470 
44.508743 
44.704597 
45.068320 
44.632105 
42.869747 
44.624782 
44.372598 
43.300150 
44.449466 
45.386534 
44.167434 
44.225808 
43.454497 
44.435344 
45.305722 
43.477534 
43.547465 
43.500460 
44.482534 
43.756076 
44.348202 
45.074372 
45.090405 
43.939122 
43.554452 
44.386677 
45.255429 
44.625458 
44.529931 
45.324344 
43.183877 
43.731196 
44.071985 
44.053830 
42.678249 
44.477222 
45.489380 
44.499221 
44.164757 
43.015494 
44.826700 
44.081331 
43.846890 
43.710931 
43.987708 
42.497129 
42.963283 
45.611016 
44.692402 
44.723124 
44.485098 
45.225905 
44.036640 
46.472175 
44.237607 
44.502821 
44.814094 
44.443258 
43.410597 
43.407748 
44.231591 
44.302110 
45.365084 
44.228752 
45.753769 
45.794556 
45.356758 
44.227200 
43.645427 
43.929052 
44.769643 
44.055084 
45.389324 
44.093063 
44.375587 
45.101942 
45.000664 
43.508914 
43.623414 
44.829163 
44.937424 
43.825561 
44.884170 
43.664305 
45.410581 
43.788098 
43.862213 
45.823928 
44.147545 
44.017996 
44.128622 
44.270067 
45.266954 
44.514247 
43.531247 
43.660265 
44.504008 
43.668357 
45.189930 
45.371888 
44.807453 
43.937055 
45.447200 
44.384641 
43.744317 
43.061974 
44.157475 
45.133535 
44.119294 
45.367029 
42.957966 
42.179823 
43.362268 
45.089869 
45.454531 
42.347196 
42.449875 
43.661777 
43.895157 
44.755874 
43.048615 
43.027526 
44.809264 
44.353608 
44.914888 
44.606649 
44.056010 
44.839006 
43.449866 
44.409719 
44.213303 
42.519906 
44.826656 
45.500850 
43.239710 
43.713654 
44.762521 
43.392946 
43.960123 
43.196212 
43.109394 
44.720390 
43.803920 
45.504635 
44.055668 
43.461028 
44.936342 
43.919064 
43.220444 
45.640088 
43.861233 
45.715297 
43.859013 
44.688749 
45.624657 
45.027471 
44.706296 
44.667039 
44.731214 
44.376991 
43.857118 
46.285889 
43.778701 
44.548188 
44.391046 
44.915099 
44.832892 
43.685514 
44.388080 
44.980273 
44.377920 
43.620620 
44.012247 
45.616175 
45.448896 
45.518384 
46.206749 
46.098024 
44.941905 
43.921555 
43.717974 
44.042061 
44.794244 
44.482665 
45.711981 
46.097755 
44.209155 
43.729673 
43.970254 
44.272914 
42.883086 
44.597424 
45.606585 
43.580943 
44.876185 
44.939291 
44.124471 
42.930324 
43.773539 
45.382841 
44.958222 
44.490007 
44.499285 
44.818206 
45.380382 
45.730894 
43.957435 
44.756548 
45.697657 
44.419901 
44.654739 
43.868842 
43.299947 
44.924582 
44.706760 
43.287843 
44.412429 
44.719514 
42.468494 
44.919067 
44.309559 
44.507223 
44.100246 
44.095931 
45.245550 
44.124015 
44.755655 
44.841377 
43.275430 
43.973051 
44.094977 
45.086940 
44.243377 
44.147392 
44.276653 
44.920263 
45.511425 
44.044186 
43.592568 
43.579818 
43.768176 
44.129044 
44.682215 
44.771400 
45.389461 
46.295924 
45.023388 
44.274439 
44.752461 
43.619448 
44.916432 
45.119072 
44.533742 
45.590324 
43.175821 
45.012395 
43.810975 
43.474712 
43.971618 
44.857569 
43.920631 
42.980675 
43.718890 
43.365153 
43.863388 
45.203428 
44.007540 
43.020514 
44.753323 
43.835258 
45.532069 
42.265856 
43.817106 
43.266955 
45.015256 
45.027622 
45.119153 
44.384473 
43.795551 
44.028535 
43.349083 
45.608238 
43.417586 
43.929317 
44.471828 
44.022088 
43.963463 
45.468398 
44.126961 
44.043879 
42.762515 
44.695890 
44.951155 
45.099719 
44.330224 
44.548538 
43.126142 
43.280457 
45.892983 
45.545511 
44.673197 
45.729316 
44.310933 
45.244262 
43.116406 
44.622233 
43.984126 
44.235176 
45.440677 
44.551185 
43.375974 
44.066420 
42.144779 
45.038284 
43.470636 
44.744358 
45.247414 
44.830570 
43.650205 
44.701029 
44.257733 
43.963786 
44.889344 
45.749696 
44.880622 
44.502923 
44.420298 
42.876777 
43.160406 
45.164347 
44.896704 
42.654768 
45.922995 
43.809847 
45.752915 
43.565014 
45.161653 
44.831189 
43.601310 
44.726796 
44.761489 
43.965301 
44.054962 
45.101840 
43.655130 
44.963640 
45.032123 
45.828259 
44.462079 
44.123805 
44.034738 
45.003752 
42.972393 
44.411016 
45.174939 
44.292534 
44.578921 
43.298209 
44.310614 
44.416938 
43.995354 
43.958436 
44.452066 
43.853086 
44.448835 
44.401519 
45.435045 
43.939142 
44.338740 
43.437858 
45.168038 
45.373019 
44.885413 
44.077912 
46.014929 
45.311129 
45.621107 
43.561574 
46.415341 
44.235960 
43.692519 
43.309185 
44.385842 
44.524754 
43.595896 
42.666820 
43.849228 
44.594728 
45.022342 
45.186358 
43.491265 
44.799660 
43.112087 
44.478573 
45.671336 
43.269118 
43.489905 
44.208240 
45.541555 
43.924829 
43.139740 
44.176446 
44.676201 
44.144502 
45.355120 
43.577337 
45.403819 
43.708313 
43.924877 
43.976586 
44.870873 
45.327692 
44.416450 
44.448169 
45.681222 
45.888204 
44.725821 
44.398978 
43.566613 
44.030184 
43.113622 
43.381954 
45.081600 
43.920638 
43.510174 
44.083636 
42.395658 
44.198607 
44.509252 
41.633693 
43.199096 
45.249347 
43.002471 
43.875979 
43.184538 
44.638500 
44.308142 
42.468854 
44.723643 
44.728914 
45.586732 
44.095070 
44.050785 
45.681442 
44.974222 
43.649492 
42.464555 
43.910352 
42.479700 
42.960894 
44.400321 
44.161503 
44.536009 
43.952548 
44.779100 
47.447316 
45.619014 
45.624611 
43.013842 
44.239021 
44.010346 
44.463108 
44.620975 
43.804358 
44.769508 
44.441330 
44.688180 
43.862903 
44.545357 
42.355418 
44.180690 
45.250084 
43.325635 
43.833477 
43.864418 
44.695160 
44.534457 
42.858652 
43.734338 
43.410899 
44.099576 
44.936604 
44.032811 
44.321354 
43.740425 
45.348906 
46.275501 
43.817939 
44.491112 
43.757897 
43.537626 
45.058974 
44.479410 
44.820828 
46.394643 
45.666314 
43.786246 
44.718112 
44.471267 
44.135717 
43.950074 
44.078695 
43.243963 
43.780142 
45.555882 
44.507439 
43.783760 
43.401789 
43.889074 
46.354842 
45.189644 
44.790280 
45.166423 
45.657398 
44.892768 
45.453391 
45.224785 
44.970753 
43.844925 
46.104042 
43.917060 
44.461351 
45.573893 
44.138287 
45.005074 
43.485907 
43.802995 
44.184319 
43.763411 
46.677043 
45.941035 
44.242604 
44.104281 
44.383622 
43.537826 
43.779580 
43.911395 
43.582263 
44.122003 
45.290050 
44.408922 
43.295670 
43.910321 
43.712292 
45.008982 
44.973386 
44.201460 
43.298697 
44.517735 
43.987679 
45.020598 
45.380864 
44.588227 
43.975320 
44.193160 
45.368540 
45.400266 
42.832601 
43.607511 
44.795795 
44.124871 
42.869743 
44.979525 
43.355600 
43.684095 
44.077165 
44.721543 
43.849084 
45.250485 
44.145880 
44.160837 
44.784424 
43.306326 
44.020140 
44.744352 
43.520386 
42.791735 
43.198868 
44.844507 
44.607357 
44.420557 
44.278291 
43.870843 
43.033893 
44.489912 
44.499907 
43.023380 
43.973319 
45.227842 
43.968078 
43.318080 
44.903702 
44.343696 
43.036788 
42.950954 
44.187399 
45.470802 
43.994000 
44.483005 
45.230533 
45.138456 
45.149731 
45.391298 
44.315581 
44.593491 
45.134843 
43.984342 
44.172278 
45.573464 
45.488131 
46.367105 
43.946896 
44.985926 
45.063433 
44.047800 
43.471194 
43.239904 
43.229107 
44.659349 
44.283185 
43.971451 
43.970620 
43.460503 
44.751629 
43.832092 
43.637708 
44.221851 
43.572753 
43.905915 
44.607691 
44.981356 
43.560239 
45.622878 
44.015490 
44.970743 
44.337598 
43.692917 
43.327439 
44.153005 
45.516793 
43.105543 
43.948083 
42.659833 
43.709327 
45.071342 
45.009986 
45.680947 
44.513804 
43.838986 
43.318381 
43.287607 
44.637509 
44.606628 
44.362142 
44.627208 
43.804012 
45.902692 
44.133436 
44.781723 
45.277961 
45.693933 
44.778845 
43.844688 
42.354333 
43.477724 
44.650735 
46.587956 
45.243928 
44.938108 
43.360528 
46.465349 
45.214631 
42.971336 
45.746505 
44.572472 
44.326228 
43.081661 
44.205856 
44.820422 
44.719789 
43.406153 
44.487880 
42.400016 
45.945839 
44.216524 
45.088413 
45.073379 
44.775030 
44.095365 
44.802940 
44.289785 
44.878069 
43.795132 
43.819480 
43.488022 
43.239599 
44.310689 
44.880590 
44.055817 
43.666831 
41.747057 
44.160963 
43.912214 
44.744584 
44.720664 
43.863327 
42.900637 
44.742843 
44.179146 
45.235544 
42.839424 
43.001616 
44.471022 
44.793020 
45.164930 
45.769310 
44.866007 
45.165661 
44.212214 
43.937937 
43.809622 
44.744615 
44.123243 
45.145168 
45.223900 
46.564883 
43.914263 
43.268689 
44.072465 
44.841534 
43.542720 
44.431672 
44.385186 
43.623316 
43.639617 
44.640857 
45.451060 
43.477866 
41.840697 
43.458920 
43.750060 
44.020427 
44.863007 
44.320331 
45.848199 
43.446393 
44.982007 
45.444290 
43.691598 
45.031079 
44.901046 
43.925911 
43.715601 
43.800290 
45.042911 
43.055152 
44.287600 
43.604744 
43.673915 
43.060548 
44.094342 
45.533126 
44.919186 
43.638893 
43.507817 
44.552806 
44.300343 
45.102728 
45.184158 
44.794110 
44.565953 
44.662550 
44.945197 
46.471433 
45.221173 
45.085857 
42.973076 
44.366996 
45.113766 
45.689184 
44.116403 
44.031427 
44.792069 
44.961272 
43.752978 
43.550719 
44.855172 
43.698531 
42.984291 
44.534553 
43.004636 
43.016935 
44.269828 
42.896693 
44.619461 
44.656330 
44.067677 
44.012264 
44.605614 
44.356550 
42.214423 
43.584803 
43.212125 
44.631036 
42.778703 
44.884014 
43.836746 
47.305123 
45.130240 
43.663532 
44.205275 
43.882155 
45.207635 
44.525917 
45.740782 
44.475358 
43.749047 
44.560016 
42.909296 
43.515843 
45.299971 
44.348674 
44.592368 
45.143329 
43.289903 
43.216311 
44.644530 
44.773925 
44.586639 
44.770019 
44.227673 
43.684109 
44.461325 
44.539197 
44.173898 
44.768928 
42.923159 
45.403201 
45.302120 
44.475296 
44.663448 
43.320117 
43.062422 
44.131501 
42.935421 
44.273547 
44.794418 
43.422605 
44.415109 
46.409443 
44.243236 
44.706116 
44.194839 
45.531026 
43.903284 
44.258120 
44.023907 
46.297772 
45.002773 
44.236350 
46.465999 
45.085821 
45.115365 
44.749309 
43.401131 
44.113881 
43.720050 
44.379759 
42.688484 
44.666960 
43.358699 
44.377861 
45.210128 
43.816353 
44.835312 
45.242884 
43.960077 
43.789503 
43.770567 
42.724157 
43.682693 
43.835382 
45.067102 
45.020724 
43.771423 
43.463162 
44.075835 
42.421634 
45.517368 
43.700731 
44.468803 
42.888599 
43.374501 
43.783168 
44.155047 
45.028223 
45.197487 
43.737401 
44.269143 
44.253239 
44.055246 
43.583708 
45.691244 
44.361018 
43.217650 
43.295630 
44.105127 
44.877714 
45.022862 
45.670699 
44.992934 
42.787466 
43.818471 
44.035178 
44.095029 
44.759024 
42.910025 
44.770182 
45.084834 
44.442305 
44.933487 
43.340962 
42.683296 
43.274393 
42.444133 
42.387140 
44.381377 
45.142166 
44.183186 
44.482790 
44.665962 
43.620227 
42.696356 
43.140400 
42.521747 
42.067743 
45.608684 
43.451383 
43.409875 
44.502639 
44.385493 
44.146166 
43.493069 
44.271800 
42.987632 
43.962171 
44.830689 
44.690227 
43.481188 
43.503056 
44.279478 
44.520208 
44.057733 
43.409231 
43.405739 
43.792426 
44.835577 
45.664219 
43.751237 
43.639021 
44.425030 
45.281213 
44.784889 
43.683207 
44.653894 
44.377085 
44.480856 
46.029317 
45.722409 
45.334288 
44.914229 
44.688530 
46.013161 
44.058072 
45.652426 
44.026480 
43.585679 
44.829574 
44.249392 
44.778295 
44.767378 
43.529012 
43.554850 
44.114013 
43.923280 
42.991046 
44.186880 
44.245146 
44.736899 
42.571244 
43.829497 
44.419996 
43.641917 
43.128760 
44.369850 
44.474294 
44.302423 
42.047442 
43.727228 
44.625817 
44.242492 
43.707740 
43.094018 
44.936006 
45.457113 
45.887932 
45.572863 
42.709653 
43.893982 
43.486300 
44.155771 
44.284977 
43.995625 
44.216267 
44.456637 
43.575121 
43.019347 
44.915213 
44.884941 
45.138895 
43.328327 
44.857895 
44.852718 
43.753710 
43.928270 
45.048684 
43.719256 
44.433681 
44.141475 
45.342325 
46.373319 
44.528373 
45.403124 
45.970671 
44.315819 
43.917732 
43.985904 
44.495521 
43.301514 
43.796492 
44.198351 
43.732852 
44.455323 
44.093104 
44.431265 
44.823059 
43.688357 
45.695362 
45.579545 
46.115012 
45.194223 
44.390290 
46.497802 
45.359714 
44.915052 
46.071542 
45.277135 
43.485801 
44.210556 
43.260890 
46.627651 
45.356709 
43.617018 
42.874878 
43.902997 
44.474468 
45.249875 
44.286894 
45.292831 
46.667938 
45.381941 
43.772075 
44.206758 
42.462215 
44.000009 
44.562318 
45.209316 
44.879476 
42.593106 
45.019994 
44.928344 
44.925785 
44.330800 
44.103270 
45.009864 
44.322201 
43.799357 
44.476677 
44.644246 
45.322077 
44.895747 
44.657077 
43.918826 
42.698212 
44.197544 
44.433728 
43.278090 
43.956608 
42.790009 
44.354342 
45.043831 
44.279946 
45.221070 
43.763960 
43.850969 
45.741305 
44.744411 
46.345731 
45.385790 
44.081811 
44.432778 
43.790278 
44.891092 
44.352307 
43.928358 
43.473093 
44.216730 
45.311520 
45.193552 
45.513574 
43.949894 
43.345790 
43.991042 
45.250011 
43.903930 
45.136531 
43.323286 
44.388917 
44.783853 
43.982910 
44.875122 
44.801233 
43.293648 
45.074832 
44.039085 
43.346449 
44.103442 
44.721832 
43.825817 
43.038263 
43.827507 
43.999083 
43.476799 
43.935717 
45.543779 
43.849419 
44.317861 
44.179350 
44.597788 
42.674149 
42.585627 
43.548393 
43.600060 
44.047271 
44.790586 
44.625814 
44.622121 
44.961727 
44.583269 
44.009407 
45.272115 
44.443320 
45.202346 
46.031145 
44.536633 
42.774105 
45.418621 
45.231655 
44.635670 
45.314254 
45.534653 
45.093071 
43.709244 
44.154555 
44.510251 
45.293096 
45.380212 
44.667580 
43.952858 
45.161250 
46.252534 
43.574256 
44.356758 
44.649759 
42.569737 
43.864411 
44.992204 
44.643404 
44.725169 
44.437832 
42.816419 
44.577459 
45.577438 
44.757571 
44.583470 
43.944475 
42.590049 
44.723538 
44.657551 
43.763033 
43.656053 
44.376524 
44.366586 
44.391437 
45.347241 
44.483001 
42.170237 
44.582817 
42.666670 
43.500463 
43.385431 
43.023655 
45.142688 
45.579121 
44.184528 
43.812085 
45.659131 
44.467709 
44.641173 
45.167955 
44.651397 
44.931141 
44.489315 
42.881483 
44.792704 
45.266633 
44.489913 
45.979919 
44.961844 
45.987263 
45.448659 
44.860677 
44.399613 
44.035584 
43.333413 
43.553834 
44.725624 
43.025416 
44.420739 
43.519849 
44.481937 
44.328665 
44.328200 
43.357762 
44.709262 
44.155633 
44.351371 
46.519729 
47.050970 
44.542801 
43.988407 
44.823509 
44.412010 
44.606680 
44.124705 
44.639586 
45.017507 
46.266755 
45.838212 
42.626293 
44.076708 
43.752866 
44.900740 
45.813700 
43.870761 
43.976134 
44.694372 
43.968136 
45.865384 
44.063354 
43.706785 
43.992856 
45.010695 
44.715919 
44.537481 
45.301066 
44.339882 
41.601289 
44.069887 
44.357074 
43.255715 
44.401106 
44.041400 
45.086421 
43.281210 
44.010265 
43.737711 
44.444340 
44.668584 
43.589505 
44.694861 
43.546908 
45.112564 
44.772939 
44.740583 
45.746109 
45.610361 
45.326364 
42.010297 
43.429794 
43.935180 
43.696788 
44.919290 
44.764497 
44.022825 
44.714005 
43.303813 
44.510592 
44.969620 
42.075080 
44.740980 
44.613984 
43.463480 
43.081262 
44.598048 
44.503491 
44.814073 
45.943183 
44.112835 
44.067287 
44.885913 
45.989079 
44.077746 
44.589824 
44.994890 
45.598300 
44.130339 
43.092330 
46.429666 
44.826519 
43.341580 
43.998214 
42.613804 
43.342195 
43.883075 
44.457931 
44.183200 
43.997979 
44.511024 
45.710163 
44.251357 
44.078669 
44.793090 
44.595021 
43.590242 
45.703053 
43.583768 
44.586037 
44.623709 
43.563063 
43.453638 
43.483424 
43.995816 
44.455513 
44.703532 
44.096275 
43.587345 
43.201448 
43.656335 
43.856131 
42.903579 
44.000675 
43.808041 
43.989041 
43.888030 
44.613783 
44.279082 
43.252257 
43.530761 
44.979502 
44.465954 
44.015585 
43.795011 
43.579161 
43.692640 
44.143678 
43.938012 
44.533369 
44.463769 
43.583669 
44.841342 
44.246268 
43.898464 
44.615516 
44.312205 
43.250845 
43.387989 
44.252123 
43.460339 
43.375760 
43.455094 
42.839113 
44.468186 
43.696516 
43.726731 
42.292534 
43.292210 
46.271561 
44.496953 
42.829493 
44.381034 
44.819111 
43.137849 
44.990374 
44.701733 
45.321544 
44.419805 
43.290009 
43.764039 
44.959998 
44.868117 
44.130368 
44.271853 
44.059252 
44.604554 
45.305853 
44.708099 
42.915565 
43.897379 
44.846860 
43.478657 
44.208831 
44.555670 
45.369074 
43.474079 
43.848974 
44.715817 
43.185067 
43.275073 
43.773982 
43.050111 
44.502302 
44.594874 
44.154394 
43.371089 
44.461896 
43.415859 
44.193558 
44.506257 
44.548990 
43.161031 
44.156872 
43.485172 
45.361633 
44.005092 
45.470570 
45.600385 
45.603696 
44.801532 
44.740478 
44.770439 
44.755709 
45.365247 
44.911958 
43.667387 
45.453406 
44.463584 
43.906370 
44.709597 
46.067885 
43.827497 
44.870139 
45.691485 
44.184584 
43.957784 
44.717727 
43.254205 
43.008793 
43.675914 
44.353920 
45.154644 
44.453705 
44.979898 
44.415876 
44.082557 
44.347109 
44.943807 
44.803580 
43.744547 
43.776920 
42.690609 
43.439742 
43.758823 
45.709697 
42.720913 
43.665810 
42.507751 
44.648867 
44.399459 
45.382202 
43.994959 
45.169903 
43.761358 
44.311441 
44.151843 
44.702455 
43.341836 
43.937295 
44.620954 
45.820902 
45.463447 
43.264709 
45.355733 
45.088657 
44.757265 
44.290216 
44.569399 
43.482788 
44.254270 
43.523936 
43.939317 
44.115139 
44.294715 
45.159933 
45.689750 
43.992985 
45.753425 
44.372320 
46.136394 
43.014838 
43.943968 
44.075091 
43.117663 
45.249991 
46.546473 
45.319083 
44.259680 
43.577808 
44.673741 
44.285350 
42.905110 
43.460682 
43.643244 
44.677395 
44.609293 
44.736283 
44.642471 
45.147028 
44.272560 
44.050157 
44.268246 
44.708163 
44.804138 
44.170282 
44.686545 
44.100957 
44.677038 
46.119933 
44.305806 
43.953151 
45.728776 
44.177703 
44.376212 
42.116165 
43.444687 
44.785727 
44.510368 
45.222386 
45.442173 
45.307830 
44.783580 
44.209575 
44.842869 
44.967016 
44.094447 
44.709475 
43.171335 
43.995210 
44.506567 
45.606701 
43.183808 
45.111229 
44.140290 
44.859432 
43.731537 
44.198089 
43.975635 
44.494902 
44.055279 
44.302021 
43.452269 
42.888697 
43.989890 
42.910548 
43.764316 
43.240863 
43.297880 
43.894606 
43.818304 
45.806364 
44.672377 
42.858642 
44.729760 
44.426879 
44.604618 
43.214367 
44.630900 
43.743345 
44.630455 
44.382783 
44.241288 
45.603003 
45.246012 
42.799513 
44.046654 
45.329980 
44.673793 
44.421639 
43.496294 
44.416238 
45.842734 
44.094191 
44.708436 
43.850656 
46.453131 
44.354266 
43.910551 
45.013099 
43.585171 
43.062096 
45.200148 
43.977266 
43.448670 
43.685633 
43.815179 
42.683576 
42.911486 
43.465990 
44.712014 
44.479281 
44.935865 
43.767374 
44.664900 
44.684684 
43.869106 
44.148971 
43.775474 
43.349810 
44.631883 
46.421333 
44.302811 
43.210437 
43.783200 
43.233948 
43.362955 
43.274966 
44.464918 
44.668433 
45.633463 
44.588814 
46.532211 
42.912754 
42.368821 
44.397861 
43.997979 
45.508713 
44.257079 
44.365047 
43.330356 
44.360564 
43.948336 
44.203259 
44.961305 
44.715130 
45.460309 
46.000295 
43.893966 
43.380212 
45.183050 
45.712625 
43.612465 
43.801247 
44.620264 
44.961051 
43.614595 
44.945515 
44.921380 
44.890547 
45.427973 
46.213364 
43.742082 
43.972123 
44.004126 
45.754392 
44.929974 
43.498135 
43.610926 
45.190574 
45.435531 
43.967110 
44.491715 
44.842813 
44.118864 
42.811417 
43.402289 
43.429339 
45.377280 
43.321886 
44.767653 
43.567708 
45.319103 
44.477308 
44.860881 
43.864041 
43.553809 
44.314131 
44.051346 
44.056417 
43.885468 
44.341046 
44.326402 
43.764406 
43.593505 
45.063301 
44.688313 
46.063233 
43.709105 
44.842298 
45.703433 
45.402903 
43.889980 
44.618514 
44.799219 
44.227451 
42.960111 
43.525521 
42.953488 
43.306506 
43.110709 
44.910539 
44.816115 
44.282407 
44.452645 
44.595709 
43.434946 
45.207272 
43.841172 
43.898888 
45.242349 
43.764297 
43.058553 
44.809757 
44.882832 
44.504320 
44.142726 
43.036996 
44.631286 
43.496429 
44.217188 
44.792068 
44.246356 
43.966870 
43.268340 
43.595927 
42.863471 
43.673370 
44.817102 
42.931064 
44.308764 
43.853192 
43.653767 
43.158671 
43.679072 
43.874052 
42.917130 
44.033890 
44.277858 
43.095526 
44.210450 
42.667971 
43.492973 
43.430605 
43.757230 
42.639995 
44.569217 
43.888824 
44.440864 
44.845226 
45.623966 
43.845820 
43.128442 
43.796265 
45.069618 
44.838471 
43.795731 
43.059044 
46.252057 
45.987570 
45.506188 
45.551825 
44.955626 
44.158430 
44.520678 
43.930006 
44.152152 
43.503721 
44.159877 
45.900678 
43.372073 
43.158903 
43.678545 
42.968937 
44.007493 
43.431232 
44.588814 
43.934149 
43.879604 
44.087806 
43.691457 
45.346866 
43.788925 
43.401512 
44.477821 
44.482061 
44.612405 
45.256775 
42.971555 
44.826696 
43.634568 
42.621305 
43.673263 
44.482010 
44.791763 
44.646454 
44.856123 
44.114187 
44.721849 
43.665297 
44.335022 
44.204790 
43.986246 
44.358816 
45.825209 
44.637109 
45.137255 
42.518969 
44.103320 
44.446279 
44.614390 
43.169232 
43.188335 
45.181306 
46.519358 
45.456135 
44.789736 
44.917098 
44.853799 
42.797487 
44.167964 
42.848173 
44.218612 
44.428449 
44.827396 
44.499185 
44.992257 
44.483905 
44.582015 
44.084657 
43.991196 
44.386061 
43.818761 
44.567659 
43.274981 
43.523497 
43.606923 
43.674800 
45.003556 
44.372916 
44.487806 
44.950258 
43.698076 
46.098918 
44.289312 
43.760661 
43.579834 
44.760113 
44.716438 
45.794075 
44.451838 
43.728341 
43.213606 
43.905208 
43.813035 
43.369739 
44.789001 
44.197922 
43.784355 
43.412059 
44.330948 
44.237548 
45.484279 
44.085236 
43.078212 
43.831605 
43.912683 
44.034086 
43.567202 
43.527444 
43.934527 
43.620805 
44.887164 
44.702392 
45.504185 
43.822873 
45.616978 
44.965732 
43.613354 
45.151165 
44.156902 
45.146360 
45.019117 
44.702575 
44.433356 
44.100573 
44.497509 
44.570113 
43.828708 
44.544433 
44.303181 
43.909196 
44.631233 
43.741713 
42.908769 
44.856298 
43.482577 
43.340057 
44.205762 
44.246253 
43.851183 
44.640085 
45.211698 
43.802542 
45.637735 
44.516900 
43.808218 
42.727148 
42.995352 
43.979046 
43.476920 
44.890500 
44.083111 
44.961705 
44.172799 
43.748905 
43.465710 
44.691792 
42.761216 
45.534217 
46.165361 
44.729998 
45.085774 
44.648068 
43.379729 
45.278466 
43.498504 
42.775403 
45.374657 
42.829133 
44.459678 
43.353421 
43.214289 
42.357766 
44.275290 
43.508114 
43.979039 
42.888495 
42.168044 
43.435492 
44.373143 
45.644622 
45.425496 
44.813101 
44.619091 
44.597654 
44.344581 
43.145739 
43.873976 
44.458730 
43.359781 
45.792793 
45.486065 
44.503569 
45.496976 
43.741339 
43.411845 
44.375513 
43.890822 
43.997787 
44.748939 
45.436578 
44.248764 
43.280115 
44.308249 
44.712356 
44.082770 
44.870408 
45.193941 
43.108824 
43.738388 
44.705708 
45.466264 
44.858862 
44.011696 
46.319745 
43.640011 
45.478511 
43.477391 
44.617976 
45.428303 
44.074694 
43.075957 
43.317297 
44.264586 
44.246776 
45.236781 
44.324547 
43.780288 
44.160281 
43.884001 
43.970263 
45.114876 
43.803681 
43.966153 
45.149862 
43.781328 
44.051740 
45.264526 
44.822460 
43.213202 
44.266387 
44.566117 
44.871690 
43.709852 
44.665227 
45.202410 
42.788606 
44.657867 
43.786732 
44.110534 
41.572456 
44.231486 
44.579878 
42.997238 
46.440424 
43.706287 
44.524484 
44.308962 
44.112052 
44.826824 
43.669543 
44.827583 
45.018222 
44.594570 
45.195524 
44.179378 
43.627481 
43.767363 
44.721634 
44.027987 
43.246254 
45.693238 
44.178206 
44.210106 
44.363809 
43.430259 
44.171874 
43.207659 
44.912008 
42.552679 
46.379263 
46.210550 
44.637483 
45.282567 
44.630440 
44.834694 
42.737251 
44.547622 
44.508007 
44.420498 
43.216096 
43.653536 
43.076836 
44.722508 
43.816667 
44.296707 
44.832903 
45.000637 
44.559152 
44.077637 
44.024237 
44.901428 
43.880527 
45.100970 
46.178192 
45.853768 
45.083684 
45.719523 
45.168158 
44.568227 
44.119042 
42.599646 
43.495159 
44.645401 
45.087164 
44.414041 
44.113605 
44.649170 
44.199119 
43.728300 
43.283156 
43.701578 
43.974616 
44.229840 
45.099720 
45.147595 
42.402457 
44.591555 
45.548344 
44.682668 
44.525559 
44.538653 
44.380503 
43.391694 
44.763590 
44.188057 
44.549451 
45.953854 
44.148664 
44.035768 
45.251159 
45.321541 
44.984774 
44.005332 
44.743112 
43.018775 
44.176142 
44.923681 
43.210632 
44.826882 
44.440573 
45.554936 
44.409427 
44.988653 
44.365776 
44.534960 
44.947370 
44.537112 
43.546566 
44.627952 
43.567979 
43.186277 
43.492928 
45.570280 
44.014565 
43.281095 
45.810368 
43.746273 
43.984310 
44.415383 
44.833288 
44.990297 
44.363487 
44.111631 
46.895411 
44.938938 
44.743501 
44.604044 
42.589438 
44.028659 
44.669234 
45.187878 
43.723562 
44.474396 
45.268866 
44.720644 
45.096944 
43.714733 
45.445207 
44.503126 
44.768979 
44.550533 
43.829655 
44.291420 
45.275510 
43.990981 
43.442831 
42.441331 
43.983655 
42.985260 
45.049715 
43.998734 
43.443444 
45.101458 
43.029460 
44.277117 
43.410382 
45.775047 
44.838916 
43.948877 
42.924383 
42.991840 
44.216435 
43.094144 
43.009707 
43.776357 
45.266859 
43.326111 
44.898875 
44.095412 
45.371858 
44.255384 
44.410808 
44.350022 
44.668258 
44.033273 
44.192314 
43.723179 
44.865134 
44.049892 
43.430619 
43.504851 
42.428785 
44.579543 
43.947387 
43.888577 
43.045584 
44.136830 
43.837900 
42.797823 
43.708335 
43.337149 
45.435232 
44.838192 
44.214483 
43.790956 
44.567781 
44.224859 
45.414600 
43.191797 
44.519136 
44.670651 
44.363982 
43.640578 
43.039738 
44.196748 
43.231063 
44.296925 
44.175235 
45.872376 
43.185241 
43.507501 
43.950886 
43.697461 
44.686739 
43.408009 
44.626796 
43.219888 
45.412047 
44.203191 
43.424917 
43.836706 
43.131240 
43.425656 
44.870151 
45.666820 
41.975171 
42.723436 
45.177287 
46.324702 
44.723978 
45.220472 
45.502742 
44.841725 
44.442053 
44.443289 
44.584551 
44.840740 
44.794250 
45.846693 
44.716331 
42.776002 
45.114780 
44.210682 
42.521486 
42.975954 
45.155388 
45.940488 
42.480741 
44.359385 
43.887552 
45.643107 
44.086764 
44.164959 
45.908872 
44.074983 
44.148022 
44.561351 
43.640901 
43.749642 
42.854641 
44.527805 
44.852788 
44.004402 
44.959896 
44.805840 
43.398883 
43.563088 
43.407598 
45.088071 
43.582924 
43.684561 
43.605304 
44.473090 
45.186341 
45.023797 
45.234769 
43.821958 
42.860825 
43.095161 
45.421302 
44.795255 
45.769426 
43.871635 
44.871069 
43.164427 
47.384503 
44.862715 
43.993601 
45.280451 
44.637957 
43.963642 
43.099512 
44.197571 
44.593993 
44.788402 
44.926002 
45.552836 
44.396305 
44.631636 
43.933465 
44.778996 
44.091111 
44.306355 
44.683197 
43.502431 
44.579246 
44.534731 
44.833927 
44.698457 
43.180811 
44.448845 
43.319588 
44.281059 
43.462636 
43.618173 
43.527831 
44.460141 
44.382380 
46.010503 
44.477598 
43.467523 
45.014948 
44.590580 
44.097655 
45.407326 
44.496520 
43.042692 
43.793745 
43.107474 
44.482576 
43.624632 
44.138751 
43.485511 
42.741876 
44.552627 
43.456689 
43.530553 
45.118398 
43.239671 
43.790732 
45.420980 
44.171225 
46.612171 
43.816797 
44.473508 
43.586429 
44.023671 
45.007255 
44.566500 
44.009300 
45.122694 
44.165157 
44.261052 
44.096753 
45.185261 
45.841887 
44.625390 
44.323614 
43.618532 
45.755758 
43.904835 
44.133553 
43.260530 
43.119468 
44.318018 
43.418899 
45.206218 
43.344001 
44.572858 
44.263239 
44.934503 
43.610164 
43.777715 
45.327522 
45.120230 
45.119847 
43.986957 
44.649661 
42.633661 
42.494877 
44.854408 
44.070401 
43.579105 
44.800547 
45.297813 
43.633966 
43.369578 
43.282715 
44.763395 
44.155967 
43.191080 
43.417999 
44.266065 
44.433119 
43.578333 
44.288296 
45.919029 
43.744410 
44.138510 
44.708076 
43.549746 
44.826969 
45.557932 
44.346668 
43.830565 
46.253098 
45.324278 
44.431100 
45.790536 
45.642457 
44.299219 
