0.633462 
0.696623 
0.674817 
0.663453 
0.655060 
0.614409 
0.604370 
0.594535 
0.581054 
0.618785 
0.554230 
0.587705 
0.617357 
0.561944 
0.657518 
0.635468 
0.674090 
0.564381 
0.561305 
0.575406 
0.683107 
0.754338 
0.654867 
0.678861 
0.614235 
0.698969 
0.652913 
0.568007 
0.671439 
0.683112 
0.679727 
0.699396 
0.617978 
0.562443 
0.633277 
0.763288 
0.585447 
0.628117 
0.521945 
0.495524 
0.712170 
0.610641 
0.565869 
0.732199 
0.629566 
0.648784 
0.625370 
0.648440 
0.686373 
0.680197 
0.620280 
0.663298 
0.708548 
0.721860 
0.704414 
0.674362 
0.598839 
0.500125 
0.664718 
0.644845 
0.554876 
0.548307 
0.523401 
0.540520 
0.555179 
0.678798 
0.673035 
0.716551 
0.627951 
0.620887 
0.666380 
0.545807 
0.553959 
0.580879 
0.663167 
0.667121 
0.726995 
0.701027 
0.642615 
0.599571 
0.609447 
0.592367 
0.611738 
0.688023 
0.681885 
0.654892 
0.650150 
0.648119 
0.678593 
0.622408 
0.661485 
0.769853 
0.574629 
0.599102 
0.596027 
0.619980 
0.672994 
0.809045 
0.682196 
0.628142 
0.564759 
0.583308 
0.667836 
0.661881 
0.780757 
0.708930 
0.581321 
0.491341 
0.752597 
0.640720 
0.710753 
0.659546 
0.688652 
0.584627 
0.705690 
0.680209 
0.735566 
0.533768 
0.599698 
0.531414 
0.534087 
0.572676 
0.550393 
0.546524 
0.466598 
0.613246 
0.439317 
0.688955 
0.651443 
0.597255 
0.662532 
0.650039 
0.601736 
0.680719 
0.605632 
0.602722 
0.549889 
0.599617 
0.666415 
0.639766 
0.519596 
0.644650 
0.535449 
0.611940 
0.689743 
0.682208 
0.689337 
0.680117 
0.625185 
0.589125 
0.652350 
0.574088 
0.506091 
0.615461 
0.637187 
0.781256 
0.733311 
0.559398 
0.669884 
0.596386 
0.513076 
0.672442 
0.764852 
0.517385 
0.540012 
0.537425 
0.589141 
0.716580 
0.615535 
0.737998 
0.593044 
0.689412 
0.737974 
0.519754 
0.646020 
0.709205 
0.577483 
0.648012 
0.566009 
0.653647 
0.627938 
0.500135 
0.584659 
0.647460 
0.637104 
0.671421 
0.620785 
0.627902 
0.667407 
0.600343 
0.584722 
0.630229 
0.532730 
0.426744 
0.607363 
0.652057 
0.743209 
0.659335 
0.545054 
0.580062 
0.606758 
0.593034 
0.505069 
0.606631 
0.557050 
0.665580 
0.581919 
0.627283 
0.727168 
0.553737 
0.674717 
0.615487 
0.617864 
0.663671 
0.588185 
0.616147 
0.550311 
0.608934 
0.524068 
0.591594 
0.574212 
0.608806 
0.606826 
0.667281 
0.616780 
0.569531 
0.621527 
0.624393 
0.653140 
0.550279 
0.521434 
0.557283 
0.645959 
0.711081 
0.627412 
0.684197 
0.707795 
0.623406 
0.696203 
0.643738 
0.568138 
0.622242 
0.730467 
0.773231 
0.668300 
0.589271 
0.666331 
0.736854 
0.661201 
0.576649 
0.601925 
0.684846 
0.649718 
0.619901 
0.674490 
0.614013 
0.679342 
0.764737 
0.627407 
0.830426 
0.673746 
0.774671 
0.736363 
0.572523 
0.759346 
0.611860 
0.583447 
0.612208 
0.641123 
0.698195 
0.636295 
0.602091 
0.647149 
0.597737 
0.585835 
0.645667 
0.649868 
0.446400 
0.453629 
0.474116 
0.541846 
0.681331 
0.710979 
0.753428 
0.713528 
0.653410 
0.677067 
0.594560 
0.650476 
0.505885 
0.560653 
0.593222 
0.624220 
0.580146 
0.497982 
0.638020 
0.598919 
0.609799 
0.757022 
0.748215 
0.747823 
0.620596 
0.462274 
0.629365 
0.649802 
0.540563 
0.711871 
0.669021 
0.655796 
0.584019 
0.605033 
0.590842 
0.607402 
0.662219 
0.624702 
0.622268 
0.672073 
0.643009 
0.507388 
0.541671 
0.633940 
0.653761 
0.583886 
0.628390 
0.571961 
0.575019 
0.537363 
0.593483 
0.722182 
0.487957 
0.599231 
0.699646 
0.789094 
0.586121 
0.510132 
0.619905 
0.591304 
0.653207 
0.705318 
0.654155 
0.714059 
0.577921 
0.748683 
0.570156 
0.562453 
0.703222 
0.728892 
0.669761 
0.623112 
0.627398 
0.639651 
0.524989 
0.564267 
0.600990 
0.687823 
0.644037 
0.760297 
0.568368 
0.607781 
0.661496 
0.601525 
0.590837 
0.673662 
0.597808 
0.724990 
0.642031 
0.553417 
0.481409 
0.534930 
0.613717 
0.583547 
0.546150 
0.593576 
0.576397 
0.562338 
0.628246 
0.614627 
0.724694 
0.692841 
0.715522 
0.710669 
0.555635 
0.661703 
0.718571 
0.788535 
0.685372 
0.539982 
0.592976 
0.571664 
0.620690 
0.742852 
0.593556 
0.552141 
0.638757 
0.600012 
0.669218 
0.738914 
0.705318 
0.584645 
0.635450 
0.580488 
0.677904 
0.644132 
0.619641 
0.696795 
0.665553 
0.635039 
0.589258 
0.649955 
0.658840 
0.620622 
0.635798 
0.626254 
0.672148 
0.682768 
0.640675 
0.588337 
0.624110 
0.591404 
0.524157 
0.624342 
0.739627 
0.672614 
0.683949 
0.678273 
0.701172 
0.698548 
0.614462 
0.726199 
0.631647 
0.645404 
0.516064 
0.619250 
0.603164 
0.572974 
0.760809 
0.708095 
0.592270 
0.658821 
0.577132 
0.604204 
0.627110 
0.685249 
0.643646 
0.611896 
0.593809 
0.589530 
0.647324 
0.604223 
0.491031 
0.548581 
0.574479 
0.624079 
0.481899 
0.607392 
0.561249 
0.685536 
0.607662 
0.626466 
0.553173 
0.652911 
0.664818 
0.638144 
0.575095 
0.583944 
0.603323 
0.608414 
0.614311 
0.611401 
0.624955 
0.739942 
0.610924 
0.633687 
0.663949 
0.578047 
0.640212 
0.719643 
0.693931 
0.669545 
0.613859 
0.570451 
0.616514 
0.722920 
0.632411 
0.681672 
0.519444 
0.572351 
0.592910 
0.503966 
0.578762 
0.684774 
0.544552 
0.581517 
0.699557 
0.711597 
0.693254 
0.616039 
0.544828 
0.575583 
0.538152 
0.737564 
0.708370 
0.620043 
0.650854 
0.614142 
0.714644 
0.618096 
0.715629 
0.737299 
0.517770 
0.675423 
0.628317 
0.574513 
0.602692 
0.571451 
0.639904 
0.648693 
0.635538 
0.606151 
0.618530 
0.552700 
0.579796 
0.622632 
0.560889 
0.636022 
0.650401 
0.629702 
0.676527 
0.680393 
0.732490 
0.494252 
0.623157 
0.678423 
0.600909 
0.568131 
0.658232 
0.750380 
0.623972 
0.641348 
0.714029 
0.701098 
0.571005 
0.559724 
0.598420 
0.602409 
0.499455 
0.569851 
0.617839 
0.576357 
0.485987 
0.627658 
0.653399 
0.658110 
0.706670 
0.579859 
0.546484 
0.613219 
0.708379 
0.715933 
0.640895 
0.597962 
0.664249 
0.645181 
0.614339 
0.713872 
0.648387 
0.672193 
0.720085 
0.661860 
0.687127 
0.624061 
0.719691 
0.614822 
0.662011 
0.717165 
0.711347 
0.662354 
0.654205 
0.636345 
0.618208 
0.502998 
0.631190 
0.639217 
0.624326 
0.680955 
0.664775 
0.679667 
0.550137 
0.624276 
0.677511 
0.737467 
0.622675 
0.664985 
0.527211 
0.611511 
0.666377 
0.755152 
0.524888 
0.637950 
0.672872 
0.573256 
0.564336 
0.574868 
0.686839 
0.583333 
0.607379 
0.555912 
0.625292 
0.600369 
0.727915 
0.670674 
0.704320 
0.652200 
0.714644 
0.771071 
0.538477 
0.543382 
0.626177 
0.688625 
0.539240 
0.605766 
0.609806 
0.675417 
0.672160 
0.652270 
0.667342 
0.700195 
0.653187 
0.591135 
0.627769 
0.509910 
0.562789 
0.570193 
0.692357 
0.710044 
0.531809 
0.398383 
0.587091 
0.577734 
0.566972 
0.597178 
0.643123 
0.655093 
0.584337 
0.610613 
0.628286 
0.565790 
0.650258 
0.725166 
0.611828 
0.581878 
0.592246 
0.639649 
0.590714 
0.642009 
0.605204 
0.630091 
0.625325 
0.785921 
0.739040 
0.691759 
0.704591 
0.586869 
0.608154 
0.566674 
0.604032 
0.713944 
0.632703 
0.664560 
0.583527 
0.676269 
0.644037 
0.649013 
0.601743 
0.606189 
0.539318 
0.624498 
0.615609 
0.495888 
0.634061 
0.711103 
0.563325 
0.608498 
0.660363 
0.583053 
0.507900 
0.554274 
0.595578 
0.686463 
0.715102 
0.750016 
0.736230 
0.705476 
0.674102 
0.627731 
0.628042 
0.593960 
0.555738 
0.630927 
0.635393 
0.648371 
0.630037 
0.769712 
0.683887 
0.487866 
0.560399 
0.618597 
0.627161 
0.654820 
0.603760 
0.551498 
0.629460 
0.618889 
0.612020 
0.584750 
0.573214 
0.658422 
0.649258 
0.580549 
0.630165 
0.593170 
0.481332 
0.607698 
0.705897 
0.579304 
0.535750 
0.610207 
0.616180 
0.600972 
0.640619 
0.552089 
0.624041 
0.719231 
0.674587 
0.623346 
0.713467 
0.716850 
0.760564 
0.575072 
0.583185 
0.571892 
0.603101 
0.650453 
0.639825 
0.607756 
0.726293 
0.742250 
0.697542 
0.546224 
0.630754 
0.794935 
0.667648 
0.551148 
0.609363 
0.584870 
0.630345 
0.611194 
0.504571 
0.511500 
0.702781 
0.641257 
0.624156 
0.688773 
0.677055 
0.697431 
0.653712 
0.613350 
0.674041 
0.588687 
0.643387 
0.659791 
0.763621 
0.641539 
0.631788 
0.492043 
0.609676 
0.541453 
0.561862 
0.590375 
0.549782 
0.505465 
0.521498 
0.707478 
0.596044 
0.549541 
0.671307 
0.722735 
0.737313 
0.627549 
0.620664 
0.612416 
0.608002 
0.521928 
0.586847 
0.626777 
0.622999 
0.507634 
0.592087 
0.528550 
0.580200 
0.645512 
0.622676 
0.502448 
0.482396 
0.586058 
0.628052 
0.624151 
0.507031 
0.706292 
0.783729 
0.756371 
0.729760 
0.679165 
0.676384 
0.671160 
0.645460 
0.717062 
0.644215 
0.675877 
0.661934 
0.613313 
0.761430 
0.634014 
0.546928 
0.471029 
0.652150 
0.565043 
0.558236 
0.546531 
0.539272 
0.607849 
0.613694 
0.531348 
0.683603 
0.714185 
0.674775 
0.724479 
0.661657 
0.675911 
0.580750 
0.629485 
0.514503 
0.563048 
0.581819 
0.687967 
0.557107 
0.481730 
0.561424 
0.637118 
0.658171 
0.601506 
0.499785 
0.642481 
0.622989 
0.518365 
0.582553 
0.589900 
0.628226 
0.615862 
0.621594 
0.655145 
0.662737 
0.670361 
0.522721 
0.547168 
0.574848 
0.567965 
0.397610 
0.667396 
0.582999 
0.634625 
0.598038 
0.608924 
0.592788 
0.640389 
0.638996 
0.679842 
0.652585 
0.607973 
0.588041 
0.359391 
0.587494 
0.526254 
0.568650 
0.599720 
0.575428 
0.534449 
0.558387 
0.523994 
0.622284 
0.520500 
0.571937 
0.586867 
0.629563 
0.601381 
0.635972 
0.512658 
0.649717 
0.715563 
0.639431 
0.697823 
0.704214 
0.684031 
0.676065 
0.614927 
0.587540 
0.656673 
0.543159 
0.624074 
0.604759 
0.626952 
0.670795 
0.728383 
0.733661 
0.725371 
0.848646 
0.737521 
0.713070 
0.659175 
0.613000 
0.708753 
0.740253 
0.753979 
0.707704 
0.683702 
0.589603 
0.627516 
0.712448 
0.652565 
0.579155 
0.561564 
0.606975 
0.608707 
0.589668 
0.655429 
0.635761 
0.509538 
0.438868 
0.573559 
0.645837 
0.698263 
0.620807 
0.529877 
0.593202 
0.618064 
0.670140 
0.614689 
0.521149 
0.537206 
0.601760 
0.706442 
0.632125 
0.650924 
0.641722 
0.646884 
0.674696 
0.714440 
0.626689 
0.515651 
0.632551 
0.545442 
0.618452 
0.429245 
0.591481 
0.711160 
0.712268 
0.534065 
0.522733 
0.621647 
0.631085 
0.592135 
0.711025 
0.600137 
0.539784 
0.485256 
0.628227 
0.725199 
0.626215 
0.587814 
0.651480 
0.547265 
0.625480 
0.598256 
0.661304 
0.564572 
0.638210 
0.700715 
0.721487 
0.529744 
0.596254 
0.666505 
0.616221 
0.612874 
0.592909 
0.563813 
0.593885 
0.668328 
0.691270 
0.630174 
0.641128 
0.641824 
0.733871 
0.616765 
0.563766 
0.525077 
0.412382 
0.482732 
0.545043 
0.796483 
0.680637 
0.645334 
0.655710 
0.720247 
0.696350 
0.653211 
0.624523 
0.562154 
0.578993 
0.680636 
0.650509 
0.474832 
0.605544 
0.602820 
0.626230 
0.639128 
0.602000 
0.565114 
0.554684 
0.625485 
0.651481 
0.738877 
0.584938 
0.597032 
0.693590 
0.789956 
0.612439 
0.719024 
0.790080 
0.581073 
0.664998 
0.704609 
0.728973 
0.654220 
0.636956 
0.563222 
0.668654 
0.689009 
0.623145 
0.645663 
0.515085 
0.673699 
0.658229 
0.599609 
0.690912 
0.509363 
0.631508 
0.581911 
0.568854 
0.695823 
0.815480 
0.693938 
0.724582 
0.671703 
0.643740 
0.512474 
0.539632 
0.559832 
0.665766 
0.652431 
0.742615 
0.629828 
0.581630 
0.694027 
0.596675 
0.561498 
0.550195 
0.581601 
0.544055 
0.710350 
0.606725 
0.624171 
0.625952 
0.613338 
0.559773 
0.644771 
0.633993 
0.547551 
0.721355 
0.652735 
0.607299 
0.591504 
0.550425 
0.565480 
0.613735 
0.724292 
0.659907 
0.651216 
0.616183 
0.565306 
0.556621 
0.788645 
0.649085 
0.674194 
0.642971 
0.591149 
0.515131 
0.554224 
0.567207 
0.559176 
0.723474 
0.528895 
0.550972 
0.510047 
0.665788 
0.670795 
0.671933 
0.635460 
0.623209 
0.601629 
0.734797 
0.647969 
0.601117 
0.648950 
0.702068 
0.557875 
0.637171 
0.624660 
0.664995 
0.697701 
0.562007 
0.761500 
0.695084 
0.573651 
0.634281 
0.646334 
0.647019 
0.559465 
0.581297 
0.617737 
0.652029 
0.616593 
0.631673 
0.653756 
0.628612 
0.631719 
0.592678 
0.636617 
0.657391 
0.594940 
0.673365 
0.374061 
0.582554 
0.719764 
0.637561 
0.605602 
0.549044 
0.558457 
0.645667 
0.659444 
0.588339 
0.614980 
0.655113 
0.599165 
0.705145 
0.681639 
0.692127 
0.760914 
0.484822 
0.588933 
0.593424 
0.583396 
0.687450 
0.625795 
0.529183 
0.561074 
0.447769 
0.612542 
0.620013 
0.757732 
0.711225 
0.592153 
0.634363 
0.706677 
0.647371 
0.689839 
0.649711 
0.744747 
0.590358 
0.545331 
0.554941 
0.570765 
0.551997 
0.548171 
0.589836 
0.557799 
0.654807 
0.552145 
0.688129 
0.676164 
0.618278 
0.624138 
0.743676 
0.712062 
0.735308 
0.610300 
0.619407 
0.562778 
0.476566 
0.607570 
0.564695 
0.539277 
0.537942 
0.576720 
0.673822 
0.562736 
0.636624 
0.647429 
0.603936 
0.559336 
0.771064 
0.552044 
0.744372 
0.683342 
0.628750 
0.675396 
0.702879 
0.697120 
0.603573 
0.735369 
0.687749 
0.632400 
0.552125 
0.585666 
0.626999 
0.573778 
0.742821 
0.579248 
0.656804 
0.542985 
0.520422 
0.608875 
0.577494 
0.617894 
0.631554 
0.528886 
0.603573 
0.660402 
0.609013 
0.690491 
0.781728 
0.706744 
0.723918 
0.615607 
0.588549 
0.689126 
0.677148 
0.658521 
0.543589 
0.685688 
0.652664 
0.525691 
0.546698 
0.551964 
0.811365 
0.667150 
0.672160 
0.622683 
0.541609 
0.611410 
0.559916 
0.587325 
0.514362 
0.576591 
0.598531 
0.520359 
0.535556 
0.662473 
0.636469 
0.609355 
0.550887 
0.700526 
0.745991 
0.637694 
0.632253 
0.654605 
0.633811 
0.718717 
0.632774 
0.579148 
0.538390 
0.557107 
0.654456 
0.664360 
0.643280 
0.578586 
0.559158 
0.718422 
0.719528 
0.582202 
0.612368 
0.628822 
0.642145 
0.602215 
0.664698 
0.779448 
0.706164 
0.676487 
0.657509 
0.663455 
0.692079 
0.678217 
0.684845 
0.553781 
0.624625 
0.753401 
0.662197 
0.752066 
0.801735 
0.731114 
0.736403 
0.649973 
0.547834 
0.520455 
0.487387 
0.563628 
0.587605 
0.510853 
0.487307 
0.660883 
0.650572 
0.530846 
0.574192 
0.610755 
0.650457 
0.624658 
0.600314 
0.603393 
0.564546 
0.686083 
0.612977 
0.707523 
0.678360 
0.661839 
0.773127 
0.727573 
0.585586 
0.569908 
0.705587 
0.640247 
0.676179 
0.562532 
0.533891 
0.548162 
0.597826 
0.558664 
0.706730 
0.596569 
0.612278 
0.578425 
0.748491 
0.598024 
0.603255 
0.635014 
0.625536 
0.620307 
0.679031 
0.637070 
0.701541 
0.621414 
0.584058 
0.598788 
0.458244 
0.575761 
0.593088 
0.613650 
0.642282 
0.732694 
0.633780 
0.698107 
0.735847 
0.621502 
0.627800 
0.726278 
0.654067 
0.785997 
0.577365 
0.706975 
0.670030 
0.529203 
0.572345 
0.665848 
0.600813 
0.573276 
0.673223 
0.632247 
0.621877 
0.504061 
0.452650 
0.507910 
0.674546 
0.622281 
0.557418 
0.546185 
0.555704 
0.622826 
0.649795 
0.696430 
0.569597 
0.630877 
0.600995 
0.538112 
0.611566 
0.569532 
0.537074 
0.590216 
0.564835 
0.672143 
0.670502 
0.686089 
0.718392 
0.673975 
0.567969 
0.592145 
0.590195 
0.623680 
0.731276 
0.667950 
0.494344 
0.480711 
0.539366 
0.593753 
0.585881 
0.615814 
0.560770 
0.591077 
0.714707 
0.679137 
0.612001 
0.633902 
0.733332 
0.741626 
0.612826 
0.440650 
0.581523 
0.675918 
0.599458 
0.589111 
0.611162 
0.554896 
0.734779 
0.674663 
0.757368 
0.707168 
0.612930 
0.745859 
0.791257 
0.644758 
0.608161 
0.662207 
0.755243 
0.560504 
0.589866 
0.514110 
0.577146 
0.799186 
0.631484 
0.561443 
0.603539 
0.524317 
0.650226 
0.636449 
0.576439 
0.610463 
0.635647 
0.557473 
0.718038 
0.644679 
0.601310 
0.609320 
0.538413 
0.593738 
0.609847 
0.640914 
0.621502 
0.576644 
0.529039 
0.646823 
0.626768 
0.574407 
0.534956 
0.559914 
0.536543 
0.635480 
0.544291 
0.609426 
0.516610 
0.458451 
0.540438 
0.570768 
0.616254 
0.673860 
0.610131 
0.683629 
0.600468 
0.594657 
0.642572 
0.681126 
0.613590 
0.580981 
0.548843 
0.554620 
0.539779 
0.607361 
0.573651 
0.537285 
0.558413 
0.754557 
0.529146 
0.738532 
0.607160 
0.612805 
0.660674 
0.572774 
0.495870 
0.638672 
0.663900 
0.547280 
0.507489 
0.515023 
0.568924 
0.606807 
0.704932 
0.621534 
0.620554 
0.696753 
0.657358 
0.685920 
0.597763 
0.484634 
0.653294 
0.553936 
0.611203 
0.630784 
0.666841 
0.650818 
0.605022 
0.556554 
0.502605 
0.731093 
0.747831 
0.712454 
0.679063 
0.597261 
0.536325 
0.646703 
0.443609 
0.599340 
0.734804 
0.764118 
0.602959 
0.686592 
0.666173 
0.582451 
0.598094 
0.678781 
0.711887 
0.643574 
0.574352 
0.522548 
0.535702 
0.645359 
0.557607 
0.566127 
0.673415 
0.638422 
0.651177 
0.628152 
0.701909 
0.661937 
0.725628 
0.610540 
0.704546 
0.639538 
0.615730 
0.584129 
0.610439 
0.640868 
0.644022 
0.687628 
0.618149 
0.598563 
0.545781 
0.553274 
0.571949 
0.678856 
0.682302 
0.805311 
0.667605 
0.566005 
0.549851 
0.709889 
0.587689 
0.617355 
0.660679 
0.581562 
0.652148 
0.586184 
0.655545 
0.484916 
0.538913 
0.602584 
0.621623 
0.646757 
0.723511 
0.596762 
0.495901 
0.679671 
0.692899 
0.770165 
0.616137 
0.490444 
0.522461 
0.568390 
0.571202 
0.598988 
0.611556 
0.699931 
0.608414 
0.638821 
0.634655 
0.728341 
0.637816 
0.558446 
0.503189 
0.596842 
0.660116 
0.633539 
0.639424 
0.696267 
0.691241 
0.724324 
0.594117 
0.524112 
0.731790 
0.675903 
0.611572 
0.669197 
0.709862 
0.681069 
0.662462 
0.725815 
0.786097 
0.688065 
0.712554 
0.700820 
0.769161 
0.660197 
0.697089 
0.578606 
0.650419 
0.578235 
0.543301 
0.585918 
0.534864 
0.519651 
0.602258 
0.638881 
0.531186 
0.533868 
0.647851 
0.620194 
0.703568 
0.708269 
0.734781 
0.704413 
0.616717 
0.524060 
0.595206 
0.628747 
0.649591 
0.657403 
0.565568 
0.516572 
0.830462 
0.610514 
0.589149 
0.651064 
0.633145 
0.677475 
0.600145 
0.589820 
0.644498 
0.550660 
0.730774 
0.756339 
0.622682 
0.588258 
0.670388 
0.677430 
0.739445 
0.588955 
0.612778 
0.535213 
0.605376 
0.576533 
0.657830 
0.577745 
0.662830 
0.613762 
0.670412 
0.581261 
0.691240 
0.803203 
0.504017 
0.615151 
0.537506 
0.671181 
0.774255 
0.719331 
0.643607 
0.623424 
0.623193 
0.569896 
0.541665 
0.648911 
0.672202 
0.721157 
0.736206 
0.588954 
0.583288 
0.545120 
0.779029 
0.668475 
0.564068 
0.532028 
0.568847 
0.653328 
0.684003 
0.595448 
0.636107 
0.528945 
0.587852 
0.629847 
0.648164 
0.565361 
0.595906 
0.605639 
0.661554 
0.739491 
0.680305 
0.549108 
0.607399 
0.567756 
0.485602 
0.565213 
0.461784 
0.601736 
0.604946 
0.641676 
0.490130 
0.679792 
0.648261 
0.707721 
0.653386 
0.518029 
0.500423 
0.533660 
0.773175 
0.725797 
0.548402 
0.717501 
0.722634 
0.666934 
0.670425 
0.679595 
0.572470 
0.630572 
0.573786 
0.712304 
0.713439 
0.612278 
0.660876 
0.652784 
0.661102 
0.663792 
0.602685 
0.547505 
0.552643 
0.637929 
0.721087 
0.725168 
0.557259 
0.596459 
0.698472 
0.800530 
0.674785 
0.783643 
0.765881 
0.689854 
0.591084 
0.781467 
0.628996 
0.533100 
0.575646 
0.478271 
0.523191 
0.568247 
0.631933 
0.500697 
0.633556 
0.678250 
0.602845 
0.445968 
0.696675 
0.576156 
0.717218 
0.593683 
0.735460 
0.685782 
0.778198 
0.726140 
0.585767 
0.676605 
0.709418 
0.653025 
0.624078 
0.683593 
0.667600 
0.758072 
0.642533 
0.669555 
0.632273 
0.719531 
0.619753 
0.586557 
0.598559 
0.639440 
0.669450 
0.684211 
0.592094 
0.690810 
0.642553 
0.712384 
0.733907 
0.612922 
0.526839 
0.586102 
0.545399 
0.629923 
0.674357 
0.747289 
0.536883 
0.613051 
0.634384 
0.659434 
0.651361 
0.666943 
0.676574 
0.707343 
0.594467 
0.663653 
0.736362 
0.771131 
0.658485 
0.598344 
0.624536 
0.490255 
0.649119 
0.410476 
0.619582 
0.742179 
0.725671 
0.559534 
0.598058 
0.584390 
0.475797 
0.648159 
0.654511 
0.676540 
0.719463 
0.676965 
0.644343 
0.731880 
0.558988 
0.664937 
0.694624 
0.577441 
0.689042 
0.623211 
0.673301 
0.548083 
0.685754 
0.736596 
0.591262 
0.701959 
0.618716 
0.564237 
0.548812 
0.587283 
0.673170 
0.622940 
0.594118 
0.473845 
0.611360 
0.521289 
0.660944 
0.594438 
0.730189 
0.692804 
0.615683 
0.484379 
0.499133 
0.594026 
0.654500 
0.492494 
0.621016 
0.629082 
0.644905 
0.635450 
0.531190 
0.576543 
0.751781 
0.543999 
0.617263 
0.743057 
0.604230 
0.563884 
0.624550 
0.688736 
0.582820 
0.654865 
0.644139 
0.726678 
0.737761 
0.663527 
0.573190 
0.563078 
0.543270 
0.585946 
0.587955 
0.581538 
0.538138 
0.587642 
0.589889 
0.740495 
0.520884 
0.657704 
0.690324 
0.595543 
0.627143 
0.675822 
0.710011 
0.720256 
0.681631 
0.752215 
0.579181 
0.578184 
0.714076 
0.593070 
0.665552 
0.609308 
0.602515 
0.639459 
0.669076 
0.635566 
0.604544 
0.680386 
0.598347 
0.594442 
0.603686 
0.759670 
0.628460 
0.650969 
0.652805 
0.616627 
0.647521 
0.562896 
0.647142 
0.708631 
0.644590 
0.505893 
0.586662 
0.549477 
0.633712 
0.550377 
0.484547 
0.437192 
0.705519 
0.670247 
0.584206 
0.594765 
0.609931 
0.671956 
0.680987 
0.543538 
0.558388 
0.551184 
0.533924 
0.541759 
0.607067 
0.659829 
0.633951 
0.666208 
0.646896 
0.656843 
0.626896 
0.667353 
0.579290 
0.528525 
0.683007 
0.545470 
0.589861 
0.587669 
0.616766 
0.639556 
0.564813 
0.700244 
0.610442 
0.652010 
0.558909 
0.705530 
0.711351 
0.636446 
0.590231 
0.499539 
0.626571 
0.560200 
0.689242 
0.650072 
0.532901 
0.486431 
0.669371 
0.689613 
0.706596 
0.526574 
0.623489 
0.698685 
0.582252 
0.593557 
0.621149 
0.523402 
0.694329 
0.581456 
0.644808 
0.701607 
0.703960 
0.687030 
0.629443 
0.521274 
0.620827 
0.634253 
0.731498 
0.688073 
0.730768 
0.726994 
0.399082 
0.607903 
0.602615 
0.638717 
0.566392 
0.663042 
0.592643 
0.700530 
0.553394 
0.682665 
0.711245 
0.658373 
0.617958 
0.608452 
0.537471 
0.551576 
0.703351 
0.687810 
0.673204 
0.740126 
0.757847 
0.735220 
0.738827 
0.780507 
0.628609 
0.690537 
0.510004 
0.743174 
0.649826 
0.654910 
0.544000 
0.568377 
0.437090 
0.545430 
0.661770 
0.761997 
0.635854 
0.572626 
0.665017 
0.609562 
0.600882 
0.490547 
0.530362 
0.490232 
0.552283 
0.609263 
0.579319 
0.478943 
0.414810 
0.685549 
0.637951 
0.604035 
0.578118 
0.665961 
0.651703 
0.733662 
0.577372 
0.644479 
0.598814 
0.699728 
0.787225 
0.633556 
0.710199 
0.610205 
0.661074 
0.696921 
0.689628 
0.716672 
0.735892 
0.588388 
0.504474 
0.454772 
0.502005 
0.580789 
0.608174 
0.611195 
0.579767 
0.640342 
0.623657 
0.718054 
0.669800 
0.688603 
0.558606 
0.587604 
0.664485 
0.701079 
0.625673 
0.704593 
0.621028 
0.633106 
0.645162 
0.524201 
0.711201 
0.555698 
0.712055 
0.511776 
0.634203 
0.550930 
0.542098 
0.528310 
0.650844 
0.708179 
0.652157 
0.611234 
0.682177 
0.582334 
0.705855 
0.604700 
0.720435 
0.719919 
0.662461 
0.667797 
0.637615 
0.564112 
0.612384 
0.500219 
0.560028 
0.544864 
0.666637 
0.730091 
0.684343 
0.650134 
0.633402 
0.717430 
0.656170 
0.533664 
0.645492 
0.661179 
0.751105 
0.740656 
0.697016 
0.763263 
0.724689 
0.706264 
0.704402 
0.724917 
0.652293 
0.655143 
0.626678 
0.517052 
0.603022 
0.643942 
0.613053 
0.601283 
0.620391 
0.533925 
0.539558 
0.541335 
0.533509 
0.627383 
0.658146 
0.746962 
0.716696 
0.612016 
0.603076 
0.649716 
0.508901 
0.583245 
0.571391 
0.656874 
0.587656 
0.593173 
0.588293 
0.568760 
0.561588 
0.614926 
0.594574 
0.525015 
0.710069 
0.694318 
0.692221 
0.591394 
0.629896 
0.584745 
0.677661 
0.753148 
0.660957 
0.568727 
0.565678 
0.505214 
0.637097 
0.755836 
0.725466 
0.691305 
0.582576 
0.617839 
0.672583 
0.706104 
0.673404 
0.608867 
0.679954 
0.733948 
0.639592 
0.609479 
0.674434 
0.654211 
0.657040 
0.695902 
0.699079 
0.592941 
0.609508 
0.621298 
0.489443 
0.501161 
0.590090 
0.562961 
0.522416 
0.720191 
0.582455 
0.632037 
0.610293 
0.558149 
0.585222 
0.650416 
0.494829 
0.588135 
0.601744 
0.719309 
0.665615 
0.771400 
0.683294 
0.661077 
0.707195 
0.691975 
0.681213 
0.590474 
0.686155 
0.632423 
0.516491 
0.626025 
0.506894 
0.683616 
0.682623 
0.773808 
0.567001 
0.514717 
0.597442 
0.599042 
0.664371 
0.505286 
0.658683 
0.672459 
0.562722 
0.607161 
0.505847 
0.463717 
0.566890 
0.521337 
0.496868 
0.637687 
0.606051 
0.640233 
0.707186 
0.679155 
0.759061 
0.644524 
0.568920 
0.637987 
0.793367 
0.671593 
0.653655 
0.683581 
0.791213 
0.710558 
0.630719 
0.618065 
0.436963 
0.558038 
0.537504 
0.635801 
0.647415 
0.640871 
0.512425 
0.633995 
0.605646 
0.617432 
0.546215 
0.570392 
0.664696 
0.636842 
0.548786 
0.562161 
0.555134 
0.654356 
0.589954 
0.698340 
0.634241 
0.624583 
0.731445 
0.615979 
0.551588 
0.575640 
0.563559 
0.601354 
0.561275 
0.677431 
0.627925 
0.642114 
0.608588 
0.598046 
0.631880 
0.643700 
0.626338 
0.537850 
0.554830 
0.647412 
0.682344 
0.731502 
0.563247 
0.677151 
0.594281 
0.589450 
0.713473 
0.713710 
0.700587 
0.610786 
0.663068 
0.627169 
0.681271 
0.682806 
0.655169 
0.647388 
0.651903 
0.586022 
0.680430 
0.739776 
0.701863 
0.666118 
0.519546 
0.543192 
0.782710 
0.678562 
0.587146 
0.630335 
0.641822 
0.695368 
0.692738 
0.673163 
0.741711 
0.762754 
0.654078 
0.581068 
0.590057 
0.607846 
0.648384 
0.767033 
0.561971 
0.554310 
0.445607 
0.752146 
0.720625 
0.738853 
0.742814 
0.680040 
0.724003 
0.649368 
0.622711 
0.650376 
0.563537 
0.618560 
0.666300 
0.708196 
0.585732 
0.611448 
0.837852 
0.708077 
0.698663 
0.736980 
0.734540 
0.615544 
0.619010 
0.672005 
0.606703 
0.639576 
0.646186 
0.711033 
0.692662 
0.594688 
0.608573 
0.662827 
0.652427 
0.543022 
0.693055 
0.660357 
0.701820 
0.651796 
0.638536 
0.657333 
0.669078 
0.621057 
0.660788 
0.542934 
0.634700 
0.591082 
0.629351 
0.495816 
0.526997 
0.635649 
0.696967 
0.680693 
0.568650 
0.720843 
0.588846 
0.467827 
0.790777 
0.712475 
0.646071 
0.655350 
0.667920 
0.629237 
0.562234 
0.584378 
0.646555 
0.685980 
0.649622 
0.660680 
0.526976 
0.625343 
0.536603 
0.505096 
0.611473 
0.721903 
0.537305 
0.582731 
0.569291 
0.683036 
0.701514 
0.746789 
0.620625 
0.538575 
0.614155 
0.600101 
0.647072 
0.634164 
0.568388 
0.580550 
0.598615 
0.434204 
0.522899 
0.495409 
0.663825 
0.579328 
0.641566 
0.625389 
0.661295 
0.622622 
0.638641 
0.696428 
0.622324 
0.618298 
0.565178 
0.601764 
0.615569 
0.604129 
0.631505 
0.627046 
0.625734 
0.700022 
0.599603 
0.641216 
0.582123 
0.633853 
0.569380 
0.729133 
0.567737 
0.579627 
0.562598 
0.689796 
0.582837 
0.530067 
0.602573 
0.678240 
0.649402 
0.735325 
0.670198 
0.484894 
0.626986 
0.493456 
0.585981 
0.575724 
0.528125 
0.581971 
0.533920 
0.701454 
0.704627 
0.791527 
0.687704 
0.597236 
0.594658 
0.730568 
0.659874 
0.665153 
0.584533 
0.692024 
0.698895 
0.525956 
0.566586 
0.584963 
0.515672 
0.638910 
0.541730 
0.594645 
0.500126 
0.655681 
0.633833 
0.726523 
0.743487 
0.752026 
0.640285 
0.706083 
0.607538 
0.549629 
0.738324 
0.687666 
0.630394 
0.620471 
0.537560 
0.586429 
0.612948 
0.572568 
0.590185 
0.597144 
0.573766 
0.744786 
0.695966 
0.619764 
0.574839 
0.683594 
0.578800 
0.570555 
0.604288 
0.613630 
0.533104 
0.544761 
0.522800 
0.517985 
0.614296 
0.667307 
0.685502 
0.689389 
0.676758 
0.560101 
0.594764 
0.531197 
0.642504 
0.598528 
0.548470 
0.605144 
0.688504 
0.640586 
0.652096 
0.639451 
0.613796 
0.666238 
0.682004 
0.622226 
0.681446 
0.579729 
0.696019 
0.772697 
0.758506 
0.780551 
0.763809 
0.655059 
0.650755 
0.724857 
0.771579 
0.767020 
0.675820 
0.689884 
0.627327 
0.638802 
0.577570 
0.579269 
0.416909 
0.668728 
0.668358 
0.613273 
0.652380 
0.677931 
0.631250 
0.562044 
0.563555 
0.562813 
0.483679 
0.647160 
0.652818 
0.683896 
0.518760 
0.586854 
0.578518 
0.719179 
0.687405 
0.679867 
0.624063 
0.605643 
0.655489 
0.623651 
0.653240 
0.536523 
0.640160 
0.697766 
0.739874 
0.583514 
0.646654 
0.658413 
0.587233 
0.569453 
0.466243 
0.586429 
0.597637 
0.663094 
0.586799 
0.613828 
0.615968 
0.577945 
0.540239 
0.666331 
0.595881 
0.703157 
0.694915 
0.699473 
0.623269 
0.607140 
0.628976 
0.651739 
0.636758 
0.625697 
0.703469 
0.590888 
0.566158 
0.644424 
0.595854 
0.630094 
0.505610 
0.703254 
0.585874 
0.576153 
0.541552 
0.670481 
0.661198 
0.682769 
0.614852 
0.703132 
0.635071 
0.628124 
0.659772 
0.723227 
0.700630 
0.699229 
0.630056 
0.642463 
0.642810 
0.622018 
0.599737 
0.623143 
0.488030 
0.559259 
0.735254 
0.721487 
0.575260 
0.570810 
0.745538 
0.656650 
0.698841 
0.593489 
0.629006 
0.700072 
0.678326 
0.725728 
0.619220 
0.689227 
0.586572 
0.647206 
0.598573 
0.712651 
0.619921 
0.637746 
0.667734 
0.565410 
0.495365 
0.502377 
0.590310 
0.578797 
0.696470 
0.659946 
0.634039 
0.654718 
0.589707 
0.604280 
0.704222 
0.662603 
0.700332 
0.568578 
0.586021 
0.569804 
0.531988 
0.553152 
0.538502 
0.609871 
0.649190 
0.584012 
0.528351 
0.506452 
0.617223 
0.522254 
0.630093 
0.652983 
0.646151 
0.645026 
0.602642 
0.742569 
0.655943 
0.574349 
0.665531 
0.555612 
0.586113 
0.617348 
0.591902 
0.527562 
0.482465 
0.635186 
0.473998 
0.655818 
0.591650 
0.619145 
0.628340 
0.640523 
0.631608 
0.542279 
0.533332 
0.422826 
0.471728 
0.514302 
0.534945 
0.456415 
0.455559 
0.541921 
0.578152 
0.559888 
0.670464 
0.707938 
0.678991 
0.616346 
0.609989 
0.591728 
0.634600 
0.698041 
0.728386 
0.635490 
0.769796 
0.714029 
0.691503 
0.668200 
0.667611 
0.585492 
0.773469 
0.589475 
0.515565 
0.666860 
0.648212 
0.510262 
0.629879 
0.600147 
0.584402 
0.651659 
0.672090 
0.510082 
0.545136 
0.599451 
0.605667 
0.522026 
0.605323 
0.611850 
0.660047 
0.638592 
0.609467 
0.665626 
0.624441 
0.583240 
0.543926 
0.532175 
0.666746 
0.630084 
0.546081 
0.559062 
0.617297 
0.693852 
0.673499 
0.547304 
0.573839 
0.503220 
0.728956 
0.541239 
0.544666 
0.748378 
0.620885 
0.686035 
0.620797 
0.846485 
0.658790 
0.555466 
0.714799 
0.643207 
0.532643 
0.698296 
0.680090 
0.670210 
0.633240 
0.686467 
0.594716 
0.642414 
0.652189 
0.696850 
0.667340 
0.658588 
0.592149 
0.548256 
0.668609 
0.566111 
0.536548 
0.620710 
0.647379 
0.544074 
0.583633 
0.510898 
0.612344 
0.606113 
0.625266 
0.595140 
0.693566 
0.619135 
0.705794 
0.719369 
0.715311 
0.803621 
0.676844 
0.704833 
0.696661 
0.681569 
0.576480 
0.643679 
0.589822 
0.552523 
0.723678 
0.664674 
0.659066 
0.574939 
0.632192 
0.616799 
0.567656 
0.676851 
0.749971 
0.656796 
0.638397 
0.649354 
0.669017 
0.620456 
0.737193 
0.620260 
0.536314 
0.646813 
0.692833 
0.622597 
0.581143 
0.627772 
0.627647 
0.678839 
0.729762 
0.582359 
0.552153 
0.542835 
0.579229 
0.599568 
0.617354 
0.561018 
0.628181 
0.680250 
0.614071 
0.632452 
0.623070 
0.575572 
0.703586 
0.593274 
0.689971 
0.661190 
0.685624 
0.685788 
0.562955 
0.634762 
0.758426 
0.690907 
0.677362 
0.577273 
0.589109 
0.614439 
0.671798 
0.547161 
0.641366 
0.570943 
0.692027 
0.592940 
0.562060 
0.665194 
0.593000 
0.617923 
0.605032 
0.555192 
0.610267 
0.662688 
0.669134 
0.651246 
0.675116 
0.658679 
0.601407 
0.570718 
0.564916 
0.612918 
0.596358 
0.678972 
0.529626 
0.586051 
0.584716 
0.656833 
0.495410 
0.585738 
0.619780 
0.596613 
0.616249 
0.647176 
0.604909 
0.669583 
0.678911 
0.438234 
0.703714 
0.577544 
0.587469 
0.535143 
0.726400 
0.602667 
0.533434 
0.680078 
0.631548 
0.546915 
0.669713 
0.624852 
0.512489 
0.587258 
0.594986 
0.694422 
0.629071 
0.588685 
0.715176 
0.677296 
0.641118 
0.579064 
0.565335 
0.536553 
0.574065 
0.505114 
0.631057 
0.625258 
0.606163 
0.663665 
0.807278 
0.610846 
0.590217 
0.535403 
0.627756 
0.667425 
0.762959 
0.634678 
0.634532 
0.573002 
0.669345 
0.633241 
0.592178 
0.518056 
0.551488 
0.668680 
0.729997 
0.625714 
0.617615 
0.601023 
0.526160 
0.687191 
0.606060 
0.694894 
0.629185 
0.493798 
0.678530 
0.659037 
0.651302 
0.711272 
0.644516 
0.649596 
0.728958 
0.687842 
0.618944 
0.617211 
0.583147 
0.735046 
0.751696 
0.687074 
0.681354 
0.786487 
0.652155 
0.549049 
0.501742 
0.492405 
0.591872 
0.570933 
0.645063 
0.750664 
0.627591 
0.599141 
0.628652 
0.607817 
0.674138 
0.637759 
0.631641 
0.775627 
0.664352 
0.641315 
0.760984 
0.684680 
0.666583 
0.652371 
0.596650 
0.608098 
0.460520 
0.522847 
0.539154 
0.553253 
0.564382 
0.624573 
0.699993 
0.516602 
0.544870 
0.534041 
0.541759 
0.615445 
0.560125 
0.693143 
0.614839 
0.660251 
0.724272 
0.601806 
0.583514 
0.650047 
0.545091 
0.606177 
0.652680 
0.572270 
0.642430 
0.592674 
0.722052 
0.724043 
0.700543 
0.747002 
0.619308 
0.562244 
0.430206 
0.613442 
0.652269 
0.663582 
0.758906 
0.662365 
0.653148 
0.542641 
0.634433 
0.678923 
0.637848 
0.682751 
0.704184 
0.670256 
0.549537 
0.685587 
0.710084 
0.635801 
0.612837 
0.578230 
0.601137 
0.595549 
0.631755 
0.701893 
0.511988 
0.573619 
0.632463 
0.718299 
0.462047 
0.641094 
0.720162 
0.566324 
0.709234 
0.757811 
0.698407 
0.653404 
0.722922 
0.747828 
0.714367 
0.568985 
0.595932 
0.625666 
0.649245 
0.698790 
0.741229 
0.729236 
0.616908 
0.666625 
0.746766 
0.668139 
0.646886 
0.676235 
0.611214 
0.586142 
0.564824 
0.629083 
0.551152 
0.757065 
0.645252 
0.694509 
0.646279 
0.726877 
0.672751 
0.799331 
0.534797 
0.558942 
0.621178 
0.697746 
0.850271 
0.622729 
0.664580 
0.556938 
0.686171 
0.700484 
0.611301 
0.726421 
0.724679 
0.784893 
0.653458 
0.725295 
0.707708 
0.701340 
0.629893 
0.627329 
0.568680 
0.757231 
0.704291 
0.628544 
0.603150 
0.582429 
0.576218 
0.654624 
0.584336 
0.610390 
0.639624 
0.571543 
0.613527 
0.696417 
0.700679 
0.661849 
0.736134 
0.656503 
0.635721 
0.579037 
0.643217 
0.575395 
0.680489 
0.723875 
0.663621 
0.668005 
0.597691 
0.626055 
0.664024 
0.622379 
0.577669 
0.614567 
0.589915 
0.560676 
0.555747 
0.646739 
0.626455 
0.520888 
0.595824 
0.663965 
0.699624 
0.469073 
0.495649 
0.620632 
0.745767 
0.673033 
0.584570 
0.597957 
0.676605 
0.720136 
0.697039 
0.730102 
0.677722 
0.631424 
0.602689 
0.635271 
0.605324 
0.624696 
0.584776 
0.687363 
0.659286 
0.697083 
0.671805 
0.529898 
0.626049 
0.757542 
0.643419 
0.670678 
0.677582 
0.673860 
0.629279 
0.643948 
0.637269 
0.692398 
0.674120 
0.687681 
0.710812 
0.652941 
0.681823 
0.568964 
0.611561 
0.619176 
0.514946 
0.566164 
0.472678 
0.575167 
0.635057 
0.566525 
0.659246 
0.540617 
0.536969 
0.654024 
0.562269 
0.625354 
0.570618 
0.620589 
0.708580 
0.563528 
0.615333 
0.621319 
0.643529 
0.704707 
0.504459 
0.535933 
0.661402 
0.744115 
0.701187 
0.619749 
0.644555 
0.695689 
0.756573 
0.707405 
0.756851 
0.719676 
0.630563 
0.638974 
0.657861 
0.683774 
0.640924 
0.541007 
0.596329 
0.699940 
0.671418 
0.683610 
0.634712 
0.618842 
0.632387 
0.619857 
0.679071 
0.596183 
0.559693 
0.621556 
0.701338 
0.700905 
0.728747 
0.712673 
0.734565 
0.679473 
0.512445 
0.681172 
0.630085 
0.529791 
0.635898 
0.586219 
0.598953 
0.640851 
0.600792 
0.574331 
0.701428 
0.592640 
0.625446 
0.621943 
0.674806 
0.656292 
0.634475 
0.614491 
0.672552 
0.660453 
0.695195 
0.696768 
0.515569 
0.552880 
0.554568 
0.561678 
0.582155 
0.698277 
0.687231 
0.735312 
0.732074 
0.592429 
0.558166 
0.716561 
0.597560 
0.699055 
0.750291 
0.706990 
0.598260 
0.665060 
0.667565 
0.688310 
0.664503 
0.766534 
0.799825 
0.657020 
0.533672 
0.585251 
0.552190 
0.472333 
0.712676 
0.604977 
0.585584 
0.626102 
0.609216 
0.498553 
0.588091 
0.604404 
0.612942 
0.653021 
0.634764 
0.667569 
0.691971 
0.593546 
0.628152 
0.530153 
0.699770 
0.752573 
0.650049 
0.614991 
0.603290 
0.600296 
0.652194 
0.541995 
0.630517 
0.586202 
0.689646 
0.666027 
0.767845 
0.553743 
0.293669 
0.624971 
0.517680 
0.568889 
0.636751 
0.681656 
0.700803 
0.529460 
0.535391 
0.635859 
0.749914 
0.671380 
0.622726 
0.625291 
0.600796 
0.507114 
0.575689 
0.639072 
0.790934 
0.644837 
0.611136 
0.645843 
0.598114 
0.568044 
0.613573 
0.628836 
0.540254 
0.617580 
0.639463 
0.611168 
0.635925 
0.775734 
0.595415 
0.692209 
0.659540 
0.720978 
0.645600 
0.665588 
0.649657 
0.608815 
0.586291 
0.521095 
0.568683 
0.450067 
0.611759 
0.539471 
0.620775 
0.669308 
0.705738 
0.664666 
0.586280 
0.618313 
0.543296 
0.572283 
0.462597 
0.624035 
0.649690 
0.742320 
0.636228 
0.594270 
0.655231 
0.632475 
0.495004 
0.583928 
0.581063 
0.702485 
0.579349 
0.593605 
0.608211 
0.668042 
0.693946 
0.677408 
0.539953 
0.581172 
0.578602 
0.685542 
0.686045 
0.630218 
0.622771 
0.688484 
0.689801 
0.657302 
0.669858 
0.652430 
0.561217 
0.531524 
0.554383 
0.592440 
0.687565 
0.693160 
0.754050 
0.724482 
0.656353 
0.586927 
0.632791 
0.688233 
0.637198 
0.518243 
0.613880 
0.613920 
0.632095 
0.641352 
0.630287 
0.574033 
0.547765 
0.531932 
0.683372 
0.654560 
0.695635 
0.770066 
0.582915 
0.614309 
0.619594 
0.662674 
0.590743 
0.645491 
0.596013 
0.616725 
0.675364 
0.720137 
0.584720 
0.616412 
0.670505 
0.759896 
0.695413 
0.605637 
0.686504 
0.688163 
0.693195 
0.643461 
0.710203 
0.670291 
0.683092 
0.572948 
0.658707 
0.641376 
0.671013 
0.672185 
0.631669 
0.700738 
0.504515 
0.658215 
0.668881 
0.629727 
0.532980 
0.460026 
0.451796 
0.584891 
0.671039 
0.648459 
0.656779 
0.586855 
0.419146 
0.566676 
0.611112 
0.554672 
0.639343 
0.614852 
0.570103 
0.627624 
0.705000 
0.736084 
0.669968 
0.603158 
0.716273 
0.547364 
0.653145 
0.746377 
0.676387 
0.557391 
0.523615 
0.537025 
0.639644 
0.544226 
0.620044 
0.598124 
0.630746 
0.564310 
0.596254 
0.626351 
0.613122 
0.719345 
0.544895 
0.642322 
0.539490 
0.721522 
0.691504 
0.835590 
0.451974 
0.727980 
0.694314 
0.756225 
0.622927 
0.472113 
0.584947 
0.626244 
0.595470 
0.560421 
0.606155 
0.592214 
0.595685 
0.714697 
0.682928 
0.739458 
0.590399 
0.579556 
0.573311 
0.526184 
0.514520 
0.575493 
0.620023 
0.691071 
0.512988 
0.511136 
0.617313 
0.737505 
0.651418 
0.734144 
0.554798 
0.551951 
0.513772 
0.695575 
0.634732 
0.572078 
0.434369 
0.604637 
0.562362 
0.545645 
0.661451 
0.682929 
0.781307 
0.734620 
0.662782 
0.659735 
0.693246 
0.575378 
0.487830 
0.574342 
0.569908 
0.667453 
0.787763 
0.641794 
0.640999 
0.798179 
0.515170 
0.655356 
0.576061 
0.646068 
0.768320 
0.656945 
0.641938 
0.624494 
0.551992 
0.581975 
0.600533 
0.464590 
0.503825 
0.636604 
0.699892 
0.528165 
0.522834 
0.677960 
0.674122 
0.549071 
0.707506 
0.633792 
0.569859 
0.514385 
0.586789 
0.555472 
0.565285 
0.690451 
0.669221 
0.740478 
0.684760 
0.651415 
0.572582 
0.548000 
0.555314 
0.652114 
0.617209 
0.626204 
0.628284 
0.749757 
0.674213 
0.738979 
0.712563 
0.571732 
0.632618 
0.478130 
0.539717 
0.560565 
0.524740 
0.650851 
0.682965 
0.606726 
0.724689 
0.683892 
0.551682 
0.599909 
0.585491 
0.621805 
0.708477 
0.674810 
0.600392 
0.610879 
0.645441 
0.637561 
0.715474 
0.602097 
0.529907 
0.598962 
0.693264 
0.636068 
0.706141 
0.639871 
0.584340 
0.679589 
0.706902 
0.660158 
0.771711 
0.614421 
0.618901 
0.536252 
0.650116 
0.614013 
0.652057 
0.622838 
0.655917 
0.632099 
0.599413 
0.551336 
0.683776 
0.668590 
0.705424 
0.515880 
0.586116 
0.594008 
0.645877 
0.645964 
0.503823 
0.681078 
0.600734 
0.561254 
0.629248 
0.618077 
0.740867 
0.691934 
0.708226 
0.622980 
0.644054 
0.513315 
0.574553 
0.666578 
0.703859 
0.693087 
0.636498 
0.626836 
0.621495 
0.498999 
0.692622 
0.646859 
0.535776 
0.532838 
0.694065 
0.441701 
0.552015 
0.636336 
0.620395 
0.520545 
0.549421 
0.616732 
0.460545 
0.573487 
0.656189 
0.725420 
0.717327 
0.613630 
0.569505 
0.625660 
0.620622 
0.643829 
0.626422 
0.673951 
0.651615 
0.605250 
0.675283 
0.617536 
0.600694 
0.565676 
0.595249 
0.452012 
0.543823 
0.659730 
0.610403 
0.735965 
0.701092 
0.448852 
0.471789 
0.533631 
0.503431 
0.556644 
0.574575 
0.504972 
0.546361 
0.543891 
0.553324 
0.612249 
0.575667 
0.528235 
0.634820 
0.616760 
0.646511 
0.752278 
0.665148 
0.547362 
0.609980 
0.682394 
0.615837 
0.590422 
0.673090 
0.676809 
0.671405 
0.646091 
0.634866 
0.663300 
0.679364 
0.686446 
0.653964 
0.725167 
0.586211 
0.707365 
0.701152 
0.608046 
0.693232 
0.648450 
0.679966 
0.771141 
0.659326 
0.722731 
0.722334 
0.707098 
0.689260 
0.611051 
0.583129 
0.536916 
0.529476 
0.529785 
0.612668 
0.577237 
0.669240 
0.645661 
0.564188 
0.620181 
0.645061 
0.692177 
0.646474 
0.617202 
0.622433 
0.677810 
0.566622 
0.595705 
0.539887 
0.702272 
0.685075 
0.648079 
0.574475 
0.513997 
0.553256 
0.588613 
0.651619 
0.711720 
0.613507 
0.735311 
0.694549 
0.633658 
0.649897 
0.672633 
0.632086 
0.601084 
0.580750 
0.562969 
0.571734 
0.628532 
0.548350 
0.661243 
0.679088 
0.679333 
0.567386 
0.660056 
0.623034 
0.568047 
0.602013 
0.613141 
0.616003 
0.694548 
0.741594 
0.590067 
0.670774 
0.744111 
0.671236 
0.712417 
0.755002 
0.662439 
0.624146 
0.738161 
0.649763 
0.673601 
0.621567 
0.690031 
0.749665 
0.812280 
0.571678 
0.615582 
0.670972 
0.693514 
0.627949 
0.549890 
0.536398 
0.582775 
0.673401 
0.691954 
0.694527 
0.597880 
0.433804 
0.610603 
0.642281 
0.611833 
0.559779 
0.646683 
0.610577 
0.621438 
0.541196 
0.594876 
0.523780 
0.566970 
0.678894 
0.730399 
0.768660 
0.595573 
0.536687 
0.596285 
0.733107 
0.707221 
0.752636 
0.717533 
0.693327 
0.688488 
0.685427 
0.573970 
0.602263 
0.587034 
0.655214 
0.617811 
0.691969 
0.649194 
0.669826 
0.614662 
0.575516 
0.504286 
0.538866 
0.577880 
0.595810 
0.670891 
0.646583 
0.679892 
0.721405 
0.654417 
0.623369 
0.597243 
0.658908 
0.717698 
0.652948 
0.642724 
0.651093 
0.627021 
0.539718 
0.655738 
0.629176 
0.686321 
0.597694 
0.633615 
0.706246 
0.704821 
0.790119 
0.728149 
0.654409 
0.546612 
0.570065 
0.712028 
0.787750 
0.733852 
0.727302 
0.597607 
0.446181 
0.703859 
0.552383 
0.737081 
0.563714 
0.648296 
0.662460 
0.550902 
0.594764 
0.693909 
0.644745 
0.665265 
0.609709 
0.621758 
0.509569 
0.449169 
0.647262 
0.646225 
0.695307 
0.595535 
0.559453 
0.691890 
0.583682 
0.562486 
0.735306 
0.757867 
0.705557 
0.439995 
0.577281 
0.578746 
0.632421 
0.628687 
0.752100 
0.665778 
0.678836 
0.596131 
0.653091 
0.609463 
0.589299 
0.669871 
0.669066 
0.541000 
0.602715 
0.600411 
0.580816 
0.635482 
0.519611 
0.691885 
0.697103 
0.656206 
0.623750 
0.699480 
0.720468 
0.749185 
0.701155 
0.679288 
0.637351 
0.664547 
0.636880 
0.597253 
0.528955 
0.642190 
0.655414 
0.679033 
0.535052 
0.686803 
0.716056 
0.684041 
0.671774 
0.652425 
0.712944 
0.598633 
0.614699 
0.351904 
0.517470 
0.539477 
0.637274 
0.554765 
0.701947 
0.587328 
0.638678 
0.631020 
0.604438 
0.587307 
0.532369 
0.616792 
0.681679 
0.724658 
0.704708 
0.610571 
0.603297 
0.641656 
0.645988 
0.657741 
0.748522 
0.783464 
0.730999 
0.497431 
0.622284 
0.511426 
0.615503 
0.589617 
0.597505 
0.592576 
0.643590 
0.629407 
0.639879 
0.670834 
0.559650 
0.670490 
0.600209 
0.644402 
0.512151 
0.522585 
0.584364 
0.490142 
0.686679 
0.641629 
0.646846 
0.654989 
0.688288 
0.715467 
0.575778 
0.589241 
0.648918 
0.561656 
0.599081 
0.534111 
0.577503 
0.474175 
0.577174 
0.577763 
0.598220 
0.618011 
0.585200 
0.508290 
0.575965 
0.492407 
0.561432 
0.536368 
0.483181 
0.614225 
0.565122 
0.580075 
0.497541 
0.613351 
0.597876 
0.529211 
0.463530 
0.602947 
0.740778 
0.720043 
0.665609 
0.719471 
0.736953 
0.697697 
0.586895 
0.594923 
0.765390 
0.640826 
0.688175 
0.693365 
0.582210 
0.625068 
0.571054 
0.638248 
0.683596 
0.638417 
0.673997 
0.727701 
0.641750 
0.749024 
0.677679 
0.692497 
0.563199 
0.742341 
0.614481 
0.637817 
0.653908 
0.736542 
0.633936 
0.627501 
0.653660 
0.586188 
0.547544 
0.677074 
0.651553 
0.553465 
0.660437 
0.602875 
0.680489 
0.643146 
0.583436 
0.651040 
0.781927 
0.732501 
0.738155 
0.621927 
0.622592 
0.705194 
0.561842 
0.536132 
0.627661 
0.651932 
0.675785 
0.675577 
0.643051 
0.695606 
0.708385 
0.647402 
0.654042 
0.579435 
0.619640 
0.603054 
0.663510 
0.644151 
0.648349 
0.774699 
0.676098 
0.687080 
0.611365 
0.646636 
0.530659 
0.599810 
0.599225 
0.580459 
0.630560 
0.642667 
0.715299 
0.822984 
0.537188 
0.686120 
0.607959 
0.699602 
0.647682 
0.542089 
0.637712 
0.616017 
0.673601 
0.612061 
0.661525 
0.579091 
0.563729 
0.526932 
0.611645 
0.564026 
0.569875 
0.747608 
0.606057 
0.639121 
0.616520 
0.773229 
0.607537 
0.660550 
0.734540 
0.785877 
0.747277 
0.687063 
0.714059 
0.646481 
0.652409 
0.588087 
0.562145 
0.529205 
0.456622 
0.526864 
0.547537 
0.517826 
0.493784 
0.581699 
0.650949 
0.572944 
0.640636 
0.689769 
0.555718 
0.592458 
0.654081 
0.585026 
0.627231 
0.553166 
0.629187 
0.628461 
0.575458 
0.658370 
0.734163 
0.684583 
0.614199 
0.671888 
0.667025 
0.615019 
0.642048 
0.453370 
0.569609 
0.670168 
0.702036 
0.641458 
0.684713 
0.640557 
0.674737 
0.632508 
0.612194 
0.471099 
0.428276 
0.573893 
0.698563 
0.673887 
0.704345 
0.564131 
0.609273 
0.415763 
0.511870 
0.617807 
0.614866 
0.631820 
0.583560 
0.514454 
0.659271 
0.636110 
0.674256 
0.599530 
0.619729 
0.606701 
0.673023 
0.584269 
0.485346 
0.486403 
0.495924 
0.689401 
0.531148 
0.648824 
0.693389 
0.566641 
0.689661 
0.657170 
0.731272 
0.582862 
0.758184 
0.555357 
0.681675 
0.701618 
0.663480 
0.586562 
0.567910 
0.668157 
0.665098 
0.548423 
0.673883 
0.609175 
0.627641 
0.582229 
0.602529 
0.701794 
0.601684 
0.622482 
0.680087 
0.530570 
0.584954 
0.538072 
0.605549 
0.472538 
0.580537 
0.721117 
0.548065 
0.560636 
0.733337 
0.715273 
0.753646 
0.708821 
0.751054 
0.571470 
0.543217 
0.599704 
0.679869 
0.572075 
0.621259 
0.633589 
0.581398 
0.533741 
0.576260 
0.660584 
0.521908 
0.673886 
0.502588 
0.557368 
0.430294 
0.556064 
0.615206 
0.652782 
0.545148 
0.656772 
0.587611 
0.660289 
0.667349 
0.647518 
0.672324 
0.614129 
0.573850 
0.593762 
0.631857 
0.602062 
0.691733 
0.557702 
0.662717 
0.638489 
0.635532 
0.570930 
0.623330 
0.661082 
0.668995 
0.619511 
0.569669 
0.633436 
0.565517 
0.558186 
0.587019 
0.639362 
0.672014 
0.561549 
0.639060 
0.592240 
0.605723 
0.603336 
0.600279 
0.598575 
0.489560 
0.572714 
0.674984 
0.596429 
0.709619 
0.734888 
0.708317 
0.673751 
0.578802 
0.795010 
0.659082 
0.642980 
0.606256 
0.555859 
0.641841 
0.619764 
0.582563 
0.692710 
0.634327 
0.560629 
0.543113 
0.572997 
0.678046 
0.723517 
0.695057 
0.686255 
0.586841 
0.573478 
0.572825 
0.793587 
0.682869 
0.585425 
0.614235 
0.617115 
0.713149 
0.698608 
0.625773 
0.584959 
0.678183 
0.450772 
0.441510 
0.524559 
0.551228 
0.691175 
0.594830 
0.599737 
0.626762 
0.752222 
0.630604 
0.533272 
0.628765 
0.615075 
0.668280 
0.695412 
0.649661 
0.587940 
0.519785 
0.530767 
0.633043 
0.703209 
0.675189 
0.626028 
0.634015 
0.544140 
0.546872 
0.641459 
0.704940 
0.777411 
0.662238 
0.687131 
0.742016 
0.532425 
0.615839 
0.665579 
0.632629 
0.710602 
0.592075 
0.487166 
0.519349 
0.630125 
0.690413 
0.563731 
0.514741 
0.490785 
0.593942 
0.636782 
0.505960 
0.517148 
0.653109 
0.713684 
0.675364 
0.693863 
0.642751 
0.713701 
0.607948 
0.624207 
0.738256 
0.547410 
0.572786 
0.739901 
0.631908 
0.622000 
0.572606 
0.716454 
0.634110 
0.608517 
0.717139 
0.510733 
0.578485 
0.666917 
0.574186 
0.591834 
0.596979 
0.651858 
0.671502 
0.703542 
0.566756 
0.540908 
0.532085 
0.585205 
0.712290 
0.657600 
0.614921 
0.604589 
0.618937 
0.631809 
0.637541 
0.591751 
0.626216 
0.675953 
0.685885 
0.696026 
0.663407 
0.543767 
0.685893 
0.734201 
0.684360 
0.611158 
0.585590 
0.735793 
0.542222 
0.610639 
0.690870 
0.571603 
0.682017 
0.660630 
0.541549 
0.640584 
0.668334 
0.488445 
0.543382 
0.574303 
0.607511 
0.710270 
0.669287 
0.647476 
0.593051 
0.549365 
0.563642 
0.564628 
0.764098 
0.550628 
0.609660 
0.577264 
0.585616 
0.608847 
0.684100 
0.570562 
0.640732 
0.582851 
0.605173 
0.510327 
0.556578 
0.662043 
0.659285 
0.675625 
0.623354 
0.756368 
0.672463 
0.634508 
0.549452 
0.540123 
0.646306 
0.632047 
0.536673 
0.646991 
0.663445 
0.708494 
0.662318 
0.593649 
0.519994 
0.562866 
0.560147 
0.653750 
0.604861 
0.599895 
0.566185 
0.692148 
0.604549 
0.681429 
0.682736 
0.655909 
0.650985 
0.655855 
0.717524 
0.771366 
0.621658 
0.650937 
0.554360 
0.503539 
0.503699 
0.623354 
0.562628 
0.626122 
0.687920 
0.729659 
0.681821 
0.632415 
0.585286 
0.583879 
0.611945 
0.647070 
0.639493 
0.667034 
0.585916 
0.618504 
0.606734 
0.532392 
0.508958 
0.535150 
0.628117 
0.500997 
0.480012 
0.608171 
0.663472 
0.797496 
0.563681 
0.611465 
0.689776 
0.566873 
0.561714 
0.570540 
0.530002 
0.536829 
0.574142 
0.480248 
0.612410 
0.553591 
0.569944 
0.605686 
0.545400 
0.538325 
0.628771 
0.579597 
0.547113 
0.572804 
0.688322 
0.554639 
0.567234 
0.615044 
0.669478 
0.718164 
0.702879 
0.658828 
0.619263 
0.545391 
0.535497 
0.552855 
0.645502 
0.621757 
0.592087 
0.673871 
0.676383 
0.630977 
0.615035 
0.614842 
0.521859 
0.618488 
0.700538 
0.590817 
0.558266 
0.612328 
0.587132 
0.566363 
0.686068 
0.623716 
0.674060 
0.721823 
0.621482 
0.672731 
0.692077 
0.722992 
0.730595 
0.756908 
0.693644 
0.756359 
0.750656 
0.657207 
0.428280 
0.633438 
0.688922 
0.568294 
0.516793 
0.543866 
0.632490 
0.643920 
0.710444 
0.671021 
0.629643 
0.607508 
0.632556 
0.735603 
0.592963 
0.595161 
0.661453 
0.697647 
0.643455 
0.727743 
0.644671 
0.645678 
0.595812 
0.648870 
0.757244 
0.703582 
0.616959 
0.555221 
0.526378 
0.552182 
0.551793 
0.645979 
0.617917 
0.626421 
0.528193 
0.558057 
0.661782 
0.644914 
0.609697 
0.589759 
0.677299 
0.551941 
0.611938 
0.630692 
0.560062 
0.562588 
0.521853 
0.473748 
0.553557 
0.601413 
0.591974 
0.586517 
0.579447 
0.595189 
0.547285 
0.741695 
0.697259 
0.576635 
0.582337 
0.571326 
0.468174 
0.472962 
0.650491 
0.721472 
0.696903 
0.713857 
0.754836 
0.641576 
0.648947 
0.736857 
0.666660 
0.626992 
0.535775 
0.572629 
0.636091 
0.589256 
0.517295 
0.684937 
0.494844 
0.538939 
0.584565 
0.651439 
0.669477 
0.686511 
0.614122 
0.705917 
0.606796 
0.522107 
0.542520 
0.598734 
0.538356 
0.537444 
0.670958 
0.670334 
0.698924 
0.606173 
0.586303 
0.626149 
0.639551 
0.642911 
0.597570 
0.569317 
0.609943 
0.684767 
0.781750 
0.674009 
0.658560 
0.702003 
0.697670 
0.645323 
0.671242 
0.692276 
0.640831 
0.683633 
0.716238 
0.617833 
0.659759 
0.607981 
0.543590 
0.471105 
0.634649 
0.673620 
0.552836 
0.746882 
0.544847 
0.615643 
0.586334 
0.624604 
0.566764 
0.500140 
0.482078 
0.657548 
0.667968 
0.573098 
0.670099 
0.690153 
0.587489 
0.691198 
0.722188 
0.633931 
0.769473 
0.679504 
0.606594 
0.603612 
0.713091 
0.694844 
0.548968 
0.648325 
0.556530 
0.580641 
0.585871 
0.622347 
0.696424 
0.693135 
0.671506 
0.593068 
0.566046 
0.639651 
0.612722 
0.538980 
0.602283 
0.529718 
0.637751 
0.677997 
0.741976 
0.828079 
0.636803 
0.445349 
0.680708 
0.563017 
0.710489 
0.541692 
0.618828 
0.474832 
0.446355 
0.525670 
0.556450 
0.575408 
0.511168 
0.758969 
0.579305 
0.544855 
0.555392 
0.543076 
0.525922 
0.626241 
0.813059 
0.759116 
0.825821 
0.563580 
0.636683 
0.689784 
0.623176 
0.634839 
0.597492 
0.725686 
0.728003 
0.667677 
0.731467 
0.610062 
0.511089 
0.634064 
0.717593 
0.654565 
0.695548 
0.669021 
0.575318 
0.650338 
0.639592 
0.546481 
0.655535 
0.623658 
0.575448 
0.518663 
0.517003 
0.608446 
0.602792 
0.461066 
0.593716 
0.607691 
0.662920 
0.667734 
0.704233 
0.661148 
0.775284 
0.686586 
0.631681 
0.633380 
0.617713 
0.707604 
0.707172 
0.731872 
0.754690 
0.764442 
0.712028 
0.692236 
0.703467 
0.667718 
0.678667 
0.572585 
0.669711 
0.569274 
0.519270 
0.558064 
0.612255 
0.529044 
0.522012 
0.509435 
0.631039 
0.781199 
0.636409 
0.705619 
0.619146 
0.506220 
0.639298 
0.607688 
0.629031 
0.712451 
0.739666 
0.553435 
0.597892 
0.764052 
0.658779 
0.654788 
0.650747 
0.752943 
0.690459 
0.650590 
0.673261 
0.629319 
0.634498 
0.671186 
0.736846 
0.616438 
0.660236 
0.621262 
0.637493 
0.617975 
0.581443 
0.651268 
0.704204 
0.725756 
0.671188 
0.712498 
0.560887 
0.681121 
0.795474 
0.664229 
0.618861 
0.618885 
0.617588 
0.732889 
0.594102 
0.739898 
0.672199 
0.502509 
0.671994 
0.663717 
0.762114 
0.735258 
0.623663 
0.761672 
0.750630 
0.698533 
0.585124 
0.584903 
0.643739 
0.683704 
0.542057 
0.580497 
0.505310 
0.559738 
0.602971 
0.572447 
0.671718 
0.720617 
0.700918 
0.640534 
0.622326 
0.677204 
0.589035 
0.529759 
0.644907 
0.672586 
0.670225 
0.669079 
0.657004 
0.625731 
0.589445 
0.601595 
0.638760 
0.684302 
0.615222 
0.662802 
0.589676 
0.645635 
0.588091 
0.533845 
0.515362 
0.656950 
0.586212 
0.477698 
0.581680 
0.575345 
0.553646 
0.545721 
0.718829 
0.652112 
0.579254 
0.511603 
0.608155 
0.639222 
0.640042 
0.682180 
0.584962 
0.667724 
0.679610 
0.561799 
0.637528 
0.601755 
0.573597 
0.546305 
0.547349 
0.600722 
0.792672 
0.537314 
0.608922 
0.657109 
0.611599 
0.641903 
0.676281 
0.698743 
0.655865 
0.629380 
0.654427 
0.542926 
0.610015 
0.664784 
0.643547 
0.620849 
0.665190 
0.653407 
0.705632 
0.679178 
0.636653 
0.670128 
0.667822 
0.673428 
0.643856 
0.675019 
0.598752 
0.690474 
0.703182 
0.616269 
0.640632 
0.615282 
0.628660 
0.665473 
0.562023 
0.664584 
0.629675 
0.665818 
0.580629 
0.552822 
0.609631 
0.640801 
0.623178 
0.498380 
0.568649 
0.626609 
0.658032 
0.627742 
0.567201 
0.523674 
0.577478 
0.629736 
0.509378 
0.582457 
0.591597 
0.661302 
0.520691 
0.479326 
0.651078 
0.721364 
0.709960 
0.663312 
0.689671 
0.630547 
0.711876 
0.596491 
0.728402 
0.609698 
0.679634 
0.486452 
0.580064 
0.634058 
0.456733 
0.611383 
0.546218 
0.591328 
0.621348 
0.687185 
0.460588 
0.552293 
0.584904 
0.641509 
0.765697 
0.650166 
0.632883 
0.652952 
0.638693 
0.717013 
0.592648 
0.601981 
0.682696 
0.652774 
0.621458 
0.705209 
0.731443 
0.680680 
0.549380 
0.542313 
0.592172 
0.746876 
0.680223 
0.701353 
0.699051 
0.602591 
0.595839 
0.703431 
0.713695 
0.549662 
0.573756 
0.583029 
0.547272 
0.555826 
0.494489 
0.530297 
0.616433 
0.737194 
0.654823 
0.617905 
0.691034 
0.545224 
0.590891 
0.609545 
0.624548 
0.685656 
0.657203 
0.673032 
0.599472 
0.593300 
0.496587 
0.541600 
0.541887 
0.672151 
0.634705 
0.684069 
0.641505 
0.652740 
0.628622 
0.535187 
0.573429 
0.782868 
0.602837 
0.627480 
0.603328 
0.682662 
0.558272 
0.594744 
0.589130 
0.656237 
0.475569 
0.617514 
0.708673 
0.524966 
0.543228 
0.719230 
0.678341 
0.554560 
0.574206 
0.547238 
0.650504 
0.683633 
0.696576 
0.633559 
0.657378 
0.566821 
0.638559 
0.531701 
0.607089 
0.553514 
0.626769 
0.665992 
0.532332 
0.645381 
0.624424 
0.636723 
0.783851 
0.733012 
0.616949 
0.680587 
0.680344 
0.657892 
0.699340 
0.624664 
0.635628 
0.644508 
0.647518 
0.655849 
0.571484 
0.658266 
0.641143 
0.546604 
0.550000 
0.677579 
0.634474 
0.555854 
0.608736 
0.690398 
0.793902 
0.704374 
0.682590 
0.650504 
0.579787 
0.540297 
0.503220 
0.640010 
0.729329 
0.597996 
0.551871 
0.601995 
0.667621 
0.564464 
0.661729 
0.525833 
0.608193 
0.610346 
0.620041 
0.505780 
0.674100 
0.601420 
0.533726 
0.543796 
0.776022 
0.715565 
0.633418 
0.691493 
0.626243 
0.706689 
0.636075 
0.663354 
0.491980 
0.660339 
0.500366 
0.589382 
0.665145 
0.569294 
0.524992 
0.615620 
0.651163 
0.607490 
0.660527 
0.719722 
0.689633 
0.634264 
0.613729 
0.676900 
0.719196 
0.647712 
0.645711 
0.592631 
0.665524 
0.640128 
0.519242 
0.544562 
0.478953 
0.700102 
0.609698 
0.551794 
0.683251 
0.668245 
0.667510 
0.623734 
0.526522 
0.587234 
0.655687 
0.675070 
0.689330 
0.592728 
0.716184 
0.715992 
0.435273 
0.594959 
0.657980 
0.543479 
0.523652 
0.494277 
0.686902 
0.679426 
0.715333 
0.637472 
0.596026 
0.755545 
0.653479 
0.787338 
0.710351 
0.712608 
0.710322 
0.753844 
0.698984 
0.768100 
0.704839 
0.607136 
0.506116 
0.646827 
0.605883 
0.680171 
0.621277 
0.600878 
0.677673 
0.616284 
0.640316 
0.636134 
0.642626 
0.635947 
0.590321 
0.588039 
0.602230 
0.611937 
0.519512 
0.629428 
0.649051 
0.700037 
0.768663 
0.632255 
0.566376 
0.632917 
0.602446 
0.524901 
0.589665 
0.650494 
0.535270 
0.656059 
0.653231 
0.686296 
0.486037 
0.551136 
0.448421 
0.476592 
0.544563 
0.551607 
0.579146 
0.624708 
0.615738 
0.495800 
0.757823 
0.661226 
0.754887 
0.670336 
0.667175 
0.612849 
0.620195 
0.643882 
0.572778 
0.583362 
0.628783 
0.610728 
0.517907 
0.627716 
0.592002 
0.491414 
0.572316 
0.622028 
0.540889 
0.644987 
0.644312 
0.681161 
0.686706 
0.660520 
0.595330 
0.500835 
0.537297 
0.546086 
0.566977 
0.687901 
0.634690 
0.628532 
0.562193 
0.559618 
0.802029 
0.776995 
0.880478 
0.744163 
0.640875 
0.607432 
0.704569 
0.595507 
0.458322 
0.677260 
0.755252 
0.649306 
0.632203 
0.649649 
0.506079 
0.509479 
0.642794 
0.595523 
0.679876 
0.642577 
0.721485 
0.625588 
0.572075 
0.728168 
0.514959 
0.581513 
0.613796 
0.593988 
0.665340 
0.565571 
0.638548 
0.604859 
0.578411 
0.633617 
0.606652 
0.586200 
0.440904 
0.555150 
0.540197 
0.715438 
0.696094 
0.632899 
0.607817 
0.584471 
0.554597 
0.675819 
0.718489 
0.678375 
0.546291 
0.728962 
0.727956 
0.725638 
0.726313 
0.644144 
0.609074 
0.607600 
0.536948 
0.629867 
0.610757 
0.561272 
0.528636 
0.572359 
0.587836 
0.671738 
0.652249 
0.582620 
0.662346 
0.677099 
0.606704 
0.618149 
0.622605 
0.642276 
0.600835 
0.647725 
0.604150 
0.639844 
0.661563 
0.606693 
0.689375 
0.562117 
0.624944 
0.627669 
0.646892 
0.706119 
0.637998 
0.521083 
0.534746 
0.627956 
0.764479 
0.719989 
0.481795 
0.583689 
0.650992 
0.611957 
0.683431 
0.518794 
0.723408 
0.644592 
0.720076 
0.648884 
0.731876 
0.685347 
0.632515 
0.662170 
0.684031 
0.589879 
0.620126 
0.698991 
0.554564 
0.569981 
0.588546 
0.523684 
0.427560 
0.632445 
0.584027 
0.590768 
0.550718 
0.695123 
0.627581 
0.699673 
0.708773 
0.568283 
0.567709 
0.609136 
0.629961 
0.503099 
0.531658 
0.637428 
0.459367 
0.581224 
0.622226 
0.542009 
0.640933 
0.659052 
0.708709 
0.619519 
0.512960 
0.535587 
0.697136 
0.741192 
0.649267 
0.542362 
0.515000 
0.586002 
0.576257 
0.656967 
0.679522 
0.718147 
0.540573 
0.666183 
0.637711 
0.749287 
0.738052 
0.667060 
0.774931 
0.694106 
0.625737 
0.652312 
0.692172 
0.751758 
0.782058 
0.753904 
0.605239 
0.544618 
0.643157 
0.558240 
0.584811 
0.614315 
0.523084 
0.655816 
0.678648 
0.625122 
0.762910 
0.762822 
0.710658 
0.710559 
0.674709 
0.695013 
0.616239 
0.726830 
0.600890 
0.561367 
0.680765 
0.674691 
0.680079 
0.591267 
0.622186 
0.647286 
0.598898 
0.463539 
0.554385 
0.651661 
0.655355 
0.756262 
0.679802 
0.675288 
0.688690 
0.689652 
0.593893 
0.701205 
0.676176 
0.500480 
0.554792 
0.451258 
0.580081 
0.637420 
0.626083 
0.621883 
0.590895 
0.643883 
0.674871 
0.694358 
0.663994 
0.549949 
0.454385 
0.548000 
0.539082 
0.626219 
0.574888 
0.464761 
0.572874 
0.600087 
0.559583 
0.549287 
0.535628 
0.622029 
0.627879 
0.656141 
0.632242 
0.595355 
0.621725 
0.612770 
0.686724 
0.704308 
0.524076 
0.654907 
0.577602 
0.676331 
0.648051 
0.651068 
0.661462 
0.590088 
0.700584 
0.626516 
0.536247 
0.542856 
0.634317 
0.630246 
0.611823 
0.595571 
0.575374 
0.603577 
0.605889 
0.578746 
0.659840 
0.742526 
0.591568 
0.558555 
0.589378 
0.600448 
0.622628 
0.640073 
0.713013 
0.701439 
0.704903 
0.657259 
0.558447 
0.599193 
0.592831 
0.680487 
0.619587 
0.629379 
0.620238 
0.647059 
0.726852 
0.709851 
0.727314 
0.648294 
0.551276 
0.660763 
0.543259 
0.536241 
0.524528 
0.643566 
0.774813 
0.581773 
0.522655 
0.634500 
0.466152 
0.540749 
0.578557 
0.657627 
0.551748 
0.676687 
0.565299 
0.678242 
0.556735 
0.586117 
0.437037 
0.651414 
0.517884 
0.569498 
0.601000 
0.606148 
0.417271 
0.549659 
0.577150 
0.556463 
0.622672 
0.683543 
0.622175 
0.724704 
0.679446 
0.587799 
0.679916 
0.688570 
0.651496 
0.571043 
0.679475 
0.560689 
0.645715 
0.603262 
0.638771 
0.618477 
0.611592 
0.596679 
0.541715 
0.662730 
0.585491 
0.620106 
0.650257 
0.738063 
0.735006 
0.629488 
0.573557 
0.546909 
0.565327 
0.683627 
0.654808 
0.534914 
0.622488 
0.577653 
0.640042 
0.737748 
0.525070 
0.630031 
0.691589 
0.804070 
0.562103 
0.613388 
0.678455 
0.724916 
0.535855 
0.625508 
0.521772 
0.604385 
0.621864 
0.574486 
0.584341 
0.694860 
0.697940 
0.643562 
0.676456 
0.625721 
0.521435 
0.496687 
0.551220 
0.706183 
0.617960 
0.619703 
0.653875 
0.630506 
0.642437 
0.749675 
0.745304 
0.551559 
0.816868 
0.678791 
0.628615 
0.655487 
0.617566 
0.706511 
0.608362 
0.545824 
0.554448 
0.737355 
0.645854 
0.651825 
0.676541 
0.648269 
0.655420 
0.664720 
0.647809 
0.698038 
0.643373 
0.524801 
0.575214 
0.706963 
0.629883 
0.655299 
0.614955 
0.434923 
0.488273 
0.638196 
0.593386 
0.616176 
0.542837 
0.651981 
0.563313 
0.649207 
0.643090 
0.463189 
0.632414 
0.611774 
0.627150 
0.514856 
0.496523 
0.586395 
0.710806 
0.735192 
0.548475 
0.573619 
0.483206 
0.594545 
0.583044 
0.524043 
0.499550 
0.700760 
0.758336 
0.633728 
0.723993 
0.665727 
0.729055 
0.578980 
0.671927 
0.607321 
0.576911 
0.567792 
0.617113 
0.720761 
0.627874 
0.800405 
0.757383 
0.561859 
0.608544 
0.687710 
0.677813 
0.567739 
0.662180 
0.638461 
0.561461 
0.567082 
0.733907 
0.730026 
0.613184 
0.653009 
0.656571 
0.668572 
0.673845 
0.529029 
0.627994 
0.606196 
0.620847 
0.658834 
0.503167 
0.506111 
0.588645 
0.620810 
0.660109 
0.535898 
0.577346 
0.574011 
0.610565 
0.661883 
0.631776 
0.618030 
0.655060 
0.645561 
0.693628 
0.664680 
0.526429 
0.693641 
0.589881 
0.658484 
0.641868 
0.753280 
0.819000 
0.681399 
0.793951 
0.672298 
0.611509 
0.550350 
0.618888 
0.531544 
0.535523 
0.536645 
0.561695 
0.591903 
0.725745 
0.621440 
0.663390 
0.579746 
0.643213 
0.714143 
0.713079 
0.631476 
0.560692 
0.694894 
0.567673 
0.589788 
0.523297 
0.653904 
0.599880 
0.631434 
0.689475 
0.687646 
0.646726 
0.572434 
0.539754 
0.714227 
0.677005 
0.615151 
0.626826 
0.583746 
0.570359 
0.378281 
0.559601 
0.577638 
0.639042 
0.649340 
0.593338 
0.603405 
0.550176 
0.727347 
0.751996 
0.581804 
0.537703 
0.664300 
0.544402 
0.623019 
0.570314 
0.593722 
0.516945 
0.539586 
0.572358 
0.565652 
0.614662 
0.602821 
0.773166 
0.637728 
0.664777 
0.623462 
0.556396 
0.624016 
0.648987 
0.657583 
0.683796 
0.689196 
0.708036 
0.614693 
0.565026 
0.474907 
0.598251 
0.704510 
0.681463 
0.581512 
0.464016 
0.474451 
0.556474 
0.499474 
0.497742 
0.532870 
0.643379 
0.713902 
0.681893 
0.627927 
0.825639 
0.603203 
0.634330 
0.598636 
0.628165 
0.641599 
0.752732 
0.585351 
0.608165 
0.660669 
0.610371 
0.576127 
0.541532 
0.551336 
0.410337 
0.477082 
0.623857 
0.775666 
0.645740 
0.718112 
0.580362 
0.674855 
0.655134 
0.636709 
0.707522 
0.668151 
0.579907 
0.572368 
0.711112 
0.574699 
0.668688 
0.545239 
0.601717 
0.621304 
0.739242 
0.572227 
0.491698 
0.498546 
0.473002 
0.540234 
0.686628 
0.683635 
0.611404 
0.682169 
0.700227 
0.577509 
0.570460 
0.575120 
0.585314 
0.580833 
0.657586 
0.627631 
0.607481 
0.780760 
0.574318 
0.487022 
0.480860 
0.510318 
0.592606 
0.677489 
0.732967 
0.646556 
0.596117 
0.640608 
0.522241 
0.667207 
0.558240 
0.543529 
0.602753 
0.594785 
0.599566 
0.558043 
0.580442 
0.522180 
0.564038 
0.661688 
0.615172 
0.586636 
0.673744 
0.749469 
0.731903 
0.742686 
0.558882 
0.575338 
0.572705 
0.621960 
0.765574 
0.610304 
0.620641 
0.618874 
0.529619 
0.670644 
0.540089 
0.700696 
0.750549 
0.595384 
0.622992 
0.683929 
0.688932 
0.654681 
0.629130 
0.637526 
0.550683 
0.612185 
0.727179 
0.657791 
0.735587 
0.647498 
0.578225 
0.691208 
0.808802 
0.732267 
0.699702 
0.769155 
0.616117 
0.525243 
0.601688 
0.663886 
0.670474 
0.717494 
0.690887 
0.595116 
0.655156 
0.533845 
0.699642 
0.691159 
0.606259 
0.708153 
0.579933 
0.602293 
0.612442 
0.649022 
0.698323 
0.718252 
0.693530 
0.692350 
0.652327 
0.700549 
0.693654 
0.634282 
0.564921 
0.665392 
0.656933 
0.619899 
0.683352 
0.659554 
0.702508 
0.537681 
0.579698 
0.571944 
0.627017 
0.651747 
0.697868 
0.680320 
0.670977 
0.703312 
0.709465 
0.656875 
0.558908 
0.690623 
0.604613 
0.683448 
0.576280 
0.678688 
0.689999 
0.666529 
0.652545 
0.656458 
0.612391 
0.611748 
0.695935 
0.523388 
0.722453 
0.548174 
0.626063 
0.575711 
0.496840 
0.588106 
0.596560 
0.673782 
0.718481 
0.573465 
0.563810 
0.665902 
0.636660 
0.635025 
0.666941 
0.714252 
0.576953 
0.578665 
0.619473 
0.662345 
0.506106 
0.565818 
0.624563 
0.635128 
0.599619 
0.611296 
0.626617 
0.602202 
0.655336 
0.695585 
0.534064 
0.713699 
0.537079 
0.589149 
0.636956 
0.610700 
0.652496 
0.575755 
0.559760 
0.575362 
0.602895 
0.650578 
0.570185 
0.550016 
0.613108 
0.673201 
0.690049 
0.456849 
0.637160 
0.641639 
0.617693 
0.740064 
0.601058 
0.553084 
0.642231 
0.584027 
0.618695 
0.758979 
0.645125 
0.709804 
0.748383 
0.648393 
0.655430 
0.621291 
0.535013 
0.635687 
0.711281 
0.556553 
0.700307 
0.586512 
0.613811 
0.662384 
0.781351 
0.705424 
0.724867 
0.642166 
0.540629 
0.737197 
0.683626 
0.592606 
0.556182 
0.562664 
0.399752 
0.533439 
0.634860 
0.720885 
0.655391 
0.571450 
0.532351 
0.774257 
0.703280 
0.682945 
0.491373 
0.441217 
0.655210 
0.602509 
0.642019 
0.697225 
0.631785 
0.576165 
0.719173 
0.647958 
0.639733 
0.630721 
0.598914 
0.608952 
0.610343 
0.569307 
0.610449 
0.685849 
0.723805 
0.632100 
0.619776 
0.524347 
0.532438 
0.536929 
0.612492 
0.613024 
0.567969 
0.765314 
0.712255 
0.668301 
0.752474 
0.736478 
0.707011 
0.725891 
0.654648 
0.471033 
0.684846 
0.687945 
0.777696 
0.642681 
0.713977 
0.643034 
0.633411 
0.601787 
0.732260 
0.685546 
0.735104 
0.691116 
0.669956 
0.694597 
0.631136 
0.631482 
0.702657 
0.638720 
0.654110 
0.601735 
0.613252 
0.661311 
0.595824 
0.583660 
0.504134 
0.389263 
0.649945 
0.595018 
0.529736 
0.608031 
0.644862 
0.687654 
0.700535 
0.608271 
0.549291 
0.581714 
0.592973 
0.613554 
0.756012 
0.720490 
0.645544 
0.651255 
0.603457 
0.514088 
0.652500 
0.593712 
0.674354 
0.708130 
0.707650 
0.678949 
0.596510 
0.652438 
0.571842 
0.656750 
0.652862 
0.722815 
0.597673 
0.566473 
0.527806 
0.419455 
0.597440 
0.566119 
0.667965 
0.645920 
0.489574 
0.577067 
0.608870 
0.583760 
0.591934 
0.584948 
0.572083 
0.574856 
0.598258 
0.563828 
0.600781 
0.605189 
0.667422 
0.570312 
0.586282 
0.608502 
0.601619 
0.508363 
0.636203 
0.690417 
0.696426 
0.681973 
0.605034 
0.683135 
0.602718 
0.628620 
0.686624 
0.531899 
0.636303 
0.542102 
0.573244 
0.557253 
0.672958 
0.599233 
0.626701 
0.598044 
0.750408 
0.625253 
0.616567 
0.536566 
0.641542 
0.618260 
0.726811 
0.691744 
0.647921 
0.674576 
0.714450 
0.695211 
0.741302 
0.638566 
0.521347 
0.517621 
0.643423 
0.519538 
0.617550 
0.670314 
0.619529 
0.520863 
0.596461 
0.555894 
0.661603 
0.642142 
0.529178 
0.536064 
0.671053 
0.456411 
0.539688 
0.631469 
0.647220 
0.598054 
0.617907 
0.686927 
0.625234 
0.575163 
0.699243 
0.606349 
0.658968 
0.612114 
0.668755 
0.574666 
0.646391 
0.574530 
0.571538 
0.536311 
0.594290 
0.640466 
0.568717 
0.514664 
0.510395 
0.605044 
0.695600 
0.614277 
0.550577 
0.677647 
0.724451 
0.666212 
0.536098 
0.697828 
0.701987 
0.716320 
0.655787 
0.584713 
0.744823 
0.711103 
0.761505 
0.793172 
0.638517 
0.603365 
0.596031 
0.601075 
0.622606 
0.609247 
0.592233 
0.702792 
0.705118 
0.710331 
0.649725 
0.681209 
0.534238 
0.512733 
0.489526 
0.654573 
0.512893 
0.531102 
0.678671 
0.575548 
0.703369 
0.600507 
0.621299 
0.546958 
0.548791 
0.684453 
0.666245 
0.653488 
0.686623 
0.607198 
0.706678 
0.694909 
0.655435 
0.752549 
0.666808 
0.665514 
0.716912 
0.625360 
0.535346 
0.555856 
0.560574 
0.603820 
0.651375 
0.794006 
0.655942 
0.596335 
0.690007 
0.625160 
0.613190 
0.585232 
0.562510 
0.600389 
0.718294 
0.625339 
0.592965 
0.700018 
0.678881 
0.572957 
0.558562 
0.580368 
0.441276 
0.599610 
0.745801 
0.655164 
0.614024 
0.605365 
0.588387 
0.644846 
0.636231 
0.616087 
0.622255 
0.747934 
0.654080 
0.580826 
0.510338 
0.689115 
0.714812 
0.694013 
0.695802 
0.711054 
0.692508 
0.727043 
0.681769 
0.672311 
0.709861 
0.601304 
0.532595 
0.461592 
0.535620 
0.618816 
0.486007 
0.638104 
0.608790 
0.650683 
0.622715 
0.683057 
0.776568 
0.617989 
0.656657 
0.740982 
0.629240 
0.614985 
0.612388 
0.650857 
0.706450 
0.697160 
0.556971 
0.605862 
0.535133 
0.606057 
0.666913 
0.711891 
0.589329 
0.552050 
0.613779 
0.716486 
0.681114 
0.625528 
0.548239 
0.592762 
0.695282 
0.722435 
0.764218 
0.715695 
0.648658 
0.554096 
0.661055 
0.620834 
0.518857 
0.561273 
0.594229 
0.618161 
0.559501 
0.643299 
0.645892 
0.756246 
0.699257 
0.707210 
0.633758 
0.746708 
0.776102 
0.746757 
0.649636 
0.691238 
0.686268 
0.604974 
0.500682 
0.544882 
0.620474 
0.638658 
0.702708 
0.689405 
0.700350 
0.586617 
0.565295 
0.524349 
0.574991 
0.746873 
0.492030 
0.658821 
0.585709 
0.623656 
0.631634 
0.603024 
0.664981 
0.568496 
0.513270 
0.766112 
0.600824 
0.621586 
0.605894 
0.619065 
0.652557 
0.608887 
0.658074 
0.651043 
0.726896 
0.721847 
0.562272 
0.730247 
0.702332 
0.704615 
0.734743 
0.822699 
0.591081 
0.724858 
0.629817 
0.618857 
0.679537 
0.592425 
0.599938 
0.618156 
0.692719 
0.595881 
0.566846 
0.547871 
0.611350 
0.638496 
0.649132 
0.616606 
0.624821 
0.707087 
0.653046 
0.635758 
0.630892 
0.693816 
0.775384 
0.617874 
0.604085 
0.632075 
0.631922 
0.663724 
0.590630 
0.589883 
0.597751 
0.584618 
0.535376 
0.480875 
0.581957 
0.583557 
0.601497 
0.635759 
0.591815 
0.674837 
0.681262 
0.623344 
0.623614 
0.671711 
0.645053 
0.558458 
0.765393 
0.571883 
0.548581 
0.674050 
0.546493 
0.670954 
0.622909 
0.673401 
0.661503 
0.641228 
0.604353 
0.652505 
0.580929 
0.576091 
0.673984 
0.620065 
0.741744 
0.714133 
0.698013 
0.633717 
0.721908 
0.689253 
0.620580 
0.595720 
0.647081 
0.684754 
0.627404 
0.731091 
0.605550 
0.511024 
0.545855 
0.633271 
0.607501 
0.751327 
0.750555 
0.695695 
0.708122 
0.696809 
0.589838 
0.648392 
0.543585 
0.674024 
0.509154 
0.592910 
0.651813 
0.641660 
0.638472 
0.590286 
0.701440 
0.556434 
0.621191 
0.603101 
0.698612 
0.511133 
0.523144 
0.531401 
0.618271 
0.612877 
0.639738 
0.602281 
0.564773 
0.704001 
0.560010 
0.658344 
0.544762 
0.583518 
0.604562 
0.615996 
0.582178 
0.562057 
0.525810 
0.645927 
0.556479 
0.667285 
0.677617 
0.680575 
0.706140 
0.508890 
0.608343 
0.660097 
0.726502 
0.754044 
0.654366 
0.689711 
0.645943 
0.611041 
0.542225 
0.644961 
0.689036 
0.698452 
0.700601 
0.654040 
0.639566 
0.677243 
0.651919 
0.578947 
0.557469 
0.619388 
0.697189 
0.643381 
0.653240 
0.560061 
0.567858 
0.630024 
0.650723 
0.653304 
0.610694 
0.660944 
0.633752 
0.644700 
0.598271 
0.646721 
0.523568 
0.606816 
0.577167 
0.654950 
0.706222 
0.662209 
0.593015 
0.558029 
0.586982 
0.611234 
0.613145 
0.574861 
0.681946 
0.627879 
0.662517 
0.810540 
0.764018 
0.745029 
0.752938 
0.661312 
0.602232 
0.638400 
0.723230 
0.721886 
0.642940 
0.657004 
0.637999 
0.654972 
0.597593 
0.682418 
0.652478 
0.683773 
0.677361 
0.630117 
0.603487 
0.723187 
0.583848 
0.715419 
0.639537 
0.634885 
0.655823 
0.756216 
0.735283 
0.573199 
0.635847 
0.701655 
0.516464 
0.540165 
0.574284 
0.680943 
0.753465 
0.581128 
0.604617 
0.611677 
0.666190 
0.712080 
0.631102 
0.682301 
0.701775 
0.718887 
0.759760 
0.685751 
0.535771 
0.663804 
0.540249 
0.446779 
0.606177 
0.591826 
0.656335 
0.729717 
0.702563 
0.707764 
0.617194 
0.647401 
0.564803 
0.559845 
0.558410 
0.560446 
0.531080 
0.523996 
0.757690 
0.739891 
0.704625 
0.682036 
0.592032 
0.501213 
0.432437 
0.533185 
0.550376 
0.556273 
0.551746 
0.589804 
0.623330 
0.513196 
0.625743 
0.598746 
0.641243 
0.677127 
0.675794 
0.736453 
0.666228 
0.706804 
0.735130 
0.650697 
0.686990 
0.768998 
0.634633 
0.608189 
0.695320 
0.552187 
0.540991 
0.598048 
0.673352 
0.790423 
0.621842 
0.789869 
0.716286 
0.667958 
0.687245 
0.702032 
0.660166 
0.647216 
0.610454 
0.565459 
0.678911 
0.555949 
0.493967 
0.518864 
0.627742 
0.677921 
0.584215 
0.593029 
0.637007 
0.677998 
0.589273 
0.606171 
0.583790 
0.703649 
0.605032 
0.632218 
0.597884 
0.564155 
0.613124 
0.657654 
0.689810 
0.605827 
0.630655 
0.617434 
0.614095 
0.697446 
0.741844 
0.591299 
0.615360 
0.643386 
0.626449 
0.480294 
0.677727 
0.497882 
0.674519 
0.664748 
0.626178 
0.573764 
0.652652 
0.581729 
0.691388 
0.692347 
0.697361 
0.695239 
0.707760 
0.766403 
0.680158 
0.684695 
0.689674 
0.565315 
0.564642 
0.577295 
0.594431 
0.657662 
0.607925 
0.505942 
0.691880 
0.681950 
0.613649 
0.603884 
0.632813 
0.650805 
0.610610 
0.638924 
0.600473 
0.589547 
0.618422 
0.797463 
0.715552 
0.671688 
0.617284 
0.627217 
0.681957 
0.686575 
0.725638 
0.678516 
0.701443 
0.645693 
0.661827 
0.701028 
0.691228 
0.642750 
0.640616 
0.644003 
0.564077 
0.625669 
0.670292 
0.726121 
0.670406 
0.696226 
0.712944 
0.713331 
0.606808 
0.624428 
0.540415 
0.552958 
0.636582 
0.676593 
0.650821 
0.530007 
0.660315 
0.662034 
0.601295 
0.671195 
0.666032 
0.601617 
0.772562 
0.657738 
0.573071 
0.684987 
0.736987 
0.662446 
0.618192 
0.577022 
0.803673 
0.532642 
0.597343 
0.643361 
0.624609 
0.504238 
0.576422 
0.655220 
0.634054 
0.664600 
0.639262 
0.704737 
0.579997 
0.603335 
0.653141 
0.573225 
0.528517 
0.650205 
0.542832 
0.599807 
0.634302 
0.692902 
0.675206 
0.588671 
0.462144 
0.519807 
0.572131 
0.703256 
0.631664 
0.584665 
0.531648 
0.663665 
0.618012 
0.605324 
0.574527 
0.488031 
0.619289 
0.574645 
0.646491 
0.624898 
0.578958 
0.574328 
0.616417 
0.556845 
0.590189 
0.675248 
0.534141 
0.588273 
0.644077 
0.611805 
0.676982 
0.575122 
0.741148 
0.626876 
0.721937 
0.653577 
0.718518 
0.691218 
0.650323 
0.603609 
0.625142 
0.659165 
0.594001 
0.643531 
0.540681 
0.773126 
0.695970 
0.645896 
0.678523 
0.625522 
0.648725 
0.572723 
0.622985 
0.651265 
0.703950 
0.616372 
0.694753 
0.591411 
0.729847 
0.720216 
0.593957 
0.493249 
0.455033 
0.502007 
0.544069 
0.601704 
0.595957 
0.522669 
0.602035 
0.714213 
0.538991 
0.563944 
0.557088 
0.636460 
0.516049 
0.595772 
0.450970 
0.558891 
0.667900 
0.627593 
0.750223 
0.650387 
0.713014 
0.627387 
0.690770 
0.698723 
0.653625 
0.625204 
0.599220 
