14.315315 
14.338167 
14.316780 
14.299038 
14.307870 
14.302347 
14.321054 
14.331070 
14.322700 
14.339139 
14.329904 
14.343322 
14.348247 
14.341815 
14.337933 
14.333204 
14.336738 
14.333662 
14.330199 
14.331893 
14.345194 
14.308538 
14.314021 
14.337285 
14.319831 
14.336789 
14.328064 
14.322370 
14.301726 
14.342440 
14.312856 
14.336771 
14.339004 
14.341396 
14.325175 
14.341802 
14.334577 
14.326815 
14.290183 
14.337998 
14.322774 
14.329390 
14.298835 
14.346214 
14.318306 
14.347185 
14.333505 
14.322995 
14.324387 
14.303157 
14.350350 
14.344720 
14.336977 
14.341245 
14.300559 
14.338807 
14.316135 
14.341810 
14.329437 
14.315699 
14.326456 
14.338493 
14.318532 
14.338110 
14.346276 
14.321615 
14.320378 
14.352917 
14.316439 
14.348334 
14.327989 
14.338916 
14.342636 
14.363728 
14.311733 
14.316315 
14.307540 
14.328371 
14.329421 
14.333514 
14.309071 
14.304787 
14.331651 
14.337547 
14.340354 
14.298533 
14.311763 
14.309501 
14.336232 
14.311429 
14.316688 
14.313304 
14.306840 
14.322649 
14.320797 
14.320212 
14.332374 
14.311769 
14.328518 
14.315854 
14.329846 
14.327453 
14.307466 
14.337494 
14.322616 
14.321702 
14.315284 
14.322331 
14.333607 
14.328725 
14.318412 
14.347224 
14.342336 
14.321981 
14.329518 
14.334897 
14.328971 
14.329151 
14.331404 
14.339581 
14.338496 
14.326585 
14.333680 
14.341061 
14.319998 
14.334862 
14.314484 
14.348630 
14.322584 
14.330595 
14.343530 
14.315643 
14.334781 
14.308003 
14.293696 
14.325716 
14.357957 
14.324286 
14.305499 
14.316168 
14.330524 
14.318590 
14.356424 
14.343553 
14.320754 
14.315060 
14.319829 
14.310890 
14.338302 
14.341151 
14.321244 
14.321293 
14.307439 
14.303005 
14.335638 
14.314635 
14.320291 
14.344112 
14.333051 
14.351184 
14.338750 
14.347003 
14.333614 
14.325586 
14.339043 
14.321562 
14.339665 
14.325883 
14.327490 
14.334462 
14.311605 
14.328798 
14.328168 
14.343937 
14.318200 
14.334532 
14.332595 
14.335951 
14.338059 
14.331096 
14.327598 
14.330100 
14.328068 
14.336948 
14.336911 
14.351761 
14.335088 
14.320792 
14.327035 
14.329377 
14.337721 
14.333834 
14.317518 
14.325208 
14.332679 
14.344853 
14.332145 
14.319763 
14.313172 
14.325813 
14.313023 
14.329036 
14.338198 
14.312293 
14.344076 
14.316088 
14.304550 
14.319807 
14.324899 
14.331996 
14.319959 
14.332052 
14.318621 
14.316630 
14.311213 
14.322439 
14.313232 
14.321246 
14.310450 
14.330006 
14.327014 
14.332104 
14.339142 
14.326188 
14.338373 
14.331285 
14.335469 
14.330394 
14.335314 
14.356526 
14.325288 
14.342041 
14.331901 
14.321817 
14.309333 
14.306855 
14.318442 
14.331832 
14.350006 
14.329908 
14.318589 
14.310190 
14.315467 
14.339682 
14.336790 
14.346021 
14.336505 
14.304528 
14.321300 
14.321649 
14.317455 
14.338967 
14.350843 
14.345056 
14.337050 
14.339099 
14.325926 
14.332450 
14.336646 
14.343422 
14.314565 
14.310130 
14.323376 
14.349827 
14.315779 
14.323742 
14.305999 
14.349642 
14.331195 
14.320922 
14.324955 
14.326283 
14.303747 
14.319249 
14.326079 
14.335993 
14.335397 
14.315085 
14.339664 
14.320549 
14.319997 
14.299916 
14.328885 
14.331659 
14.314751 
14.320549 
14.334776 
14.335730 
14.345352 
14.314418 
14.295246 
14.327663 
14.338564 
14.339512 
14.325586 
14.315495 
14.289580 
14.302751 
14.319526 
14.311008 
14.341506 
14.309333 
14.341382 
14.331871 
14.329080 
14.326458 
14.332059 
14.312507 
14.346124 
14.351230 
14.327915 
14.318376 
14.309489 
14.335811 
14.353736 
14.346492 
14.368960 
14.346675 
14.355474 
14.321338 
14.326715 
14.325740 
14.349383 
14.349388 
14.333304 
14.359452 
14.334324 
14.348577 
14.360634 
14.308016 
14.330500 
14.334141 
14.330550 
14.324362 
14.318600 
14.336109 
14.342026 
14.325304 
14.334356 
14.328670 
14.333141 
14.332328 
14.323513 
14.326212 
14.333945 
14.344673 
14.346649 
14.341900 
14.365363 
14.331980 
14.348516 
14.356971 
14.330088 
14.347502 
14.318720 
14.302072 
14.299751 
14.308866 
14.325342 
14.338933 
14.343189 
14.330396 
14.318497 
14.334316 
14.335710 
14.318121 
14.346162 
14.328772 
14.322656 
14.325515 
14.334961 
14.335033 
14.321820 
14.327745 
14.325653 
14.325802 
14.300471 
14.318634 
14.329511 
14.319919 
14.295143 
14.329974 
14.326936 
14.355424 
14.348135 
14.341969 
14.341807 
14.331967 
14.327761 
14.342508 
14.358254 
14.346895 
14.320402 
14.312486 
14.317427 
14.309770 
14.309474 
14.330062 
14.341701 
14.334293 
14.352307 
14.315777 
14.338543 
14.325273 
14.319966 
14.334253 
14.302120 
14.319717 
14.335626 
14.334533 
14.335930 
14.358262 
14.351481 
14.333580 
14.325959 
14.322275 
14.310151 
14.338637 
14.352258 
14.344285 
14.325700 
14.325243 
14.342783 
14.369366 
14.337125 
14.345292 
14.349133 
14.337990 
14.341791 
14.326813 
14.329051 
14.318595 
14.329884 
14.338747 
14.315722 
14.322694 
14.329093 
14.335284 
14.329984 
14.323931 
14.326490 
14.327181 
14.334720 
14.332951 
14.336162 
14.330028 
14.335298 
14.306310 
14.348001 
14.337650 
14.344751 
14.342354 
14.345873 
14.332655 
14.307759 
14.351621 
14.315553 
14.346099 
14.344605 
14.336616 
14.350098 
14.332057 
14.346023 
14.346279 
14.329001 
14.345972 
14.347870 
14.330426 
14.334995 
14.359511 
14.346351 
14.316003 
14.364290 
14.337489 
14.321986 
14.318889 
14.316085 
14.314862 
14.308933 
14.332943 
14.352573 
14.336340 
14.329382 
14.332214 
14.352268 
14.369329 
14.338623 
14.340041 
14.359263 
14.327145 
14.325138 
14.336528 
14.330384 
14.312090 
14.316146 
14.329380 
14.314745 
14.322816 
14.348447 
14.347150 
14.293491 
14.309604 
14.309612 
14.335982 
14.348005 
14.334857 
14.306852 
14.345048 
14.331701 
14.341930 
14.334902 
14.333811 
14.329346 
14.319128 
14.336865 
14.328824 
14.304465 
14.318720 
14.332572 
14.336235 
14.344317 
14.321660 
14.336698 
14.334107 
14.309362 
14.301811 
14.309573 
14.315137 
14.343785 
14.349745 
14.330006 
14.309770 
14.328298 
14.318953 
14.329737 
14.312672 
14.306200 
14.326438 
14.333489 
14.340788 
14.340800 
14.294246 
14.309977 
14.317818 
14.353939 
14.304531 
14.332804 
14.317446 
14.319796 
14.316110 
14.339056 
14.346282 
14.344949 
14.367376 
14.370874 
14.358337 
14.336693 
14.346639 
14.329765 
14.330900 
14.332537 
14.345272 
14.335180 
14.327866 
14.330463 
14.342345 
14.332119 
14.315945 
14.315927 
14.312998 
14.296266 
14.321716 
14.346203 
14.323993 
14.326235 
14.303777 
14.320926 
14.349712 
14.341306 
14.326409 
14.372591 
14.357237 
14.340404 
14.344968 
14.347638 
14.330692 
14.315971 
14.299028 
14.325827 
14.335937 
14.302350 
14.309844 
14.327558 
14.329907 
14.316393 
14.298757 
14.289643 
14.302970 
14.343388 
14.326376 
14.321443 
14.325008 
14.319152 
14.337025 
14.323564 
14.334355 
14.369885 
14.339495 
14.333024 
14.303892 
14.352905 
14.363496 
14.332362 
14.334113 
14.330318 
14.345709 
14.321280 
14.328689 
14.324353 
14.351067 
14.329127 
14.332047 
14.356472 
14.321481 
14.323801 
14.317906 
14.355573 
14.341735 
14.338597 
14.342842 
14.334442 
14.328456 
14.327876 
14.307445 
14.322848 
14.332350 
14.342885 
14.321049 
14.323890 
14.334659 
14.338628 
14.340035 
14.319743 
14.321605 
14.316621 
14.344159 
14.356640 
14.327816 
14.328488 
14.330486 
14.336969 
14.329048 
14.348526 
14.318374 
14.314818 
14.339502 
14.335457 
14.321030 
14.323095 
14.341778 
14.315281 
14.348146 
14.323464 
14.334681 
14.327634 
14.320417 
14.305493 
14.326858 
14.315670 
14.344801 
14.334119 
14.338897 
14.328869 
14.318155 
14.331862 
14.316347 
14.322410 
14.313742 
14.330638 
14.323485 
14.315593 
14.340329 
14.341269 
14.341399 
14.317659 
14.334400 
14.323363 
14.327748 
14.308510 
14.327291 
14.338183 
14.320432 
14.342477 
14.346147 
14.322564 
14.334201 
14.334082 
14.346419 
14.351398 
14.322083 
14.329461 
14.325724 
14.315155 
14.341623 
14.315703 
14.345045 
14.358433 
14.354499 
14.333021 
14.336737 
14.358120 
14.327807 
14.306280 
14.319305 
14.320956 
14.347940 
14.337599 
14.332017 
14.323678 
14.332400 
14.315437 
14.314536 
14.333572 
14.342703 
14.330267 
14.334714 
14.332075 
14.359470 
14.322890 
14.327949 
14.321834 
14.333336 
14.343596 
14.356431 
14.343205 
14.342954 
14.340400 
14.320331 
14.332013 
14.347489 
14.313252 
14.305647 
14.344202 
14.342529 
14.327568 
14.324692 
14.320219 
14.336408 
14.337628 
14.326463 
14.320780 
14.346020 
14.354809 
14.327705 
14.299626 
14.305067 
14.312790 
14.322004 
14.326359 
14.282902 
14.323987 
14.316049 
14.329648 
14.326995 
14.323795 
14.332777 
14.331182 
14.346107 
14.381734 
14.318886 
14.348166 
14.311587 
14.333984 
14.340423 
14.323239 
14.328027 
14.325546 
14.319694 
14.339401 
14.342527 
14.340434 
14.332305 
14.361121 
14.354453 
14.303177 
14.302216 
14.324635 
14.338672 
14.328571 
14.305490 
14.340873 
14.330778 
14.329116 
14.325357 
14.339257 
14.362051 
14.326114 
14.325763 
14.312565 
14.343644 
14.333196 
14.321580 
14.342523 
14.311321 
14.319586 
14.308619 
14.337300 
14.329531 
14.324192 
14.333644 
14.324300 
14.347526 
14.354735 
14.342550 
14.342602 
14.321946 
14.316937 
14.324945 
14.320012 
14.334662 
14.355964 
14.343101 
14.345589 
14.348553 
14.338696 
14.341961 
14.339357 
14.317717 
14.339732 
14.338137 
14.335644 
14.330297 
14.303714 
14.314230 
14.325800 
14.337044 
14.345445 
14.340954 
14.344441 
14.341467 
14.318406 
14.340478 
14.336607 
14.322352 
14.318663 
14.313775 
14.321787 
14.360429 
14.338661 
14.333653 
14.325063 
14.321036 
14.335651 
14.301013 
14.314395 
14.335099 
14.353535 
14.347892 
14.346822 
14.312513 
14.348210 
14.319661 
14.307541 
14.333745 
14.335806 
14.354909 
14.324517 
14.359711 
14.361481 
14.343447 
14.346925 
14.342531 
14.347801 
14.328153 
14.324294 
14.338869 
14.353098 
14.339043 
14.304398 
14.304885 
14.319985 
14.290359 
14.304146 
14.321588 
14.330516 
14.338524 
14.317780 
14.331259 
14.346328 
14.336018 
14.299461 
14.292398 
14.318554 
14.329193 
14.313377 
14.299320 
14.321564 
14.327365 
14.311976 
14.345433 
14.325320 
14.318161 
14.321714 
14.315447 
14.331657 
14.342572 
14.349292 
14.357926 
14.358606 
14.363965 
14.345675 
14.323924 
14.328992 
14.340196 
14.360428 
14.336533 
14.323162 
14.308972 
14.310690 
14.317140 
14.309257 
14.317270 
14.317555 
14.310286 
14.321776 
14.294715 
14.339460 
14.338695 
14.324317 
14.330444 
14.302161 
14.336103 
14.336037 
14.327922 
14.319476 
14.335117 
14.337807 
14.332654 
14.326973 
14.333904 
14.323977 
14.327629 
14.314304 
14.325199 
14.343312 
14.338179 
14.335573 
14.333856 
14.312066 
14.336162 
14.339674 
14.319918 
14.328741 
14.337106 
14.322715 
14.323318 
14.309134 
14.339556 
14.335581 
14.343462 
14.338838 
14.328988 
14.331213 
14.325457 
14.331028 
14.350968 
14.335318 
14.330697 
14.352193 
14.332444 
14.330177 
14.314543 
14.343021 
14.354634 
14.335956 
14.315727 
14.317450 
14.314500 
14.320326 
14.334169 
14.318976 
14.318241 
14.307314 
14.318875 
14.326253 
14.323763 
14.312526 
14.338128 
14.352936 
14.351965 
14.315318 
14.319317 
14.313486 
14.341618 
14.328403 
14.332505 
14.331306 
14.347703 
14.344188 
14.326914 
14.319281 
14.328958 
14.335242 
14.330844 
14.327569 
14.304890 
14.303908 
14.308078 
14.342594 
14.345536 
14.315405 
14.312017 
14.323393 
14.326528 
14.329310 
14.339714 
14.350147 
14.338410 
14.358436 
14.354262 
14.354173 
14.307057 
14.291529 
14.300832 
14.332650 
14.319243 
14.328084 
14.324835 
14.365949 
14.363667 
14.310405 
14.341120 
14.343791 
14.326694 
14.325443 
14.338450 
14.365762 
14.345578 
14.328923 
14.334520 
14.359391 
14.332953 
14.327735 
14.321475 
14.330095 
14.346685 
14.358340 
14.330042 
14.339012 
14.336319 
14.322669 
14.306219 
14.322234 
14.323874 
14.328456 
14.295465 
14.352248 
14.318720 
14.313974 
14.324205 
14.326485 
14.339024 
14.337008 
14.355624 
14.359919 
14.342715 
14.332602 
14.320070 
14.332792 
14.335517 
14.308972 
14.327392 
14.307069 
14.306710 
14.350282 
14.336481 
14.341454 
14.333997 
14.312737 
14.304250 
14.314556 
14.296675 
14.315402 
14.313449 
14.313296 
14.301327 
14.331366 
14.315697 
14.324077 
14.311195 
14.333359 
14.341538 
14.334413 
14.330955 
14.325972 
14.323016 
14.319286 
14.313000 
14.321775 
14.298939 
14.336988 
14.325881 
14.320407 
14.322667 
14.329900 
14.327658 
14.299196 
14.325316 
14.303821 
14.323104 
14.329926 
14.328742 
14.331299 
14.347495 
14.323987 
14.320317 
14.319218 
14.320459 
14.344216 
14.337846 
14.324027 
14.328679 
14.326326 
14.304933 
14.333943 
14.330397 
14.343091 
14.314988 
14.318319 
14.317935 
14.334950 
14.327163 
14.318684 
14.318191 
14.326830 
14.304824 
14.305318 
14.312015 
14.336179 
14.326470 
14.332636 
14.317365 
14.310064 
14.334249 
14.323616 
14.313919 
14.330133 
14.344387 
14.325906 
14.323954 
14.292099 
14.320070 
14.303744 
14.347708 
14.333003 
14.331473 
14.341924 
14.330950 
14.333791 
14.327654 
14.313131 
14.318743 
14.303703 
14.324178 
14.307720 
14.309376 
14.292554 
14.291754 
14.315472 
14.288784 
14.330353 
14.335686 
14.327962 
14.335098 
14.323713 
14.355682 
14.330791 
14.320367 
14.329595 
14.337720 
14.340875 
14.323739 
14.307217 
14.301591 
14.334560 
14.306461 
14.335293 
14.349955 
14.346600 
14.332639 
14.336402 
14.328668 
14.324607 
14.329029 
14.314972 
14.323358 
14.322298 
14.331664 
14.324462 
14.315690 
14.350875 
14.329144 
14.344362 
14.330736 
14.332104 
14.342880 
14.309596 
14.316152 
14.336736 
14.322168 
14.321266 
14.346691 
14.333230 
14.308250 
14.308728 
14.312222 
14.337427 
14.339846 
14.326025 
14.317217 
14.332013 
14.331936 
14.329333 
14.342725 
14.362733 
14.316772 
14.338722 
14.326836 
14.337696 
14.340516 
14.345964 
14.351573 
14.329192 
14.327776 
14.316749 
14.306109 
14.315192 
14.341992 
14.342561 
14.345475 
14.329005 
14.321011 
14.333526 
14.325062 
14.311804 
14.320654 
14.328481 
14.339280 
14.321626 
14.333483 
14.312570 
14.297230 
14.301884 
14.295227 
14.316237 
14.343470 
14.328258 
14.325140 
14.346345 
14.334896 
14.332108 
14.331653 
14.346291 
14.318268 
14.321005 
14.316157 
14.319615 
14.327907 
14.332442 
14.329084 
14.327325 
14.327222 
14.340521 
14.351675 
14.349137 
14.354677 
14.341262 
14.309540 
14.357411 
14.332185 
14.323083 
14.323719 
14.317445 
14.332333 
14.335041 
14.321222 
14.319083 
14.336390 
14.350291 
14.340151 
14.336624 
14.306131 
14.317258 
14.320569 
14.313087 
14.322338 
14.329989 
14.338785 
14.338306 
14.343441 
14.337205 
14.330976 
14.337991 
14.328167 
14.316989 
14.309971 
14.332370 
14.322889 
14.317108 
14.313841 
14.326362 
14.294036 
14.301269 
14.306667 
14.308483 
14.330979 
14.320924 
14.311483 
14.329055 
14.333658 
14.312587 
14.324676 
14.329989 
14.349687 
14.344233 
14.329631 
14.289579 
14.343380 
14.319115 
14.318720 
14.345051 
14.357023 
14.339387 
14.333439 
14.343388 
14.343979 
14.345562 
14.307597 
14.312656 
14.336753 
14.313177 
14.338970 
14.325285 
14.342392 
14.335080 
14.325435 
14.332484 
14.326618 
14.318663 
14.309540 
14.328979 
14.342865 
14.322590 
14.351724 
14.342161 
14.328730 
14.342538 
14.313812 
14.326383 
14.330469 
14.323848 
14.325800 
14.298230 
14.317856 
14.313410 
14.331450 
14.328039 
14.326809 
14.335511 
14.338393 
14.338280 
14.348657 
14.328725 
14.335789 
14.320211 
14.309959 
14.325501 
14.350929 
14.321051 
14.310607 
14.296913 
14.337827 
14.316356 
14.316162 
14.346731 
14.349246 
14.337676 
14.336872 
14.317399 
14.304209 
14.345987 
14.341978 
14.344744 
14.320955 
14.306453 
14.306061 
14.312433 
14.315767 
14.356691 
14.324197 
14.351746 
14.335695 
14.343521 
14.344664 
14.341659 
14.339693 
14.311666 
14.344645 
14.336824 
14.332862 
14.324689 
14.326874 
14.330772 
14.347606 
14.338575 
14.323034 
14.317194 
14.324860 
14.332111 
14.359016 
14.338406 
14.312985 
14.327782 
14.331168 
14.284559 
14.319506 
14.337841 
14.317773 
14.320439 
14.330759 
14.326385 
14.342553 
14.337022 
14.324446 
14.360007 
14.335696 
14.340269 
14.327643 
14.334854 
14.333882 
14.341045 
14.333716 
14.343020 
14.338206 
14.329435 
14.320694 
14.322559 
14.340168 
14.327815 
14.333937 
14.327994 
14.291223 
14.308492 
14.311497 
14.350467 
14.333948 
14.327545 
14.323134 
14.340356 
14.300566 
14.311444 
14.352306 
14.336695 
14.349549 
14.337731 
14.349012 
14.320655 
14.354181 
14.332471 
14.337100 
14.349814 
14.311838 
14.321194 
14.311590 
14.314718 
14.328320 
14.330522 
14.329880 
14.322554 
14.310192 
14.322249 
14.338883 
14.320627 
14.340736 
14.355982 
14.329603 
14.315620 
14.305450 
14.306672 
14.323306 
14.361077 
14.341348 
14.350530 
14.346684 
14.342813 
14.331948 
14.336395 
14.342365 
14.344583 
14.325763 
14.318569 
14.353847 
14.339746 
14.319267 
14.325869 
14.314953 
14.326308 
14.317676 
14.330928 
14.310419 
14.333809 
14.318521 
14.333535 
14.335235 
14.342424 
14.323806 
14.317716 
14.348593 
14.318927 
14.344574 
14.337812 
14.332596 
14.344080 
14.360612 
14.325875 
14.343658 
14.319982 
14.317559 
14.322632 
14.334264 
14.323497 
14.345901 
14.354710 
14.341200 
14.325012 
14.329403 
14.329017 
14.332938 
14.321200 
14.334811 
14.347907 
14.338018 
14.343238 
14.330323 
14.334067 
14.342236 
14.331699 
14.333216 
14.316269 
14.338530 
14.323617 
14.330947 
14.329754 
14.325159 
14.334946 
14.331606 
14.330257 
14.325820 
14.333475 
14.337643 
14.347226 
14.333586 
14.332857 
14.333069 
14.328602 
14.323517 
14.350171 
14.345589 
14.326721 
14.346019 
14.329943 
14.335882 
14.340982 
14.343113 
14.331121 
14.334309 
14.317823 
14.329099 
14.333821 
14.332640 
14.327283 
14.329861 
14.335294 
14.340105 
14.334422 
14.322097 
14.326191 
14.338025 
14.323450 
14.327797 
14.342456 
14.332438 
14.332962 
14.301074 
14.335667 
14.345869 
14.321532 
14.339087 
14.347142 
14.314296 
14.322525 
14.349225 
14.336576 
14.318713 
14.320714 
14.317583 
14.323314 
14.310494 
14.339665 
14.344204 
14.315227 
14.333500 
14.333198 
14.326983 
14.353751 
14.347911 
14.334025 
14.342702 
14.341962 
14.323336 
14.340997 
14.321487 
14.326981 
14.324995 
14.308797 
14.352983 
14.338408 
14.327077 
14.330438 
14.321988 
14.322441 
14.341971 
14.339182 
14.332104 
14.328381 
14.343648 
14.323448 
14.344384 
14.321479 
14.332528 
14.352788 
14.337193 
14.313360 
14.313773 
14.305097 
14.319045 
14.310731 
14.313547 
14.325516 
14.357325 
14.336018 
14.334741 
14.311035 
14.341752 
14.306380 
14.305516 
14.301840 
14.321843 
14.349704 
14.351103 
14.326184 
14.303019 
14.337972 
14.347323 
14.332593 
14.339999 
14.346776 
14.331271 
14.333823 
14.346869 
14.330984 
14.336351 
14.334264 
14.348980 
14.365886 
14.345879 
14.325121 
14.316321 
14.306005 
14.346172 
14.341759 
14.343050 
14.343870 
14.317853 
14.321798 
14.330824 
14.322060 
14.360178 
14.320727 
14.328640 
14.327297 
14.323023 
14.307297 
14.335579 
14.335659 
14.333383 
14.353479 
14.327647 
14.317545 
14.328286 
14.313764 
14.321351 
14.326375 
14.335231 
14.345597 
14.327395 
14.325043 
14.328846 
14.326321 
14.353688 
14.356628 
14.318056 
14.343126 
14.320864 
14.317989 
14.308116 
14.306968 
14.333378 
14.328084 
14.313701 
14.310376 
14.318259 
14.345496 
14.333278 
14.320562 
14.325359 
14.323212 
14.339266 
14.328514 
14.338395 
14.334472 
14.329956 
14.336886 
14.340027 
14.329065 
14.314290 
14.304322 
14.349192 
14.319195 
14.322941 
14.333765 
14.377791 
14.349647 
14.320621 
14.320899 
14.316517 
14.318543 
14.313727 
14.341065 
14.336785 
14.345154 
14.324802 
14.334764 
14.355634 
14.321160 
14.335837 
14.333953 
14.324229 
14.332484 
14.325783 
14.343349 
14.314426 
14.304904 
14.308419 
14.326114 
14.313179 
14.326998 
14.323647 
14.320076 
14.301232 
14.319107 
14.338229 
14.337685 
14.356497 
14.316541 
14.329883 
14.343655 
14.333850 
14.335966 
14.343400 
14.321140 
14.305161 
14.326917 
14.329453 
14.328107 
14.324975 
14.331185 
14.322478 
14.331033 
14.314236 
14.324447 
14.345002 
14.307758 
14.332197 
14.323095 
14.337432 
14.350781 
14.327943 
14.324635 
14.336437 
14.308928 
14.328573 
14.333325 
14.330831 
14.314713 
14.313732 
14.326118 
14.314540 
14.345918 
14.336102 
14.300124 
14.325707 
14.318513 
14.343848 
14.326699 
14.328079 
14.321050 
14.316218 
14.322675 
14.338477 
14.306517 
14.321356 
14.320747 
14.296682 
14.321786 
14.313440 
14.337866 
14.346650 
14.339244 
14.332244 
14.326456 
14.323264 
14.338155 
14.330343 
14.337080 
14.329981 
14.325860 
14.345869 
14.329434 
14.349338 
14.326283 
14.339027 
14.315049 
14.333820 
14.324819 
14.336581 
14.325792 
14.313556 
14.323354 
14.322968 
14.339526 
14.318009 
14.326900 
14.322981 
14.340698 
14.294522 
14.313737 
14.325356 
14.343738 
14.347876 
14.337392 
14.336166 
14.320986 
14.324338 
14.342196 
14.354024 
14.349157 
14.343569 
14.321068 
14.305996 
14.322858 
14.309132 
14.312459 
14.338007 
14.323184 
14.317774 
14.324268 
14.327880 
14.320185 
14.311922 
14.327804 
14.346059 
14.338769 
14.321093 
14.367182 
14.348728 
14.338963 
14.311248 
14.338718 
14.340674 
14.347703 
14.299301 
14.320470 
14.333151 
14.333775 
14.329429 
14.324595 
14.316718 
14.318555 
14.304491 
14.296784 
14.327710 
14.345430 
14.352589 
14.346257 
14.318257 
14.318292 
14.311588 
14.326154 
14.328510 
14.331493 
14.328283 
14.343609 
14.322890 
14.320067 
14.321970 
14.314624 
14.323874 
14.340664 
14.337138 
14.339574 
14.330509 
14.334162 
14.323566 
14.345702 
14.328326 
14.331961 
14.310989 
14.318642 
14.359723 
14.342887 
14.354769 
14.341046 
14.315348 
14.315363 
14.337193 
14.351551 
14.341687 
14.331457 
14.355102 
14.341149 
14.306567 
14.327690 
14.337621 
14.340404 
14.322730 
14.316791 
14.337584 
14.322668 
14.330681 
14.315509 
14.306652 
14.310162 
14.316669 
14.336952 
14.336257 
14.339460 
14.327786 
14.343460 
14.337986 
14.320556 
14.348503 
14.338525 
14.325683 
14.330602 
14.339573 
14.330435 
14.336200 
14.340653 
14.315816 
14.301979 
14.312569 
14.327825 
14.323504 
14.328938 
14.335789 
14.321093 
14.318995 
14.331563 
14.331610 
14.339270 
14.339684 
14.359194 
14.340326 
14.307314 
14.314128 
14.307616 
14.313318 
14.327599 
14.349792 
14.330977 
14.317531 
14.331666 
14.328175 
14.314434 
14.333675 
14.327717 
14.315627 
14.329803 
14.311400 
14.338194 
14.349619 
14.336115 
14.332936 
14.310783 
14.316048 
14.315373 
14.352240 
14.338488 
14.326131 
14.331589 
14.309539 
14.325874 
14.317344 
14.312437 
14.322468 
14.316643 
14.296143 
14.323995 
14.321211 
14.303681 
14.321243 
14.333163 
14.323553 
14.340846 
14.335796 
14.317879 
14.321756 
14.334987 
14.339484 
14.342332 
14.342490 
14.317712 
14.344564 
14.338157 
14.340551 
14.326227 
14.328402 
14.330545 
14.328072 
14.323263 
14.321256 
14.340347 
14.350696 
14.327899 
14.358251 
14.331866 
14.345416 
14.347361 
14.337543 
14.333936 
14.316086 
14.318145 
14.340038 
14.339296 
14.346373 
14.313229 
14.316961 
14.323433 
14.322748 
14.322563 
14.338915 
14.315116 
14.328196 
14.322677 
14.325401 
14.322936 
14.331491 
14.343892 
14.302462 
14.334909 
14.360023 
14.343579 
14.340881 
14.318205 
14.295182 
14.325761 
14.348486 
14.317637 
14.324799 
14.328893 
14.312472 
14.310319 
14.314366 
14.319207 
14.349528 
14.343890 
14.331085 
14.317504 
14.311591 
14.288669 
14.297585 
14.299604 
14.329052 
14.309147 
14.317095 
14.325612 
14.330539 
14.354687 
14.324028 
14.334387 
14.345062 
14.328863 
14.326900 
14.312341 
14.306839 
14.333671 
14.323199 
14.312612 
14.324319 
14.316010 
14.318957 
14.323949 
14.301396 
14.303174 
14.325690 
14.308346 
14.307007 
14.342049 
14.321739 
14.338682 
14.322991 
14.305803 
14.322262 
14.336912 
14.334178 
14.329013 
14.347288 
14.334759 
14.327025 
14.344023 
14.331649 
14.332655 
14.352308 
14.326848 
14.309136 
14.340573 
14.336018 
14.343846 
14.319221 
14.305818 
14.350519 
14.345555 
14.336007 
14.333174 
14.322580 
14.314394 
14.302848 
14.344480 
14.336779 
14.329620 
14.326576 
14.333829 
14.312871 
14.320510 
14.333157 
14.342589 
14.348847 
14.344147 
14.340404 
14.349695 
14.346075 
14.358625 
14.341365 
14.315269 
14.322522 
14.325613 
14.349150 
14.342983 
14.343659 
14.349933 
14.342517 
14.350323 
14.325627 
14.337955 
14.339698 
14.344099 
14.322772 
14.312633 
14.305737 
14.349254 
14.362041 
14.335784 
14.330124 
14.343184 
14.343096 
14.347256 
14.323668 
14.311626 
14.330349 
14.317370 
14.317512 
14.328827 
14.320584 
14.307501 
14.321902 
14.308236 
14.317551 
14.298634 
14.323669 
14.329739 
14.338551 
14.311482 
14.326434 
14.328515 
14.301834 
14.333996 
14.350010 
14.321719 
14.325337 
14.332271 
14.295876 
14.320469 
14.323601 
14.333992 
14.310883 
14.301995 
14.316562 
14.301486 
14.327178 
14.342574 
14.358327 
14.312451 
14.316682 
14.339062 
14.287233 
14.318697 
14.340780 
14.330177 
14.349183 
14.356291 
14.333966 
14.339092 
14.314674 
14.342365 
14.320106 
14.332751 
14.328290 
14.327245 
14.310304 
14.321475 
14.275823 
14.302432 
14.325396 
14.330410 
14.318938 
14.315578 
14.318016 
14.343413 
14.319174 
14.311987 
14.343592 
14.349225 
14.348215 
14.344394 
14.321368 
14.346399 
14.332033 
14.317894 
14.312487 
14.312570 
14.304255 
14.314875 
14.329250 
14.348951 
14.348304 
14.340168 
14.331958 
14.345709 
14.321422 
14.327269 
14.328707 
14.321222 
14.320324 
14.306462 
14.325446 
14.307023 
14.336329 
14.329991 
14.338402 
14.326550 
14.310068 
14.330745 
14.345357 
14.328768 
14.338706 
14.325503 
14.318163 
14.303630 
14.332078 
14.329431 
14.339974 
14.339127 
14.341884 
14.334832 
14.354929 
14.335692 
14.333580 
14.307821 
14.299772 
14.316339 
14.305759 
14.309415 
14.336625 
14.357585 
14.317335 
14.331805 
14.339678 
14.322933 
14.324938 
14.317745 
14.326816 
14.310792 
14.312646 
14.319281 
14.315132 
14.317505 
14.333728 
14.313253 
14.342345 
14.341718 
14.343835 
14.314867 
14.310296 
14.315130 
14.328037 
14.298492 
14.321218 
14.317703 
14.329721 
14.320993 
14.324811 
14.329772 
14.340727 
14.336032 
14.330413 
14.321776 
14.341192 
14.328562 
14.326933 
14.313942 
14.326774 
14.332948 
14.326025 
14.318225 
14.332225 
14.344743 
14.324988 
14.374700 
14.325524 
14.325632 
14.336923 
14.318426 
14.359511 
14.340862 
14.334024 
14.325262 
14.306120 
14.331039 
14.334959 
14.306827 
14.331809 
14.336077 
14.322473 
14.312623 
14.324096 
14.305747 
14.300827 
14.296298 
14.329576 
14.327302 
14.345213 
14.339421 
14.333682 
14.339518 
14.344252 
14.337629 
14.354891 
14.352876 
14.349686 
14.335422 
14.318351 
14.328837 
14.341455 
14.324620 
14.328294 
14.336347 
14.321997 
14.331234 
14.314249 
14.308189 
14.327337 
14.342012 
14.345318 
14.340574 
14.311593 
14.349503 
14.339351 
14.358340 
14.309758 
14.331091 
14.331261 
14.329131 
14.342447 
14.327618 
14.334380 
14.306142 
14.308120 
14.310775 
14.340773 
14.330353 
14.311715 
14.316669 
14.332363 
14.320943 
14.315742 
14.318653 
14.313118 
14.311126 
14.342146 
14.310559 
14.324374 
14.316081 
14.312548 
14.327253 
14.331347 
14.321749 
14.318523 
14.336395 
14.324578 
14.327635 
14.334714 
14.324897 
14.340930 
14.330843 
14.352134 
14.291400 
14.317915 
14.377045 
14.319258 
14.332009 
14.331013 
14.333569 
14.330618 
14.334584 
14.336866 
14.339791 
14.329693 
14.326151 
14.309243 
14.332334 
14.306077 
14.321074 
14.311360 
14.317567 
14.354314 
14.342514 
14.338900 
14.333219 
14.332449 
14.347726 
14.360033 
14.352707 
14.329847 
14.352160 
14.335704 
14.343328 
14.340788 
14.310094 
14.322995 
14.334613 
14.327142 
14.326274 
14.312876 
14.327869 
14.312008 
14.315395 
14.330056 
14.323854 
14.325631 
14.328015 
14.323670 
14.321826 
14.349020 
14.315854 
14.339199 
14.339351 
14.321191 
14.301290 
14.330167 
14.339153 
14.317760 
14.323193 
14.325701 
14.349728 
14.298593 
14.330432 
14.322617 
14.331178 
14.335503 
14.335775 
14.346925 
14.325871 
14.327720 
14.347043 
14.343553 
14.340702 
14.328810 
14.314046 
14.292901 
14.310099 
14.320706 
14.320831 
14.338973 
14.322272 
14.336322 
14.315198 
14.330615 
14.322623 
14.321386 
14.291366 
14.289848 
14.318258 
14.314167 
14.297963 
14.307631 
14.350475 
14.339014 
14.326076 
14.337861 
14.333152 
14.345253 
14.332019 
14.336621 
14.314961 
14.332323 
14.322989 
14.332604 
14.335726 
14.335085 
14.311089 
14.314963 
14.303906 
14.317886 
14.327786 
14.335366 
14.325313 
14.328543 
14.324308 
14.322971 
14.315560 
14.328874 
14.329130 
14.327536 
14.304746 
14.302350 
14.323749 
14.297664 
14.300445 
14.328951 
14.318990 
14.321089 
14.334894 
14.320393 
14.324511 
14.319189 
14.329410 
14.324174 
14.333466 
14.326162 
14.315504 
14.306586 
14.299180 
14.297698 
14.301596 
14.347397 
14.334233 
14.330328 
14.329080 
14.325357 
14.320265 
14.324257 
14.332161 
14.361457 
14.332226 
14.320671 
14.326895 
14.334042 
14.333198 
14.331240 
14.364882 
14.322331 
14.325510 
14.321560 
14.321661 
14.328827 
14.319859 
14.333002 
14.338796 
14.319203 
14.322288 
14.310100 
14.330536 
14.330180 
14.306914 
14.318456 
14.313091 
14.304056 
14.328585 
14.325729 
14.333272 
14.319170 
14.322100 
14.318276 
14.325600 
14.359505 
14.326335 
14.322379 
14.323829 
14.330749 
14.328188 
14.343522 
14.342800 
14.318816 
14.308471 
14.349961 
14.340875 
14.319228 
14.318175 
14.342816 
14.361011 
14.340373 
14.346234 
14.334075 
14.334328 
14.341615 
14.332042 
14.341197 
14.340613 
14.327985 
14.318534 
14.330950 
14.343570 
14.349201 
14.363567 
14.336220 
14.340936 
14.345951 
14.345250 
14.311947 
14.324168 
14.319500 
14.324793 
14.322253 
14.322473 
14.328534 
14.321172 
14.306799 
14.315776 
14.324689 
14.308667 
14.311221 
14.348321 
14.315908 
14.344977 
14.338260 
14.316991 
14.348776 
14.340064 
14.341435 
14.338251 
14.334248 
14.349773 
14.333311 
14.316770 
14.334777 
14.347711 
14.343685 
14.338607 
14.330453 
14.329784 
14.322711 
14.334286 
14.334929 
14.341984 
14.355150 
14.337055 
14.321764 
14.326045 
14.321068 
14.336260 
14.340146 
14.310618 
14.323013 
14.345317 
14.345782 
14.359826 
14.360207 
14.326069 
14.335429 
14.325188 
14.326644 
14.316853 
14.312667 
14.320606 
14.336664 
14.328005 
14.312674 
14.329729 
14.348279 
14.334282 
14.356432 
14.345637 
14.336598 
14.332053 
14.332541 
14.321223 
14.311590 
14.323244 
14.308661 
14.313047 
14.316844 
14.315703 
14.320434 
14.329368 
14.320194 
14.309931 
14.322646 
14.344223 
14.347910 
14.335355 
14.326691 
14.313778 
14.328945 
14.341999 
14.339378 
14.347986 
14.329525 
14.306809 
14.328973 
14.331328 
14.328913 
14.314423 
14.316937 
14.329542 
14.333961 
14.343422 
14.324370 
14.334077 
14.318084 
14.305096 
14.333032 
14.343823 
14.310421 
14.311694 
14.330134 
14.316491 
14.313071 
14.324808 
14.343671 
14.331426 
14.335790 
14.304191 
14.318566 
14.334870 
14.326975 
14.316006 
14.315250 
14.326505 
14.323252 
14.293607 
14.298675 
14.333139 
14.343454 
14.315632 
14.333838 
14.312415 
14.315128 
14.305130 
14.324625 
14.326148 
14.335633 
14.321356 
14.322269 
14.325508 
14.315711 
14.335727 
14.337834 
14.368268 
14.353490 
14.331971 
14.336924 
14.308516 
14.312033 
14.340034 
14.350116 
14.346426 
14.348070 
14.357191 
14.354330 
14.341158 
14.316609 
14.314189 
14.285185 
14.315758 
14.316597 
14.310067 
14.325144 
14.326141 
14.330749 
14.341771 
14.321476 
14.323460 
14.319944 
14.315872 
14.338474 
14.315411 
14.321878 
14.328587 
14.317711 
14.315390 
14.341188 
14.349171 
14.312415 
14.341456 
14.350617 
14.352292 
14.331554 
14.341365 
14.294596 
14.303791 
14.333359 
14.333564 
14.303493 
14.322212 
14.332097 
14.326462 
14.359314 
14.350018 
14.333057 
14.329653 
14.341474 
14.328308 
14.322141 
14.321583 
14.309772 
14.320933 
14.326295 
14.323761 
14.334479 
14.359243 
14.338379 
14.325565 
14.334276 
14.334722 
14.338303 
14.322021 
14.317324 
14.319445 
14.332746 
14.341004 
14.322183 
14.344245 
14.343492 
14.328422 
14.315120 
14.324312 
14.330463 
14.357803 
14.344222 
14.331912 
14.329236 
14.351337 
14.327001 
14.310987 
14.319820 
14.309106 
14.334223 
14.351438 
14.346356 
14.325172 
14.322776 
14.308333 
14.322919 
14.339259 
14.335229 
14.326309 
14.337792 
14.327710 
14.318554 
14.339578 
14.320162 
14.320823 
14.323583 
14.333043 
14.323300 
14.343130 
14.341325 
14.341341 
14.320338 
14.326283 
14.309875 
14.340687 
14.322431 
14.326358 
14.318454 
14.336398 
14.333499 
14.343374 
14.344958 
14.333093 
14.345437 
14.340417 
14.312785 
14.336162 
14.356860 
14.328485 
14.322393 
14.333860 
14.328797 
14.317602 
14.301328 
14.316213 
14.328466 
14.324612 
14.334039 
14.347453 
14.327545 
14.327368 
14.356632 
14.348642 
14.350093 
14.334851 
14.327577 
14.346541 
14.352942 
14.368190 
14.335689 
14.349350 
14.318316 
14.312194 
14.326729 
14.321145 
14.293010 
14.333833 
14.328012 
14.315436 
14.312662 
14.338920 
14.350755 
14.312059 
14.295989 
14.307792 
14.309120 
14.331485 
14.337831 
14.289103 
14.343292 
14.337923 
14.329100 
14.311613 
14.332928 
14.312209 
14.321632 
14.323261 
14.340477 
14.343354 
14.322487 
14.323722 
14.339225 
14.344009 
14.338849 
14.307333 
14.333146 
14.315115 
14.331237 
14.316347 
14.321927 
14.335226 
14.333114 
14.329939 
14.328677 
14.321265 
14.316625 
14.304241 
14.339603 
14.332860 
14.352442 
14.337036 
14.320454 
14.312589 
14.334258 
14.330064 
14.312293 
14.311682 
14.334882 
14.335992 
14.353006 
14.354775 
14.352712 
14.317201 
14.315646 
14.303198 
14.335692 
14.312539 
14.283947 
14.311219 
14.307832 
14.337121 
14.306882 
14.343163 
14.316752 
14.319284 
14.340300 
14.326188 
14.312184 
14.337759 
14.341226 
14.328354 
14.306216 
14.324378 
14.330329 
14.333149 
14.294877 
14.320243 
14.333223 
14.336474 
14.323447 
14.331597 
14.326029 
14.332656 
14.319294 
14.320976 
14.328976 
14.305786 
14.340440 
14.317030 
14.331365 
14.348182 
14.319529 
14.305405 
14.315277 
14.314189 
14.333009 
14.327323 
14.333232 
14.323059 
14.340395 
14.324331 
14.320857 
14.326024 
14.329792 
14.300193 
14.353103 
14.349311 
14.320817 
14.326019 
14.337601 
14.342654 
14.340957 
14.330541 
14.325008 
14.326076 
14.333541 
14.336628 
14.341467 
14.333347 
14.335823 
14.319841 
14.321613 
14.327638 
14.341596 
14.342222 
14.345769 
14.336296 
14.307288 
14.338543 
14.316511 
14.325935 
14.349733 
14.335905 
14.339347 
14.310090 
14.315338 
14.288432 
14.326799 
14.318612 
14.315880 
14.331668 
14.331868 
14.350204 
14.327161 
14.331353 
14.340061 
14.308215 
14.317511 
14.339483 
14.331297 
14.349008 
14.356397 
14.344267 
14.349935 
14.319599 
14.349511 
14.330801 
14.345922 
14.352187 
14.350041 
14.368293 
14.347116 
14.341647 
14.361337 
14.347612 
14.332066 
14.345278 
14.329550 
14.336642 
14.343823 
14.331767 
14.334255 
14.326708 
14.315270 
14.326117 
14.339941 
14.321418 
14.321756 
14.335441 
14.334179 
14.322888 
14.315655 
14.309051 
14.311253 
14.341050 
14.353946 
14.343502 
14.348497 
14.335373 
14.336372 
14.344865 
14.354041 
14.324275 
14.322485 
14.325393 
14.346446 
14.330011 
14.323545 
14.307263 
14.328577 
14.326977 
14.317486 
14.318535 
14.325547 
14.309240 
14.331374 
14.334194 
14.328053 
14.346569 
14.328134 
14.340984 
14.334426 
14.336292 
14.320500 
14.328570 
14.322755 
14.323363 
14.313782 
14.310760 
14.318655 
14.316926 
14.325402 
14.332477 
14.338385 
14.337148 
14.365178 
14.349346 
14.355094 
14.359392 
14.362646 
14.337212 
14.324192 
14.305122 
14.330690 
14.289196 
14.309190 
14.289214 
14.330509 
14.334050 
14.338671 
14.322038 
14.337434 
14.342597 
14.318577 
14.342485 
14.338519 
14.337500 
14.328887 
14.308985 
14.321964 
14.321198 
14.328301 
14.332114 
14.310593 
14.333784 
14.342384 
14.323384 
14.295050 
14.340675 
14.324096 
14.335556 
14.335141 
14.358182 
14.346577 
14.344103 
14.312905 
14.311148 
14.310127 
14.318550 
14.319386 
14.337407 
14.347737 
14.334391 
14.322182 
14.335568 
14.330369 
14.327629 
14.327181 
14.350766 
14.349110 
14.326448 
14.334558 
14.346991 
14.346063 
14.349787 
14.363207 
14.359050 
14.318939 
14.340617 
14.347611 
14.334095 
14.341230 
14.343554 
14.325177 
14.343713 
14.344362 
14.319102 
14.327165 
14.312349 
14.347120 
14.307332 
14.332520 
14.343578 
14.326879 
14.332439 
14.316652 
14.339760 
14.315311 
14.298087 
14.308089 
14.318920 
14.303770 
14.300861 
14.321338 
14.349444 
14.327267 
14.364858 
14.345191 
14.325124 
14.343204 
14.329100 
14.310561 
14.337523 
14.350872 
14.326429 
14.362598 
14.351364 
14.333430 
14.336235 
14.344812 
14.344759 
14.368646 
14.348770 
14.320577 
14.345463 
14.336108 
14.332238 
14.323722 
14.340031 
14.355392 
14.317779 
14.356010 
14.341117 
14.353672 
14.331778 
14.346016 
14.348564 
14.333108 
14.320715 
14.329182 
14.309760 
14.318261 
14.330751 
14.330209 
14.326564 
14.317704 
14.326923 
14.332090 
14.327039 
14.319345 
14.327283 
14.332661 
14.329220 
14.336003 
14.329506 
14.344700 
14.361970 
14.317224 
14.326135 
14.304975 
14.313831 
14.308888 
14.322714 
14.334312 
14.321215 
14.313666 
14.344143 
14.317944 
14.343173 
14.330163 
14.351533 
14.336199 
14.316374 
14.310564 
14.320171 
14.335055 
14.329265 
14.329598 
14.332210 
14.310776 
14.328606 
14.336728 
14.313255 
14.313053 
14.332726 
14.337310 
14.348834 
14.312055 
14.356108 
14.331738 
14.341482 
14.311525 
14.328337 
14.325232 
14.333306 
14.330892 
14.315770 
14.324220 
14.338918 
14.337880 
14.334240 
14.346623 
14.328619 
14.321649 
14.322512 
14.329066 
14.334019 
14.340072 
14.333990 
14.342149 
14.335805 
14.337374 
14.329568 
14.336136 
14.314964 
14.308667 
14.320218 
14.324490 
14.352399 
14.363394 
14.345156 
14.328438 
14.346384 
14.312577 
14.346133 
14.355220 
14.320778 
14.326921 
14.343786 
14.342878 
14.334137 
14.320815 
14.355345 
14.356175 
14.354431 
14.339326 
14.314656 
14.305420 
14.309610 
14.326949 
14.326791 
14.324767 
14.346047 
14.318646 
14.332849 
14.296752 
14.296051 
14.327536 
14.342198 
14.315312 
14.317212 
14.349125 
14.328630 
14.334612 
14.338024 
14.329616 
14.330630 
14.312393 
14.327829 
14.332838 
14.352655 
14.366001 
14.337722 
14.337316 
14.325942 
14.338034 
14.338656 
14.350735 
14.329569 
14.313074 
14.322111 
14.301938 
14.331576 
14.333680 
14.319510 
14.316094 
14.356755 
14.353961 
14.343431 
14.328057 
14.333086 
14.311757 
14.310693 
14.337262 
14.323823 
14.314398 
14.345005 
14.339898 
14.332163 
14.339597 
14.335530 
14.336229 
14.339158 
14.341783 
14.341135 
14.355501 
14.330734 
14.321466 
14.328561 
14.322278 
14.332298 
14.336357 
14.328091 
14.327205 
14.330933 
14.315736 
14.320625 
14.358524 
14.355439 
14.338299 
14.355156 
14.327714 
14.317377 
14.333881 
14.333880 
14.326457 
14.347887 
14.347510 
14.343017 
14.347498 
14.322467 
14.315722 
14.335757 
14.335258 
14.327554 
14.351502 
14.337317 
14.349776 
14.345098 
14.339716 
14.336748 
14.357896 
14.315577 
14.288671 
14.328019 
14.328946 
14.306944 
14.322332 
14.340042 
14.368296 
14.341395 
14.341204 
14.333828 
14.337842 
14.326814 
14.347990 
14.367820 
14.353088 
14.323874 
14.316675 
14.334768 
14.345404 
14.332402 
14.299772 
14.307523 
14.319898 
14.307677 
14.320854 
14.318339 
14.343593 
14.326817 
14.341753 
14.334759 
14.341419 
14.337276 
14.340352 
14.345124 
14.347185 
14.343976 
14.345493 
14.334065 
14.328234 
14.344713 
14.348245 
14.335616 
14.339756 
14.309214 
14.322759 
14.316102 
14.317619 
14.294685 
14.315705 
14.328546 
14.316315 
14.315525 
14.335380 
14.338177 
14.315420 
14.327503 
14.323263 
14.322776 
14.319963 
14.318840 
14.326835 
14.328786 
14.316996 
14.324185 
14.329634 
14.329583 
14.326442 
14.346921 
14.317947 
14.333140 
14.334974 
14.349478 
14.331368 
14.345498 
14.361810 
14.346182 
14.344149 
14.330931 
14.334830 
14.317142 
14.325142 
14.338986 
14.340498 
14.318295 
14.313186 
14.355166 
14.342134 
14.330229 
14.325407 
14.329081 
14.307135 
14.300657 
14.333887 
14.338548 
14.342258 
14.342424 
14.312062 
14.348123 
14.321958 
14.358482 
14.307135 
14.325791 
14.321645 
14.332442 
14.325236 
14.340215 
14.292435 
14.305798 
14.310022 
14.327840 
14.326366 
14.326607 
14.303591 
14.376872 
14.365119 
14.343146 
14.345217 
14.311822 
14.304484 
14.311508 
14.358413 
14.345552 
14.315723 
14.302278 
14.319766 
14.305673 
14.310901 
14.317545 
14.303677 
14.327565 
14.346395 
14.318542 
14.332739 
14.330810 
14.322712 
14.339840 
14.345116 
14.346327 
14.346992 
14.351471 
14.337249 
14.318227 
14.322491 
14.315353 
14.336277 
14.324324 
14.312610 
14.319620 
14.317352 
14.313080 
14.337919 
14.348761 
14.347056 
14.344855 
14.343146 
14.320566 
14.334385 
14.352276 
14.347687 
14.327317 
14.313975 
14.312997 
14.311315 
14.315075 
14.319598 
14.322702 
14.327212 
14.343938 
14.325295 
14.344491 
14.331690 
14.328709 
14.338881 
14.325750 
14.314390 
14.323461 
14.322066 
14.315811 
14.327209 
14.332035 
14.337468 
14.333275 
14.352165 
14.346311 
14.325331 
14.338352 
14.311094 
14.331555 
14.327024 
14.334956 
14.325608 
14.331320 
14.308423 
14.358868 
14.336188 
14.339457 
14.332688 
14.336799 
14.339824 
14.357190 
14.342335 
14.303169 
14.326043 
14.337980 
14.348371 
14.336128 
14.316110 
14.328671 
14.328254 
14.326479 
14.300220 
14.325160 
14.324803 
14.333054 
14.336954 
14.365041 
14.358777 
14.337188 
14.339593 
14.338291 
14.336531 
14.348124 
14.332924 
14.327336 
14.338851 
14.319986 
14.304561 
14.353768 
14.321956 
14.331063 
14.333986 
14.343047 
14.313633 
14.316501 
14.322890 
14.324148 
14.347369 
14.333102 
14.327084 
14.322535 
14.332797 
14.343884 
14.340188 
14.307763 
14.320006 
14.319397 
14.303000 
14.330813 
14.337224 
14.349991 
14.333752 
14.327514 
14.335417 
14.311102 
14.303604 
14.312616 
14.308428 
14.306707 
14.318646 
14.313169 
14.320215 
14.344224 
14.315488 
14.319362 
14.319296 
14.336401 
14.342088 
14.347117 
14.349376 
14.339300 
14.353509 
14.347549 
14.350315 
14.314054 
14.312933 
14.322166 
14.325650 
14.324954 
14.330135 
14.341400 
14.338670 
14.332527 
14.341675 
14.331657 
14.332590 
14.320028 
14.337441 
14.334817 
14.321766 
14.306809 
14.326555 
14.332621 
14.324308 
14.343775 
14.310529 
14.301620 
14.316866 
14.319710 
14.333373 
14.318550 
14.337780 
14.324536 
14.324641 
14.328866 
14.331236 
14.335447 
14.342390 
14.323280 
14.326887 
14.316502 
14.327587 
14.347957 
14.345514 
14.329499 
14.340568 
14.332360 
14.336798 
14.321323 
14.331566 
14.331478 
14.310074 
14.344076 
14.326401 
14.313609 
14.323824 
14.328409 
14.311782 
14.319976 
14.317791 
14.336072 
14.347521 
14.323955 
14.319509 
14.314984 
14.353182 
14.334117 
14.340176 
14.338191 
14.312286 
14.347932 
14.329041 
14.303608 
14.315705 
14.357706 
14.330104 
14.320076 
14.325358 
14.337805 
14.325929 
14.319967 
14.333703 
14.346704 
14.319718 
14.312864 
14.318151 
14.302369 
14.323305 
14.312347 
14.323193 
14.322563 
14.313057 
14.317679 
14.302481 
14.317391 
14.325813 
14.341906 
14.329714 
14.327156 
14.338969 
14.336089 
14.312176 
14.336042 
14.361546 
14.326470 
14.311279 
14.312914 
14.314222 
14.318977 
14.333392 
14.338146 
14.316598 
14.332284 
14.304271 
14.326063 
14.325630 
14.313199 
14.320100 
14.314502 
14.323283 
14.328810 
14.302415 
14.328113 
14.301731 
14.340824 
14.333631 
14.351544 
14.343678 
14.318463 
14.338816 
14.337832 
14.352306 
14.336364 
14.347273 
14.318426 
14.314452 
14.297908 
14.317884 
14.305717 
14.302129 
14.322499 
14.337612 
14.366941 
14.323768 
14.315218 
14.354954 
14.312886 
14.329022 
14.341940 
14.308227 
14.329707 
14.318588 
14.324744 
14.327112 
14.336082 
14.329634 
14.352013 
14.331739 
14.338391 
14.334732 
14.331429 
14.290760 
14.306817 
14.330328 
14.331176 
14.331900 
14.320337 
14.334998 
14.338381 
14.343307 
14.330634 
14.312768 
14.330223 
14.342184 
14.330312 
14.342488 
14.359750 
14.353621 
14.337788 
14.333072 
14.351315 
14.321046 
14.306085 
14.339435 
14.315890 
14.346593 
14.368460 
14.355461 
14.322701 
14.305894 
14.357632 
14.333979 
14.319098 
14.347614 
14.366750 
14.340427 
14.330646 
14.339707 
14.335095 
14.331456 
14.330065 
14.333766 
14.326871 
14.304163 
14.312123 
14.326334 
14.332313 
14.324940 
14.340315 
14.342767 
14.326292 
14.328651 
14.304958 
14.313943 
14.322334 
14.331568 
14.309088 
14.351776 
14.330907 
14.335560 
14.329854 
14.329963 
14.350319 
14.333755 
14.331597 
14.335529 
14.325367 
14.305720 
14.312623 
14.316650 
14.343457 
14.327909 
14.323912 
14.327268 
14.338598 
14.326945 
14.327969 
14.334645 
14.313699 
14.319755 
14.332882 
14.325393 
14.338596 
14.345824 
14.338094 
14.316243 
14.312055 
14.319460 
14.324412 
14.331959 
14.343576 
14.320950 
14.325566 
14.362973 
14.344433 
14.320735 
14.354657 
14.333317 
14.313090 
14.350845 
14.345055 
14.323162 
14.309472 
14.325716 
14.316192 
14.313575 
14.343146 
14.321892 
14.346923 
14.344666 
14.364310 
14.341744 
14.316738 
14.308874 
14.297691 
14.324137 
14.322577 
14.325776 
14.304680 
14.306918 
14.343825 
14.313727 
14.330697 
14.335792 
14.341978 
14.330063 
14.318852 
14.328782 
14.321390 
14.335720 
14.340285 
14.310197 
14.338512 
14.325951 
14.324462 
14.303569 
14.337393 
14.342658 
14.333166 
14.329861 
14.323748 
14.319657 
14.328842 
14.326863 
14.310995 
14.313676 
14.315795 
14.320200 
14.341667 
14.344850 
14.340417 
14.334164 
14.316058 
14.325492 
14.315258 
14.342235 
14.351275 
14.338236 
14.306772 
14.325267 
14.312543 
14.307661 
14.334436 
14.335380 
14.334248 
14.343692 
14.345867 
14.334421 
14.320183 
14.326252 
14.335676 
14.367494 
14.341713 
14.347218 
14.353363 
14.337796 
14.331403 
14.336792 
14.346397 
14.316328 
14.326725 
14.327127 
14.339701 
14.339973 
14.336692 
14.335635 
14.344349 
14.369157 
14.345488 
14.340299 
14.349998 
14.339832 
14.336959 
14.337008 
14.325735 
14.325763 
14.333553 
14.335818 
14.303790 
14.347773 
14.332337 
14.317121 
14.324293 
14.302001 
14.318722 
14.319577 
14.332506 
14.323852 
14.308635 
14.315872 
14.316082 
14.313282 
14.338475 
14.279595 
14.330659 
14.336302 
14.342563 
14.333871 
14.340455 
14.318084 
14.307733 
14.334478 
14.329811 
14.324799 
14.332303 
14.320609 
14.350836 
14.360944 
14.331537 
14.357233 
14.344135 
14.333394 
14.323842 
14.328300 
14.337778 
14.341199 
14.346479 
14.321640 
14.308825 
14.289487 
14.311700 
14.325515 
14.342689 
14.340537 
14.309450 
14.310909 
14.334162 
14.355489 
14.330236 
14.335769 
14.338632 
14.324686 
14.325842 
14.317548 
14.316245 
14.341518 
14.343782 
14.325668 
14.328919 
14.346355 
14.320405 
14.319018 
14.325224 
14.320076 
14.319830 
14.320880 
14.302101 
14.345725 
14.334886 
14.329136 
14.336672 
14.320007 
14.325203 
14.340193 
14.327410 
14.338690 
14.332066 
14.360076 
14.341770 
14.320257 
14.336191 
14.341010 
14.318323 
14.344350 
14.317347 
14.323139 
14.337175 
14.337408 
14.323601 
14.313980 
14.325055 
14.343134 
14.336003 
14.324696 
14.355302 
14.323249 
14.326758 
14.314923 
14.335140 
14.311960 
14.335635 
14.325502 
14.329857 
14.321109 
14.334219 
14.303975 
14.307467 
14.309452 
14.303630 
14.294788 
14.317263 
14.343626 
14.337617 
14.340413 
14.349017 
14.340701 
14.338566 
14.331732 
14.306745 
14.350463 
14.341682 
14.336037 
14.330173 
14.339965 
14.319121 
14.322259 
14.325299 
14.326492 
14.343256 
14.351292 
14.313171 
14.319606 
14.324132 
14.325774 
14.347920 
14.347657 
14.327208 
14.320851 
14.306345 
14.308063 
14.321952 
14.332609 
14.350022 
14.330417 
14.337879 
14.299482 
14.324521 
14.301590 
14.299281 
14.325251 
14.318427 
14.330544 
14.322837 
14.318262 
14.324275 
14.346854 
14.341926 
14.351222 
14.334925 
14.334494 
14.310725 
14.323868 
14.315658 
14.324786 
14.353759 
14.330339 
14.322881 
14.317641 
14.321888 
14.325604 
14.338624 
14.336797 
14.335436 
14.327468 
14.317350 
14.361463 
14.355859 
14.320260 
14.330204 
14.361201 
14.325863 
14.318462 
14.333564 
14.334835 
14.325622 
14.325031 
14.309550 
14.309677 
14.328096 
14.325987 
14.334884 
14.318793 
14.311907 
14.299370 
14.318330 
14.323771 
14.302496 
14.314422 
14.324549 
14.356085 
14.335554 
14.346609 
14.313819 
14.317166 
14.323499 
14.310845 
14.312296 
14.316364 
14.319925 
14.323080 
14.325932 
14.349186 
14.333152 
14.332348 
14.340223 
14.348314 
14.344572 
14.325359 
14.346651 
14.346121 
14.331674 
14.329470 
14.342037 
14.339358 
14.327810 
14.324540 
14.338119 
14.352959 
14.343231 
14.311561 
14.359983 
14.348999 
14.333102 
14.347510 
14.331828 
14.342613 
14.313416 
14.352481 
14.344714 
14.338040 
14.348102 
14.345699 
14.308883 
14.347437 
14.328315 
14.318440 
14.315588 
14.325582 
14.328277 
14.332581 
14.329147 
14.322630 
14.348450 
14.317981 
14.331226 
14.327613 
14.318470 
14.334228 
14.328782 
14.343145 
14.335742 
14.368014 
14.330842 
14.317380 
14.306508 
14.317128 
14.305984 
14.336922 
14.356813 
14.324235 
14.329871 
14.351819 
14.352444 
14.326241 
14.302861 
14.339646 
14.324604 
14.342975 
14.322419 
14.317942 
14.309686 
14.338916 
14.338542 
14.305910 
14.331818 
14.302854 
14.349035 
14.311663 
14.317232 
14.325263 
14.328862 
14.314708 
14.308771 
14.350662 
14.344640 
14.329826 
14.299562 
14.323488 
14.314402 
14.315427 
14.352570 
14.349660 
14.331623 
14.327084 
14.343346 
14.328680 
14.330179 
14.352218 
14.352173 
14.365334 
14.338186 
14.295591 
14.267402 
14.317176 
14.310563 
14.313885 
14.325250 
14.322432 
14.326949 
14.340423 
14.328479 
14.324208 
14.302786 
14.320647 
14.320754 
14.319701 
14.334003 
14.346610 
14.359393 
14.344121 
14.336436 
14.333743 
14.307039 
14.320473 
14.330292 
14.328327 
14.313994 
14.306516 
14.329521 
14.335678 
14.314942 
14.300687 
14.316849 
14.313738 
14.331652 
14.342436 
14.344000 
14.335796 
14.344300 
14.332499 
14.323598 
14.322255 
14.310430 
14.328087 
14.314927 
14.322143 
14.320682 
14.329376 
14.308992 
14.332508 
14.326374 
14.336159 
14.319553 
14.321386 
14.350308 
14.347204 
14.357513 
14.323787 
14.316423 
14.347258 
14.324362 
14.338799 
14.331682 
14.337438 
14.328275 
14.319521 
14.323429 
14.308342 
14.309958 
14.324558 
14.351300 
14.322893 
14.337574 
14.306763 
14.323512 
14.323989 
14.338499 
14.288201 
14.331530 
14.324965 
14.311743 
14.309442 
14.323150 
14.335325 
14.338946 
14.322072 
14.320537 
14.294866 
14.316183 
14.321514 
14.338633 
14.338659 
14.313432 
14.327903 
14.323691 
14.342562 
14.331127 
14.326283 
14.322440 
14.338135 
14.340887 
14.306026 
14.325503 
14.315990 
14.296327 
14.338601 
14.322476 
14.347380 
14.343534 
14.339806 
14.336624 
14.314436 
14.337445 
14.327383 
14.331308 
14.327513 
14.344174 
14.308935 
14.326371 
14.341536 
14.349689 
14.339461 
14.317144 
14.314168 
14.316697 
14.345518 
14.329362 
14.329558 
14.329035 
14.331166 
14.340759 
14.331272 
14.312773 
14.298411 
14.335331 
14.336563 
14.310356 
14.302027 
14.335229 
14.337343 
14.344989 
14.364157 
14.330949 
14.334690 
14.368364 
14.335454 
14.338548 
14.323834 
14.337550 
14.311676 
14.336854 
14.332603 
14.321794 
14.340272 
14.320308 
14.307676 
14.328375 
14.328805 
14.331586 
14.331078 
14.353551 
14.325472 
14.328512 
14.328111 
14.350305 
14.352915 
14.318045 
14.318770 
14.311752 
14.299030 
14.315341 
14.326416 
14.308702 
14.308235 
14.340620 
14.329639 
14.315923 
14.318982 
14.306376 
14.325624 
14.304135 
14.317124 
14.323532 
14.295305 
14.344462 
14.337117 
14.336457 
14.323589 
14.335258 
14.333583 
14.306293 
14.340475 
14.327465 
14.312249 
14.344931 
14.338574 
14.338365 
14.341888 
14.343170 
14.324260 
14.322752 
14.349059 
14.348051 
14.312796 
14.339640 
14.302295 
14.338344 
14.306265 
14.320022 
14.325302 
14.321280 
14.318814 
14.328293 
14.337856 
14.335224 
14.320974 
14.319700 
14.313184 
14.298495 
14.320654 
14.363408 
14.353438 
14.337566 
14.325154 
14.323003 
14.329194 
14.328354 
14.327696 
14.327834 
14.319140 
14.316878 
14.337820 
14.329427 
14.326069 
14.353981 
14.349963 
14.334729 
14.346018 
14.335092 
14.329782 
14.330737 
14.317691 
14.321150 
14.330183 
14.332318 
14.347893 
14.318257 
14.319141 
14.304763 
14.328559 
14.332580 
14.335325 
14.333010 
14.318178 
14.321699 
14.314409 
14.315060 
14.291681 
14.328934 
14.357691 
14.342827 
14.321446 
14.320036 
14.312740 
14.298033 
14.314597 
14.297760 
14.314706 
14.335272 
14.305325 
14.308137 
14.332816 
14.325119 
14.330117 
14.337924 
14.330210 
14.331607 
14.340434 
14.318061 
14.335400 
14.334250 
14.329802 
14.348475 
14.335257 
14.341012 
14.340305 
14.319130 
14.320429 
14.333815 
14.364749 
14.353897 
14.333911 
14.339339 
14.325669 
14.317533 
14.322432 
14.334777 
14.337777 
14.312479 
14.317166 
14.337568 
14.329465 
14.329891 
14.348240 
14.319877 
14.336305 
14.314962 
14.304908 
14.316929 
14.319144 
14.324686 
14.330490 
14.335294 
14.331030 
14.344272 
14.348066 
14.351751 
14.317472 
14.320292 
14.308808 
14.342322 
14.328743 
14.311272 
14.341444 
14.334653 
14.333035 
14.362343 
14.326602 
14.314962 
14.337782 
14.328960 
14.320497 
14.325620 
14.344977 
14.335921 
14.326787 
14.313748 
14.319394 
14.319033 
14.342649 
14.355888 
14.345007 
14.351678 
14.347238 
14.332214 
14.316326 
14.311145 
14.328108 
14.321492 
14.326596 
14.304187 
14.317864 
14.335385 
14.348992 
14.329578 
14.333196 
14.362998 
14.329104 
14.336760 
14.312991 
14.318951 
14.329331 
14.316036 
14.322957 
14.313901 
14.351664 
14.349241 
14.341920 
14.310899 
14.301600 
14.327707 
14.333250 
14.357971 
14.320407 
14.298661 
14.314697 
14.314968 
14.330535 
14.332730 
14.313585 
14.320578 
14.337796 
14.355336 
14.344770 
14.333063 
14.325468 
14.334564 
14.340154 
14.337210 
14.331156 
14.315041 
14.330124 
14.349031 
14.344461 
14.331892 
14.312982 
14.327509 
14.311639 
14.319826 
14.331809 
14.333498 
14.324361 
14.351505 
14.352047 
14.335569 
14.336390 
14.337407 
14.347287 
14.327378 
14.330720 
14.321364 
14.335833 
14.314622 
14.321747 
14.315767 
14.349042 
14.337421 
14.305649 
14.323905 
14.357349 
14.355844 
14.357717 
14.335086 
14.333409 
14.350550 
14.296954 
14.308841 
14.326136 
14.348071 
14.368207 
14.340078 
14.333269 
14.324001 
14.327438 
14.319783 
14.333892 
14.328522 
14.317640 
14.333636 
14.332478 
14.326452 
14.322399 
14.310239 
14.331632 
14.336188 
14.344540 
14.338484 
14.344690 
14.356567 
14.352396 
14.361927 
14.355684 
14.331101 
14.347197 
14.316514 
14.350462 
14.326294 
14.313186 
14.305135 
14.323626 
14.327431 
14.341845 
14.334325 
14.317908 
14.314002 
14.318388 
14.335372 
14.329812 
14.347760 
14.337073 
14.335135 
14.329897 
14.339802 
14.341765 
14.316361 
14.312270 
14.325208 
14.349520 
14.334910 
14.333129 
14.348779 
14.349932 
14.342681 
14.342358 
14.349660 
14.334016 
14.321349 
14.324563 
14.300715 
14.334212 
14.326388 
14.301752 
14.324095 
14.318470 
14.343852 
14.339748 
14.330513 
14.331711 
14.342589 
14.351001 
14.326990 
14.349924 
14.330072 
14.321672 
14.328893 
14.317057 
14.340565 
14.344221 
14.367953 
14.338436 
14.329311 
14.330048 
14.330472 
14.316300 
14.313569 
14.320079 
14.329325 
14.339338 
14.355570 
14.347792 
14.315082 
14.328057 
14.311151 
14.318486 
14.326207 
14.310836 
14.330199 
14.340548 
14.306397 
14.297569 
14.315721 
14.317819 
14.335622 
14.316502 
14.341257 
14.325378 
14.322819 
14.335239 
14.313297 
14.318080 
14.314332 
14.330673 
14.308059 
14.319038 
14.366905 
14.351970 
14.353700 
14.331713 
14.338421 
14.313837 
14.303173 
14.315018 
14.328012 
14.323136 
14.322528 
14.345977 
14.320674 
14.353412 
14.335565 
14.355888 
14.348442 
14.357587 
14.315882 
14.350336 
14.350119 
14.298844 
14.324103 
14.331360 
14.327879 
14.366747 
14.357767 
14.337457 
14.341803 
14.343737 
14.353915 
14.344303 
14.331469 
14.333418 
14.353062 
14.348036 
14.335047 
14.326546 
14.317919 
14.335058 
14.355987 
14.335754 
14.318580 
14.339938 
14.322786 
14.322598 
14.344566 
14.347795 
14.327163 
14.347705 
14.331302 
14.331199 
14.336180 
14.325244 
14.317200 
14.357494 
14.341257 
14.340297 
14.309445 
14.340724 
14.339083 
14.337678 
14.349991 
14.338257 
14.302737 
14.340553 
14.339499 
14.344762 
14.347323 
14.347531 
14.343512 
14.366454 
14.342975 
14.332425 
14.326350 
14.311903 
14.316588 
14.329696 
14.320695 
14.322323 
14.336881 
14.339224 
14.333558 
14.340784 
14.326060 
14.326707 
14.296934 
14.336999 
14.350617 
14.313551 
14.320370 
14.325608 
14.328102 
14.328972 
14.328750 
14.321512 
14.321198 
14.356882 
14.353755 
14.340106 
14.337173 
14.327312 
14.314848 
14.338254 
14.344886 
14.322585 
14.320973 
14.348849 
14.306408 
14.303894 
14.301476 
14.328461 
14.327023 
14.332061 
14.329219 
14.325492 
14.336700 
14.324605 
14.304164 
14.326092 
14.326149 
14.338106 
14.329304 
14.339748 
14.316648 
14.327119 
14.325104 
14.328746 
14.310830 
14.320906 
14.327773 
14.309152 
14.309340 
14.321091 
14.316378 
14.319644 
14.349809 
14.345092 
14.303851 
14.323828 
14.344990 
14.338525 
14.331287 
14.319727 
14.342425 
14.338922 
14.337877 
14.350228 
14.324815 
14.322162 
14.335494 
14.307777 
14.347603 
14.327183 
14.317193 
14.314661 
14.299735 
14.315016 
14.314644 
14.341460 
14.326961 
14.313496 
14.335482 
14.344624 
14.322991 
14.321781 
14.329584 
14.342196 
14.314491 
14.323399 
14.324816 
14.324192 
14.324862 
14.326804 
14.342023 
14.310980 
14.329994 
14.310434 
14.313839 
14.327194 
14.313906 
14.334152 
14.328165 
14.338812 
14.343186 
14.331247 
14.328790 
14.339801 
14.333572 
14.333460 
14.334453 
14.345488 
14.320106 
14.298597 
14.341387 
14.322641 
14.335686 
14.339324 
14.310739 
14.332993 
14.313086 
14.298644 
14.336129 
14.332953 
14.334657 
14.325056 
14.297774 
14.318500 
14.335712 
14.334659 
14.344930 
14.336364 
14.339738 
14.344385 
14.345953 
14.355440 
14.355932 
14.331246 
14.333535 
14.337535 
14.318390 
14.303131 
14.338177 
14.326319 
14.305549 
14.324909 
14.331783 
14.346827 
14.356386 
14.329902 
14.318233 
14.313497 
14.310203 
14.311173 
14.321985 
14.299246 
14.308221 
14.335675 
14.344027 
14.349858 
14.331923 
14.323026 
14.302320 
14.302782 
14.340378 
14.330373 
14.339321 
14.327414 
14.311518 
14.304890 
14.332493 
14.328829 
14.308263 
14.301891 
14.326547 
14.331314 
14.316928 
14.347957 
14.338962 
14.325392 
14.352805 
14.338629 
14.312216 
14.325151 
14.335565 
14.334725 
14.323863 
14.316038 
14.284852 
14.338660 
14.347127 
14.346957 
14.324365 
14.343010 
14.322663 
14.323117 
14.333969 
14.351414 
14.327555 
14.356607 
14.328111 
14.321419 
14.335222 
14.334897 
14.330022 
14.326050 
14.344538 
14.338471 
14.336334 
14.313187 
14.316734 
14.325806 
14.313560 
14.323272 
14.330777 
14.327619 
14.329186 
14.310584 
14.331877 
14.311095 
14.324270 
14.326097 
14.339853 
14.336687 
14.327131 
14.315029 
14.298850 
14.305198 
14.329727 
14.315214 
14.311210 
14.327562 
14.319384 
14.340766 
14.346314 
14.359090 
14.357145 
14.335713 
14.340762 
14.345867 
14.327928 
14.328267 
14.315751 
14.302249 
14.310484 
14.321978 
14.351293 
14.324885 
14.305653 
14.321395 
14.321101 
14.346307 
14.337692 
14.336707 
14.332591 
14.310447 
14.322335 
14.324566 
14.334155 
14.329013 
14.333721 
14.347559 
14.324919 
14.354634 
14.342289 
14.311132 
14.324308 
14.337240 
14.339423 
14.345302 
14.328931 
14.341197 
14.310802 
14.327259 
14.334426 
14.342000 
14.327791 
14.321009 
14.344001 
14.347777 
14.349258 
14.341050 
14.322057 
14.356710 
14.338673 
14.332054 
14.316461 
14.312255 
14.304470 
14.318951 
14.326269 
14.331906 
14.312441 
14.319284 
14.312507 
14.338396 
14.319509 
14.309091 
14.334562 
14.339692 
14.340738 
14.332984 
14.332154 
14.324658 
14.315320 
14.342924 
14.327242 
14.335780 
14.334869 
14.328585 
14.324362 
14.315345 
14.350590 
14.327587 
14.340706 
14.318526 
14.319477 
14.323410 
14.324633 
14.339310 
14.348245 
14.330456 
14.320723 
14.328939 
14.347517 
14.333453 
14.336475 
14.330153 
14.322101 
14.307251 
14.318759 
14.322779 
14.335373 
14.315066 
14.351035 
14.339251 
14.331741 
14.356842 
14.359027 
14.334287 
14.336837 
14.341639 
14.298199 
14.323134 
14.341896 
14.327160 
14.330195 
14.331960 
14.318276 
14.332414 
14.341122 
14.326006 
14.291117 
14.316379 
14.316303 
14.306187 
14.335259 
14.325070 
14.353730 
14.333753 
14.339136 
14.333785 
14.311057 
14.320547 
14.316760 
14.342282 
14.301161 
14.334455 
14.335820 
14.331247 
14.337216 
14.313586 
14.320191 
14.333600 
14.322149 
14.314640 
14.301642 
14.321037 
14.349958 
14.340910 
14.336390 
14.320476 
14.321667 
14.325956 
14.330779 
14.336328 
14.327138 
14.338853 
14.324615 
14.334448 
14.330088 
14.316964 
14.332421 
14.311539 
14.327740 
14.307847 
14.318174 
14.350515 
14.323245 
14.337579 
14.345592 
14.359790 
14.358035 
14.363055 
14.345481 
14.336010 
14.320247 
14.313091 
14.332903 
14.327274 
14.313647 
14.317574 
14.297848 
14.294402 
14.315690 
14.298033 
14.346156 
14.330894 
14.327878 
14.369713 
14.328785 
14.322998 
14.319831 
14.315296 
14.302839 
14.324153 
14.332082 
14.331859 
14.350873 
14.319602 
14.317685 
14.325193 
14.336037 
14.321705 
14.318039 
14.328016 
14.342407 
14.327019 
14.332450 
14.318717 
14.295375 
14.305108 
14.308636 
14.301432 
14.315942 
14.342137 
14.339659 
14.324600 
14.302851 
14.317722 
14.342109 
14.342095 
14.338484 
14.338955 
14.327460 
14.336351 
14.315967 
14.328196 
14.326912 
14.334577 
14.334892 
14.339988 
14.327848 
14.320521 
14.316427 
14.343540 
14.341429 
14.326085 
14.319152 
14.328133 
14.327809 
14.344982 
14.342161 
14.341045 
14.363677 
14.341736 
14.361428 
14.344837 
14.332706 
14.325742 
14.324851 
14.352446 
14.366390 
14.343303 
14.352725 
14.347077 
14.325895 
14.337499 
14.330166 
14.323619 
14.348017 
14.331559 
14.305032 
14.334269 
14.332479 
14.331611 
14.336388 
14.320214 
14.319368 
14.318364 
14.310134 
14.303501 
14.330537 
14.310221 
14.334191 
14.304911 
14.318380 
14.301970 
14.316345 
14.331596 
14.330617 
14.323097 
14.341713 
14.339310 
14.345529 
14.319428 
14.328189 
14.316654 
14.332002 
14.339624 
14.349535 
14.308674 
14.303577 
14.317044 
14.302457 
14.300063 
14.308808 
14.351419 
14.315499 
14.323348 
14.319803 
14.316291 
14.326438 
14.339170 
14.327317 
14.316266 
14.323299 
14.306175 
14.311269 
14.321039 
14.333871 
14.320321 
14.320217 
14.319297 
14.324070 
14.335130 
14.339956 
14.330151 
14.349702 
14.339670 
14.336056 
14.313518 
14.306602 
14.350791 
14.342666 
14.322162 
14.340616 
14.325827 
14.333068 
14.333286 
14.340157 
14.315499 
14.336181 
14.332594 
14.381289 
14.343770 
14.370281 
14.330401 
14.319278 
14.305340 
14.309214 
14.329597 
14.328565 
14.338724 
14.328300 
14.336006 
14.338845 
14.352059 
14.302319 
14.309248 
14.319915 
14.330407 
14.328866 
14.328784 
14.335000 
14.333113 
14.319190 
14.304214 
14.325426 
14.338889 
14.337783 
14.324075 
14.312415 
14.308625 
14.320940 
14.328134 
14.368521 
14.338700 
14.340425 
14.330397 
14.335272 
14.332921 
14.324843 
14.327149 
14.334572 
14.325123 
14.334753 
14.368382 
14.359599 
14.344116 
14.334805 
14.330656 
14.340848 
14.323944 
14.335113 
14.316158 
14.326637 
14.322673 
14.336817 
14.331831 
14.331813 
14.330049 
14.296222 
14.304631 
14.332026 
14.356330 
14.346341 
14.346749 
14.341306 
14.356497 
14.324744 
14.372611 
14.361056 
14.323711 
14.318042 
14.318690 
14.335907 
14.350565 
14.346781 
14.338021 
14.365815 
14.321162 
14.319488 
14.327883 
14.361371 
14.350100 
14.333316 
14.332110 
14.339227 
14.344939 
14.344988 
14.336063 
14.353034 
14.341894 
14.333251 
14.324062 
14.319581 
14.334534 
14.335323 
14.319402 
14.295604 
14.300946 
14.349936 
14.334544 
14.341834 
14.357159 
14.357452 
14.344112 
14.353540 
14.320883 
14.352213 
14.326079 
14.319120 
14.312617 
14.321263 
14.340283 
14.329052 
14.336619 
14.339766 
14.325566 
14.323289 
14.351061 
14.295680 
14.318211 
14.341297 
14.324449 
14.293933 
14.329039 
14.336954 
14.333495 
14.342307 
14.346686 
14.312193 
14.340348 
14.326915 
14.309861 
14.314388 
14.318591 
14.335188 
14.335181 
14.349354 
14.354675 
14.313066 
14.321821 
14.322437 
14.323596 
14.326909 
14.328802 
14.323767 
14.325900 
14.316776 
14.343551 
14.342076 
14.347541 
14.351276 
14.349699 
14.331068 
14.331448 
14.333124 
14.324181 
14.326739 
14.322019 
14.323721 
14.347010 
14.327653 
14.315836 
14.311651 
14.300194 
14.313649 
14.317500 
14.342384 
14.323851 
14.334516 
14.335800 
14.343893 
14.332001 
14.354696 
14.353375 
14.329087 
14.334764 
14.336537 
14.325531 
14.317668 
14.329858 
14.334259 
14.347762 
14.335139 
14.334267 
14.331221 
14.334759 
14.326750 
14.316299 
14.320332 
14.310994 
14.306819 
14.304539 
14.332970 
14.339138 
14.338350 
14.327779 
14.309614 
14.324961 
14.327559 
14.328339 
14.332192 
14.356777 
14.332926 
14.313691 
14.335133 
14.337221 
14.339201 
14.287197 
14.317333 
14.316433 
14.318895 
14.339574 
14.333378 
14.331338 
14.336504 
14.326024 
14.333230 
14.328827 
14.373238 
14.351796 
14.325952 
14.349653 
14.306987 
14.319199 
14.301451 
14.301209 
14.321134 
14.316911 
14.338090 
14.321188 
14.330069 
14.347996 
14.332858 
14.339228 
14.306785 
14.300236 
14.300239 
14.308590 
14.326320 
14.326009 
14.329440 
14.319230 
14.349194 
14.332164 
14.323873 
14.306740 
14.318522 
14.312023 
14.339685 
14.331376 
14.327621 
14.329839 
14.331518 
14.317330 
14.339996 
14.338132 
14.353697 
14.355684 
14.319084 
14.324041 
14.326589 
14.332884 
14.344782 
14.326928 
14.319756 
14.325658 
14.303524 
14.344217 
14.323947 
14.311915 
14.319145 
14.356229 
14.343856 
14.307403 
14.326809 
14.331535 
14.321153 
14.337225 
14.331487 
14.304555 
14.335192 
14.318176 
14.353198 
14.337027 
14.342163 
14.311696 
14.315507 
14.329920 
14.319336 
14.323613 
14.344002 
14.340169 
14.327821 
14.340074 
14.321148 
14.312333 
14.329183 
14.313936 
14.321105 
14.331272 
14.336789 
14.314752 
14.348231 
14.324416 
14.327876 
14.333911 
14.346507 
14.331421 
14.320892 
14.289159 
14.308910 
14.316679 
14.333232 
14.339195 
14.330433 
14.292172 
14.323824 
14.353719 
14.354805 
14.350693 
14.330158 
14.331212 
14.310446 
14.309222 
14.326737 
14.319681 
14.312537 
14.327789 
14.353923 
14.322544 
14.346461 
14.349824 
14.311869 
14.329919 
14.308238 
14.298199 
14.313132 
14.322537 
14.334959 
14.319623 
14.324522 
14.347870 
14.348726 
14.330679 
14.337479 
14.339966 
14.339946 
14.342505 
14.344872 
14.337401 
14.336850 
14.327967 
14.314383 
14.325323 
14.342402 
14.307988 
14.301320 
14.302232 
14.304062 
14.331760 
14.350305 
14.313477 
14.320235 
14.339310 
14.348895 
14.311320 
14.318702 
14.336827 
14.327982 
14.334811 
14.353913 
14.339335 
14.331135 
14.331169 
14.330859 
14.309907 
14.317122 
14.328228 
14.345078 
14.318734 
14.307326 
14.345086 
14.344936 
14.330525 
14.367928 
14.334313 
14.302789 
14.321337 
14.332174 
14.336918 
14.324220 
14.345221 
14.331648 
14.332647 
14.348585 
14.333526 
14.321469 
14.326819 
14.354136 
14.337425 
14.300050 
14.317702 
14.337978 
14.342576 
14.351433 
14.339018 
14.328935 
14.338040 
14.344457 
14.339700 
14.341993 
14.362628 
14.333843 
14.324336 
14.322038 
14.310701 
14.319706 
14.315678 
14.340664 
14.339854 
14.325698 
14.321639 
14.322406 
14.328579 
14.334368 
14.349988 
14.338054 
14.337076 
14.313382 
14.334453 
14.319105 
14.332591 
14.329298 
14.339234 
14.342339 
14.329370 
14.328185 
14.331544 
14.367922 
14.335576 
14.324451 
14.349188 
14.337573 
14.340671 
14.341577 
14.341411 
14.364169 
14.336769 
14.343043 
14.337621 
14.346802 
14.339729 
14.369409 
14.344634 
14.310467 
14.316485 
14.317324 
14.319589 
14.313411 
14.333455 
14.334804 
14.332926 
14.326152 
14.314922 
14.345130 
14.319993 
14.334275 
14.344102 
14.343361 
14.337785 
14.339286 
14.345631 
14.330264 
14.334683 
14.324387 
14.303750 
14.300587 
14.340876 
14.329738 
14.330097 
14.334072 
14.341187 
14.320613 
14.321624 
14.321145 
14.338384 
14.319039 
14.310086 
14.327232 
14.331044 
14.333418 
14.327791 
14.324456 
14.322155 
14.312939 
14.328832 
14.332764 
14.330093 
14.341968 
14.358647 
14.332107 
14.331271 
14.319491 
14.337416 
14.339060 
14.336318 
14.348068 
14.343593 
14.292220 
14.311370 
14.285864 
14.338291 
14.321999 
14.345462 
14.343729 
14.325205 
14.340683 
14.343521 
14.315257 
14.314403 
14.299970 
14.324801 
14.335017 
14.338416 
14.347020 
14.306039 
14.335127 
14.326712 
14.342464 
14.314123 
14.324216 
14.329457 
14.330595 
14.328623 
14.319178 
14.324154 
14.330847 
14.340802 
14.314486 
14.323418 
14.325771 
14.311745 
14.334163 
14.357010 
14.351607 
14.338218 
14.324807 
14.334189 
14.326964 
14.338972 
14.341785 
14.342418 
14.336084 
14.327827 
14.323878 
14.321694 
14.325638 
14.324059 
14.322477 
14.307812 
14.326101 
14.315255 
14.337911 
14.321293 
14.312889 
14.323630 
14.328266 
14.347161 
14.324700 
14.310233 
14.329442 
14.320825 
14.341785 
14.321959 
14.334574 
14.320177 
14.343829 
14.347346 
14.353587 
14.325666 
14.350730 
14.343434 
14.317521 
14.318709 
14.319723 
14.310553 
14.320995 
14.322885 
14.336798 
14.333946 
14.328621 
14.316025 
14.307678 
14.330388 
14.318869 
14.340383 
14.317476 
14.314038 
14.323469 
14.318311 
14.314456 
14.323456 
14.312128 
14.312369 
14.333762 
14.316933 
14.304679 
14.335422 
14.336258 
14.332947 
14.311149 
14.313029 
14.339043 
14.334913 
14.334668 
14.318466 
14.310844 
14.292301 
14.323455 
14.305876 
14.309462 
14.329157 
14.331124 
14.337928 
14.347403 
14.323141 
14.334702 
14.331617 
14.316016 
14.315520 
14.324623 
14.314938 
14.291519 
14.299248 
14.321060 
14.342195 
14.338061 
14.330201 
14.349460 
14.337767 
14.336075 
14.332106 
14.324497 
14.325182 
14.297835 
14.329099 
14.361908 
14.347000 
14.313131 
14.318194 
14.336259 
14.352201 
14.333969 
14.323925 
14.338964 
14.338042 
14.323030 
14.330683 
14.329778 
14.326503 
14.323867 
14.330474 
14.318296 
14.336354 
14.324254 
14.324784 
14.335270 
14.325954 
14.351059 
14.341823 
14.332168 
14.330086 
14.357829 
14.332678 
14.306736 
14.320223 
14.330591 
14.335094 
14.323781 
14.322300 
14.362147 
14.325410 
14.343074 
14.342413 
14.330122 
14.340871 
14.332085 
14.323530 
14.334958 
14.337359 
14.344010 
14.337234 
14.329742 
14.335664 
14.329445 
14.325599 
14.329213 
14.345838 
14.344831 
14.324664 
14.345953 
14.335008 
14.333225 
14.314883 
14.328104 
14.301902 
14.312915 
14.316552 
14.330429 
14.334883 
14.344882 
14.343049 
14.320311 
14.323109 
14.306950 
14.320800 
14.335738 
14.324899 
14.330231 
14.317163 
14.315172 
14.346667 
14.341631 
14.344507 
14.343385 
14.341087 
14.304897 
14.296923 
14.345840 
14.308281 
14.318512 
14.317570 
14.302480 
14.335963 
14.344334 
14.345708 
14.338718 
14.335642 
14.322963 
14.313483 
14.324170 
14.348448 
14.345117 
14.334006 
14.313901 
14.305732 
14.335446 
14.352655 
14.313808 
14.331731 
14.324598 
14.315235 
14.301961 
14.343289 
14.322704 
14.355595 
14.345315 
14.341813 
14.340684 
14.339881 
14.324510 
14.357753 
14.313552 
14.332086 
14.339569 
14.356205 
14.324789 
14.302429 
14.342856 
14.353266 
14.322124 
14.311293 
14.316689 
14.318363 
14.312066 
14.318703 
14.330429 
14.320257 
14.341648 
14.320452 
14.333942 
14.346684 
14.313721 
14.336133 
14.342550 
14.337302 
14.337255 
14.328657 
14.315090 
14.315776 
14.304113 
14.300005 
14.317642 
14.331079 
14.324416 
14.322836 
14.319778 
14.323455 
14.314507 
14.309775 
14.335139 
14.324226 
14.346686 
14.300384 
14.311920 
14.325328 
14.331253 
14.326861 
14.320242 
14.317180 
14.320523 
14.329819 
14.337366 
14.332379 
14.300368 
14.312179 
14.326267 
14.320690 
14.349606 
14.343610 
14.341922 
14.333055 
14.359432 
14.342294 
14.333644 
14.332387 
14.317244 
14.331530 
14.337036 
14.325767 
14.331503 
14.335984 
14.360053 
14.328413 
14.340774 
14.348749 
14.332133 
14.371697 
14.333713 
14.332160 
14.351596 
14.349806 
14.333725 
14.319147 
14.306618 
14.300562 
14.300884 
14.319520 
14.338352 
14.343046 
14.336045 
14.344337 
14.356241 
14.348708 
14.343831 
14.346582 
14.343902 
14.334960 
14.337025 
14.323384 
14.347665 
14.331369 
14.346647 
14.343233 
14.336098 
14.323710 
14.323572 
14.308722 
14.332669 
14.320901 
14.325746 
14.310511 
14.323360 
14.333201 
14.316292 
14.319961 
14.327885 
14.331149 
14.333573 
14.336801 
14.368754 
14.306707 
14.332250 
14.300306 
14.328903 
14.358062 
14.321063 
14.316441 
14.339080 
14.322088 
14.284140 
14.321367 
14.321165 
14.307987 
14.311877 
14.362092 
14.329150 
14.344339 
14.363351 
14.339772 
14.329266 
14.324093 
14.318183 
14.327789 
14.329623 
14.336508 
14.335293 
14.313529 
14.337993 
14.317497 
14.318423 
14.334413 
14.329652 
14.307079 
14.332092 
14.315862 
14.321616 
14.324334 
14.337731 
14.330230 
14.340346 
14.338094 
14.328820 
14.326202 
14.317790 
14.305075 
14.310414 
14.305482 
14.311227 
14.315581 
14.363744 
14.348200 
14.344243 
14.342062 
14.321419 
14.311428 
14.305880 
14.324459 
14.329932 
14.333472 
14.328462 
14.293624 
14.331040 
14.334606 
14.326253 
14.307837 
14.357636 
14.314407 
14.344892 
14.332519 
14.330504 
14.330843 
14.323285 
14.344272 
14.344092 
14.321534 
14.312743 
14.330891 
14.324870 
14.346380 
14.317702 
14.315696 
14.329433 
14.331038 
14.327572 
14.326293 
14.312487 
14.306261 
14.311576 
14.318783 
14.322158 
14.345645 
14.311294 
14.327496 
14.344682 
14.323389 
14.330760 
14.327977 
14.326046 
14.334397 
14.322973 
14.342088 
14.311241 
14.337073 
14.345444 
14.334271 
14.336871 
14.346061 
14.325473 
14.338078 
14.350199 
14.326373 
14.328563 
14.321247 
14.336934 
14.344184 
14.343756 
14.346895 
14.330211 
14.343972 
14.335086 
14.320036 
14.305094 
14.317773 
14.317274 
14.333242 
14.328415 
14.315262 
14.320126 
14.316306 
14.326633 
14.339378 
14.348633 
14.326197 
14.323471 
14.344258 
14.318888 
14.315092 
14.333220 
14.304532 
14.317656 
14.303907 
14.305530 
14.330667 
14.336067 
14.342798 
14.328047 
14.318325 
14.337824 
14.291481 
14.332820 
14.342349 
14.337976 
14.339320 
14.304944 
14.324513 
14.305300 
14.314396 
14.319662 
14.329456 
14.318154 
14.338729 
14.320267 
14.336737 
14.333336 
14.350386 
14.340663 
14.353225 
14.335120 
14.342795 
14.352425 
14.343310 
14.329492 
14.351128 
14.354164 
14.362717 
14.344246 
14.331461 
14.324470 
14.340654 
14.331117 
14.325058 
14.356876 
14.349479 
14.346931 
14.320367 
14.296933 
14.309758 
14.340303 
14.344476 
14.331450 
14.331648 
14.341407 
14.320566 
14.321315 
14.315738 
14.336804 
14.321809 
14.336803 
14.323769 
14.339392 
14.335658 
14.325532 
14.321581 
14.343507 
14.340718 
14.329015 
14.316313 
14.339562 
14.332655 
14.342705 
14.341741 
14.337534 
14.351257 
14.328768 
14.321668 
14.330061 
14.325738 
14.318711 
14.307633 
14.325863 
14.320029 
14.315981 
14.326908 
14.334088 
14.330329 
14.326650 
14.330822 
14.327682 
14.326358 
14.334253 
14.330549 
14.341820 
14.332770 
14.339312 
14.341916 
14.316861 
14.328849 
14.320189 
14.313306 
14.338928 
14.335320 
14.332293 
14.330674 
14.309835 
14.309495 
14.323356 
14.332793 
14.314438 
14.297079 
14.311826 
14.313615 
14.328442 
14.327918 
14.333771 
14.345288 
14.338526 
14.336849 
14.337178 
14.314354 
14.322799 
14.335686 
14.345251 
14.344956 
14.320782 
14.330216 
14.318382 
14.323612 
14.315296 
14.313472 
14.338386 
14.328915 
14.331987 
14.344260 
14.312707 
14.337163 
14.339960 
14.344442 
14.336561 
14.316793 
14.318327 
14.347084 
14.364632 
14.332092 
14.332651 
14.356896 
14.340320 
14.322361 
14.312583 
14.307178 
14.334885 
14.330463 
14.339268 
14.333703 
14.331129 
14.315923 
14.308866 
14.308932 
14.330086 
14.335737 
14.316528 
14.306278 
14.312232 
14.297341 
14.347317 
14.341562 
14.323644 
14.339650 
14.332484 
14.333834 
14.332675 
14.331818 
14.328393 
14.307480 
14.326456 
14.322540 
14.339051 
14.342986 
14.351719 
14.306193 
14.319418 
14.308725 
14.321574 
14.307091 
14.304298 
14.331003 
14.311947 
14.347407 
14.349858 
14.317442 
14.307827 
14.322926 
14.333299 
14.334416 
14.330011 
14.334286 
14.330479 
14.312059 
14.334496 
14.338847 
14.313125 
14.313455 
14.315006 
14.318356 
14.325149 
14.330570 
14.325210 
14.348102 
14.333313 
14.341773 
14.352898 
14.333431 
14.329021 
14.343894 
14.314078 
14.317484 
14.343726 
14.338818 
14.336094 
14.343738 
14.349350 
14.331055 
14.309883 
14.334084 
14.319404 
14.303063 
14.311772 
14.334824 
14.342111 
14.345234 
14.338245 
14.332028 
14.355374 
14.346958 
14.349401 
14.343045 
14.341518 
14.358156 
14.344409 
14.341843 
14.334821 
14.333155 
14.333237 
14.347009 
14.338386 
14.350176 
14.337334 
14.357261 
14.319771 
14.313339 
14.352166 
14.326560 
14.311204 
14.296967 
14.323190 
14.333885 
14.347849 
14.305546 
14.342960 
14.340503 
14.330174 
14.327518 
14.336721 
14.341408 
14.352652 
14.359407 
14.361806 
14.340306 
14.347997 
14.355385 
14.335970 
14.323439 
14.285925 
14.323902 
14.310834 
14.335936 
14.330749 
14.345509 
14.309396 
14.340676 
14.312378 
14.308629 
14.324245 
14.345729 
14.307243 
14.303173 
14.312674 
14.305724 
14.303460 
14.331010 
14.332200 
14.312815 
14.315470 
14.303317 
14.318963 
14.316877 
14.317305 
14.334894 
14.335186 
14.344416 
14.347182 
14.353858 
14.348715 
14.315699 
14.297801 
14.326807 
14.355337 
14.334400 
14.318423 
14.312641 
14.319435 
14.346550 
14.310981 
14.324860 
14.315545 
14.339495 
14.335560 
14.339953 
14.338134 
14.325801 
14.306319 
14.328289 
14.338618 
14.331129 
14.321836 
14.325049 
14.299029 
14.308359 
14.327811 
14.342562 
14.325637 
14.325685 
14.313373 
14.310597 
14.288060 
14.316797 
14.343957 
14.338844 
14.333445 
14.318220 
14.313617 
14.321002 
14.307202 
14.330313 
14.328444 
14.332714 
14.327113 
14.307300 
14.325981 
14.319014 
14.327738 
14.327179 
14.320213 
14.331913 
14.320183 
14.319190 
14.303998 
14.312767 
14.310031 
14.303943 
14.318909 
14.325683 
14.328837 
14.333001 
14.305712 
14.311834 
14.339001 
14.333073 
14.325433 
14.325829 
14.327333 
14.326038 
14.334658 
14.337837 
14.327496 
14.347620 
14.332112 
14.327008 
14.323881 
14.340493 
14.329638 
14.311819 
14.326885 
14.327604 
14.314865 
14.338343 
14.314360 
14.345336 
14.329367 
14.321414 
14.318312 
14.332159 
14.336090 
14.345026 
14.346983 
14.322649 
14.327731 
14.309201 
14.325262 
14.310083 
14.331166 
14.326038 
14.298831 
14.330127 
14.316725 
14.346045 
14.329720 
14.344317 
14.349190 
14.326574 
14.327476 
14.310661 
14.326412 
14.322844 
14.323862 
14.311273 
14.333039 
14.326167 
14.303756 
14.316385 
14.334753 
14.334287 
14.322597 
14.310557 
14.327353 
14.335078 
14.308432 
14.328875 
14.314900 
14.313892 
14.325668 
14.320633 
14.327530 
14.312572 
14.321206 
14.297889 
14.329489 
14.333075 
14.344392 
14.329153 
14.315158 
14.315123 
14.326365 
14.339005 
14.324057 
14.330988 
14.330642 
14.338903 
14.321563 
14.358823 
14.376326 
14.334775 
14.347410 
14.346670 
14.326000 
14.296012 
14.300664 
14.313068 
14.323870 
14.326308 
14.324811 
14.334149 
14.312045 
14.320721 
14.320598 
14.313431 
14.337706 
14.343173 
14.336745 
14.334183 
14.347224 
14.326590 
14.315477 
14.328282 
14.321076 
14.345104 
14.328621 
14.338470 
14.336680 
14.306286 
14.310788 
14.336154 
14.316553 
14.331046 
14.310384 
14.320160 
14.330009 
14.325163 
14.318568 
14.325710 
14.321936 
14.312746 
14.322404 
14.313855 
14.315400 
14.313698 
14.328029 
14.351560 
14.319788 
14.336971 
14.319649 
14.307874 
14.327006 
14.323332 
14.326267 
14.313374 
14.336365 
14.316140 
14.335099 
14.324449 
14.320432 
14.308837 
14.309335 
14.329590 
14.320618 
14.348373 
14.327509 
14.351343 
14.338527 
14.311601 
14.326979 
14.333001 
14.325683 
14.338891 
14.304121 
14.328405 
14.364248 
14.344255 
14.326437 
14.353545 
14.336412 
14.291210 
14.311352 
14.322711 
14.324522 
14.345158 
14.337823 
14.348673 
14.351325 
14.343994 
14.332789 
14.304318 
14.317509 
14.327059 
14.311215 
14.322308 
14.294504 
14.319553 
14.299800 
14.325780 
14.321469 
14.310003 
14.330679 
14.323268 
14.335811 
14.341838 
14.341113 
14.309361 
14.328340 
14.355569 
14.347888 
14.330551 
