6010.085093 
6010.073770 
6010.145006 
6010.280964 
6010.163191 
6010.187524 
6010.167383 
6010.122992 
6010.224392 
6010.118288 
6010.109557 
6010.023201 
6010.106861 
6010.016368 
6010.119242 
6010.109458 
6010.118451 
6010.074820 
6010.127482 
6010.131083 
6010.005372 
6010.199188 
6010.141598 
6010.092302 
6010.209471 
6010.136502 
6010.183728 
6010.162428 
6010.313585 
6010.058921 
6010.200325 
6010.169977 
6010.133987 
6010.077833 
6010.119246 
6010.130502 
6010.113780 
6010.089553 
6010.152337 
6010.084377 
6010.211806 
6010.070092 
6010.234969 
6010.044054 
6010.213967 
6010.002882 
6010.101043 
6010.090639 
6010.166569 
6010.178247 
6010.050843 
6010.020173 
6010.035784 
6010.045796 
6010.193309 
6010.019709 
6010.129487 
6010.005540 
6010.080885 
6010.238290 
6010.209522 
6010.083287 
6010.152493 
6010.004278 
6009.994372 
6010.169288 
6010.108971 
6010.094957 
6010.173586 
6010.057763 
6010.136079 
6010.130659 
6010.079692 
6010.050780 
6010.127027 
6010.101071 
6010.231653 
6010.179258 
6010.100008 
6010.094452 
6010.220160 
6010.225732 
6010.158188 
6010.176686 
6010.158862 
6010.177993 
6010.210382 
6010.163980 
6010.096347 
6010.122095 
6010.152580 
6010.240255 
6010.209835 
6010.143064 
6010.158702 
6010.100333 
6010.118549 
6010.251873 
6010.126794 
6010.119756 
6010.074098 
6010.181207 
6010.213679 
6010.050982 
6010.183067 
6010.197706 
6010.293083 
6010.199176 
6010.172833 
6010.123794 
6010.168610 
6009.988034 
6010.078687 
6010.114246 
6010.089774 
6010.051754 
6010.143724 
6010.037908 
6010.108918 
6010.049044 
6010.064316 
6009.984692 
6009.967653 
6009.987161 
6010.127513 
6010.038282 
6010.142027 
6010.060167 
6010.112814 
6010.129367 
6010.142757 
6010.063299 
6010.071024 
6010.270667 
6010.323539 
6010.213296 
6010.051217 
6010.118552 
6010.231858 
6010.188263 
6010.066374 
6010.101134 
6009.997551 
6010.082530 
6010.193478 
6010.150117 
6010.208919 
6010.079019 
6010.013539 
6010.103053 
6010.134657 
6010.143483 
6010.244011 
6010.258819 
6010.021795 
6010.136258 
6010.145558 
6010.166836 
6010.051833 
6010.071222 
6010.043547 
6010.103666 
6010.177801 
6010.159152 
6010.025591 
6010.166144 
6010.116711 
6010.192070 
6010.154074 
6010.103077 
6010.182023 
6010.085497 
6010.176119 
6010.112218 
6010.144862 
6010.092155 
6010.195537 
6010.062238 
6010.056514 
6010.083962 
6010.072926 
6009.997274 
6010.158071 
6010.106806 
6010.111238 
6010.121037 
6010.065747 
6010.080017 
6010.107848 
6010.113960 
6010.075443 
6010.020823 
6010.053373 
6010.045514 
6010.141310 
6010.095446 
6010.117424 
6010.184619 
6010.191575 
6010.154164 
6010.130447 
6010.092865 
6010.073912 
6010.245747 
6010.144073 
6010.162957 
6010.174594 
6010.092933 
6010.061056 
6010.055075 
6010.163279 
6010.018924 
6010.080014 
6010.118726 
6010.188262 
6010.120835 
6010.128694 
6010.106320 
6010.142800 
6010.196003 
6010.161972 
6010.177248 
6010.177350 
6010.212814 
6010.116779 
6010.042568 
6010.094884 
6010.096627 
6010.079964 
6010.000607 
6010.165505 
6010.040814 
6010.080221 
6010.154630 
6010.194606 
6010.150102 
6010.184312 
6010.174367 
6010.131127 
6010.084726 
6010.220545 
6010.148971 
6010.198305 
6010.229432 
6010.146355 
6010.023788 
6010.133150 
6010.155313 
6010.125635 
6010.089403 
6010.197204 
6010.088036 
6009.995831 
6010.077705 
6010.129978 
6010.048056 
6010.182818 
6010.119679 
6010.113841 
6010.208690 
6010.172555 
6010.196956 
6010.080502 
6010.070862 
6010.266853 
6010.169400 
6010.155109 
6010.017044 
6010.069296 
6010.124634 
6010.095785 
6010.149432 
6010.219919 
6010.162050 
6010.192249 
6010.146328 
6010.163203 
6010.149610 
6010.040628 
6010.067729 
6010.116308 
6010.214833 
6010.151583 
6010.165320 
6010.171924 
6010.118443 
6010.178034 
6010.128082 
6010.128033 
6010.213169 
6010.247895 
6010.157386 
6010.110628 
6010.107015 
6010.091987 
6010.244613 
6010.153150 
6010.161046 
6010.249300 
6010.170562 
6010.176555 
6010.208596 
6010.040326 
6010.081807 
6010.116175 
6010.101154 
6010.112182 
6010.155415 
6010.033927 
6009.992346 
6010.093188 
6010.102340 
6010.213051 
6010.130788 
6010.121773 
6010.124842 
6009.985357 
6010.071504 
6009.988025 
6010.097903 
6010.176486 
6010.185937 
6010.052971 
6010.089366 
6010.129771 
6010.052960 
6010.076415 
6010.049748 
6010.053143 
6010.210973 
6010.124626 
6010.161580 
6010.187540 
6010.146760 
6010.213526 
6010.124593 
6010.099492 
6010.098591 
6010.108408 
6010.169542 
6010.056352 
6010.034381 
6010.157091 
6010.125770 
6010.046829 
6010.119555 
6010.002219 
6010.063159 
6010.019173 
6010.044799 
6010.050089 
6009.978423 
6010.097316 
6009.898271 
6010.151576 
6010.101173 
6010.247736 
6010.148369 
6010.245606 
6010.034777 
6010.105989 
6010.162435 
6010.176648 
6010.130652 
6010.204549 
6010.183054 
6010.069346 
6010.039922 
6010.207915 
6010.230930 
6010.091291 
6010.042950 
6010.172635 
6010.057369 
6010.076538 
6010.094141 
6010.141640 
6010.075871 
6010.078588 
6010.159622 
6010.266162 
6010.109479 
6010.077557 
6010.046572 
6010.081252 
6010.108095 
6010.001649 
6010.016019 
6010.115145 
6010.012424 
6010.152832 
6010.193227 
6010.261930 
6010.209552 
6010.141083 
6010.122826 
6010.186053 
6010.132545 
6010.002215 
6010.059476 
6009.954791 
6010.147229 
6010.096465 
6010.143071 
6010.153196 
6010.084900 
6010.173479 
6010.090778 
6010.099444 
6010.118528 
6010.101161 
6010.016520 
6010.012613 
6010.159326 
6010.175613 
6010.216279 
6010.193812 
6010.122734 
6010.122105 
6010.114874 
6010.111832 
6010.218388 
6010.165269 
6010.052301 
6010.139602 
6010.106669 
6010.078312 
6010.080311 
6010.076008 
6010.125031 
6010.067093 
6010.135468 
6010.040062 
6009.979252 
6010.145415 
6010.115549 
6010.129967 
6010.059829 
6010.187081 
6010.128741 
6010.067578 
6010.103542 
6010.084318 
6010.088767 
6010.010219 
6010.065623 
6010.077002 
6010.181186 
6010.084904 
6010.024121 
6010.090315 
6009.987853 
6010.134901 
6010.085739 
6010.172154 
6010.045704 
6010.056389 
6010.042381 
6010.008557 
6010.021897 
6009.992990 
6010.189240 
6010.067295 
6010.086809 
6010.154131 
6010.095955 
6009.950264 
6010.013109 
6010.035408 
6009.911665 
6010.090242 
6010.113379 
6010.055240 
6010.075839 
6010.117886 
6010.082452 
6010.139531 
6010.203574 
6010.205919 
6010.085811 
6009.903596 
6010.100627 
6010.084983 
6010.202479 
6010.135857 
6009.988515 
6010.030179 
6010.077971 
6009.996374 
6010.163376 
6010.286323 
6010.142486 
6010.180678 
6010.241684 
6010.177931 
6010.223465 
6010.082337 
6010.119176 
6010.091111 
6010.074129 
6010.335278 
6010.248785 
6010.180028 
6010.051334 
6010.122545 
6010.121821 
6010.277409 
6010.120884 
6010.138294 
6010.129026 
6010.105922 
6010.122086 
6010.208205 
6010.172724 
6010.015441 
6010.087985 
6010.163169 
6010.160165 
6010.066665 
6010.087139 
6010.092424 
6010.180931 
6010.091693 
6010.140000 
6010.238592 
6010.286995 
6010.198347 
6010.208099 
6010.066566 
6010.104107 
6010.150640 
6010.271794 
6010.086541 
6010.042791 
6010.015568 
6010.151006 
6010.325155 
6010.115700 
6010.049693 
6010.155996 
6010.139997 
6010.195434 
6010.180848 
6010.145853 
6010.122895 
6010.192375 
6010.003152 
6010.091846 
6010.112220 
6010.179486 
6010.174629 
6010.144421 
6010.040611 
6010.012010 
6009.959844 
6010.054346 
6010.077257 
6010.088348 
6010.181609 
6010.059450 
6010.040327 
6010.050457 
6010.034383 
6010.069745 
6010.111750 
6010.123904 
6010.114305 
6010.201819 
6010.172025 
6010.181295 
6010.100786 
6010.132807 
6010.072898 
6010.199742 
6010.088302 
6010.169387 
6010.128047 
6010.041176 
6010.093395 
6010.152615 
6010.022258 
6010.110174 
6010.046727 
6009.954733 
6010.030059 
6010.201424 
6010.235298 
6010.158738 
6010.110246 
6010.087054 
6010.247571 
6010.082820 
6010.168720 
6010.226842 
6010.133581 
6010.229117 
6010.226710 
6010.187660 
6010.041461 
6010.163949 
6010.074094 
6010.031059 
6010.161184 
6010.203688 
6010.106033 
6010.033257 
6010.034248 
6010.045390 
6010.135866 
6010.199359 
6010.047422 
6010.113501 
6010.171381 
6010.179104 
6010.111582 
6010.079809 
6010.117021 
6010.169185 
6010.112922 
6009.976439 
6010.098652 
6010.058410 
6010.033427 
6010.100532 
6010.131945 
6010.223599 
6010.037687 
6010.071919 
6010.078143 
6010.071039 
6010.037739 
6010.106220 
6010.043866 
6010.264136 
6010.194853 
6010.164565 
6009.933698 
6010.039270 
6010.074960 
6010.051553 
6010.044801 
6010.026124 
6010.154416 
6010.152962 
6010.120073 
6010.003794 
6009.953178 
6010.126728 
6010.053680 
6010.061756 
6010.028507 
6010.029428 
6010.007991 
6010.159012 
6010.109280 
6010.004888 
6010.089096 
6010.077152 
6010.103406 
6010.045542 
6010.146867 
6010.065553 
6010.127686 
6010.083036 
6009.973006 
6010.113984 
6010.177677 
6010.116032 
6010.127812 
6010.159324 
6010.119327 
6010.067728 
6010.110900 
6010.091293 
6010.049106 
6010.065241 
6010.097192 
6010.118977 
6010.024832 
6010.151754 
6010.207050 
6010.117804 
6010.102748 
6010.032506 
6010.195047 
6010.096302 
6010.083318 
6010.121085 
6010.223795 
6010.103994 
6010.092371 
6010.174899 
6010.123330 
6010.127163 
6010.114463 
6010.144611 
6010.201894 
6010.176147 
6010.005845 
6010.148129 
6010.090087 
6010.095456 
6010.221719 
6010.098832 
6010.089996 
6010.099220 
6010.002349 
6010.042407 
6010.064719 
6010.078818 
6010.089951 
6010.139403 
6010.183494 
6010.111024 
6010.116455 
6010.048836 
6010.152403 
6010.208246 
6010.124105 
6010.064781 
6010.148278 
6010.097574 
6010.081280 
6010.113273 
6010.103856 
6010.063044 
6010.083108 
6010.052190 
6010.156251 
6010.084389 
6010.070312 
6010.096904 
6010.107009 
6010.042524 
6010.145300 
6010.106284 
6010.113989 
6010.156093 
6010.070704 
6010.003681 
6010.116651 
6010.100388 
6010.000350 
6009.981747 
6010.108909 
6010.141016 
6010.152612 
6010.166489 
6010.009197 
6010.009757 
6010.147885 
6010.044042 
6010.009607 
6010.121705 
6010.184235 
6010.093716 
6010.093915 
6010.092553 
6010.002084 
6010.293525 
6010.128816 
6010.201529 
6010.181363 
6010.139922 
6010.132387 
6010.126666 
6009.992183 
6010.119208 
6010.044815 
6010.245200 
6010.007037 
6010.212456 
6010.038893 
6009.998414 
6010.059600 
6010.216799 
6010.152409 
6010.224493 
6010.127020 
6010.030779 
6010.032483 
6009.926361 
6010.018624 
6010.061686 
6010.222959 
6010.211609 
6010.195552 
6010.139368 
6010.157350 
6010.147654 
6010.055587 
6010.056064 
6010.143234 
6010.069759 
6010.116573 
6009.992956 
6010.093978 
6010.071825 
6010.072288 
6010.048584 
6010.135906 
6010.113973 
6009.959296 
6010.192935 
6010.152146 
6010.197356 
6010.077544 
6010.015186 
6010.120256 
6010.125541 
6010.158903 
6010.118908 
6010.020253 
6010.015682 
6010.080203 
6010.212892 
6010.219169 
6010.067528 
6010.125103 
6010.054754 
6010.020465 
6010.120055 
6010.083033 
6010.202991 
6010.118117 
6010.018345 
6009.971811 
6010.094826 
6010.019802 
6009.998230 
6010.034035 
6010.187032 
6010.159119 
6010.209544 
6010.207627 
6010.114050 
6010.136801 
6010.113831 
6010.151144 
6009.982470 
6010.086868 
6010.117190 
6009.968433 
6010.076973 
6010.179703 
6010.158340 
6010.082123 
6010.036992 
6010.120171 
6010.137140 
6010.134220 
6010.129479 
6010.067885 
6010.187803 
6010.110355 
6010.083608 
6010.030472 
6010.029390 
6010.018109 
6010.160876 
6010.100151 
6010.172002 
6010.121430 
6010.057557 
6010.127640 
6010.082140 
6010.211297 
6009.955941 
6010.011527 
6010.092271 
6010.011814 
6010.046571 
6010.045898 
6010.058674 
6010.099227 
6010.044125 
6010.089484 
6010.078216 
6010.113818 
6010.129239 
6010.123026 
6010.290357 
6010.199935 
6010.142602 
6010.158048 
6010.117876 
6010.066861 
6010.038875 
6009.921566 
6010.052901 
6010.084750 
6010.186164 
6010.098314 
6010.069971 
6010.171899 
6010.248201 
6010.057831 
6010.204107 
6010.155924 
6010.032213 
6010.213943 
6010.121454 
6010.146790 
6010.184063 
6010.139092 
6010.066135 
6010.058262 
6010.037124 
6010.021915 
6010.027576 
6010.114002 
6010.159738 
6010.161238 
6010.142968 
6010.073125 
6010.158397 
6010.167545 
6010.187281 
6010.143288 
6010.108695 
6010.212223 
6010.147378 
6010.222044 
6010.212489 
6010.114530 
6010.214966 
6010.124906 
6010.154166 
6010.129742 
6010.129077 
6010.256572 
6010.158375 
6010.115850 
6010.099179 
6010.205685 
6010.068853 
6010.134228 
6010.029928 
6010.091100 
6010.064732 
6010.130110 
6010.087811 
6010.130654 
6010.090462 
6010.046179 
6010.069459 
6010.038521 
6010.019341 
6010.100605 
6010.123778 
6010.134267 
6010.113606 
6010.132006 
6010.140493 
6010.212213 
6010.188263 
6010.217401 
6010.044026 
6010.094124 
6010.099533 
6010.045355 
6010.096388 
6010.075201 
6010.151050 
6010.185496 
6010.131723 
6010.073449 
6010.125242 
6010.018750 
6010.155880 
6010.120084 
6010.263025 
6010.126968 
6010.068875 
6010.138456 
6010.126854 
6010.145346 
6010.103519 
6010.154315 
6010.114093 
6010.128756 
6010.139753 
6010.171949 
6010.177237 
6010.144113 
6010.086294 
6010.236951 
6010.089597 
6009.992442 
6009.981228 
6010.243609 
6010.121824 
6010.171653 
6010.018277 
6010.122990 
6010.078684 
6010.140532 
6010.091926 
6010.087128 
6010.148275 
6010.148772 
6010.089867 
6010.154601 
6010.057746 
6010.140153 
6010.160225 
6010.134208 
6010.139148 
6010.143112 
6010.015561 
6010.142346 
6010.193613 
6010.234273 
6010.202235 
6010.116749 
6010.064060 
6010.002220 
6010.057141 
6010.072396 
6010.085512 
6010.041738 
6010.268490 
6010.286008 
6010.261090 
6010.139897 
6010.132264 
6010.047154 
6010.089502 
6010.079924 
6010.117799 
6010.164815 
6010.053186 
6009.970338 
6010.059928 
6010.137221 
6010.150828 
6010.137992 
6010.169080 
6010.028683 
6010.064434 
6010.106465 
6010.151013 
6010.219311 
6010.088156 
6010.111313 
6010.056467 
6010.014994 
6010.059691 
6010.117267 
6010.076716 
6010.194498 
6010.284163 
6010.215132 
6010.129740 
6010.073870 
6010.201593 
6010.110616 
6010.098507 
6010.182085 
6010.206003 
6010.193591 
6010.133368 
6010.068671 
6010.026327 
6010.051840 
6010.062079 
6010.096420 
6010.106802 
6010.171482 
6010.219799 
6010.166652 
6010.050931 
6010.209305 
6010.257896 
6009.956108 
6009.999980 
6010.026712 
6010.060582 
6010.184733 
6010.222738 
6010.186476 
6010.206594 
6010.141823 
6010.163124 
6010.150695 
6010.179884 
6010.071510 
6010.233179 
6010.125973 
6010.188242 
6010.112064 
6010.045093 
6010.040674 
6010.074591 
6010.228718 
6010.239688 
6010.055817 
6010.134988 
6010.225469 
6010.227926 
6010.175769 
6010.213646 
6010.248755 
6010.094592 
6010.061744 
6010.048329 
6010.144784 
6010.086913 
6010.116882 
6010.110107 
6010.091676 
6010.112674 
6010.076505 
6010.132351 
6010.160829 
6010.158016 
6010.089704 
6010.176828 
6009.982621 
6010.071707 
6010.117191 
6010.135002 
6010.068956 
6010.274536 
6010.171922 
6010.092917 
6010.042884 
6010.197118 
6010.298444 
6010.149005 
6010.174386 
6010.199949 
6010.120768 
6010.170969 
6010.168451 
6010.214248 
6010.216914 
6010.177760 
6010.113363 
6010.169687 
6010.146631 
6010.120682 
6010.210367 
6010.096887 
6010.153390 
6010.143023 
6010.109622 
6010.088253 
6010.086967 
6010.129308 
6010.308019 
6010.060416 
6010.225966 
6010.103723 
6010.116214 
6010.115221 
6010.065934 
6010.071858 
6010.098141 
6010.093993 
6010.197911 
6010.065833 
6010.095616 
6010.058896 
6010.217440 
6010.243373 
6010.241404 
6010.335527 
6010.154242 
6010.293004 
6010.142773 
6010.195340 
6010.192554 
6010.074072 
6010.175170 
6010.050412 
6010.155628 
6010.121119 
6010.117653 
6010.085831 
6010.064013 
6010.136086 
6010.196489 
6010.187816 
6010.033577 
6010.209156 
6010.186482 
6010.064999 
6010.159561 
6010.016625 
6009.979185 
6010.104667 
6010.072607 
6010.043047 
6010.188590 
6010.048266 
6010.199881 
6010.228618 
6010.155022 
6010.143785 
6010.045038 
6010.161392 
6010.121391 
6010.124714 
6010.060636 
6010.136578 
6010.250207 
6010.129719 
6010.085439 
6010.037895 
6010.106674 
6010.022924 
6009.990698 
6010.206087 
6010.126490 
6010.174636 
6010.165662 
6010.144517 
6010.083943 
6010.179438 
6010.086762 
6010.151159 
6010.062892 
6010.040384 
6010.079364 
6010.174121 
6010.069401 
6010.125625 
6010.136472 
6010.135497 
6010.096241 
6010.029836 
6010.103892 
6010.095271 
6010.166861 
6010.177299 
6010.134073 
6010.101847 
6010.059583 
6010.094392 
6010.170980 
6010.115653 
6010.073213 
6010.074764 
6010.103623 
6010.158148 
6010.206168 
6010.180755 
6010.134174 
6010.182384 
6010.143388 
6010.197021 
6010.167967 
6010.205731 
6010.121333 
6010.134218 
6010.153986 
6010.142454 
6010.059820 
6010.102012 
6010.116063 
6010.020774 
6009.963912 
6010.224361 
6010.169693 
6010.224576 
6010.208272 
6010.100094 
6010.094754 
6010.163066 
6010.123404 
6010.053223 
6010.140843 
6009.986385 
6009.960998 
6009.984229 
6010.048525 
6010.187675 
6010.011585 
6009.989210 
6010.130967 
6010.168619 
6010.168474 
6010.098321 
6010.087780 
6010.165310 
6010.214222 
6010.130989 
6009.982180 
6010.084563 
6009.975050 
6010.160688 
6010.188231 
6010.186316 
6010.163858 
6010.148227 
6010.082966 
6010.046743 
6010.130420 
6010.109106 
6010.035531 
6010.077767 
6010.030678 
6010.127770 
6010.188870 
6010.202938 
6010.096412 
6010.142623 
6010.194571 
6010.163312 
6010.080265 
6010.205891 
6010.195677 
6010.242283 
6010.171490 
6010.114079 
6010.262583 
6010.248292 
6010.183225 
6010.110029 
6010.158555 
6010.122615 
6010.061547 
6010.095958 
6010.028845 
6010.084351 
6010.160415 
6010.006678 
6010.061769 
6010.075667 
6010.077141 
6010.003198 
6010.145414 
6010.100717 
6010.110109 
6010.067147 
6010.052445 
6010.115136 
6010.155804 
6010.062920 
6010.209161 
6010.116512 
6010.186611 
6010.161475 
6010.186021 
6010.215732 
6010.192155 
6010.237945 
6010.246407 
6010.251372 
6010.082967 
6010.096537 
6010.155054 
6010.018051 
6010.115019 
6010.144754 
6010.109460 
6010.167491 
6010.150348 
6010.158066 
6010.030990 
6010.163452 
6010.199420 
6010.183688 
6010.231398 
6010.145324 
6010.139800 
6010.123804 
6010.124914 
6010.101996 
6010.135461 
6010.100170 
6010.181716 
6010.114870 
6010.214581 
6010.194100 
6010.208997 
6010.133883 
6010.070966 
6010.099504 
6010.133622 
6010.013412 
6010.104631 
6010.273164 
6010.140111 
6010.042925 
6010.190214 
6010.131141 
6010.132255 
6010.240145 
6010.085647 
6010.074202 
6010.020444 
6010.149979 
6010.201143 
6010.130442 
6010.240508 
6010.162097 
6010.023790 
6010.178673 
6009.993388 
6010.025997 
6010.014334 
6010.015829 
6010.092888 
6010.120148 
6010.103793 
6010.038323 
6010.069786 
6009.957549 
6010.048271 
6010.072127 
6010.177224 
6010.106153 
6010.152162 
6010.123535 
6010.070350 
6010.086700 
6010.058369 
6010.067290 
6010.078913 
6010.104351 
6010.106406 
6010.079126 
6010.268606 
6010.136327 
6010.053147 
6010.164005 
6010.123368 
6010.138453 
6010.129921 
6010.059317 
6010.066948 
6010.091412 
6010.017137 
6010.080753 
6010.065158 
6010.079704 
6010.068009 
6010.077835 
6010.083181 
6010.055478 
6009.925683 
6010.028118 
6010.128734 
6010.189425 
6010.133787 
6010.104959 
6010.144626 
6010.122281 
6010.111735 
6010.267839 
6010.063496 
6010.142570 
6010.113496 
6010.095726 
6010.091630 
6010.057980 
6009.988981 
6010.171034 
6010.103096 
6010.030582 
6010.043150 
6009.990646 
6010.122561 
6010.116439 
6010.142447 
6010.003541 
6010.075406 
6010.104282 
6010.026535 
6010.094030 
6010.140162 
6010.175000 
6010.146374 
6010.114637 
6010.036920 
6009.985667 
6010.122105 
6010.117951 
6010.065446 
6010.074276 
6010.147571 
6010.047242 
6010.022055 
6010.171487 
6010.137827 
6010.188954 
6010.209367 
6010.142870 
6010.000292 
6010.065252 
6010.030747 
6010.054798 
6010.145239 
6010.106994 
6010.108704 
6010.021821 
6010.005562 
6010.075897 
6010.187971 
6010.046709 
6010.149069 
6010.219841 
6010.134289 
6010.102536 
6010.089753 
6010.110033 
6010.088020 
6010.107933 
6010.090497 
6010.085736 
6010.149128 
6010.116277 
6010.111724 
6010.075633 
6010.209080 
6010.082954 
6010.123720 
6010.133622 
6010.087664 
6010.131232 
6010.031287 
6009.947876 
6010.131817 
6010.004683 
6010.187475 
6010.077618 
6010.142009 
6010.139072 
6010.219960 
6010.092130 
6010.028826 
6010.062710 
6010.120127 
6010.026334 
6010.155676 
6010.128471 
6010.125854 
6010.035079 
6010.082946 
6010.104050 
6010.092492 
6010.096312 
6010.038805 
6010.075144 
6010.097951 
6010.015710 
6010.189387 
6010.121764 
6010.228308 
6010.145157 
6010.098366 
6010.080376 
6010.049725 
6010.079275 
6009.981400 
6010.171180 
6010.128226 
6010.042100 
6010.033651 
6010.111608 
6010.102222 
6010.087447 
6010.083807 
6010.171556 
6010.086190 
6010.150347 
6010.148320 
6010.124629 
6010.073657 
6010.017005 
6010.068548 
6010.126338 
6010.140532 
6010.106546 
6010.183455 
6010.184535 
6010.112325 
6010.217186 
6010.105529 
6010.108057 
6010.081326 
6010.135025 
6010.116248 
6010.091169 
6010.137365 
6010.057829 
6010.162254 
6010.105421 
6010.080217 
6010.057569 
6010.137013 
6010.253209 
6010.189590 
6010.219812 
6010.158029 
6010.022701 
6010.021016 
6010.047857 
6010.149789 
6010.050653 
6010.060419 
6010.074233 
6010.069322 
6010.117940 
6010.152383 
6010.174203 
6010.081978 
6010.098166 
6010.212028 
6010.124236 
6010.190426 
6010.211463 
6010.099365 
6010.027422 
6010.129914 
6010.129398 
6010.082424 
6010.185517 
6010.154207 
6010.126066 
6010.076553 
6010.069496 
6010.095381 
6010.035227 
6010.123348 
6010.057103 
6010.030849 
6010.077785 
6010.186219 
6010.069237 
6010.096251 
6010.027170 
6010.029930 
6010.064404 
6010.077162 
6010.049759 
6010.221521 
6010.145355 
6010.022657 
6010.048337 
6010.098985 
6010.178403 
6010.164179 
6010.124585 
6010.175809 
6010.238752 
6010.138469 
6010.119339 
6010.162911 
6010.213378 
6010.191081 
6010.038845 
6010.154484 
6010.184933 
6010.239590 
6010.277281 
6010.038506 
6010.122567 
6010.281349 
6010.140667 
6010.126791 
6010.046122 
6009.976843 
6010.067464 
6010.095841 
6010.038147 
6010.000006 
6010.047659 
6010.142846 
6010.099036 
6010.089120 
6010.089199 
6010.070407 
6010.081353 
6010.166860 
6010.156451 
6010.317119 
6010.169053 
6010.097840 
6010.129985 
6010.050604 
6010.198120 
6010.110044 
6010.069146 
6010.072610 
6010.023182 
6010.149761 
6010.117203 
6010.100981 
6010.156599 
6010.288345 
6010.248048 
6010.212602 
6010.115451 
6010.014363 
6010.196490 
6010.202583 
6010.243954 
6010.137894 
6010.096717 
6010.068205 
6010.076493 
6010.125545 
6010.115412 
6010.074449 
6010.093651 
6010.149797 
6010.054399 
6009.948297 
6010.213714 
6010.158880 
6010.134929 
6010.196442 
6010.131387 
6010.099410 
6010.110417 
6010.136879 
6010.161731 
6010.180410 
6010.158240 
6010.030873 
6010.176911 
6010.157063 
6010.134466 
6010.112906 
6010.132709 
6010.035190 
6010.104803 
6010.104239 
6010.231760 
6010.131986 
6010.149681 
6010.175231 
6010.149821 
6010.170008 
6010.054577 
6010.174708 
6010.093890 
6010.074638 
6009.919102 
6009.978113 
6010.116519 
6010.132294 
6010.132070 
6010.159136 
6010.136536 
6010.070215 
6010.092727 
6010.092959 
6010.207946 
6010.083068 
6010.036124 
6010.189533 
6010.004659 
6010.078405 
6010.160744 
6010.136065 
6010.088932 
6010.114632 
6010.223814 
6010.158711 
6010.166251 
6010.032540 
6010.084247 
6010.126321 
6010.143215 
6010.206206 
6010.134405 
6010.145147 
6010.074945 
6010.073049 
6010.012352 
6010.082673 
6010.069129 
6010.078111 
6010.091849 
6010.148898 
6010.122076 
6010.099855 
6010.163132 
6010.088659 
6010.140521 
6010.156375 
6010.194125 
6010.068463 
6010.110769 
6010.092363 
6010.187766 
6010.224874 
6010.012819 
6010.150355 
6010.149548 
6010.164559 
6010.149479 
6010.105930 
6010.145472 
6010.173875 
6010.096660 
6010.190825 
6010.171186 
6010.161751 
6010.080215 
6010.144045 
6010.138918 
6010.167091 
6010.193211 
6010.008289 
6010.078684 
6010.175780 
6010.108070 
6010.141867 
6010.040577 
6010.050852 
6010.134722 
6010.243214 
6010.234533 
6010.157180 
6010.117405 
6010.175515 
6010.097167 
6010.129475 
6010.201957 
6010.150258 
6010.187402 
6010.103015 
6010.086596 
6010.152422 
6010.110117 
6010.072288 
6010.170400 
6010.099224 
6010.052756 
6010.057339 
6010.130953 
6010.185224 
6010.098753 
6010.231048 
6010.076168 
6010.227549 
6010.050642 
6010.165562 
6010.073038 
6010.121877 
6010.051158 
6010.124499 
6010.211861 
6010.149074 
6010.196713 
6010.193763 
6010.124786 
6010.080837 
6010.091370 
6010.138834 
6010.224521 
6010.103248 
6010.103325 
6010.142301 
6010.023960 
6010.174313 
6010.248675 
6010.214823 
6010.206511 
6010.071607 
6010.024529 
6010.037421 
6010.087012 
6010.103257 
6010.162587 
6010.194876 
6010.263733 
6010.155921 
6010.084859 
6010.098979 
6010.301588 
6010.119337 
6010.109685 
6010.033812 
6010.243319 
6010.194506 
6010.058142 
6010.137124 
6010.114420 
6010.041629 
6010.102039 
6010.056511 
6010.099818 
6010.031975 
6010.036977 
6010.166113 
6010.264040 
6010.195817 
6010.140526 
6010.110819 
6010.095045 
6009.967400 
6010.056319 
6010.181134 
6010.159958 
6010.126561 
6010.079812 
6010.052067 
6010.108779 
6010.012700 
6010.157172 
6010.105107 
6010.166803 
6010.163317 
6010.122973 
6009.977098 
6010.012569 
6010.063603 
6010.278746 
6010.143534 
6010.111786 
6010.156843 
6010.175221 
6010.114259 
6010.107792 
6010.022792 
6010.140231 
6010.050436 
6010.103744 
6010.113796 
6010.143782 
6010.089287 
6010.136885 
6010.033626 
6009.908602 
6010.058500 
6010.119017 
6010.106850 
6010.208806 
6010.211559 
6010.146717 
6010.003573 
6010.083921 
6010.014286 
6010.073184 
6010.057699 
6010.030712 
6009.993625 
6009.945517 
6010.076367 
6010.153385 
6010.181082 
6010.134131 
6010.134480 
6010.141960 
6010.182371 
6010.210229 
6010.188456 
6010.105162 
6010.097449 
6010.113784 
6010.032991 
6010.123267 
6009.999595 
6010.152170 
6010.217031 
6010.160373 
6010.138131 
6010.207072 
6010.130524 
6010.044594 
6010.129861 
6010.101636 
6010.127447 
6010.107503 
6010.184136 
6010.153786 
6010.110929 
6010.167086 
6010.217020 
6010.149966 
6010.187438 
6010.235210 
6010.154052 
6010.155550 
6010.109978 
6009.991473 
6009.959279 
6010.090827 
6010.208147 
6010.134224 
6010.219228 
6010.235612 
6010.144178 
6010.016011 
6009.991584 
6010.149600 
6010.125441 
6010.121592 
6010.015535 
6010.061633 
6010.091925 
6010.124243 
6010.096118 
6010.129669 
6010.241229 
6010.080021 
6010.119460 
6010.127998 
6010.163002 
6010.147227 
6010.227459 
6010.146743 
6010.087146 
6010.132178 
6010.080460 
6010.195542 
6010.135748 
6010.128507 
6010.210289 
6010.216219 
6010.177646 
6010.116520 
6010.158468 
6010.263355 
6010.258304 
6010.145968 
6010.162728 
6010.164591 
6010.039699 
6010.110100 
6010.140857 
6010.251574 
6010.208199 
6010.225917 
6010.207616 
6010.168872 
6010.225071 
6010.130490 
6010.078538 
6010.084852 
6010.152884 
6010.122444 
6010.062319 
6010.160558 
6010.037532 
6010.074399 
6010.026583 
6010.063390 
6010.124861 
6010.008868 
6010.186835 
6010.147912 
6010.098947 
6010.087565 
6010.115298 
6010.198849 
6010.204935 
6010.172070 
6010.187105 
6010.048795 
6010.136870 
6010.146101 
6010.082273 
6010.148553 
6010.128334 
6010.042106 
6010.165074 
6010.133725 
6010.157744 
6010.162631 
6010.205557 
6010.182346 
6010.081098 
6010.273608 
6010.081069 
6010.087032 
6010.138527 
6010.046746 
6010.171106 
6010.321779 
6010.232747 
6010.153359 
6010.229462 
6010.089133 
6010.124024 
6010.162714 
6010.203886 
6010.178891 
6010.132066 
6010.043308 
6010.029942 
6010.027253 
6010.158083 
6010.176681 
6010.307874 
6010.197752 
6010.219164 
6010.187178 
6010.174464 
6010.172078 
6010.090993 
6010.088160 
6009.994606 
6010.047870 
6010.096933 
6010.085987 
6010.024711 
6010.074424 
6010.227242 
6010.230807 
6010.139354 
6010.165241 
6010.304044 
6010.110499 
6010.071915 
6009.974138 
6010.090109 
6010.149345 
6010.144803 
6010.148752 
6010.236916 
6010.193377 
6010.120074 
6010.207841 
6010.175358 
6010.110100 
6010.221763 
6010.160263 
6010.076508 
6010.066945 
6010.092768 
6010.097762 
6010.120298 
6010.107915 
6010.031324 
6009.989761 
6010.117936 
6010.068109 
6010.126695 
6010.226086 
6010.124853 
6010.072902 
6010.064915 
6010.162420 
6010.184723 
6010.022137 
6010.126119 
6010.107107 
6010.077667 
6010.142997 
6010.205002 
6010.289880 
6010.060445 
6010.166873 
6010.208005 
6010.128592 
6010.050948 
6010.068510 
6010.045002 
6010.184571 
6010.052765 
6010.002110 
6010.023809 
6010.015004 
6009.969290 
6010.038003 
6009.990584 
6010.075144 
6010.183999 
6010.122048 
6010.129170 
6010.108090 
6009.990959 
6010.022928 
6009.995603 
6010.029014 
6010.061076 
6010.123330 
6010.039667 
6010.119488 
6010.126534 
6010.080539 
6010.181152 
6010.184940 
6010.003931 
6009.997663 
6010.060130 
6010.167820 
6010.140866 
6010.100677 
6010.130253 
6010.151580 
6010.297186 
6010.180894 
6010.138362 
6010.123727 
6010.103217 
6010.070460 
6010.091468 
6010.128537 
6010.199185 
6010.173476 
6010.251835 
6010.147863 
6010.083347 
6010.110017 
6010.244077 
6010.098135 
6010.199800 
6010.191213 
6010.146956 
6010.115649 
6010.089615 
6010.064580 
6010.111077 
6010.191961 
6010.186649 
6010.096852 
6010.123548 
6010.163772 
6010.167071 
6010.096689 
6010.150370 
6010.085885 
6010.061808 
6010.032438 
6010.201917 
6010.205736 
6010.081493 
6010.223184 
6010.094499 
6010.061875 
6010.091219 
6009.971965 
6010.056027 
6010.132112 
6010.062234 
6010.187491 
6010.028035 
6010.163844 
6010.160181 
6010.158453 
6010.155128 
6010.111101 
6010.045674 
6010.218338 
6010.244717 
6010.169094 
6009.980912 
6010.134138 
6010.126383 
6010.026919 
6010.046311 
6010.136073 
6010.114084 
6010.087125 
6010.111143 
6010.026363 
6009.899417 
6010.031433 
6010.011554 
6010.055166 
6010.077294 
6010.141243 
6010.185539 
6010.147678 
6010.194238 
6010.154376 
6010.118401 
6010.033779 
6010.077973 
6010.119861 
6010.082785 
6010.016209 
6010.059710 
6010.125649 
6010.227235 
6010.078975 
6010.197010 
6010.143201 
6010.150782 
6010.100838 
6010.185575 
6010.161080 
6010.111058 
6010.197045 
6010.135079 
6010.105093 
6010.149138 
6010.150703 
6010.183140 
6010.119614 
6010.269653 
6010.085741 
6010.059802 
6010.063003 
6010.047870 
6009.970864 
6009.979622 
6010.060921 
6010.100061 
6010.170478 
6010.175113 
6010.138041 
6010.075811 
6010.213040 
6010.182717 
6010.079411 
6010.102584 
6010.105779 
6010.149374 
6010.116624 
6010.186831 
6010.161905 
6010.221998 
6010.112666 
6010.164036 
6010.273744 
6010.232337 
6010.185178 
6010.129251 
6010.166850 
6010.128148 
6010.119383 
6010.031025 
6010.028498 
6010.179929 
6010.216136 
6010.174881 
6010.047607 
6010.333349 
6010.131337 
6010.213997 
6010.106262 
6010.135768 
6010.061179 
6010.072002 
6010.094696 
6010.090434 
6010.004926 
6010.119560 
6010.069899 
6010.153462 
6010.196423 
6010.294324 
6010.134442 
6010.059106 
6010.172703 
6010.049075 
6009.949996 
6010.015298 
6010.118391 
6009.985592 
6010.116119 
6010.173755 
6010.101061 
6010.188194 
6010.034644 
6010.063833 
6010.141060 
6010.163525 
6010.133241 
6010.014329 
6010.049878 
6010.191515 
6010.107685 
6010.037500 
6010.047767 
6010.152020 
6010.137550 
6010.226936 
6010.292907 
6010.273106 
6010.126307 
6010.096774 
6010.044310 
6010.058684 
6010.181047 
6009.924235 
6010.009305 
6010.087588 
6010.083469 
6009.933693 
6010.117393 
6010.090965 
6010.137965 
6010.114251 
6010.051797 
6010.212308 
6010.207388 
6010.131906 
6010.229747 
6010.204547 
6010.210427 
6010.287889 
6010.168045 
6010.095793 
6010.086689 
6010.109409 
6010.163535 
6010.063119 
6010.104091 
6010.036527 
6010.175930 
6010.128722 
6010.035723 
6010.100832 
6010.026608 
6010.108105 
6010.123269 
6010.208539 
6010.211947 
6010.217182 
6010.106438 
6010.115591 
6010.168907 
6010.072238 
6010.030999 
6010.122418 
6010.178498 
6010.196724 
6010.138415 
6010.180765 
6010.207115 
6010.311814 
6010.277177 
6010.259871 
6010.221159 
6010.164466 
6010.064763 
6010.113579 
6010.111537 
6010.092417 
6010.156122 
6010.162551 
6010.118885 
6010.143024 
6009.978405 
6010.060366 
6009.983784 
6010.141543 
6010.143078 
6010.052678 
6010.108053 
6010.044910 
6010.034451 
6010.080486 
6010.077470 
6010.066173 
6010.099287 
6010.093579 
6010.115277 
6010.102598 
6010.206666 
6010.056596 
6010.171598 
6010.096537 
6010.103751 
6010.175973 
6009.948089 
6010.108602 
6010.116079 
6010.083922 
6010.141250 
6010.050981 
6010.063437 
6010.089288 
6010.114720 
6010.047633 
6010.079904 
6010.041077 
6010.095822 
6010.178993 
6010.228195 
6010.144586 
6010.072020 
6010.142334 
6010.202172 
6010.053582 
6010.195379 
6010.207026 
6010.067394 
6010.099174 
6010.131199 
6010.155729 
6010.147451 
6010.179523 
6009.960067 
6010.063282 
6010.107548 
6010.098531 
6010.158300 
6010.163021 
6010.075167 
6010.120329 
6010.142128 
6010.139868 
6010.139897 
6010.085900 
6010.245860 
6010.148200 
6010.088693 
6010.078368 
6010.012475 
6010.071844 
6010.063788 
6010.055666 
6010.126238 
6010.091214 
6010.069346 
6010.098693 
6010.122441 
6010.184647 
6010.271243 
6010.239029 
6010.228253 
6010.206465 
6010.092162 
6010.160862 
6010.039708 
6010.122514 
6010.114087 
6010.202194 
6010.032404 
6010.195908 
6010.246618 
6010.197577 
6010.173558 
6010.222553 
6010.119625 
6010.077074 
6010.124657 
6010.197276 
6010.138119 
6010.118620 
6010.146998 
6010.135657 
6010.093521 
6010.198873 
6010.055848 
6010.127300 
6010.119251 
6010.051056 
6010.211291 
6010.253243 
6010.246814 
6010.099538 
6010.111390 
6010.084727 
6010.145115 
6010.161167 
6010.165811 
6010.158411 
6010.115990 
6010.038454 
6010.064952 
6010.020495 
6010.090013 
6010.234886 
6010.196973 
6010.186205 
6010.202934 
6010.181774 
6010.110683 
6010.229404 
6010.179247 
6010.205645 
6010.179863 
6010.152354 
6010.158154 
6010.035496 
6010.132459 
6010.139040 
6010.118414 
6010.194513 
6010.166309 
6010.116137 
6010.124932 
6010.123119 
6010.037942 
6010.069234 
6010.099927 
6010.126696 
6010.137907 
6010.174367 
6010.241018 
6010.071803 
6010.084811 
6010.169129 
6010.138580 
6010.050892 
6009.973036 
6010.040701 
6010.152265 
6010.044608 
6010.132929 
6010.145051 
6010.222364 
6010.121521 
6010.068652 
6010.106280 
6010.096566 
6010.030032 
6010.139915 
6010.217849 
6010.221829 
6010.020870 
6010.118631 
6010.212581 
6010.066032 
6010.154145 
6010.160510 
6010.051316 
6010.128460 
6010.108294 
6010.186708 
6010.165312 
6010.221039 
6010.133523 
6010.103209 
6010.149847 
6010.132569 
6010.118232 
6010.140353 
6010.151239 
6010.000180 
6010.200756 
6010.090416 
6010.134404 
6010.021778 
6010.096928 
6010.192725 
6010.180197 
6010.113935 
6010.025997 
6010.040844 
6010.046630 
6010.025817 
6010.133276 
6010.070396 
6010.114059 
6010.101394 
6010.232063 
6010.110062 
6010.134993 
6010.091389 
6010.061830 
6010.070515 
6010.018890 
6010.009273 
6010.114220 
6010.023263 
6010.090857 
6010.227208 
6010.177100 
6010.220328 
6010.146060 
6010.227742 
6010.077873 
6010.075626 
6010.196440 
6010.230505 
6010.189051 
6010.173110 
6010.219487 
6010.152077 
6010.090915 
6010.147370 
6010.161883 
6010.178302 
6010.220989 
6010.114603 
6010.035195 
6010.069311 
6010.122930 
6010.059556 
6010.018708 
6010.112841 
6010.180542 
6010.091100 
6010.035124 
6010.031855 
6010.053995 
6010.091162 
6010.054309 
6010.184106 
6010.178425 
6010.204265 
6010.139672 
6010.048822 
6010.050520 
6010.119712 
6010.144704 
6010.015963 
6010.044746 
6010.076307 
6010.202474 
6010.145689 
6010.091614 
6010.052160 
6010.103614 
6010.071775 
6010.186265 
6010.173465 
6010.140765 
6010.100247 
6010.181439 
6010.149831 
6010.114386 
6010.091430 
6010.100614 
6010.076887 
6010.050167 
6010.036441 
6010.082889 
6009.947999 
6010.041606 
6010.092678 
6010.128217 
6010.027754 
6010.135817 
6010.236252 
6010.187843 
6010.270790 
6010.151759 
6010.115354 
6010.150208 
6010.174180 
6010.194197 
6010.227251 
6010.206369 
6010.112703 
6010.090499 
6010.013912 
6010.133872 
6010.022631 
6010.078813 
6010.120149 
6010.107792 
6010.087940 
6010.059015 
6010.126950 
6010.205956 
6010.189358 
6010.084323 
6010.088257 
6010.148920 
6010.128160 
6010.090842 
6010.202729 
6010.149011 
6010.123413 
6010.073935 
6010.181489 
6010.185803 
6010.028165 
6010.080664 
6010.182511 
6010.234288 
6010.210657 
6010.155866 
6010.173547 
6010.119902 
6010.105293 
6010.076954 
6010.146401 
6010.203691 
6010.129262 
6010.079309 
6010.029450 
6010.131313 
6010.182250 
6010.155790 
6010.128636 
6010.153549 
6010.171287 
6010.096656 
6010.045868 
6010.100985 
6010.108924 
6010.195683 
6010.173146 
6010.175308 
6010.080121 
6010.128369 
6010.124358 
6010.183465 
6010.137539 
6010.092355 
6010.174052 
6010.141924 
6010.142585 
6009.983873 
6010.048962 
6010.127741 
6010.118451 
6010.251032 
6010.185725 
6010.046179 
6010.081245 
6010.059560 
6010.194951 
6010.110152 
6010.030802 
6010.127915 
6010.114264 
6010.098118 
6010.280232 
6010.109379 
6010.166548 
6010.182594 
6010.181804 
6010.153108 
6010.262582 
6010.085099 
6010.196566 
6010.111890 
6010.170742 
6010.158810 
6010.046626 
6010.124275 
6010.178761 
6010.114438 
6010.215186 
6010.183278 
6010.104899 
6009.985967 
6010.172678 
6010.079769 
6010.015059 
6009.970024 
6010.054370 
6010.102755 
6010.186697 
6010.085511 
6010.050470 
6010.121217 
6010.192462 
6010.131341 
6010.089617 
6010.111212 
6010.171652 
6010.212684 
6010.142151 
6010.059948 
6010.052101 
6010.160548 
6010.185013 
6010.143069 
6010.159486 
6010.114778 
6010.094734 
6010.090934 
6010.151507 
6010.096875 
6010.072239 
6010.141358 
6010.165162 
6010.189235 
6010.178715 
6010.167046 
6010.185119 
6010.171185 
6010.028772 
6010.166408 
6010.165293 
6010.033080 
6010.032725 
6010.106616 
6010.148566 
6010.188373 
6010.159283 
6010.075008 
6010.099785 
6010.058542 
6010.069075 
6009.953489 
6010.091796 
6010.216717 
6010.095557 
6010.154792 
6010.075972 
6009.908303 
6010.026056 
6010.120393 
6010.069035 
6010.139021 
6010.150448 
6010.105502 
6010.072322 
6010.141341 
6010.159887 
6010.161278 
6010.188628 
6010.173692 
6010.139543 
6010.170918 
6010.178159 
6010.120987 
6010.165772 
6010.031157 
6010.061269 
6009.991635 
6010.146112 
6010.183270 
6010.162623 
6010.101894 
6010.134417 
6010.171845 
6010.136814 
6010.070125 
6010.117068 
6010.117986 
6010.107968 
6010.011464 
6010.030966 
6010.068912 
6010.248812 
6010.079043 
6010.008415 
6010.169660 
6010.264489 
6010.081683 
6010.095499 
6010.105715 
6010.210381 
6010.151369 
6010.152950 
6010.213600 
6010.114697 
6010.053341 
6010.099741 
6010.077304 
6010.006137 
6010.002204 
6010.086670 
6010.168358 
6010.110205 
6010.017669 
6009.989658 
6010.007386 
6010.094315 
6010.007590 
6010.171205 
6010.210477 
6010.180743 
6010.061851 
6010.188344 
6010.118020 
6010.147619 
6010.155210 
6010.119759 
6010.073583 
6009.966114 
6010.118645 
6010.128074 
6010.217394 
6010.176312 
6010.092980 
6010.111436 
6010.169726 
6009.990665 
6010.056881 
6010.061247 
6010.117475 
6010.077192 
6010.121402 
6010.054741 
6010.145065 
6010.089329 
6010.135484 
6010.152983 
6010.070378 
6010.001100 
6010.031893 
6010.068603 
6010.191562 
6010.087863 
6010.194019 
6010.093154 
6010.154601 
6010.093781 
6010.021206 
6009.970051 
6010.086642 
6010.056360 
6010.043207 
6010.095006 
6010.127747 
6010.086252 
6010.081085 
6010.015666 
6010.039273 
6010.130194 
6010.235373 
6010.034276 
6010.061033 
6010.229178 
6010.241611 
6010.002844 
6009.971366 
6010.017931 
6010.069780 
6010.072928 
6010.229639 
6010.203172 
6010.237159 
6010.175634 
6010.203764 
6010.316830 
6010.204599 
6010.217254 
6010.066630 
6010.161760 
6010.083323 
6010.114599 
6010.073111 
6010.058790 
6010.136594 
6010.119929 
6010.039766 
6010.061110 
6010.194236 
6010.319687 
6010.130093 
6010.099335 
6010.067400 
6010.267423 
6010.109612 
6010.127022 
6010.090515 
6010.061303 
6010.128566 
6010.111585 
6010.173037 
6010.166189 
6010.091145 
6010.114787 
6010.213101 
6010.047986 
6010.129415 
6010.120143 
6010.010117 
6010.101999 
6010.240094 
6010.130298 
6010.072055 
6010.111877 
6010.068504 
6010.129413 
6010.125441 
6010.220804 
6010.230547 
6010.162385 
6010.148302 
6010.169022 
6010.172595 
6010.041958 
6010.039438 
6010.028805 
6010.125078 
6010.086331 
6010.089254 
6010.146690 
6010.200841 
6010.062841 
6010.103960 
6010.075297 
6010.051744 
6010.038362 
6010.017221 
6010.131823 
6010.236490 
6010.177640 
6010.145484 
6010.132797 
6010.126228 
6010.132529 
6010.004820 
6010.134033 
6009.998852 
6010.184886 
6010.146687 
6010.124738 
6010.083765 
6010.097612 
6010.276688 
6010.164386 
6010.162389 
6009.994411 
6010.111375 
6010.065156 
6010.111115 
6010.014576 
6010.025284 
6010.135386 
6010.054355 
6010.040216 
6010.109634 
6010.186357 
6009.994391 
6010.123001 
6010.137119 
6010.055694 
6010.111945 
6010.125422 
6010.237956 
6010.038546 
6010.046775 
6010.005181 
6010.012914 
6010.038526 
6009.970711 
6010.092655 
6010.101340 
6010.085857 
6010.101491 
6010.109760 
6010.122639 
6010.163701 
6010.111513 
6010.089859 
6010.126148 
6010.074004 
6010.130270 
6010.170631 
6010.039581 
6010.009951 
6010.116697 
6010.109893 
6010.197652 
6010.156200 
6010.069986 
6010.130976 
6010.098678 
6010.079491 
6010.099377 
6010.129801 
6010.141792 
6010.115896 
6010.150283 
6010.060039 
6009.977148 
6009.977363 
6010.189013 
6010.132260 
6010.066450 
6010.138593 
6010.162663 
6010.135192 
6010.152231 
6010.147999 
6010.039785 
6010.117350 
6010.187644 
6010.133999 
6010.154815 
6010.148712 
6010.087387 
6010.092157 
6010.104547 
6010.150000 
6010.151739 
6010.140002 
6010.099120 
6010.215752 
6010.139629 
6010.187895 
6010.053195 
6010.152551 
6010.223835 
6010.178852 
6010.284651 
6010.142644 
6010.062384 
6009.956566 
6010.092522 
6009.961576 
6010.101724 
6010.036961 
6010.090693 
6009.945366 
6010.113470 
6010.135821 
6010.311710 
6010.175884 
6010.328787 
6010.177413 
6010.238663 
6010.160537 
6010.114326 
6010.135217 
6010.180543 
6010.141131 
6010.076478 
6010.231139 
6010.240664 
6010.203064 
6010.167697 
6010.115076 
6010.185300 
6010.123469 
6010.214705 
6010.194213 
6010.141847 
6010.182423 
6010.210722 
6010.117549 
6010.135508 
6010.204087 
6010.047319 
6010.027738 
6010.097893 
6010.197143 
6010.025322 
6010.026943 
6010.032304 
6010.295186 
6010.251719 
6010.247863 
6010.164185 
6010.105817 
6010.024875 
6010.027321 
6010.157855 
6010.101792 
6010.068035 
6010.095914 
6010.171502 
6010.183803 
6010.114249 
6010.087213 
6010.093128 
6010.008097 
6010.026412 
6009.957253 
6010.005986 
6009.963598 
6010.001201 
6010.084995 
6010.125455 
6010.064796 
6010.037520 
6010.028783 
6010.112501 
6010.217348 
6010.064028 
6010.085018 
6010.172377 
6010.235950 
6010.200834 
6010.054223 
6010.098846 
6010.103935 
6010.106602 
6010.119531 
6010.161957 
6010.222380 
6010.090653 
6010.168121 
6010.221653 
6010.140082 
6010.110542 
6010.175808 
6010.168801 
6010.139058 
6010.129559 
6010.063535 
6009.943257 
6010.133894 
6010.166591 
6010.037120 
6010.151785 
6010.180076 
6010.181273 
6010.104082 
6010.173820 
6009.986157 
6010.050830 
6010.135432 
6010.120011 
6010.037809 
6010.037989 
6010.013317 
6010.022161 
6010.052169 
6010.073537 
6010.114869 
6010.170408 
6010.037005 
6010.053392 
6010.051323 
6010.121597 
6010.033015 
6010.016152 
6010.019356 
6010.195566 
6010.065698 
6010.056823 
6010.087512 
6010.147277 
6010.141974 
6010.114889 
6010.155625 
6010.050658 
6010.048558 
6010.180747 
6010.138467 
6010.166050 
6010.173513 
6010.166689 
6010.168123 
6010.088421 
6010.014767 
6010.102015 
6010.123409 
6010.174112 
6010.131030 
6010.030111 
6010.154384 
6010.226097 
6010.277331 
6010.135302 
6010.210092 
6010.114606 
6010.076478 
6010.132832 
6010.134297 
6010.139544 
6010.165371 
6010.033692 
6010.159580 
6010.019759 
6010.081412 
6010.172604 
6010.209424 
6010.096792 
6010.150079 
6010.149494 
6010.133686 
6010.109435 
6010.161386 
6010.087182 
6010.084102 
6010.200582 
6010.130592 
6010.043534 
6010.080214 
6010.034441 
6010.135093 
6010.081807 
6010.070508 
6009.965000 
6010.149119 
6010.050653 
6010.104997 
6010.106522 
6010.117200 
6010.148831 
6010.168617 
6010.121735 
6010.067634 
6010.104122 
6010.017135 
6010.085348 
6009.998389 
6010.113582 
6010.115233 
6010.070482 
6010.041227 
6010.150689 
6010.080638 
6010.016080 
6010.043227 
6010.048690 
6009.982749 
6010.202187 
6010.136383 
6010.163088 
6010.149531 
6010.010133 
6010.010002 
6010.043707 
6010.124011 
6010.018700 
6010.176669 
6010.111476 
6010.093443 
6010.026927 
6010.066314 
6010.081134 
6010.046303 
6010.057925 
6010.106111 
6010.000268 
6010.088839 
6010.044218 
6010.120924 
6010.148098 
6010.252432 
6010.154681 
6010.064879 
6010.221547 
6010.233637 
6010.126438 
6010.072191 
6010.174768 
6010.265590 
6010.278753 
6010.092874 
6010.050979 
6010.125120 
6010.149360 
6010.092508 
6010.068592 
6010.044707 
6010.136874 
6010.063866 
6010.116135 
6010.169945 
6010.177024 
6010.192557 
6010.006337 
6009.993487 
6010.166686 
6010.060206 
6010.036590 
6010.039145 
6010.102411 
6010.100931 
6010.139108 
6010.092473 
6010.103774 
6010.186992 
6010.079343 
6010.092610 
6010.174621 
6010.133436 
6010.045476 
6010.114307 
6010.127578 
6010.181395 
6010.167151 
6010.179586 
6010.157479 
6010.043002 
6010.111380 
6010.093245 
6010.046240 
6010.154301 
6010.107824 
6010.116292 
6010.127039 
6010.137983 
6010.205368 
6010.065859 
6010.084551 
6010.034608 
6010.067088 
6010.097474 
6010.121008 
6010.073642 
6010.151284 
6010.131628 
6010.180489 
6010.128735 
6010.021026 
6010.146531 
6010.208168 
6010.094550 
6010.091648 
6010.149760 
6010.124036 
6010.060166 
6010.072148 
6010.102682 
6010.061932 
6010.023959 
6010.079361 
6010.127797 
6010.121273 
6010.088540 
6010.074553 
6010.096690 
6010.097364 
6010.100848 
6010.134948 
6009.995610 
6010.087755 
6010.141095 
6010.118717 
6010.068313 
6010.079406 
6010.028425 
6010.201844 
6010.185119 
6010.153611 
6010.099400 
6010.135596 
6010.164874 
6010.120016 
6009.971159 
6010.147563 
6010.183199 
6010.095208 
6010.113557 
6010.132806 
6010.023946 
6010.009614 
6010.106331 
6010.109626 
6010.105105 
6010.122128 
6010.084865 
6010.124144 
6010.177201 
6010.136994 
6010.220267 
6010.205924 
6010.208086 
6010.149052 
6010.208330 
6010.037547 
6010.097867 
6010.104570 
6010.120811 
6010.026277 
6010.076385 
6010.001067 
6010.094013 
6010.111416 
6010.083879 
6010.155438 
6010.139920 
6010.072196 
6010.152148 
6010.148160 
6010.059339 
6010.129596 
6010.106997 
6010.238813 
6010.079043 
6010.203684 
6010.171788 
6010.178632 
6010.266132 
6010.178816 
6010.044568 
6010.113284 
6010.067984 
6010.093363 
6010.111933 
6010.206975 
6010.252904 
6010.249565 
6010.160626 
6010.095644 
6010.128781 
6010.171065 
6010.177824 
6010.055233 
6010.089140 
6010.041689 
6010.114163 
6010.068143 
6010.044213 
6010.017065 
6010.094463 
6010.037918 
6009.896955 
6010.118317 
6010.037111 
6010.131377 
6010.141205 
6010.123316 
6010.027350 
6010.077947 
6010.105214 
6010.171759 
6010.175491 
6010.020957 
6010.022828 
6010.069443 
6010.143118 
6010.169082 
6010.235746 
6010.204719 
6010.097163 
6010.105806 
6010.074321 
6010.090774 
6010.154445 
6010.081676 
6010.076923 
6010.102208 
6010.242158 
6010.089272 
6010.175932 
6010.105593 
6010.124989 
6010.082679 
6010.260024 
6010.166499 
6010.114283 
6010.159192 
6010.112252 
6010.152810 
6010.117883 
6009.996471 
6009.966766 
6010.151861 
6010.133451 
6010.158492 
6010.270898 
6010.249221 
6010.055556 
6010.049345 
6010.179826 
6010.211069 
6010.177755 
6010.145667 
6010.127645 
6010.142626 
6010.206988 
6010.172574 
6010.091572 
6010.196524 
6010.137270 
6010.081072 
6010.117250 
6010.036950 
6009.996805 
6009.996564 
6010.110127 
6010.062723 
6010.066273 
6010.205723 
6010.232472 
6010.201781 
6010.098396 
6010.149717 
6010.120149 
6010.058551 
6010.126090 
6010.295018 
6010.186693 
6010.108667 
6010.029595 
6010.108012 
6010.063635 
6010.139380 
6010.065382 
6010.051933 
6010.095932 
6010.122642 
6010.098742 
6010.140686 
6010.174221 
6010.169105 
6010.090662 
6010.136390 
6010.206261 
6010.149806 
6010.184920 
6010.124337 
6010.229192 
6010.251216 
6010.112874 
6010.111800 
6010.133716 
6010.116154 
6010.125773 
6010.207749 
6010.185555 
6010.097400 
6010.050685 
6010.046291 
6010.117660 
6010.068091 
6010.064273 
6010.134174 
6010.320833 
6010.148756 
6010.159926 
6010.162155 
6010.212235 
6010.010717 
6010.202066 
6010.114577 
6010.083329 
6009.998623 
6010.056085 
6010.135023 
6010.132223 
6010.110167 
6010.176395 
6010.251980 
6010.113007 
6010.221918 
6010.131264 
6010.054253 
6010.100269 
6010.174975 
6010.146192 
6010.122132 
6010.177841 
6010.132914 
6010.156987 
6010.137226 
6010.067299 
6009.949550 
6010.025604 
6010.063732 
6010.068894 
6010.130451 
6010.081153 
6010.015338 
6010.169017 
6010.156083 
6010.165735 
6010.212804 
6010.138308 
6010.034501 
6010.092211 
6010.075453 
6010.113453 
6010.060005 
6010.109006 
6010.112482 
6010.132298 
6010.118242 
6010.072927 
6010.170123 
6010.066975 
6010.030280 
6010.176256 
6010.142998 
6010.109105 
6010.198469 
6010.144807 
6010.143317 
6010.250845 
6010.150483 
6010.152559 
6010.138785 
6010.090863 
6010.005973 
6010.104316 
6010.166970 
6010.245233 
6010.197410 
6010.122103 
6010.135760 
6010.132210 
6010.137339 
6010.172724 
6010.017116 
6010.187380 
6010.094219 
6010.189010 
6010.136337 
6010.119445 
6010.088026 
6009.914572 
6010.116540 
6010.005209 
6009.963529 
6010.055285 
6010.074673 
6010.196863 
6010.146055 
6010.129624 
6010.170311 
6010.112131 
6010.035186 
6010.042831 
6010.100346 
6010.092713 
6010.159990 
6010.061127 
6010.083146 
6010.072748 
6010.074915 
6010.157139 
6010.192317 
6010.069752 
6010.107112 
6010.186164 
6010.135381 
6010.225827 
6010.243417 
6010.109827 
6010.125813 
6010.031083 
6010.157561 
6009.959531 
6010.093985 
6010.023457 
6010.144758 
6010.123460 
6010.037784 
6010.031646 
6010.121777 
6010.085859 
6010.142088 
6010.130255 
6010.063944 
6009.997079 
6010.066773 
6010.076573 
6010.139333 
6010.165134 
6010.207173 
6010.164527 
6010.080543 
6010.161981 
6010.082030 
6010.177312 
6010.270456 
6010.201138 
6010.133420 
6010.236711 
6010.074173 
6010.115055 
6010.009149 
6010.052100 
6010.031634 
6010.185570 
6010.210059 
6009.971409 
6010.104898 
6010.084656 
6010.140495 
6010.110358 
6010.065317 
6010.171885 
6010.215507 
6010.148183 
6009.985397 
6010.117038 
6010.148871 
6010.114487 
6010.015331 
6010.095137 
6010.135516 
6010.096448 
6009.950888 
6010.071430 
6010.165210 
6010.126485 
6010.240091 
6010.181239 
6010.176308 
6010.120930 
6010.197737 
6010.183703 
6010.146166 
6010.204472 
6010.189184 
6010.126549 
6010.130545 
6010.105602 
6010.135634 
6010.134974 
6010.119324 
6010.213071 
6010.055491 
6009.948063 
6010.103114 
6010.165544 
6010.160310 
6010.191706 
6010.169914 
6010.073237 
6010.143837 
6010.124256 
6010.141523 
6010.182158 
6010.101642 
6010.156254 
6010.173799 
6010.142049 
6010.119524 
6010.039149 
6010.029716 
6010.145139 
6010.080336 
6010.132915 
6010.046838 
6010.094743 
6009.957233 
6010.102091 
6010.195472 
6010.112309 
6010.165904 
6009.962874 
6010.115520 
6010.068559 
6010.170584 
6010.107873 
6010.204194 
6010.180904 
6010.214981 
6010.275231 
6010.080488 
6010.033367 
6009.985531 
6010.083134 
6010.095671 
6010.000532 
6010.161444 
6010.121696 
6010.177746 
6010.225052 
6010.122656 
6010.133083 
6010.143304 
6010.121690 
6010.147875 
6010.197900 
6009.997616 
6010.119299 
6010.151950 
6010.083439 
6010.149977 
6010.332956 
6010.237987 
6010.180645 
6010.056579 
6010.065174 
6010.156739 
6010.086788 
6010.078489 
6010.117548 
6010.152942 
6010.153678 
6010.096333 
6010.045547 
6010.060087 
6010.121484 
6010.089992 
6010.078898 
6010.066015 
6010.115118 
6010.053163 
6010.175958 
6010.176809 
6010.170254 
6010.135463 
6010.029479 
6010.012417 
6010.013705 
6010.203173 
6010.208962 
6009.989697 
6010.017027 
6010.102934 
6010.003953 
6010.026904 
6010.122321 
6010.165133 
6010.087779 
6010.094515 
6010.020978 
6010.062813 
6010.166584 
6010.165620 
6010.227728 
6010.151200 
6010.124996 
6010.143775 
6010.143207 
6010.019953 
6009.994354 
6010.057466 
6010.076259 
6010.108945 
6010.278451 
6010.188495 
6010.095275 
6010.099136 
6009.972825 
6010.082782 
6010.095483 
6010.102828 
6010.041720 
6010.042255 
6010.156155 
6010.127289 
6010.158628 
6010.175220 
6010.246013 
6010.175467 
6010.120432 
6010.109651 
6010.184288 
6010.187178 
6010.086796 
6010.087156 
6010.051646 
6010.102801 
6010.135946 
6010.200104 
6010.049954 
6010.038835 
6010.153600 
6010.192405 
6010.171456 
6010.112748 
6010.090349 
6010.135562 
6010.105258 
6010.074957 
6010.115285 
6010.121982 
6010.089558 
6010.061817 
6009.964233 
6010.193290 
6010.170411 
6010.146979 
6010.064511 
6010.229150 
6010.036824 
6010.115934 
6010.143874 
6010.190434 
6010.152459 
6010.200762 
6010.132181 
6010.102484 
6010.104120 
6010.162044 
6010.115458 
6010.040286 
6010.067710 
6010.087353 
6010.132820 
6010.202892 
6010.099097 
6010.056904 
6010.126309 
6010.213993 
6010.233094 
6010.053415 
6010.182426 
6010.076896 
6010.112814 
6010.133152 
6010.191087 
6010.146563 
6010.087012 
6010.085391 
6010.090370 
6010.057298 
6010.145806 
6010.082561 
6010.059858 
6010.060681 
6010.143102 
6010.120114 
6010.082526 
6010.059509 
6010.111504 
6010.136467 
6010.203181 
6010.096686 
6010.164239 
6010.231333 
6010.167881 
6010.063274 
6010.231806 
6010.111960 
6010.122264 
6010.120925 
6010.194723 
6010.158434 
6010.092222 
6010.162077 
6010.165463 
6010.101687 
6010.084580 
6010.205635 
6010.118509 
6010.091145 
6010.154001 
6010.102148 
6010.161079 
6010.097917 
6010.073651 
6009.967916 
6010.035163 
6010.069163 
6010.059939 
6009.949264 
6009.921770 
6010.080038 
6010.093164 
6010.054677 
6010.059575 
6010.010800 
6010.029883 
6010.032249 
6010.166066 
6010.193132 
6010.211239 
6010.083094 
6010.090781 
6010.204809 
6010.201784 
6010.094011 
6010.014346 
6010.168623 
6010.071897 
6009.974180 
6010.136852 
6010.053717 
6010.064284 
6010.079759 
6010.056956 
6010.073605 
6010.088857 
6010.142499 
6010.062267 
6010.071917 
6010.146125 
6010.192498 
6010.171296 
6010.098834 
6010.170299 
6010.008362 
6010.041752 
6010.167745 
6010.140440 
6010.128893 
6010.065510 
6009.962627 
6010.282675 
6010.172330 
6010.018596 
6010.033669 
6010.031143 
6010.103636 
6010.171835 
6010.115467 
6010.066137 
6010.072449 
6010.098524 
6010.053710 
6010.204092 
6010.056646 
6010.079991 
6010.122971 
6010.016114 
6010.041875 
6010.106135 
6010.095558 
6010.105082 
6010.079044 
6010.043767 
6009.999456 
6010.123171 
6010.102518 
6010.276480 
6010.155092 
6009.992330 
6009.977218 
6010.100274 
6010.238613 
6010.203200 
6010.127372 
6010.069148 
6010.172658 
6010.054972 
6010.119903 
6010.193241 
6010.070589 
6010.164414 
6010.186381 
6010.079837 
6010.070033 
6010.129791 
6010.145024 
6010.172976 
6010.220111 
6010.137368 
6010.191410 
6010.141759 
6010.188155 
6010.136811 
6010.165041 
6010.006591 
6010.139158 
6010.090983 
6010.123859 
6010.103580 
6010.049217 
6010.038797 
6010.185619 
6010.123156 
6010.097713 
6009.989761 
6010.046100 
6010.064123 
6010.082370 
6010.021465 
6010.074708 
6010.029271 
6010.186287 
6010.163613 
6010.156273 
6010.194944 
6010.210675 
6010.191631 
6010.021233 
6009.983123 
6010.086574 
6010.090176 
6009.976141 
6010.193845 
6010.139278 
6010.223477 
6010.154322 
6010.195612 
6010.107302 
6010.123304 
6010.124326 
6010.169108 
6010.152082 
6010.182465 
6010.112018 
6010.163710 
6010.205111 
6010.270882 
6010.318449 
6010.085112 
6010.106322 
6010.029737 
6009.983182 
6010.047899 
6010.023601 
6010.080111 
6010.114705 
6010.004046 
6010.067811 
6010.172398 
6010.211484 
6010.122227 
6010.216569 
6010.148769 
6010.205367 
6010.139027 
6010.138854 
6010.042540 
6010.239882 
6010.142039 
6010.061189 
6010.127233 
6010.054190 
6010.064995 
6010.077859 
6010.082670 
6010.067505 
6010.155221 
6010.147363 
6010.060128 
6010.088515 
6010.107065 
6010.155097 
6010.330380 
6010.122421 
6010.221717 
6010.312925 
6010.181159 
6010.051486 
6010.062421 
6010.118502 
6010.159206 
6010.177890 
6010.011205 
6010.011032 
6010.121161 
6010.181664 
6010.068733 
6010.141238 
6010.052588 
6010.091214 
6010.133388 
6010.034454 
6010.124236 
6010.178650 
6010.122129 
6010.176762 
6010.091703 
6010.042850 
6010.089835 
6010.044165 
6010.138778 
6010.145574 
6009.973034 
6010.026801 
6010.189383 
6010.203852 
6010.000829 
6010.149695 
6010.107746 
6010.067948 
6010.107825 
6010.125782 
6010.042605 
6010.144115 
6010.122328 
6010.052257 
6010.055746 
6010.099189 
6010.144082 
6010.194793 
6010.210459 
6010.086394 
6010.037303 
6010.173347 
6010.198597 
6010.037105 
6010.109107 
6010.084954 
6010.051808 
6010.120639 
6010.080547 
6010.030714 
6010.094966 
6010.121652 
6010.113991 
6010.084946 
6010.083197 
6010.101033 
6010.010474 
6010.087011 
6010.172884 
6010.079474 
6010.036879 
6010.029857 
6010.087056 
6009.991101 
6010.038385 
6010.167853 
6010.010088 
6010.004794 
6010.097797 
6010.118077 
6010.146146 
6010.078772 
6010.014019 
6010.002199 
6010.198018 
6010.031547 
6010.139082 
6010.087763 
6010.123232 
6010.081428 
6010.081721 
6010.159880 
6010.047353 
6010.066662 
6010.061419 
6010.032081 
6010.038501 
6010.192272 
6009.973303 
6010.118806 
6010.139200 
6010.075608 
6010.096430 
6010.196536 
6010.154762 
6010.155236 
6010.141635 
6009.983428 
6010.178334 
6010.200011 
6010.141603 
6010.141525 
6010.104474 
6010.128625 
6010.067044 
6010.127871 
6010.090026 
6010.110347 
6010.156459 
6010.171764 
6010.101371 
6010.159663 
6010.127961 
6010.022853 
6010.102674 
6010.123081 
6010.093698 
6010.093232 
6010.106029 
6010.234910 
6010.079298 
6010.103770 
6009.955599 
6010.095510 
6010.103771 
6010.130224 
6010.114308 
6010.097655 
6010.205062 
6010.120506 
6010.208777 
6009.989622 
6010.153746 
6010.152475 
6010.113346 
6010.094429 
6010.184647 
6010.130039 
6010.027343 
6010.043317 
6010.119331 
6010.172195 
6010.140101 
6010.104451 
6010.169024 
6010.028789 
6010.046171 
6010.060196 
6010.050374 
6010.047136 
6010.072204 
6010.124543 
6010.041740 
6010.074432 
6009.995808 
6010.071698 
6010.159105 
6010.289404 
6010.157236 
6010.160564 
6010.089705 
6010.041532 
6010.051524 
6010.087915 
6010.071392 
6010.140872 
6010.173605 
6010.154285 
6010.130442 
6010.126327 
6010.109248 
6010.190783 
6010.078778 
6010.027045 
6010.045735 
6010.082004 
6010.152757 
6010.164024 
6010.168279 
6010.134529 
6010.062004 
6010.155215 
6010.224257 
6010.213767 
6010.172546 
6010.195800 
6010.226553 
6010.164890 
6010.283928 
6010.141042 
6010.053878 
6010.159810 
6010.131618 
6010.166334 
6010.120147 
6010.168106 
6010.219936 
6010.272312 
6010.133606 
6010.191494 
6010.114305 
6010.114379 
6010.068802 
6010.185056 
6010.142212 
6010.155882 
6010.126818 
6010.141012 
6010.152769 
6010.116685 
6010.107056 
6010.057755 
6010.140197 
6010.094539 
6010.108338 
6010.181894 
6010.045239 
6010.101205 
6010.089655 
6010.053310 
6010.035053 
6010.120923 
6010.187791 
6010.165235 
6010.137061 
6010.134361 
6010.155704 
6010.173617 
6010.211722 
6010.230115 
6010.126506 
6010.125555 
6010.313840 
6010.147941 
6010.231492 
6010.192502 
6010.168639 
6010.150383 
6010.064171 
6010.061094 
6010.137556 
6010.207794 
6010.225378 
6010.140992 
6010.078922 
6010.068456 
6010.148888 
6010.236961 
6010.174103 
6010.207431 
6010.145353 
6010.133292 
6010.049462 
6010.121734 
6010.065776 
6010.109307 
6010.203583 
6010.176660 
6010.295846 
6010.282897 
6010.136615 
6010.178212 
6010.040674 
6010.060086 
6010.000099 
6010.100805 
6010.176273 
6010.046111 
6010.182717 
6010.065179 
6010.080721 
6010.049278 
6010.115020 
6010.120291 
6010.016301 
6010.122084 
6010.135312 
6010.134769 
6010.114909 
6010.194598 
6010.126215 
6010.086655 
6010.084984 
6010.037689 
6010.064376 
6010.073209 
6010.282797 
6010.197828 
6010.269534 
6010.095411 
6010.061529 
6010.162490 
6010.196156 
6010.134192 
6010.118815 
6010.058920 
6010.008668 
6010.114816 
6010.202588 
6009.997841 
6010.068657 
6010.275276 
6010.212087 
6010.078642 
6010.165414 
6010.051078 
6010.157211 
6010.228569 
6010.177476 
6010.219522 
6010.227337 
6010.082284 
6010.148928 
6010.192307 
6010.110969 
6010.158483 
6010.155319 
6010.156543 
6010.132316 
6010.007774 
6010.003697 
6010.168918 
6010.265792 
6010.156439 
6010.202644 
6010.189699 
6010.186035 
6010.196179 
6010.255198 
6010.104351 
6010.174946 
6010.201197 
6010.262288 
6010.237529 
6010.134157 
6010.165561 
6010.147004 
6010.101625 
6010.244312 
6010.147226 
6010.104128 
6010.092336 
6010.222879 
6010.116839 
6010.156565 
6010.203884 
6010.106829 
6010.144542 
6010.256650 
6010.104735 
6010.187893 
6010.105345 
6010.097499 
6010.042036 
6010.187424 
6010.178971 
6010.128861 
6010.095125 
6010.154477 
6010.016055 
6010.243699 
6010.180402 
6010.151289 
6010.180263 
6010.163860 
6010.254756 
6010.235601 
6010.186467 
6010.104601 
6010.018837 
6010.058297 
6010.114841 
6010.105348 
6010.209210 
6010.094261 
6010.021113 
6010.077460 
6010.117256 
6010.185636 
6010.111012 
6010.055674 
6010.078816 
6010.198958 
6010.106168 
6010.110406 
6010.150913 
6010.124473 
6010.096762 
6010.136471 
6009.957901 
6009.932375 
6010.014630 
6010.105037 
6010.115545 
6010.096754 
6010.069631 
6010.181426 
6010.216184 
6010.142022 
6010.094882 
6010.122146 
6010.202651 
6010.105569 
6010.162051 
6010.051959 
6010.064317 
6010.099055 
6010.002907 
6010.096371 
6010.155825 
6010.115270 
6010.127645 
6010.235685 
6010.175152 
6010.032441 
6010.081152 
6010.094390 
6010.100627 
6010.205358 
6010.277037 
6010.229872 
6010.257070 
6010.157267 
6010.151537 
6010.219340 
6010.335838 
6010.174846 
6010.136160 
6010.106394 
6009.953759 
6010.056650 
6010.098763 
6010.005497 
6010.084088 
6010.185863 
6010.113827 
6010.078688 
6010.041067 
6010.036971 
6010.125017 
6010.207978 
6010.230211 
6010.060538 
6010.116415 
6009.853213 
6010.004775 
6010.086195 
6010.034398 
6010.136447 
6010.171720 
6010.159731 
6010.047358 
6010.061136 
6010.241314 
6010.261419 
6010.102567 
6010.178417 
6010.123531 
6010.083902 
6010.213193 
6010.088809 
6010.174477 
6010.118742 
6010.121126 
6010.072809 
6010.087517 
6010.081067 
6010.059072 
6010.108254 
6009.949491 
6010.095816 
6010.105690 
6010.140104 
6010.185438 
6010.180799 
6010.045896 
6010.156931 
6010.223639 
6010.101826 
6010.216012 
6010.188589 
6010.038847 
6010.098837 
6010.114840 
6010.182776 
6010.197924 
6010.222420 
6010.179710 
6009.990399 
6010.115101 
6010.148766 
6010.199457 
6010.146026 
6010.055770 
6009.974889 
6010.008659 
6010.043576 
6010.068526 
6010.048558 
6010.152361 
6010.147390 
6010.189218 
6010.097570 
6010.233997 
6010.084512 
6010.180059 
6010.152325 
6010.157285 
6010.047115 
6010.140005 
6010.076312 
6010.028823 
6010.120558 
6010.109639 
6010.106340 
6010.206501 
6010.201807 
6010.266891 
6010.208459 
6010.182902 
6010.102097 
6010.003464 
6010.065724 
6010.156327 
6010.155418 
6010.210707 
6010.149927 
6009.990138 
6010.063978 
6010.179918 
6010.121352 
6010.151600 
6010.176053 
6010.060866 
6010.236222 
6010.134686 
6010.213089 
6010.084783 
6010.030184 
6010.156586 
6010.074322 
6010.094038 
6010.126882 
6010.112362 
6010.107813 
6010.244876 
6010.184590 
6010.058373 
6010.049819 
6010.122643 
6010.158990 
6010.149253 
6010.203796 
6010.177378 
6010.156841 
6010.105938 
6010.186249 
6010.135872 
6010.085582 
6010.111451 
6010.153276 
6010.044605 
6010.063934 
6010.218251 
6010.131245 
6010.145961 
6010.144225 
6010.153225 
6010.129009 
6010.133387 
6010.104960 
6010.157239 
6010.251186 
6010.193375 
6010.123944 
6010.059503 
6010.055813 
6010.155013 
6010.113457 
6010.139568 
6010.315157 
6010.219600 
6010.059995 
6010.021893 
6009.998602 
6010.032851 
6010.084408 
6010.172791 
6010.115091 
6010.066095 
6010.112320 
6010.180919 
6010.182047 
6010.110250 
6010.199406 
6010.156049 
6010.140098 
6010.154434 
6010.216529 
6010.127446 
6010.164111 
6010.064771 
6010.075860 
6009.942375 
6010.089681 
6010.048145 
6009.997972 
6010.277433 
6010.002018 
6010.175120 
6010.027965 
6010.146872 
6010.228650 
6010.221810 
6010.168799 
6010.046496 
6010.038289 
6010.091932 
6010.120319 
6010.119940 
6010.134085 
6010.028269 
6010.078763 
6010.093658 
6010.115764 
6010.160368 
6010.130264 
6010.089943 
6010.133583 
6010.050075 
6010.205370 
6010.111328 
6010.024178 
6010.070873 
6010.036520 
6010.146588 
6010.086628 
6010.193261 
6010.082047 
6010.074233 
6010.123279 
6010.134163 
6010.115638 
6010.221088 
6010.127793 
6010.118301 
6010.189164 
6010.154444 
6010.236468 
6010.104994 
6010.148794 
6010.094307 
6010.018467 
6010.155584 
6010.062413 
6010.165516 
6010.088501 
6010.189403 
6010.147571 
6010.074105 
6010.151579 
6010.098432 
6010.149453 
6009.948441 
6010.082445 
6010.086419 
6010.032669 
6010.056896 
6010.102781 
6010.083921 
6010.106490 
6010.166453 
6010.172379 
6010.011824 
6010.029084 
6010.190008 
6010.164865 
6010.141419 
6010.188971 
6010.148371 
6010.192809 
6010.163604 
6010.138755 
6010.160195 
6010.313573 
6010.256717 
6010.196023 
6010.140283 
6010.187664 
6010.181256 
6010.093230 
6010.182408 
6010.061425 
6010.189733 
6010.107537 
6010.124164 
6010.120730 
6010.138117 
6010.065817 
6009.938116 
6010.047929 
6010.018683 
6010.001538 
6010.037582 
6010.181644 
6010.192131 
6010.127938 
6010.063218 
6010.136747 
6010.174937 
6010.064428 
6010.298689 
6010.085199 
6010.104511 
6010.031541 
6010.035161 
6010.038101 
6010.116038 
6010.061561 
6010.105803 
6010.213191 
6010.239317 
6010.189034 
6010.064168 
6010.021773 
6010.062196 
6010.064159 
6010.045000 
6010.116755 
6009.965423 
6009.978093 
6010.034907 
6010.196433 
6010.137650 
6010.080604 
6010.083568 
6010.185124 
6010.186351 
6010.032676 
6010.060399 
6010.100340 
6010.139389 
6010.156959 
6010.242245 
6010.237224 
6010.066858 
6010.096206 
6010.105274 
6010.001460 
6010.076794 
6010.074544 
6010.105081 
6010.093918 
6010.164137 
6010.035208 
6010.053686 
6010.006705 
6010.200063 
6010.106562 
6010.081557 
6010.049205 
6010.118302 
6010.174637 
6010.205062 
6010.146319 
6009.985834 
6009.997568 
6010.115177 
6010.005860 
6010.050016 
6009.997171 
6010.071203 
6010.079237 
6010.112722 
6010.193688 
6010.220592 
6010.175336 
6010.147759 
6010.070188 
6010.063363 
6010.056431 
6010.043570 
6010.138908 
6010.146153 
6010.162372 
6010.160439 
6010.094180 
6010.079410 
6010.133401 
6010.051014 
6010.140963 
6010.165797 
6010.178115 
6010.180799 
6010.136822 
6010.201897 
6010.035924 
6010.001735 
6010.083782 
6010.158548 
6010.131125 
6010.152317 
6010.099570 
6010.127204 
6010.090264 
6010.120353 
6010.145492 
6010.207260 
6010.217345 
6010.207220 
6010.170235 
6010.125065 
6010.096981 
6010.227661 
6010.192948 
6010.136416 
6010.164651 
6010.139784 
6010.063765 
6009.987589 
6010.078275 
6010.156483 
6010.024287 
6010.155324 
6010.166311 
6010.094881 
6010.056775 
6010.100253 
6010.063456 
6010.088123 
6010.226819 
6010.215573 
6010.184973 
6010.193576 
6010.195707 
6010.109450 
6010.022377 
6010.197123 
6010.101505 
6010.085379 
6010.108735 
6010.143161 
6010.276701 
6010.076226 
6010.129460 
6010.132268 
6010.104422 
6010.245683 
6010.219257 
6010.194995 
6010.214357 
6010.017629 
6010.128212 
6010.095511 
6010.197547 
6010.147237 
6010.168686 
6010.217599 
6010.102297 
6010.070646 
6010.118724 
6010.078660 
6010.034181 
6010.140144 
6010.135299 
6010.124315 
6010.098699 
6010.105736 
6010.078281 
6010.128750 
6010.174808 
6010.158889 
6010.124434 
6009.949022 
6010.124409 
6010.158625 
6010.154529 
6010.115454 
6010.110330 
6010.178367 
6010.097792 
6010.088713 
6010.144175 
6010.020542 
6010.102829 
6010.151197 
6010.124546 
6010.036653 
6010.039466 
6010.082893 
6010.143180 
6010.120183 
6010.243057 
6010.017293 
6010.053434 
6010.079248 
6010.083457 
6010.106402 
6010.060867 
6010.076962 
6010.189393 
6010.191517 
6010.093323 
6010.104193 
6010.146301 
6010.218256 
6010.139999 
6010.057158 
6010.142712 
6010.024636 
6010.069125 
6010.069678 
6010.002929 
6010.010104 
6010.073096 
6009.993338 
6010.089159 
6010.033615 
6010.050404 
6010.188823 
6010.215305 
6010.146725 
6010.061801 
6010.232409 
6010.129274 
6010.133955 
6010.018934 
6010.000786 
6010.064400 
6010.138381 
6010.119556 
6010.149592 
6010.242362 
6010.168962 
6010.166579 
6010.125851 
6010.133518 
6010.016729 
6010.021986 
6010.182124 
6010.135255 
6010.157343 
6010.238459 
6010.098410 
6010.153751 
6010.078442 
6010.042322 
6010.190367 
6010.119861 
6010.096321 
6010.135608 
6010.208106 
6010.215797 
6010.143771 
6009.995520 
6010.206108 
6010.046663 
6010.137879 
6010.129888 
6010.051438 
6010.084078 
6010.223508 
6010.205030 
6010.197933 
6010.039261 
6010.106795 
6010.118575 
6010.244986 
6010.029818 
6010.128097 
6010.084169 
6010.089098 
6009.989008 
6010.122694 
6010.072920 
6010.094336 
6010.043247 
6010.181070 
6010.089451 
6010.183374 
6010.095924 
6010.102711 
6010.155233 
6010.208631 
6010.144804 
6010.060600 
6010.095408 
6010.050476 
6010.173547 
6010.078236 
6010.074233 
6010.166460 
6010.189728 
6010.121448 
6010.122896 
6010.120698 
6010.190454 
6010.126468 
6010.175152 
6010.166074 
6010.128423 
6010.134721 
6010.050357 
6010.110127 
6010.192772 
6010.315131 
6010.245636 
6010.205623 
6010.184330 
6010.153895 
6010.063033 
6010.078176 
6010.161897 
6010.131541 
6010.024294 
6010.107723 
6010.145820 
6010.056212 
6010.029014 
6010.159256 
6010.148360 
6010.191104 
6010.239536 
6010.201279 
6010.067319 
6010.085336 
6010.116500 
6010.185661 
6010.103162 
6010.077690 
6010.046630 
6010.168544 
6010.083038 
6010.106311 
6010.274317 
6010.196533 
6010.201971 
6010.162910 
6010.119964 
6010.042987 
6009.954482 
6010.084276 
6009.978598 
6010.003981 
6010.146645 
6010.227918 
6010.073315 
6010.164700 
6010.143578 
6010.152584 
6010.077031 
6010.178345 
6010.070264 
6010.120072 
6010.104382 
6010.106750 
6010.230669 
6009.992252 
6010.028699 
6010.052653 
6010.108412 
6010.273046 
6010.106103 
6010.124472 
6010.147742 
6010.196489 
6010.176579 
6010.317375 
6010.170854 
6010.131393 
6010.162549 
6010.162934 
6010.085373 
6010.079926 
6009.991992 
6010.100476 
6010.214632 
6010.055000 
6010.047423 
6010.079637 
6010.143433 
6010.115183 
6010.110050 
6010.174621 
6010.032568 
6010.071445 
6010.089942 
6010.157625 
6010.159257 
6010.108202 
6010.180753 
6010.010978 
6009.983797 
6010.030990 
6010.169737 
6010.142096 
6010.102347 
6010.101169 
6010.123937 
6010.085589 
6010.117576 
6010.183766 
6010.134199 
6010.075860 
6010.101105 
6010.122985 
6010.165706 
6010.177373 
6010.154301 
6010.183961 
6010.156995 
6010.171000 
6010.130075 
6010.075384 
6010.122711 
6010.110710 
6009.906110 
6010.029837 
6010.201263 
6010.070982 
6010.015522 
6010.158722 
6010.043114 
6010.040830 
6010.089067 
6010.063522 
6010.039705 
6010.122816 
6010.053674 
6010.101555 
6010.125082 
6010.252599 
6010.063025 
6010.115865 
6010.204682 
6010.056214 
6010.019103 
6010.003883 
6010.178271 
6010.121216 
6010.126305 
6010.107266 
6010.138223 
6010.237606 
6010.130865 
6010.234561 
6010.106064 
6010.049397 
6010.085969 
6010.110024 
6010.106583 
6010.143883 
6010.085172 
6010.128938 
6010.117967 
6010.144941 
6010.214173 
6010.031032 
6010.142960 
6010.109929 
6010.100333 
6010.024991 
6010.105315 
6010.129229 
6010.110183 
6010.093829 
6010.062323 
6010.118025 
6010.032405 
6010.160611 
6010.105218 
6010.124158 
6010.112818 
6010.119713 
6010.132017 
6010.155633 
6010.103166 
6010.103473 
6010.082200 
6010.048857 
6009.979453 
6010.025829 
6009.986397 
6010.023264 
6010.066403 
6010.208857 
6010.144310 
6010.006625 
6010.135146 
6010.162358 
6010.192882 
6010.233873 
6010.360677 
6010.206183 
6010.207768 
6010.053475 
6010.100909 
6010.071872 
6010.035874 
6010.173120 
6010.254090 
6010.192759 
6010.176229 
6010.220670 
6010.165259 
6010.089860 
6010.084575 
6010.012566 
6010.126206 
6010.191754 
6010.199825 
6010.064625 
6010.142079 
6010.103466 
6010.129318 
6010.070663 
6010.095076 
6010.030717 
6010.117880 
6010.142592 
6010.190283 
6010.149625 
6010.210331 
6010.157015 
6010.079517 
6010.144070 
6009.996651 
6010.225148 
6010.152457 
6010.130543 
6010.026093 
6009.966485 
6010.045141 
6010.125330 
6010.126963 
6010.186953 
6010.223404 
6010.111103 
6010.005165 
6010.203432 
6010.151553 
6010.168230 
6010.174240 
6010.168571 
6010.072910 
6010.009346 
6010.085547 
6010.192357 
6010.151316 
6010.113712 
6009.964881 
6010.071963 
6010.069304 
6010.126099 
6010.081801 
6010.072387 
6010.097125 
6010.131225 
6010.181651 
6010.163459 
6010.040212 
6010.005876 
6009.979534 
6010.002612 
6009.962304 
6010.045347 
6010.061643 
6010.114200 
6010.130139 
6010.101424 
6010.192170 
6010.263865 
6010.160122 
6010.185449 
6010.183159 
6010.063373 
6010.164062 
6010.175637 
6010.296221 
6010.271339 
6010.143869 
6010.077926 
6010.230419 
6010.118241 
6010.290131 
6010.153498 
6010.259087 
6010.187822 
6010.156909 
6010.214305 
6010.233739 
6010.095995 
6010.089966 
6010.096988 
6010.170427 
6010.060857 
6010.161958 
6010.022557 
6009.979647 
6009.987113 
6010.106119 
6010.158045 
6010.110171 
6010.146206 
6010.149506 
6010.155989 
6010.007352 
6010.181837 
6010.106102 
6010.156525 
6010.220780 
6010.030438 
6010.034887 
6010.085495 
6010.184673 
6010.160882 
6010.167627 
6010.211127 
6010.166241 
6010.151288 
6010.116096 
6010.035785 
6010.166953 
6010.148655 
6010.155430 
6010.078991 
6010.172159 
6010.088531 
6010.144246 
6010.148272 
6010.263513 
6010.218661 
6009.992012 
6009.984618 
6010.158418 
6010.106971 
6010.133416 
6010.065689 
6010.030452 
6010.103896 
6010.245412 
6010.191906 
6010.175627 
6009.992878 
6010.164940 
6010.097516 
6010.134589 
6010.174947 
6010.234032 
6010.205732 
6010.228668 
6010.194969 
6010.114937 
6010.172602 
6010.210464 
6010.110022 
6010.002743 
6010.137836 
6010.062688 
6010.120314 
6010.039163 
6009.980564 
6010.087664 
6010.137468 
6010.129104 
6010.141240 
6010.153984 
6010.117821 
6010.186372 
6010.158135 
6010.126859 
6010.208970 
6010.174027 
6010.169377 
6010.155855 
6009.950086 
6010.075484 
6009.962937 
6010.065304 
6010.056234 
6010.090068 
6010.086233 
6010.058655 
6010.113807 
6010.148302 
6010.121031 
6010.039034 
6010.009754 
6009.989780 
6010.081766 
6010.091181 
6010.074447 
6010.078448 
6010.001185 
6010.089201 
6010.123849 
6010.237074 
6010.029375 
6010.129146 
6010.065658 
6010.107824 
6010.214881 
6010.220985 
6010.091662 
6010.014206 
6010.069324 
6010.123371 
6010.146483 
6010.082302 
6010.047988 
6009.926440 
6010.009331 
6010.034956 
6010.079621 
6010.077687 
6009.977601 
6010.004867 
6010.128609 
6010.157671 
6009.968363 
6010.122652 
6010.092743 
6010.124914 
6009.973081 
6010.074219 
6010.201218 
6010.161284 
6010.169068 
6010.075751 
6010.069866 
6010.077967 
6009.986084 
6010.132805 
6010.127152 
6010.098088 
6010.144065 
6010.145854 
6010.193556 
6010.197232 
6010.329346 
6010.277364 
6010.097469 
6010.143024 
6010.016001 
6010.044614 
6010.089644 
6010.035643 
6009.986908 
6010.091916 
6010.095262 
6010.154903 
6010.175021 
6010.208699 
6010.174754 
6010.079453 
6010.098242 
6010.144300 
6010.121564 
6010.114455 
6010.195510 
6009.979282 
6010.152965 
6010.105484 
6010.117626 
6010.204462 
6010.290454 
6010.217751 
6010.182536 
6010.043931 
6010.080728 
6010.078376 
6010.232942 
6010.042358 
6010.038882 
6010.219718 
6010.226316 
6010.056918 
6010.123312 
6010.010815 
6010.054137 
6010.048686 
6010.192601 
6010.196261 
6010.114376 
6010.042180 
6010.114085 
6010.088831 
6010.115488 
6010.090813 
6010.198363 
6010.027856 
6010.037836 
6010.132852 
6010.004353 
6010.036893 
6010.087340 
6010.090991 
6009.992473 
6010.178629 
6010.196954 
6010.148481 
6010.190137 
6010.037414 
6010.173727 
6010.235632 
6010.208742 
6010.184523 
6010.114712 
6010.167259 
6010.162872 
6010.217405 
6010.075717 
6010.129914 
6010.126447 
6010.204582 
6010.093934 
6010.084569 
6010.150117 
6010.143272 
6010.136382 
6010.193143 
6010.216992 
6010.040935 
6010.113040 
6010.042551 
6010.018632 
6010.011010 
6010.109294 
6010.114335 
6010.114521 
6010.194781 
6010.163628 
6010.112306 
6010.164087 
6010.165491 
6010.126883 
6010.155862 
6010.103136 
6010.140648 
6010.280727 
6010.148320 
6010.194940 
6010.123578 
6010.096967 
6009.942173 
6010.072782 
6010.142345 
6010.175227 
6010.130907 
6010.141871 
6010.260272 
6010.163181 
6010.214682 
6010.170839 
6009.957689 
6010.068452 
6010.193697 
6010.222045 
6010.171282 
6010.102432 
6010.094493 
6009.947179 
6009.992842 
6010.184791 
6010.174991 
6010.084372 
6010.146165 
6010.288797 
6010.176777 
6010.119697 
6010.206874 
6010.119661 
6010.118495 
6010.098172 
6010.046326 
6010.228608 
6010.147766 
6010.281688 
6010.235596 
6010.201350 
6010.172597 
6010.183535 
6010.102069 
6010.089812 
6010.219344 
6010.046515 
6010.019335 
6010.188869 
6010.178946 
6010.188515 
6010.193507 
6010.015436 
6010.059762 
6010.119253 
6010.113490 
6010.080417 
6010.074863 
6010.049696 
6010.104947 
6010.082773 
6010.060221 
6010.145695 
6010.119894 
6010.084040 
6010.114197 
6010.096454 
6010.137695 
6010.170477 
6010.098218 
6010.186989 
6010.002849 
6010.206554 
6010.302985 
6010.074172 
6010.068995 
6010.043540 
6010.121781 
6010.116753 
6010.105202 
6010.054863 
6010.043196 
6010.011027 
6010.212508 
6010.056041 
6010.059668 
6010.001630 
6010.068110 
6010.115409 
6010.064238 
6010.169016 
6010.149928 
6010.218624 
6010.212082 
6010.049535 
6010.100002 
6010.143592 
6010.104573 
6010.121437 
6010.210679 
6010.133568 
6010.194495 
6010.108967 
6010.071125 
6010.138570 
6010.130053 
6010.095558 
6010.158622 
6010.067831 
6010.096054 
6009.987166 
6010.063279 
6010.113732 
6010.307466 
6010.132610 
6010.102904 
6010.060964 
6010.067159 
6010.179311 
6010.240208 
6010.134756 
6010.070028 
6009.919681 
6010.053884 
6010.097104 
6010.126315 
6010.116839 
6010.158880 
6010.212308 
6010.202289 
6010.185866 
6010.046996 
6010.047998 
6010.142344 
6010.070318 
6010.013618 
6010.233678 
6010.176907 
6010.097793 
6010.266792 
6010.200092 
6010.209371 
6010.062425 
6010.148613 
6010.076509 
6010.007360 
6009.973805 
6010.027992 
6010.001280 
6010.076341 
6010.103231 
6010.125725 
6010.036743 
6010.065678 
6010.092928 
6010.189529 
6010.154425 
6009.994867 
6010.088451 
6010.114724 
6010.188438 
6010.163165 
6010.208302 
6010.115656 
6010.078654 
6010.148671 
6010.151595 
6010.069294 
6010.012233 
6010.105459 
6010.164342 
6010.124263 
6010.041462 
6010.066923 
6010.052757 
6010.013121 
6010.024057 
6010.082711 
6010.027933 
6010.227001 
6010.178016 
6010.155845 
6010.043148 
6010.111379 
6010.176819 
6010.088573 
6010.091276 
6010.142688 
6010.074554 
6010.193185 
6010.180720 
6010.108803 
6010.036190 
6010.185682 
6010.096448 
6010.057796 
6010.122661 
6010.048296 
6010.042353 
6010.207851 
6010.106446 
6010.195665 
6010.074960 
6009.915185 
6010.103458 
6010.122098 
6010.127662 
6010.127191 
6010.044085 
6010.110717 
6010.049552 
6010.066546 
6010.024264 
6010.089458 
6010.129128 
6009.985876 
6010.083876 
6010.138241 
6010.044900 
6010.070933 
6010.045650 
6010.108525 
6010.114036 
6010.022308 
6010.093042 
6010.149558 
6010.094098 
6010.185982 
6010.110487 
6010.120199 
6010.001240 
6009.985941 
6010.154748 
6010.149094 
6010.082347 
6010.133525 
6010.092949 
6010.095929 
6010.053818 
6010.079190 
6010.080520 
6010.075762 
6010.028640 
6010.124758 
6010.201333 
6010.048477 
6010.108579 
6010.063055 
6010.014506 
6010.084505 
6010.060115 
6010.129440 
6010.041686 
6010.051691 
6010.032306 
6010.153784 
6010.050969 
6010.141936 
6010.189913 
6010.161361 
6010.167010 
6010.135927 
6010.148850 
6010.024840 
6010.169393 
6010.103969 
6010.162314 
6010.213942 
6010.105011 
6010.159355 
6010.084609 
6010.119031 
6010.007507 
6009.999479 
6010.009820 
6010.071428 
6010.176463 
6010.180709 
6010.206205 
6010.167247 
6010.232110 
6010.046322 
6010.157151 
6010.023978 
6010.063141 
6010.026084 
6010.065400 
6010.113201 
6010.162049 
6010.086224 
6010.166657 
6010.091978 
6010.047408 
6010.071315 
6010.079214 
6010.182509 
6010.140979 
6010.154620 
6010.154516 
6010.110315 
6010.133846 
6010.085452 
6010.131601 
6010.025236 
6010.028376 
6010.033876 
6010.098836 
6010.187513 
6010.138672 
6010.037970 
6009.988224 
6010.013373 
6010.191996 
6010.232052 
6010.247316 
6010.056340 
6010.174981 
6010.022924 
6010.106427 
6010.147283 
6010.194716 
6010.196374 
6010.199182 
6010.164261 
6010.189816 
6010.128292 
6010.191292 
6010.083277 
6009.961193 
6010.095664 
6010.014016 
6010.158395 
6010.111316 
6010.200094 
6010.090322 
6010.048240 
6010.075904 
6010.147250 
6010.231136 
6010.165163 
6010.163401 
6010.053138 
6010.123332 
6010.085400 
6010.167865 
6010.259699 
6010.099300 
6010.072572 
6010.053290 
6010.089663 
6010.085601 
6009.978622 
6010.140702 
6010.002263 
6010.149546 
6010.153626 
6010.077431 
6010.064550 
6010.116179 
6010.227885 
6010.165025 
6010.152491 
6010.188738 
6010.248795 
6010.157893 
6010.162332 
6010.078329 
6010.118505 
6010.095282 
6010.128793 
6010.042995 
6010.075677 
6010.051719 
6010.183520 
6010.171198 
6010.179458 
6010.057542 
6010.135807 
6010.035392 
6010.144792 
6010.046999 
6010.054844 
6010.059608 
6010.121325 
6009.989776 
6009.919055 
6010.191089 
6010.173169 
6010.257689 
6010.209363 
6010.152913 
6010.178186 
6010.138033 
6010.058201 
6010.090073 
6010.135580 
6010.167788 
6010.108566 
6010.057163 
6010.109821 
6010.157714 
6010.246307 
6010.125529 
6010.157709 
6010.158964 
6010.082731 
6010.140041 
6010.197375 
6010.176642 
6010.183972 
6010.254636 
6010.045027 
6010.100033 
6010.078814 
6010.228168 
6010.117633 
6010.000908 
6010.076347 
6010.063449 
6010.100761 
6010.193783 
6010.182211 
6010.088059 
6010.257934 
6010.152645 
6010.052047 
6010.099006 
6010.136223 
6010.107481 
6009.988227 
6010.100732 
6009.948058 
6010.018116 
6010.136371 
6010.119658 
6010.199269 
6010.180515 
6010.116351 
6010.101618 
6010.060121 
6010.039453 
6010.085138 
6010.115141 
6010.014325 
6010.075274 
6010.094729 
6010.037048 
6010.160599 
6010.187237 
6010.049673 
6010.081929 
6010.043619 
6010.168376 
6010.096962 
6010.079991 
6010.071448 
6010.125588 
6010.103901 
6010.040888 
6010.065828 
6010.057902 
6010.053026 
6010.049534 
6010.077643 
6010.133735 
6010.211839 
6010.137681 
6010.121250 
6010.101204 
6010.062750 
6010.079701 
6010.216177 
6010.125034 
6010.168975 
6010.183229 
6010.092074 
6010.132612 
6010.037534 
6010.204435 
6010.174191 
6010.163620 
6010.094718 
6010.076281 
6010.164978 
6010.179019 
6010.070596 
6010.018922 
6010.145288 
6010.145230 
6010.159807 
6010.088382 
6010.087233 
6010.053026 
6010.121994 
6010.069252 
6010.028958 
6010.044718 
6010.095037 
6010.064127 
6010.196382 
6010.101750 
6010.073671 
6010.051881 
6010.043059 
6010.114743 
6010.158351 
6010.071127 
6010.196279 
6010.161143 
6010.185324 
6010.177574 
6010.198671 
6010.098877 
6010.058677 
6010.050461 
6010.104690 
6010.167809 
6010.122579 
6010.322118 
6010.178869 
6010.058957 
6010.141134 
6010.137170 
6010.202646 
6010.125235 
6010.102282 
6010.021124 
6010.129483 
6010.096604 
6010.175173 
6010.239821 
6010.200962 
6010.026969 
6010.061863 
6010.112032 
6010.111951 
6010.218537 
6010.089953 
6010.097231 
6010.041294 
6010.125401 
6010.098653 
6010.110076 
6010.131666 
6010.127597 
6010.113266 
6010.052722 
6010.071313 
6010.146541 
6010.128116 
6010.088082 
6010.059572 
6010.062167 
6010.185331 
6010.206895 
6010.063678 
6010.155871 
6010.106530 
6010.177254 
6010.048733 
6010.022753 
6010.081315 
6009.983884 
6010.010761 
6010.099997 
6010.104397 
6010.253625 
6010.100624 
6010.061212 
6009.945023 
6010.082610 
6010.232539 
6010.148495 
6010.151443 
6010.232022 
6010.150139 
6010.025226 
6010.115049 
6010.164479 
6010.119770 
6010.186815 
6010.184067 
6010.120765 
6010.098629 
6010.112008 
6010.070950 
6010.062079 
6010.078134 
6010.069874 
6010.179883 
6010.098765 
6009.981786 
6010.086061 
6010.089511 
6010.148893 
6010.133012 
6010.030961 
6009.984421 
6010.069398 
6010.100900 
6010.204237 
6010.071975 
6010.141204 
6010.187326 
6010.076882 
6010.171435 
6010.097908 
6010.053381 
6010.077847 
6010.078147 
6010.137986 
6010.150061 
6010.178685 
6010.167475 
6010.142998 
6010.043160 
6010.030583 
6010.106415 
6010.202996 
6010.243817 
6010.119657 
6010.107446 
6010.003784 
6010.050569 
6010.037489 
6010.066531 
6010.045396 
6010.122187 
6010.095423 
6010.031048 
6009.983486 
6010.082365 
6010.057757 
6010.180678 
6010.175477 
6010.107666 
6009.933804 
6010.096075 
6010.135016 
6010.123643 
6010.136471 
6010.050363 
6010.125571 
6010.140822 
6010.020795 
6010.149452 
6010.166116 
6010.191080 
6010.085818 
6010.101994 
6010.182277 
6010.152825 
6010.138065 
6009.969245 
6010.023472 
6010.073355 
6010.056693 
6010.027403 
6010.051150 
6010.049259 
6009.991721 
6010.067175 
6010.087492 
6010.210683 
6010.088568 
6010.161428 
6010.061140 
6010.008043 
6010.120240 
6010.215170 
6010.212130 
6010.217762 
6010.075131 
6010.049438 
6010.094917 
6010.103114 
6010.137301 
6010.071727 
6010.109309 
6010.158739 
6010.067645 
6010.033168 
6010.048604 
6010.130865 
6010.023954 
6010.218884 
6010.221135 
6010.228118 
6010.170545 
6010.094350 
6010.206949 
6010.132298 
6010.043800 
6010.151774 
6010.391098 
6010.263382 
6010.219019 
6010.154265 
6010.117215 
6009.957185 
6010.076414 
6010.067123 
6010.016435 
6010.020921 
6010.136073 
6010.155720 
6010.156948 
6010.185214 
6010.160462 
6010.127919 
6010.057631 
6010.244790 
6010.120616 
6010.150045 
6010.139483 
6010.118054 
6010.211191 
6010.286011 
6010.085540 
6010.145673 
6010.126436 
6010.122753 
6010.075577 
6009.936851 
6009.989270 
6010.091543 
6010.117385 
6010.146161 
6010.086038 
6010.114112 
6010.156370 
6010.202017 
6010.164884 
6010.141251 
6009.965934 
6010.069134 
6010.046625 
6010.059557 
6010.222857 
6010.250654 
6010.263857 
6010.180952 
6010.143562 
6010.172268 
6010.179189 
6010.266106 
6010.196098 
6010.051147 
6010.034442 
6010.185325 
6010.029724 
6010.137250 
6010.040609 
6010.163162 
6010.149192 
6010.106029 
6010.141680 
6010.129217 
6010.072673 
6010.217480 
6010.252481 
6010.054888 
6010.089189 
6010.024892 
6010.047064 
6010.133515 
6010.166871 
6010.171562 
6010.210685 
6010.161836 
6010.235170 
6010.209374 
6010.225954 
6010.199608 
6010.238036 
6010.177145 
6010.146911 
6010.078354 
6010.060205 
6010.156025 
6010.146399 
6010.087876 
6010.119514 
6010.061184 
6010.015478 
6009.963535 
6010.158542 
6009.995026 
6010.079438 
6010.088065 
6010.106509 
6010.028592 
6010.029974 
6010.113768 
6009.998439 
6010.118577 
6010.103488 
6010.046549 
6010.068749 
6010.060467 
6010.074513 
6010.031274 
6010.091908 
6010.102987 
6010.031634 
6010.100963 
6010.257410 
6010.189683 
6010.194695 
6010.144984 
6010.076826 
6010.052404 
6010.158065 
6010.196454 
6010.138411 
6010.094431 
6010.099185 
6010.170221 
6010.112241 
6010.124043 
6010.221513 
6010.229794 
6010.045148 
6010.209069 
6010.085932 
6010.215679 
6010.229633 
6010.201000 
6010.094239 
6010.102817 
6010.160913 
6010.181920 
6010.068698 
6010.226830 
6010.112209 
6010.061200 
6010.110274 
6010.138117 
6010.138517 
6010.133032 
6010.262203 
6010.260193 
6010.174583 
6010.046285 
6010.086443 
6010.105723 
6010.223797 
6010.144019 
6010.159895 
6010.107230 
6010.065118 
6010.027983 
6010.059477 
6010.145921 
6010.045666 
6010.044807 
6010.165408 
6010.076731 
6010.021705 
6010.014300 
6009.979025 
6010.071937 
6010.125045 
6010.008650 
6010.201408 
6010.111409 
6010.044780 
6010.010989 
6009.989643 
6010.046766 
6010.224621 
6010.195615 
6010.060198 
6010.074916 
6010.169521 
6010.127299 
6010.128655 
6010.230652 
6010.222072 
6010.159273 
6010.260795 
6010.082529 
6010.107296 
6010.206473 
6010.156378 
6010.148065 
6010.091213 
6010.131715 
6010.069828 
6010.144017 
6010.198085 
6010.128733 
6010.098111 
6010.085191 
6010.070688 
6010.104966 
6010.171960 
6010.058894 
6010.195624 
6010.126902 
6010.103097 
6010.132627 
6010.235498 
6010.200822 
6010.090358 
6010.072636 
6010.139600 
6010.125389 
6010.133551 
6010.122623 
6010.114192 
6010.048508 
6010.022258 
6010.033241 
6009.957099 
6010.069636 
6010.080894 
6010.070720 
6010.043230 
6010.025578 
6010.207634 
6010.136094 
6010.138677 
6010.127050 
6010.054682 
6010.084190 
6010.053637 
6010.189946 
6010.118887 
6010.202345 
6010.111989 
6010.006220 
6010.189653 
6010.210114 
6010.217817 
6010.040571 
6010.054033 
6010.072222 
6010.141376 
6010.039877 
6010.093065 
6010.067690 
6010.089423 
6010.225814 
6010.150437 
6010.152097 
6010.130178 
6010.121438 
6010.220489 
6010.084579 
6010.116218 
6010.169876 
6010.194500 
6010.221512 
6010.204158 
6010.188587 
6010.135569 
6010.053499 
6010.118103 
6010.050802 
6010.211927 
6010.095718 
6010.164623 
6010.143306 
6010.244317 
6010.102316 
6010.006443 
6010.110672 
6010.072884 
6010.016395 
6010.117797 
6010.184448 
6010.091385 
6010.152419 
6010.111872 
6010.136318 
6009.941567 
6009.992421 
6010.015254 
6010.109710 
6010.145767 
6010.152571 
6009.999839 
6010.058719 
6010.111618 
6010.211782 
6010.183935 
6010.232647 
6009.993952 
6010.018727 
6010.137317 
6010.106937 
6010.128445 
6010.084123 
6010.139320 
6009.985453 
6009.979866 
6010.113598 
6010.094949 
6010.090153 
6010.142308 
6010.094310 
6010.110650 
6010.188368 
6010.041120 
6010.188501 
6010.110777 
6010.226372 
6010.232555 
6010.105576 
6010.104747 
6009.988316 
6009.961706 
6010.083886 
6010.212413 
6010.082283 
6010.076643 
6010.065103 
6010.058576 
6010.084831 
6010.134891 
6010.202534 
6010.143645 
6010.056596 
6010.087972 
6010.098868 
6010.196851 
6010.111648 
6010.173998 
6010.208895 
6010.209011 
6010.080921 
6010.086705 
6010.126335 
6010.062747 
6010.169455 
6010.139396 
6010.073130 
6010.227099 
6010.112930 
6010.044321 
6010.108485 
6010.144490 
6010.129490 
6010.104005 
6010.160832 
6010.139264 
6010.160124 
6010.116882 
6010.056665 
6010.178597 
6010.017859 
6010.000572 
6010.147423 
6010.141728 
6010.237890 
6010.081774 
6010.110351 
6010.096677 
6010.017906 
6010.038252 
6010.068024 
6010.129577 
6010.068164 
6010.063088 
6010.071728 
6010.118650 
6010.188336 
6010.091855 
6010.060351 
6010.122348 
6010.050891 
6010.089597 
6010.131684 
6010.012248 
6010.108844 
6010.259231 
6010.234189 
6010.103160 
6010.136759 
6010.065164 
6010.218630 
6010.215317 
6010.090448 
6010.109198 
6010.074996 
6010.080062 
6010.110823 
6010.159507 
6010.122405 
6010.046398 
6010.125427 
6010.100540 
6010.031268 
6010.126307 
6010.161563 
6010.342262 
6010.168717 
6010.203690 
6010.126185 
6010.130546 
6010.124482 
6010.257207 
6010.004112 
6010.194212 
6010.152895 
6010.201989 
6010.147022 
6010.206474 
6010.184486 
6010.132209 
6010.156956 
6010.175888 
6010.058438 
6010.098397 
6010.196242 
6010.190338 
6010.216556 
6010.148320 
6010.216625 
6010.185673 
6010.029524 
6010.109040 
6010.092763 
6009.943604 
6009.988869 
6010.047778 
6010.074209 
6010.143556 
6010.119718 
6010.067061 
6010.140099 
6010.029080 
6010.098766 
6010.114141 
6009.982343 
6010.127783 
6010.162643 
6010.203956 
6010.138352 
6010.147960 
6010.064804 
6010.009023 
6010.024543 
6010.160566 
6010.086932 
6010.157078 
6010.129735 
6010.018395 
6010.110632 
6010.112014 
6010.184962 
6010.184892 
6010.034666 
6010.190212 
6010.153756 
6010.178931 
6010.158686 
6010.249875 
6010.161830 
6010.045965 
6010.010582 
6010.067972 
6010.265434 
6010.185992 
6010.133648 
6010.027919 
6010.105557 
6010.182745 
6010.108135 
6010.147309 
6010.144893 
6010.129636 
6010.176352 
6010.134574 
6010.087207 
6010.279075 
6010.115307 
6010.096882 
6010.071265 
6010.114376 
6010.153765 
6010.220548 
6010.190905 
6010.200054 
6010.213028 
6010.145900 
6010.125289 
6010.282316 
6010.135214 
6010.063461 
6010.100034 
6010.132599 
6010.048732 
6010.082299 
6010.173777 
6010.125573 
6010.141860 
6010.173180 
6010.039491 
6010.022411 
6010.069244 
6010.145537 
6010.031050 
6010.150987 
6010.142943 
6010.165079 
6010.268948 
6010.256746 
6010.164373 
6010.116640 
6010.084947 
6010.081172 
6010.118100 
6010.133480 
6010.145429 
6010.137812 
6010.135453 
6010.006480 
6010.148878 
6010.152204 
6010.108688 
6010.040955 
6010.072115 
6010.117101 
6010.060677 
6010.186222 
6010.104236 
6010.133144 
6010.033049 
6010.189275 
6010.114168 
6010.058059 
6010.226081 
6010.175051 
6010.128586 
6010.108591 
6010.173905 
6010.158999 
6010.250219 
6010.118144 
6010.186302 
6010.246387 
6010.141990 
6010.084764 
6010.096805 
6010.132772 
6010.131538 
6010.130992 
6010.090673 
6010.194666 
6010.211513 
6010.196584 
6010.194174 
6010.188510 
6010.168120 
6010.118862 
6010.212196 
6010.176032 
6010.180420 
6010.135630 
6010.015762 
6010.055879 
6010.097778 
6010.198614 
6010.134467 
6010.081812 
6010.047089 
6010.086419 
6010.075281 
6010.116129 
6010.025029 
6010.089905 
6010.091014 
6009.975311 
6010.080353 
6010.044089 
6010.165135 
6010.153512 
6010.337317 
6010.249567 
6010.200417 
6010.009880 
6010.094235 
6010.128409 
6010.155849 
6010.136769 
6010.155935 
6010.190731 
6010.265296 
6010.216686 
6010.088939 
6010.117205 
6010.045927 
6010.095602 
6010.085436 
6010.157566 
6010.117017 
6010.174845 
6010.120184 
6010.105902 
6010.121926 
6010.034598 
6010.161466 
6010.149921 
6010.124260 
6010.168256 
6010.130926 
6010.239445 
6010.079848 
6010.112239 
6010.153673 
6010.128347 
6010.028531 
6010.083730 
6010.115626 
6010.160714 
6010.190823 
6010.118770 
6010.172489 
6010.138526 
6010.229610 
6010.191323 
6010.035529 
6010.084658 
6010.124979 
6010.092423 
6010.088449 
6010.116025 
6010.175677 
6010.131863 
6010.184694 
6010.159449 
6010.143665 
6010.106915 
6010.177172 
6010.155527 
6010.164753 
6010.163478 
6010.075953 
6010.076204 
6010.039902 
6010.110837 
6010.242080 
6010.163711 
6010.036313 
6010.068080 
6010.118800 
6010.074463 
6010.056054 
6009.998577 
6010.138384 
6010.110713 
6010.113144 
6010.092088 
6010.245481 
6010.141673 
6010.118031 
6010.123107 
6010.058221 
6010.032101 
6010.008936 
6010.158902 
6010.143718 
6010.073952 
6010.091248 
6010.173717 
6010.049712 
6010.081818 
6010.138018 
6010.172136 
6010.123667 
6010.288588 
6010.133813 
6010.085034 
6010.149491 
6010.171692 
6010.165682 
6010.105221 
6010.074766 
6010.088167 
6010.084623 
6010.096255 
6010.118868 
6010.179803 
6010.104487 
