14.797624 
14.818397 
14.842743 
14.974961 
15.404029 
15.125584 
14.714830 
14.867461 
14.800577 
14.749718 
15.411501 
14.998197 
14.916132 
15.160062 
14.299881 
14.318909 
15.526254 
14.931274 
15.349798 
15.215285 
14.899433 
15.224165 
14.630948 
15.035039 
14.902982 
15.298217 
14.580828 
14.592922 
14.993851 
14.689307 
15.090476 
15.509430 
15.181502 
14.848077 
15.020061 
15.386220 
15.022659 
14.844969 
14.766852 
14.807626 
14.986729 
14.865313 
14.726596 
15.543317 
14.909588 
15.290100 
14.871927 
15.408141 
15.270167 
15.460797 
14.381834 
15.719175 
14.686799 
15.083778 
15.485556 
14.856002 
14.837792 
15.545531 
14.545758 
15.132026 
15.099190 
14.495073 
14.236906 
14.948945 
15.606056 
14.902490 
15.270827 
14.569729 
14.963583 
14.883438 
15.134583 
15.116319 
15.393455 
15.109585 
14.340915 
15.467129 
15.415539 
14.963166 
15.055208 
15.202974 
15.564890 
14.840075 
14.682401 
15.075279 
14.501525 
14.936585 
14.722091 
15.062876 
15.600896 
15.816773 
14.852722 
14.775556 
15.043172 
15.310916 
15.227870 
14.855640 
14.978799 
15.177135 
14.785858 
15.567268 
15.287281 
15.845462 
15.060294 
15.132861 
15.344092 
15.101233 
14.944308 
15.120167 
15.103906 
15.062627 
14.865983 
15.076674 
14.780564 
15.444871 
15.586761 
15.057424 
14.632217 
14.730555 
15.039861 
15.220194 
15.630792 
15.437783 
15.571228 
14.682821 
14.610295 
15.408735 
15.026680 
14.788717 
15.338401 
15.280529 
14.552572 
15.143632 
15.238553 
14.984398 
15.334364 
15.728705 
14.780290 
14.782090 
15.348643 
15.126186 
14.922164 
14.867007 
15.573290 
14.980706 
14.819113 
15.106998 
15.234966 
14.673007 
14.909620 
15.074475 
15.212604 
14.472990 
15.243002 
14.640753 
14.485857 
15.198474 
15.360089 
15.202610 
15.007514 
14.956892 
15.410910 
15.134136 
15.951810 
14.954846 
14.601688 
14.713240 
14.847351 
14.609651 
15.278454 
15.143346 
15.445115 
14.662705 
15.296690 
14.598334 
14.869720 
14.901705 
14.932540 
14.702368 
14.850657 
15.109346 
15.217750 
14.722794 
15.447638 
14.924890 
14.840495 
14.728379 
14.934588 
15.692204 
15.885333 
14.679954 
14.849531 
15.053884 
15.188731 
14.606781 
14.509639 
14.911401 
14.459281 
15.020342 
14.901334 
15.091381 
15.013084 
15.339207 
14.096911 
14.680969 
14.836816 
15.145209 
14.614243 
15.175593 
14.913375 
15.590506 
14.895481 
14.971981 
14.676806 
14.857007 
15.314150 
14.586351 
14.870321 
15.013763 
15.113864 
15.005565 
14.909626 
15.048485 
15.011757 
15.241585 
15.327516 
15.293588 
15.008587 
15.407726 
14.994225 
14.769443 
14.911583 
14.736488 
14.943634 
14.240344 
15.192673 
14.865241 
15.248348 
14.844173 
15.262166 
14.599682 
14.669698 
15.304307 
15.032058 
14.588433 
14.932877 
15.089668 
14.635140 
14.592811 
14.715384 
15.129340 
14.725696 
14.989781 
14.965920 
14.852318 
15.180746 
14.729292 
15.399831 
14.940338 
15.296058 
14.927757 
14.536074 
15.519945 
15.181759 
14.652924 
15.009604 
14.987802 
14.432346 
14.673271 
15.550408 
14.825852 
15.064780 
14.814970 
15.029615 
14.914065 
14.479786 
15.098325 
14.668942 
14.667485 
14.837907 
15.281046 
14.982017 
14.448419 
15.143133 
14.624203 
15.087947 
15.114586 
15.419113 
14.653192 
14.690289 
15.038119 
15.330950 
15.123731 
14.665514 
15.301947 
14.367936 
14.748071 
14.962728 
15.405768 
15.449710 
15.150404 
15.186230 
15.224756 
15.361284 
15.055577 
14.647599 
14.680219 
14.645609 
15.455794 
15.388402 
14.953658 
14.654687 
15.789541 
15.606139 
15.075522 
14.889582 
15.454070 
15.058415 
15.089642 
15.190524 
15.105578 
15.332104 
15.217957 
15.449803 
14.684911 
15.007959 
15.522326 
15.185272 
14.823155 
15.297094 
14.775370 
14.317239 
15.370629 
15.141288 
14.797469 
14.808283 
15.211106 
15.012959 
15.021394 
15.818678 
14.635314 
14.923510 
14.728373 
15.016008 
14.996447 
15.228032 
15.022890 
15.632431 
14.931474 
15.252534 
14.476170 
14.711744 
15.081987 
15.407410 
14.877873 
14.874341 
14.993160 
14.563554 
15.237180 
14.462542 
14.839933 
14.617939 
15.486714 
15.045137 
15.165063 
15.191696 
14.781239 
15.015721 
15.057667 
14.519747 
14.836439 
15.563375 
14.864701 
14.518633 
14.922527 
14.342057 
14.937216 
14.844721 
15.203525 
14.998719 
15.241641 
15.155753 
15.267678 
14.818100 
14.992301 
14.310141 
14.783913 
14.832804 
15.037054 
15.066384 
14.692216 
14.410282 
14.660819 
14.455686 
14.892832 
14.785342 
14.768923 
14.915235 
15.241763 
14.958051 
15.286665 
15.390700 
15.101005 
14.792573 
15.644272 
15.132055 
15.147735 
14.690839 
15.131925 
15.435551 
14.950550 
15.423178 
15.294074 
15.776109 
15.668148 
15.682869 
15.484661 
14.643671 
14.724271 
14.959612 
14.822306 
15.157646 
15.012230 
15.161124 
15.279994 
15.110302 
15.355774 
14.833313 
14.838258 
15.249850 
14.687154 
14.787110 
14.781399 
15.093011 
14.756404 
15.339557 
15.704308 
14.369751 
15.817403 
14.990092 
14.834722 
14.832081 
14.587017 
14.856588 
15.298417 
15.014659 
15.311587 
15.312917 
14.973153 
15.051946 
15.059753 
15.380269 
15.084585 
14.993633 
14.712314 
15.272517 
15.217924 
15.007987 
15.288798 
14.809503 
14.745820 
15.325569 
15.082881 
14.455712 
14.624583 
15.380897 
15.476933 
14.931669 
14.541613 
15.208992 
14.906235 
15.227326 
14.826481 
15.115534 
15.745991 
15.431620 
15.112805 
14.847929 
15.487791 
15.236072 
15.090704 
14.696078 
15.548459 
14.872928 
15.119324 
14.862291 
15.238164 
15.133234 
15.060568 
14.893197 
14.953653 
14.793150 
14.895838 
15.480270 
15.246356 
14.915567 
14.995839 
14.915234 
15.114529 
14.612670 
14.857482 
15.055518 
15.459461 
14.958781 
15.277008 
14.767672 
15.278910 
14.845275 
15.368892 
14.914190 
14.505791 
15.195369 
14.657457 
14.827999 
15.599889 
15.308078 
14.959865 
14.959014 
15.096207 
14.511999 
14.873427 
15.155826 
14.848171 
14.967759 
14.553656 
14.446426 
15.122929 
14.840651 
14.921402 
14.611962 
14.182207 
15.024015 
14.497311 
14.796211 
14.380457 
14.433312 
14.540370 
14.614935 
14.882809 
15.655047 
14.470969 
14.888852 
14.854123 
14.465521 
14.963281 
15.072319 
14.781404 
15.754263 
15.029844 
15.072573 
15.118672 
15.277267 
15.258392 
14.785190 
14.579574 
15.004034 
14.728588 
14.752274 
14.670547 
14.950266 
14.892827 
15.581210 
14.934497 
15.188618 
15.241408 
15.115580 
15.200834 
15.492067 
14.973602 
14.958390 
15.154394 
14.690888 
14.533548 
14.308022 
14.906546 
15.223465 
15.100723 
15.324498 
15.552917 
15.108935 
14.840203 
14.974218 
14.727205 
15.687591 
15.366782 
14.720726 
15.143016 
15.083816 
15.429813 
14.693027 
14.701644 
14.973971 
14.787496 
14.658979 
14.798491 
15.136934 
14.653764 
15.544297 
15.693464 
14.554264 
15.007874 
15.101630 
14.713346 
15.079767 
14.830696 
15.147748 
14.691748 
14.570266 
14.545542 
14.872783 
15.229838 
15.251658 
14.583258 
15.148643 
15.543414 
14.693509 
15.049266 
15.031152 
15.284313 
15.037665 
15.111329 
15.110045 
14.999643 
15.065812 
14.705927 
15.014243 
14.460891 
14.878051 
15.483896 
14.615941 
14.910627 
14.899843 
15.207966 
14.851131 
14.960670 
15.116425 
14.617347 
14.769970 
15.029533 
15.310069 
14.747879 
15.752391 
15.103264 
14.899928 
15.257479 
14.857634 
15.017938 
14.467504 
15.111635 
14.716600 
15.461942 
14.784846 
14.913492 
15.022331 
14.598588 
14.643939 
15.144077 
14.541078 
15.125831 
15.273325 
14.774917 
14.577817 
15.139239 
14.447781 
15.133745 
15.061188 
14.521685 
14.961478 
15.598847 
14.850955 
14.985513 
15.173909 
14.768248 
15.203874 
14.874870 
15.256788 
14.603851 
15.603942 
14.881219 
15.338579 
14.866121 
15.312293 
15.606605 
15.297890 
14.718849 
15.401503 
14.984338 
14.891180 
14.448602 
15.007684 
14.628157 
14.865216 
14.688209 
14.971568 
14.600814 
15.221618 
14.877020 
15.158550 
15.104163 
15.192572 
15.054294 
15.108158 
14.857545 
15.385520 
15.317464 
15.132612 
15.768443 
14.937214 
15.291060 
15.010800 
15.156912 
14.979720 
15.036052 
14.985923 
14.728055 
15.299944 
15.527317 
14.835367 
14.919151 
14.893739 
14.562678 
15.449888 
15.109341 
14.786982 
14.755182 
15.080250 
15.194911 
14.845061 
15.258406 
15.786193 
14.947968 
14.664802 
14.672588 
14.653450 
14.697438 
15.490270 
14.783656 
14.129847 
14.646933 
15.271457 
14.546361 
14.823300 
15.241826 
14.329668 
14.948651 
15.379535 
14.853789 
14.788189 
15.047590 
15.335935 
15.356219 
15.375926 
15.070539 
15.505418 
15.352636 
14.582089 
14.570631 
14.615402 
14.801555 
14.312782 
14.731671 
15.420069 
14.875790 
14.686906 
14.900814 
15.209813 
14.859072 
14.795160 
14.627993 
15.360889 
15.355562 
15.099132 
14.864382 
14.932498 
14.721056 
15.682042 
15.244810 
14.937075 
15.359154 
14.777572 
15.112536 
14.614114 
15.224780 
15.127839 
14.999161 
14.964240 
15.215880 
15.081555 
14.866833 
15.140098 
14.962050 
15.110195 
15.342779 
14.989747 
15.225759 
14.905840 
15.194659 
15.031082 
14.978506 
15.126309 
14.895318 
14.784744 
15.056420 
15.236959 
14.418084 
14.833941 
14.488222 
14.909602 
15.124680 
14.997341 
14.679848 
14.971537 
15.038259 
14.893158 
15.146987 
15.454382 
14.987137 
14.402697 
15.426375 
14.843119 
14.890705 
15.513443 
14.854553 
14.927086 
15.500990 
15.174790 
14.996050 
15.004872 
14.708899 
15.493286 
14.798383 
15.875348 
15.443554 
14.607580 
14.894935 
14.827331 
14.791893 
15.052912 
14.661526 
14.884089 
15.797784 
14.716927 
15.123657 
15.020611 
15.279779 
14.747617 
15.517647 
15.105292 
15.027423 
15.579196 
15.144106 
15.174720 
15.019722 
14.846297 
14.827915 
15.380652 
15.020379 
14.612806 
14.884743 
14.603118 
14.731720 
14.614331 
14.922152 
15.660898 
14.822917 
14.657378 
15.688824 
14.669122 
15.010221 
14.361126 
14.878100 
15.173887 
15.251307 
14.861680 
14.983295 
15.099884 
15.223967 
15.065838 
15.448010 
15.199145 
15.348804 
14.732162 
15.095843 
14.524452 
15.921400 
15.270531 
14.656682 
14.764215 
14.847911 
15.014330 
15.168783 
14.503836 
15.186581 
15.108831 
14.475514 
15.171714 
15.394677 
15.274462 
14.437630 
15.222814 
14.692247 
14.724306 
14.772644 
14.784523 
15.028344 
14.837302 
14.498432 
14.946200 
15.303768 
15.144650 
15.249807 
14.868763 
15.021770 
15.070745 
14.874201 
15.268975 
14.791747 
14.915410 
15.322064 
15.343518 
14.616969 
14.846213 
15.171920 
14.599289 
14.830152 
14.884299 
14.773550 
14.660965 
14.361412 
15.495941 
14.686401 
15.202767 
15.486078 
14.830043 
14.865455 
15.452169 
14.959843 
14.849693 
14.969851 
14.928065 
14.687318 
14.968609 
15.176510 
15.612380 
15.578105 
14.881557 
15.060453 
14.529256 
15.116550 
14.772133 
14.761949 
14.857821 
14.518843 
14.530761 
15.112496 
14.904106 
15.016353 
14.713148 
14.803757 
14.599787 
15.590528 
15.097427 
14.551479 
15.045719 
14.939352 
15.777544 
14.838243 
14.376236 
14.670208 
14.957447 
14.742402 
14.931371 
14.785587 
14.968823 
15.137630 
14.964030 
14.917875 
15.454865 
15.045818 
15.311436 
15.480860 
14.904436 
14.688669 
14.986447 
14.556403 
14.474411 
14.636064 
15.045504 
14.923532 
15.338670 
15.182768 
14.699314 
15.573796 
15.027674 
15.095176 
15.499863 
14.802187 
14.932219 
15.496058 
14.602939 
14.855207 
14.495918 
15.438485 
15.093918 
15.131299 
14.648485 
15.650055 
15.085039 
14.632418 
15.683550 
15.073253 
14.669040 
15.217586 
15.033974 
15.316760 
15.257168 
15.238224 
14.703055 
15.244993 
15.420519 
14.843490 
14.748979 
15.453461 
15.599295 
15.257201 
15.234500 
14.672744 
14.867948 
14.758514 
14.516720 
14.381917 
15.094486 
14.541250 
15.112106 
14.950337 
14.981784 
15.166216 
15.147707 
15.454863 
15.032154 
14.972146 
14.778066 
14.599758 
14.787517 
15.194841 
15.616906 
14.856472 
15.123098 
14.952765 
15.451738 
14.887027 
15.717430 
15.197800 
14.986780 
14.921615 
14.500638 
15.392214 
14.562149 
14.516812 
14.764846 
14.983927 
14.830505 
15.011374 
15.122434 
15.736239 
14.841440 
15.422629 
14.722433 
15.004062 
15.272517 
14.474525 
14.731775 
14.754015 
15.455407 
15.000128 
14.621031 
14.503397 
14.885645 
15.232978 
15.351483 
15.063279 
14.725194 
14.983807 
14.345091 
14.949453 
15.037414 
15.100656 
15.028811 
15.588678 
14.881040 
14.699418 
15.094573 
14.731001 
15.303991 
14.594307 
14.946549 
14.941004 
14.723009 
14.801711 
14.772493 
14.903287 
15.102872 
14.619036 
15.072077 
15.050684 
15.079486 
14.838633 
14.696838 
14.778602 
15.336563 
15.092563 
15.807362 
14.761085 
15.079452 
14.832988 
14.406376 
15.463899 
14.916749 
15.065341 
15.062536 
14.846680 
15.272299 
14.527220 
14.965147 
14.863498 
15.208151 
14.915264 
14.949275 
15.023831 
14.797659 
15.164027 
15.365902 
15.303667 
14.735300 
15.010170 
14.960528 
15.164539 
15.078707 
14.873262 
14.310951 
15.464406 
14.760736 
14.673360 
14.658575 
15.023651 
15.091108 
15.209297 
14.710667 
14.390766 
14.405320 
15.163514 
15.212579 
14.801018 
15.201511 
15.198923 
15.283750 
15.613102 
15.072098 
15.765375 
15.625413 
15.270281 
14.573191 
15.023924 
15.330389 
14.682284 
15.665265 
15.358396 
15.276094 
15.178000 
15.024386 
14.753614 
14.514236 
15.389335 
15.071091 
14.930137 
14.888424 
15.210131 
15.486237 
14.580620 
14.733448 
14.901320 
15.052260 
14.685101 
15.273317 
15.777716 
14.635792 
14.387069 
15.597969 
14.795677 
14.722125 
14.988551 
14.918197 
14.203738 
14.988375 
14.883214 
15.326346 
15.135424 
15.196959 
15.003446 
14.923361 
14.748593 
14.531982 
15.391710 
15.265993 
14.951402 
14.887154 
14.825489 
15.431131 
14.135485 
14.756444 
15.366256 
15.051967 
15.505990 
14.964567 
14.849836 
14.557222 
14.763358 
14.746630 
15.397341 
15.232781 
14.949158 
14.896108 
14.889580 
14.789722 
15.313474 
15.118211 
14.845385 
15.147705 
15.151718 
15.237329 
14.526606 
14.789498 
14.616230 
14.892595 
14.849353 
14.370244 
15.261489 
15.151348 
15.208570 
15.529124 
15.659105 
15.093745 
14.561446 
14.378828 
15.316862 
15.098237 
14.751171 
14.715976 
14.698315 
14.987682 
14.848333 
14.737189 
15.264050 
15.068182 
14.717799 
15.210868 
15.202585 
14.993773 
14.580641 
14.922890 
14.720177 
14.857123 
14.715463 
14.627908 
15.061776 
15.023168 
14.824578 
14.831926 
15.471541 
15.577569 
15.202990 
14.866734 
15.073710 
14.862929 
14.523857 
15.279178 
14.995151 
14.573685 
15.345620 
14.733253 
14.439164 
15.056499 
15.064734 
14.969855 
14.554846 
15.196478 
15.018865 
14.676974 
15.106455 
15.097947 
14.841997 
14.760430 
15.419985 
15.184955 
15.446200 
14.480112 
15.619050 
15.324034 
15.046221 
15.578546 
14.848756 
14.972006 
16.076009 
15.041795 
14.673687 
15.277014 
14.507011 
15.407377 
15.120869 
14.836044 
15.045898 
15.351133 
14.893216 
14.641213 
15.665533 
15.322528 
15.269984 
15.005017 
15.146392 
14.675676 
15.674830 
15.223989 
14.698178 
15.283230 
15.113701 
15.051016 
14.790955 
15.100665 
14.665057 
14.400021 
15.056013 
15.075597 
14.704919 
14.855258 
15.018895 
14.745691 
15.005917 
14.804197 
14.573108 
14.818364 
14.925359 
15.062983 
14.279584 
15.084298 
15.399730 
14.870150 
14.932697 
15.056313 
15.162670 
14.560556 
15.194583 
15.036208 
14.637236 
15.277794 
15.092907 
14.594590 
15.151880 
14.905375 
15.298285 
15.611895 
14.837106 
15.456308 
14.440894 
14.974120 
14.862928 
15.016523 
15.007655 
14.924629 
15.473572 
15.371163 
15.251888 
15.115226 
15.327236 
14.563221 
15.978808 
15.220371 
15.139297 
15.512855 
14.911836 
14.818458 
15.609304 
15.294418 
15.068386 
15.136542 
14.932116 
14.896222 
15.336317 
15.644719 
14.701875 
14.905097 
15.575919 
14.923786 
14.797918 
14.689060 
15.410478 
14.798375 
15.765713 
15.135637 
14.898973 
14.998814 
15.373742 
14.536820 
15.049984 
15.245369 
15.243756 
14.880079 
14.975628 
14.982434 
14.957272 
14.425522 
15.326409 
15.246924 
15.248465 
14.463830 
15.198302 
14.747443 
15.354790 
15.328879 
15.524072 
14.904322 
14.420770 
14.456621 
15.365410 
15.120496 
15.205517 
14.565934 
14.795646 
14.777798 
14.479246 
14.707358 
14.762049 
15.395696 
14.656866 
15.193309 
15.571922 
14.768919 
14.967325 
14.986346 
14.892817 
15.545027 
15.526478 
14.853105 
14.935312 
14.853383 
14.343560 
14.940063 
14.634942 
14.903470 
14.273713 
15.301451 
15.472564 
15.074658 
15.064697 
14.942847 
14.486496 
14.906429 
14.817563 
15.076392 
14.973069 
15.610586 
14.516207 
15.273708 
15.224480 
14.598534 
15.017313 
14.886356 
15.034248 
15.061129 
15.363654 
15.193266 
15.029839 
14.861143 
14.878368 
14.679069 
15.075740 
14.738672 
15.104330 
14.975473 
14.383343 
14.928141 
14.699229 
15.035288 
14.634460 
15.158531 
14.827383 
15.146694 
14.787065 
14.615080 
15.026751 
15.234142 
15.052249 
15.320275 
14.679278 
15.013767 
14.927996 
15.057813 
15.171859 
15.446278 
14.889640 
15.070701 
14.689455 
15.157428 
14.476233 
14.989016 
14.728625 
14.704766 
14.462300 
14.791827 
14.708588 
14.802595 
14.885988 
14.721585 
15.007775 
15.415378 
14.123562 
15.194619 
14.604226 
14.651106 
14.617405 
14.380004 
14.795531 
14.834190 
15.705054 
14.737815 
15.535947 
15.236147 
15.428384 
15.118873 
15.203123 
14.954956 
15.325692 
14.987539 
15.111279 
14.607438 
15.101634 
14.811673 
14.952453 
14.595844 
14.364060 
15.277458 
15.946903 
14.956513 
14.906543 
15.286658 
15.389043 
15.103615 
15.585403 
15.086012 
14.674337 
15.196870 
14.815352 
15.114835 
15.297647 
14.654996 
14.994633 
14.564836 
14.900853 
14.829516 
14.909850 
15.761210 
15.010466 
14.870670 
15.177445 
14.804988 
14.331792 
15.158519 
15.061723 
15.380523 
14.439920 
14.727768 
14.871004 
15.382174 
15.376333 
14.536105 
14.618079 
14.784480 
15.501875 
15.239644 
15.240949 
14.837274 
15.052677 
15.370900 
14.726459 
14.756279 
14.837816 
15.151412 
14.870752 
15.298505 
15.272107 
15.187591 
15.011650 
14.921790 
14.929372 
15.043883 
14.688921 
14.516670 
14.851250 
14.734842 
15.325195 
14.884081 
15.260805 
15.020039 
15.316801 
15.306933 
14.592967 
14.503249 
14.946075 
15.155946 
15.115039 
14.665094 
14.863941 
14.971595 
14.580851 
15.132712 
14.890475 
15.274738 
14.942970 
15.280658 
15.196371 
14.907530 
14.611099 
15.006012 
15.003331 
14.540544 
14.894618 
14.756146 
15.004873 
14.382275 
15.226710 
15.007962 
15.152338 
15.401481 
15.384629 
15.169837 
14.937892 
15.556169 
15.030274 
14.942674 
15.073523 
15.389279 
15.391611 
14.985284 
14.681235 
14.694978 
14.619066 
14.877142 
14.713054 
15.794649 
15.311078 
14.864669 
15.208890 
14.444676 
14.851689 
14.919999 
15.250774 
14.683532 
14.451180 
14.501013 
14.986800 
14.701882 
14.344412 
15.121410 
14.817260 
14.618147 
15.229627 
15.243036 
15.637864 
15.570332 
15.027319 
14.943691 
15.185945 
14.912503 
15.010321 
14.913546 
15.553637 
15.218932 
15.087055 
15.156335 
15.127017 
14.962353 
14.751926 
14.678207 
15.101488 
14.571815 
14.694930 
15.316781 
14.548642 
15.545882 
14.785302 
14.351077 
14.854160 
15.064306 
15.627505 
14.930540 
15.020634 
15.066543 
15.114467 
14.763701 
15.036175 
15.358137 
14.667208 
15.036956 
14.770525 
14.965805 
15.127162 
15.340666 
15.011379 
15.848128 
15.153889 
15.185194 
14.605558 
14.929908 
14.831786 
15.202473 
15.015322 
15.568337 
14.376568 
15.201728 
14.584469 
14.865549 
14.823167 
15.169089 
15.204398 
14.837851 
15.201676 
14.572626 
15.367945 
14.813269 
14.749645 
14.479169 
14.993647 
14.057189 
14.718726 
15.199717 
14.712610 
14.703203 
15.110916 
14.371152 
15.431017 
14.924976 
15.044943 
14.503635 
14.817249 
14.245489 
15.002761 
15.083833 
14.963085 
14.552493 
15.026467 
14.766958 
15.244673 
14.888326 
14.791903 
15.574763 
15.044813 
14.796311 
14.894524 
15.112750 
15.030208 
15.092355 
15.067661 
14.776102 
14.656701 
15.499409 
15.215054 
15.038769 
14.891648 
15.054814 
15.096227 
14.929406 
15.202056 
14.658226 
15.206909 
14.455375 
15.136337 
15.162453 
15.403297 
15.161681 
15.435460 
15.368547 
15.619190 
14.379973 
14.699753 
15.265131 
15.266316 
15.157431 
14.820107 
15.335775 
14.900381 
14.682201 
14.954334 
15.488599 
14.502308 
15.393955 
14.906220 
14.973535 
15.232483 
15.409965 
15.058221 
15.163362 
14.991382 
15.552421 
14.875765 
15.312419 
15.353446 
15.026935 
15.120447 
15.088411 
14.892052 
15.233366 
14.879526 
15.095030 
14.762114 
15.068578 
15.495630 
15.519370 
14.864198 
14.990789 
15.144096 
15.302851 
14.926066 
15.011872 
14.982251 
14.911860 
15.130356 
15.041577 
14.764697 
14.941621 
15.262830 
15.283742 
14.357233 
15.304390 
15.339344 
14.944362 
15.057084 
15.475041 
15.021522 
14.951369 
14.663884 
15.356898 
15.628181 
14.876496 
15.234098 
14.788469 
14.809289 
15.287140 
14.750895 
14.323994 
14.859805 
14.894658 
14.728589 
14.972935 
14.762285 
14.983553 
14.749088 
14.754900 
14.591928 
15.042889 
15.332254 
15.316482 
14.757358 
15.308499 
15.354614 
15.029574 
15.061953 
14.911150 
14.614179 
15.106097 
15.355078 
14.724914 
14.990955 
15.338279 
14.576391 
14.727606 
15.298696 
15.214300 
15.222301 
14.883580 
15.241622 
15.484127 
15.186842 
14.496805 
14.215111 
14.562284 
14.988536 
15.187196 
15.323802 
14.559230 
14.280435 
15.055065 
15.151030 
14.871827 
14.893476 
14.616679 
14.762975 
15.037462 
15.023148 
15.231057 
14.961678 
14.556356 
15.641895 
14.241163 
15.112780 
15.571332 
15.592004 
15.035641 
15.162795 
14.880255 
14.950055 
14.977023 
15.127266 
14.907292 
15.138054 
15.122661 
14.981248 
14.793577 
14.953776 
15.297748 
15.431702 
14.691924 
14.577013 
14.801773 
15.232045 
14.548868 
15.113965 
15.344065 
15.113044 
15.392059 
14.968014 
14.735187 
14.966734 
15.323022 
15.165315 
15.250542 
15.831389 
14.539012 
14.683872 
15.131193 
15.565670 
14.618573 
14.564182 
15.368532 
14.905358 
15.568370 
14.965575 
15.064640 
14.674925 
15.009287 
14.877392 
15.143275 
15.196082 
15.062497 
15.268956 
15.363934 
14.708097 
14.911954 
14.992030 
14.834076 
15.041764 
14.874024 
15.055942 
15.169421 
14.633614 
14.816736 
15.551485 
14.840862 
15.537719 
15.023478 
14.416480 
14.795887 
15.158651 
14.644281 
15.309643 
14.627110 
14.870756 
14.753901 
14.654629 
15.356400 
14.803042 
15.054794 
14.731800 
15.658602 
14.924290 
15.069226 
15.330483 
14.709479 
15.477871 
15.476391 
15.081377 
15.232542 
15.263359 
15.047327 
15.176345 
15.265388 
14.742173 
14.634514 
15.149871 
14.888205 
15.026437 
15.249816 
14.812740 
15.223141 
15.326882 
15.090786 
15.240168 
15.035667 
14.931101 
14.519410 
14.871062 
15.621282 
14.825259 
14.650354 
15.345123 
15.310634 
15.059229 
15.295886 
15.094025 
14.652330 
14.771073 
14.636660 
14.760847 
15.108063 
15.464711 
15.162004 
15.027937 
14.802094 
15.135668 
15.253583 
14.524464 
14.931168 
14.899760 
14.578500 
14.734543 
15.032981 
14.910271 
14.722423 
15.220446 
14.935148 
15.323231 
14.544497 
15.046846 
14.922433 
15.199913 
15.324839 
15.361924 
15.053170 
15.647426 
14.747074 
15.272969 
14.849745 
14.792581 
15.164441 
14.748996 
14.867771 
15.654870 
14.399599 
14.314007 
14.487173 
15.026892 
15.273622 
15.067866 
15.295277 
14.594931 
15.033193 
15.161521 
15.478675 
14.777013 
15.299712 
14.929596 
15.130298 
14.750012 
15.711257 
14.694959 
15.310202 
14.880377 
15.515382 
15.485632 
14.912519 
15.056232 
15.565934 
15.351782 
15.222692 
15.093782 
14.891568 
15.113443 
14.910991 
14.903916 
14.910539 
14.217580 
15.426646 
14.396521 
15.381138 
15.318579 
14.914064 
15.017355 
15.069389 
15.053860 
14.466427 
14.756836 
15.064708 
15.070795 
15.185075 
14.820954 
15.276596 
14.992209 
14.887824 
15.279631 
15.213194 
14.722508 
15.148816 
14.774754 
14.908640 
15.083445 
14.960614 
14.280404 
15.306079 
15.315750 
15.002357 
14.627257 
15.050352 
15.067587 
15.243401 
14.345024 
15.160135 
15.328512 
15.144032 
15.081279 
15.046816 
15.079122 
14.921099 
14.721169 
14.868758 
15.126579 
14.826638 
15.371863 
14.872503 
15.287051 
14.716704 
14.750561 
15.091969 
14.597613 
15.049631 
14.119699 
14.574515 
14.839468 
15.419850 
14.625932 
15.748511 
15.074955 
14.663010 
15.212410 
15.360736 
14.715817 
14.972178 
14.935491 
15.073859 
15.127713 
14.646073 
15.108185 
14.758119 
15.414625 
15.259480 
14.699067 
14.386216 
15.574287 
15.698834 
14.706113 
14.651279 
14.723368 
15.333406 
15.121032 
14.984032 
14.203259 
14.968002 
15.011822 
15.052717 
15.206900 
14.975572 
15.004778 
15.261756 
14.912853 
15.073031 
14.466061 
14.928035 
14.880766 
14.879696 
14.532896 
15.138232 
14.872272 
14.959710 
14.921001 
15.090657 
15.172442 
14.878069 
15.188840 
15.071158 
15.129473 
14.547789 
14.682314 
15.081576 
14.856536 
14.888655 
14.871828 
15.310378 
15.165146 
14.671408 
15.260903 
15.036922 
14.593479 
14.356680 
15.016090 
15.366403 
14.914009 
14.948833 
14.811996 
15.268737 
15.135524 
14.093194 
14.421051 
14.646444 
15.212602 
14.631822 
14.967124 
15.305779 
14.345178 
15.302855 
14.944356 
15.045703 
15.348186 
15.360857 
14.561723 
14.109568 
15.500429 
14.397933 
14.986712 
14.652147 
14.842266 
15.045991 
15.262354 
14.999252 
15.073483 
15.140852 
14.925438 
14.959893 
14.758654 
14.860734 
15.144418 
15.141993 
15.026730 
14.814725 
14.869411 
15.497755 
15.218637 
14.759704 
14.771679 
14.983974 
15.031916 
15.650881 
14.932850 
14.559619 
14.567298 
14.872643 
15.388432 
14.637152 
14.795683 
14.993956 
15.241098 
15.340331 
15.089947 
14.868166 
14.975956 
14.393238 
14.591107 
15.040787 
15.154056 
15.002256 
15.068552 
15.312534 
15.475862 
14.814371 
15.082413 
14.993052 
15.512077 
15.369165 
14.983425 
14.716415 
14.547246 
14.515621 
14.848718 
15.137796 
15.263900 
15.106448 
15.039206 
14.716092 
14.539686 
14.579398 
15.141221 
14.884623 
14.788953 
14.964380 
14.851935 
15.271809 
15.050628 
14.809908 
14.693741 
14.878863 
15.126406 
14.957306 
15.491812 
15.188649 
16.011050 
14.630171 
15.167059 
15.023461 
14.957347 
14.959176 
15.021240 
14.788472 
15.658452 
15.130056 
14.783302 
15.050931 
14.551462 
15.869301 
14.826640 
15.153392 
14.553415 
15.893724 
14.993917 
14.955148 
15.396640 
14.855673 
15.030961 
14.579618 
15.368692 
14.499884 
14.613915 
14.807477 
14.847637 
15.067717 
14.677378 
15.297193 
14.950286 
15.276379 
15.116484 
14.733334 
14.462698 
15.358526 
15.987483 
15.184342 
15.420425 
15.105445 
14.706936 
14.570924 
14.916349 
15.082497 
14.664421 
15.393164 
14.861711 
15.186644 
14.886983 
14.503144 
15.071002 
14.835009 
15.197968 
14.689972 
14.647689 
14.893792 
14.944678 
14.731153 
15.129939 
15.767776 
14.545211 
14.830717 
14.299964 
15.456805 
14.696663 
14.678198 
15.301813 
14.269996 
14.945504 
15.700633 
14.673251 
15.198493 
14.921667 
15.315176 
15.388469 
14.795995 
14.919648 
14.822010 
14.928420 
14.838298 
15.052877 
14.871205 
14.537458 
14.982736 
15.032819 
14.947237 
14.853567 
15.640349 
14.994531 
14.372685 
14.905811 
15.307295 
15.199338 
14.706698 
15.069451 
14.519761 
15.184835 
14.999584 
15.858398 
14.599559 
15.205410 
14.957366 
15.313104 
14.822868 
15.727796 
15.639704 
14.970287 
14.775112 
15.322831 
14.669980 
15.184231 
14.297756 
14.999171 
15.283916 
14.731887 
15.075894 
15.126809 
15.111570 
14.940435 
15.372784 
15.163476 
15.130714 
14.439909 
14.791992 
15.236182 
15.050406 
15.260179 
15.173646 
14.954996 
15.358271 
15.318691 
14.602982 
14.918178 
14.791654 
14.496809 
14.478328 
14.633670 
15.045222 
14.802867 
14.757413 
15.777227 
14.609999 
15.548598 
14.511996 
14.581035 
14.996325 
15.142121 
14.666417 
15.236824 
14.500357 
15.128406 
15.205451 
14.803755 
14.552546 
14.849351 
15.084439 
15.345275 
15.235073 
14.882578 
14.986499 
15.544758 
14.813466 
15.101462 
14.925195 
14.742529 
15.244242 
15.184864 
15.010051 
15.120236 
14.862523 
15.004542 
14.890334 
15.369320 
14.660840 
15.105632 
15.103980 
14.594755 
15.093068 
14.888679 
14.859629 
15.042690 
14.986780 
15.213992 
14.464540 
14.953316 
14.407670 
15.509597 
15.276645 
14.984369 
15.338347 
15.220002 
14.641754 
15.338110 
15.062888 
15.388956 
14.836986 
14.987635 
15.249107 
14.583726 
14.895420 
14.817868 
15.184592 
15.041023 
15.258092 
15.149744 
14.454624 
15.140850 
14.875475 
15.118311 
15.285748 
15.377286 
14.985620 
14.788808 
14.962805 
14.552734 
14.758675 
15.373067 
15.257904 
15.260644 
15.016302 
15.385592 
15.427040 
14.793595 
14.986207 
14.737818 
15.062881 
14.692888 
15.130556 
14.456281 
14.628952 
14.441634 
14.787187 
15.479419 
14.927462 
15.302163 
14.819491 
14.793670 
14.839308 
15.390107 
15.441874 
15.426761 
15.481853 
15.049084 
15.097853 
14.540020 
14.762847 
14.644773 
14.738278 
14.096021 
15.448341 
15.272849 
14.950613 
14.840278 
15.155173 
14.885860 
15.139837 
14.845414 
14.658730 
14.516405 
15.115696 
15.016337 
15.269449 
15.539452 
15.438790 
15.146759 
14.589240 
14.918312 
15.373803 
15.106334 
15.135090 
15.155148 
15.131207 
14.837224 
15.079604 
14.851843 
14.786618 
15.224481 
14.873325 
15.099978 
14.901632 
15.591171 
15.226229 
15.296188 
14.983273 
14.652142 
15.069477 
15.498832 
15.622450 
14.953449 
15.936945 
15.186712 
15.197296 
15.029495 
15.203681 
15.027063 
14.889801 
14.995033 
14.660294 
14.832768 
15.211645 
14.950759 
14.948506 
14.857273 
15.102293 
14.759415 
14.877587 
14.464498 
15.666172 
15.220755 
15.023009 
15.012212 
15.442333 
15.556446 
14.765276 
14.620114 
15.101129 
14.427233 
14.810810 
14.376092 
15.329634 
15.227054 
14.738360 
14.642208 
14.375949 
14.549410 
15.003970 
15.092399 
14.690213 
15.137389 
15.096307 
15.534214 
15.422553 
14.908962 
14.770913 
15.034096 
15.218812 
15.372501 
15.235006 
14.612640 
14.801683 
15.117977 
15.034149 
14.491470 
15.264000 
15.425704 
15.288233 
15.734559 
14.947035 
14.977417 
14.960968 
14.591581 
14.973617 
15.007874 
15.219727 
15.014217 
14.450845 
15.161549 
14.630910 
14.527261 
14.974466 
15.363765 
14.555786 
15.092576 
14.560224 
15.533181 
15.519936 
14.711642 
15.634738 
15.049506 
14.873550 
15.073314 
14.805744 
14.766159 
15.152233 
15.252677 
14.553701 
15.103054 
14.759345 
15.273002 
14.895444 
15.253111 
15.294352 
14.810418 
15.902841 
14.982219 
14.925101 
14.913979 
14.524325 
15.181398 
14.615481 
14.979277 
15.135852 
15.103977 
14.763454 
15.554631 
14.825283 
14.980451 
15.022314 
14.495408 
14.938359 
15.012958 
15.106985 
14.954058 
14.423213 
14.787503 
15.266333 
14.842973 
15.700694 
14.963348 
14.955037 
15.567078 
15.644023 
14.700212 
15.402705 
14.764770 
15.427160 
14.634531 
15.184409 
15.057258 
15.213872 
14.883089 
15.267962 
15.248971 
14.766574 
14.915198 
14.895165 
15.116493 
15.952997 
14.934381 
15.149636 
14.858258 
14.848185 
15.303984 
15.110091 
15.366711 
15.085031 
14.895175 
15.516341 
14.657902 
14.532247 
15.086885 
14.797132 
14.921673 
14.569428 
15.392638 
14.637470 
15.392108 
15.107477 
15.733373 
15.097898 
15.249915 
14.537343 
14.440168 
14.734401 
15.039003 
14.752842 
15.374016 
14.937481 
15.506308 
15.252381 
14.589486 
15.265818 
15.949422 
14.975416 
14.926679 
15.273129 
15.033244 
15.389924 
15.440843 
14.787314 
14.868383 
15.165248 
14.845398 
14.997376 
14.744430 
14.915397 
15.500888 
15.054083 
14.650934 
14.737853 
14.894941 
14.441562 
14.509099 
14.958737 
15.161803 
15.049627 
15.187350 
15.252344 
14.945082 
15.403532 
14.405511 
14.785870 
15.228526 
14.672968 
15.280032 
15.145849 
15.335520 
14.904869 
14.561430 
14.680707 
14.968900 
15.403104 
15.019563 
15.479554 
14.785354 
15.280201 
14.224041 
15.409627 
14.615427 
15.262490 
15.481763 
14.876637 
15.193486 
14.716250 
15.368524 
15.511284 
15.168813 
15.602201 
14.824676 
15.453406 
14.513689 
14.759469 
15.105558 
15.040671 
15.464520 
15.498009 
15.044161 
15.002991 
14.843267 
14.689955 
14.783983 
14.840544 
15.202703 
14.996753 
15.061397 
14.681352 
14.944755 
15.291893 
14.956912 
15.611605 
15.251792 
15.285716 
15.362918 
15.104024 
14.959495 
15.249982 
14.501106 
15.079380 
15.352544 
14.891131 
14.436914 
15.460091 
14.793023 
15.259904 
15.108409 
15.480475 
15.641952 
15.616220 
14.846848 
14.948597 
15.053093 
14.895554 
15.322383 
15.216649 
15.382503 
14.252438 
14.979798 
15.464955 
14.633175 
15.074102 
14.972126 
15.003615 
14.904438 
15.058139 
15.520569 
14.371836 
14.993344 
14.886522 
14.721356 
14.962119 
14.984033 
14.507797 
14.921722 
15.245429 
15.129844 
14.558105 
15.056834 
14.891644 
15.171703 
14.943213 
15.073743 
15.274890 
15.150255 
15.015740 
14.824317 
15.012999 
15.033797 
15.348323 
14.923796 
15.008887 
15.120069 
15.066655 
15.112876 
15.098927 
14.586181 
14.991639 
14.740874 
15.287105 
14.785148 
15.531760 
14.538596 
15.309492 
15.445291 
15.615597 
14.945377 
15.016644 
14.756223 
15.319131 
15.073618 
15.546296 
15.287613 
15.021847 
15.351679 
15.402103 
14.609002 
14.823907 
14.977076 
15.234270 
14.844643 
15.388542 
14.568765 
15.075840 
15.181025 
15.036470 
14.833604 
15.198439 
15.116843 
15.025604 
14.822980 
14.731752 
14.960021 
15.205967 
15.764403 
14.785912 
14.991807 
14.960519 
14.707856 
15.390279 
15.107142 
14.994733 
14.511025 
14.964481 
15.382117 
15.209061 
15.071176 
15.310335 
15.005808 
15.253744 
15.288001 
14.703614 
15.084383 
14.849883 
15.468011 
14.755505 
14.757724 
14.821228 
16.114788 
15.017889 
15.747032 
15.008938 
14.823091 
15.033885 
15.284059 
15.725963 
14.809216 
14.775957 
14.716659 
15.518851 
15.379730 
14.506868 
15.130247 
15.068878 
14.538706 
14.518716 
14.919430 
14.836206 
14.595929 
14.700308 
14.940640 
15.538303 
15.461307 
15.260671 
14.888321 
15.252856 
14.883881 
15.390109 
14.483460 
14.979929 
14.655259 
14.856407 
14.883784 
15.248583 
15.012160 
15.104498 
14.963004 
15.136504 
14.712012 
15.286093 
14.994712 
14.818883 
15.090093 
15.270839 
14.742995 
15.351963 
15.083215 
14.792957 
15.727310 
14.982523 
14.850326 
14.655224 
14.778398 
15.078173 
14.755579 
15.023473 
15.223572 
14.853376 
15.134013 
15.105304 
14.736139 
15.477198 
15.626751 
15.310257 
15.675702 
14.776946 
14.642448 
15.092517 
14.803648 
14.785087 
14.383459 
15.260625 
14.740513 
15.458176 
14.875317 
15.312156 
15.131920 
14.680235 
15.175788 
15.217149 
15.066746 
14.959093 
14.990132 
15.518432 
15.220672 
15.317149 
14.816955 
14.414590 
14.937663 
15.477593 
14.666626 
15.064467 
15.034623 
14.832635 
15.204005 
15.157303 
14.748649 
15.031433 
15.547666 
15.532216 
14.729960 
15.337407 
14.609906 
15.784885 
15.224842 
16.001794 
14.572925 
14.772781 
14.281145 
14.853656 
14.915397 
14.445996 
15.057393 
14.830430 
15.071242 
14.882162 
14.522210 
14.436639 
15.035551 
15.061460 
15.217235 
15.413241 
15.228700 
14.794553 
14.439692 
15.361862 
14.132786 
14.978099 
15.046216 
14.813734 
15.059534 
14.992269 
15.086318 
14.775461 
14.863512 
14.912344 
14.947704 
15.052543 
15.033975 
15.066551 
15.316269 
15.643069 
14.528292 
14.583794 
14.840389 
15.018905 
14.752220 
15.198157 
14.667282 
14.794632 
14.594622 
14.726385 
14.692831 
14.734822 
15.289788 
15.027247 
15.359868 
15.067386 
15.495585 
14.858368 
14.956608 
14.617667 
15.043828 
14.815994 
14.907414 
14.906194 
14.980192 
15.271634 
15.210403 
15.096336 
14.521736 
14.971105 
14.508322 
14.855919 
14.446820 
15.719662 
14.834709 
15.295740 
14.895066 
15.117429 
15.241139 
14.613526 
15.038713 
14.989650 
15.045027 
15.770939 
15.314691 
14.838798 
14.634547 
14.852314 
15.844504 
15.169500 
14.995267 
15.299550 
15.344363 
14.994911 
14.778837 
15.161867 
15.242356 
14.056100 
15.579899 
14.947268 
14.931402 
14.987833 
15.612763 
14.722027 
14.959820 
14.846863 
15.037655 
15.810974 
15.035259 
14.624927 
15.621773 
14.671010 
14.777071 
15.065409 
15.122095 
14.784022 
15.321416 
15.036437 
14.939051 
15.155220 
14.917831 
14.865618 
14.963260 
14.891770 
15.505242 
15.012652 
14.444116 
15.734950 
14.796445 
14.701349 
15.783046 
14.609800 
14.427726 
15.090441 
14.606832 
14.784861 
14.689699 
15.120611 
14.787381 
15.011349 
14.284644 
14.670179 
14.522001 
15.241665 
14.355606 
14.675634 
14.569180 
14.354896 
15.750454 
14.345208 
14.895656 
14.669029 
14.875974 
14.673776 
14.542192 
15.233154 
14.572816 
14.762268 
15.122866 
15.166850 
14.792976 
15.404478 
14.746678 
15.001001 
14.871318 
14.616827 
15.181349 
15.377924 
15.177696 
14.839720 
15.114875 
14.891237 
15.021537 
15.100629 
14.729022 
14.543015 
15.188506 
14.703191 
14.537363 
14.554049 
14.969087 
15.541025 
15.131974 
14.883554 
15.128497 
15.028804 
15.059611 
14.529684 
14.832195 
15.179250 
14.635109 
14.612396 
14.894793 
14.634999 
14.666817 
14.761813 
15.044478 
14.623816 
15.382406 
14.896703 
14.942271 
15.240543 
14.633781 
15.904501 
15.132385 
15.057568 
14.694309 
15.238996 
14.901103 
15.165384 
14.825405 
15.093101 
14.806226 
15.654022 
15.041735 
15.124212 
16.124565 
14.352067 
14.909519 
14.477496 
14.625731 
15.603397 
15.036401 
15.361007 
15.428272 
15.294617 
14.968399 
15.190922 
15.267309 
14.896691 
14.989503 
15.569507 
14.723319 
14.767894 
14.720885 
15.197097 
15.058252 
15.007709 
15.089676 
14.949141 
14.980206 
14.904066 
14.324628 
15.135484 
14.993534 
15.292369 
14.662935 
15.056194 
15.698618 
15.064779 
15.075274 
15.010772 
15.071929 
15.156630 
15.064198 
14.840732 
15.445581 
15.324598 
15.485009 
14.964673 
14.829186 
14.873627 
14.711038 
15.003287 
14.882922 
15.337560 
15.124979 
14.751048 
15.389420 
15.110858 
15.279375 
14.909663 
15.105382 
14.216619 
14.913596 
15.371952 
14.845491 
14.628417 
14.893433 
14.761478 
15.029112 
15.163395 
15.065748 
15.141751 
15.136092 
15.124942 
15.333551 
15.030828 
14.529097 
14.457207 
14.718496 
14.649914 
15.260420 
15.377038 
15.349453 
14.669457 
15.149315 
14.793803 
14.625343 
15.743346 
14.881540 
15.048482 
14.795515 
14.715489 
15.520731 
14.743609 
14.315617 
15.308774 
14.775752 
14.518018 
14.880285 
14.764931 
14.690676 
15.831165 
14.885424 
14.868662 
14.708736 
14.896583 
14.605779 
15.379910 
14.672498 
14.877115 
14.418719 
14.680373 
15.390230 
14.798502 
14.609003 
14.797302 
15.307537 
14.754042 
15.423200 
14.901229 
15.318960 
15.020478 
15.170773 
15.364602 
14.865771 
14.667417 
15.153149 
14.802010 
15.089729 
14.620263 
14.939719 
15.740397 
15.075715 
14.633634 
15.305988 
15.456232 
14.759799 
15.692554 
14.887141 
14.857482 
14.767938 
14.932635 
15.259097 
15.015622 
14.794612 
15.185911 
15.070566 
15.013336 
15.018218 
15.536256 
14.927392 
15.130598 
14.661093 
14.542101 
15.324117 
15.074234 
15.141146 
15.358066 
15.247339 
15.069712 
14.980828 
14.781327 
14.952647 
14.811172 
15.178364 
15.487810 
14.729084 
15.068694 
15.327309 
14.932348 
14.983036 
14.948278 
14.820611 
14.758287 
15.502604 
15.459059 
14.375627 
14.920363 
14.564124 
15.309312 
14.899053 
15.314163 
15.078824 
14.743071 
14.674264 
15.188291 
15.205117 
15.780305 
14.498934 
14.832323 
14.898113 
15.327050 
15.081596 
15.280922 
14.552658 
14.915898 
15.426916 
15.169096 
14.966135 
15.272810 
15.393460 
14.710907 
14.927405 
15.019628 
15.055181 
14.605443 
14.767728 
15.556170 
14.514632 
15.567534 
15.148761 
15.083298 
15.322858 
15.184722 
15.159424 
15.288689 
14.721745 
14.968301 
14.901231 
15.177137 
15.282963 
15.624187 
14.751840 
14.938808 
14.932142 
15.016065 
15.482368 
14.967858 
15.167056 
14.633359 
15.224305 
15.129601 
14.755726 
15.744136 
14.828816 
15.623824 
15.030032 
15.183086 
15.060097 
15.034451 
14.726280 
14.429303 
14.900756 
15.231050 
15.231491 
14.767598 
14.889320 
15.311192 
14.658988 
15.345072 
15.175502 
15.249460 
14.847275 
14.887537 
15.041841 
15.077305 
15.599988 
14.567833 
14.772454 
15.134770 
15.001078 
15.291617 
14.764140 
14.359235 
15.204180 
15.198481 
14.931072 
14.881047 
14.815161 
15.121566 
15.351751 
15.204489 
14.930845 
15.354782 
14.812025 
14.815020 
15.399836 
15.065683 
14.742500 
14.643292 
14.761990 
15.703049 
14.861092 
14.663967 
14.847513 
14.159138 
14.925962 
14.910314 
14.393885 
14.936878 
14.957585 
14.709038 
14.872176 
15.179421 
15.620327 
14.478976 
14.938254 
14.845633 
14.441605 
15.083937 
14.977974 
14.809000 
14.934933 
15.654699 
14.864784 
15.036131 
14.523263 
14.561297 
15.050381 
14.574302 
15.053502 
15.840001 
14.706247 
14.807570 
15.670195 
14.485747 
14.640067 
15.168999 
15.054373 
14.832894 
14.809399 
14.498116 
14.856155 
14.755249 
14.729245 
15.232387 
15.078720 
14.097734 
14.672299 
15.171187 
15.546611 
15.548701 
15.191999 
15.136120 
15.444006 
15.199606 
14.679212 
15.180006 
14.842845 
14.997983 
14.867002 
14.980022 
14.351949 
14.525413 
14.650502 
14.574364 
15.416352 
15.332425 
14.975607 
15.248623 
14.779148 
14.241641 
14.572724 
14.976104 
14.996231 
14.651926 
15.011800 
15.123047 
14.725293 
15.126799 
15.269781 
15.007393 
15.585009 
15.025023 
14.747557 
15.314663 
15.450235 
14.891002 
14.871294 
14.582239 
14.598834 
14.628002 
14.902151 
15.288781 
15.136561 
14.954401 
15.173084 
14.901002 
14.810623 
15.018619 
14.533931 
14.943594 
15.483030 
14.601178 
14.458285 
14.876610 
14.947464 
14.388218 
15.775460 
15.370734 
14.989657 
15.291646 
15.062099 
14.772656 
15.597990 
14.784156 
15.122355 
15.157402 
15.292041 
14.786485 
14.460984 
14.939754 
15.002835 
15.105155 
14.718779 
14.903935 
14.763642 
14.607978 
15.423961 
14.775561 
14.661672 
15.537609 
15.191287 
14.815519 
15.516068 
14.599269 
15.027712 
14.474649 
15.602326 
15.382132 
14.738915 
15.027559 
15.194992 
15.221884 
14.855603 
15.121282 
14.933018 
14.718425 
14.818810 
14.623963 
14.106243 
14.798552 
14.705762 
15.579680 
15.223550 
14.603843 
14.638074 
15.170371 
14.916977 
14.772195 
15.026286 
14.608602 
15.220067 
14.920625 
15.438932 
15.101328 
15.197714 
14.868461 
15.073440 
14.949765 
15.188799 
14.646880 
14.656364 
14.900347 
15.487368 
14.450485 
14.943549 
15.533026 
15.286442 
15.321514 
14.858140 
15.424669 
14.712583 
14.886102 
15.373849 
15.245542 
14.897718 
14.651563 
14.659559 
15.319569 
15.552126 
15.426501 
15.568505 
15.399590 
15.739795 
15.215602 
15.238024 
14.696345 
14.781158 
15.221625 
14.853012 
15.153169 
15.069676 
14.564502 
14.723181 
15.479589 
14.761992 
14.846520 
15.196766 
14.782379 
14.995755 
15.103833 
14.723017 
15.154461 
14.564981 
15.050011 
14.724837 
15.237504 
14.921291 
14.423955 
15.400889 
14.932892 
14.979957 
15.072210 
15.346883 
15.563523 
15.461280 
14.716676 
14.664799 
15.094607 
14.928233 
15.136785 
15.156607 
14.795911 
15.224182 
14.965032 
14.423196 
14.959860 
15.435883 
14.989539 
15.856230 
15.253966 
14.957235 
15.480533 
14.938531 
15.039065 
15.679236 
14.900371 
15.196692 
14.715054 
14.690734 
14.891950 
14.872723 
14.837025 
15.228056 
14.758899 
15.133564 
15.195072 
15.130432 
15.234129 
15.748757 
14.791496 
14.564317 
15.006091 
14.801559 
14.649827 
15.048813 
15.053134 
15.326202 
15.369783 
14.928124 
15.080682 
14.976331 
15.159791 
14.698228 
15.156931 
14.928668 
15.098245 
14.968243 
14.900831 
14.938929 
14.679652 
14.646877 
14.984565 
14.855632 
15.236591 
15.112131 
15.013390 
15.191360 
15.136640 
15.193799 
15.227816 
15.055493 
15.043471 
14.972202 
14.924420 
15.375148 
15.754948 
15.261018 
15.219698 
15.167891 
15.584404 
15.026970 
14.893014 
15.099012 
15.483035 
14.760682 
14.755313 
15.658070 
15.293405 
15.031267 
14.878838 
15.398081 
15.137305 
15.093300 
15.077241 
14.879412 
15.324888 
15.040492 
15.649921 
15.163071 
15.061814 
14.848884 
15.189078 
14.631227 
14.996044 
14.735662 
14.553600 
15.253038 
15.160912 
15.728420 
15.084376 
14.937949 
14.416542 
15.352118 
15.388818 
14.582032 
15.303966 
15.959031 
14.775933 
15.029203 
14.774053 
14.596659 
14.944860 
15.345681 
15.278320 
15.486983 
14.995515 
14.751012 
15.600118 
14.803162 
14.910905 
14.883200 
14.866714 
14.927001 
14.627075 
15.134642 
15.466482 
15.936882 
15.597312 
15.336859 
14.538600 
14.871726 
14.836784 
14.568514 
14.874242 
14.495354 
15.294320 
15.064246 
14.837605 
14.712476 
15.277722 
15.099634 
14.692146 
15.242562 
14.792494 
15.094936 
14.947385 
15.279027 
15.327387 
15.637507 
15.214671 
15.440571 
15.506520 
14.857360 
15.081424 
15.167808 
14.874462 
14.938116 
15.004801 
15.023726 
15.317101 
14.829242 
14.903405 
15.262657 
15.168474 
14.937109 
16.190117 
14.889077 
15.133069 
15.226717 
15.724865 
14.927725 
15.222099 
14.760760 
15.421755 
14.350760 
14.738201 
15.453229 
14.428790 
15.084652 
15.244857 
14.693559 
14.656306 
14.898977 
15.019046 
14.930101 
14.601020 
15.409348 
14.955594 
15.066334 
15.343340 
15.081978 
15.198015 
14.777873 
15.127686 
15.137780 
14.510791 
14.992875 
15.709401 
14.736247 
14.582741 
14.966987 
14.959958 
15.160406 
14.270791 
14.989205 
15.159488 
14.938356 
15.235864 
14.949763 
15.615127 
15.335038 
14.801347 
14.874229 
15.227287 
14.897208 
14.508944 
15.034925 
15.063522 
15.260220 
14.527476 
14.745614 
14.820933 
15.049892 
15.349822 
14.597371 
14.381790 
14.800286 
15.079792 
15.170873 
15.622280 
14.979106 
14.938874 
15.027152 
14.935017 
15.472511 
14.673344 
15.200356 
15.603363 
14.822204 
15.232745 
14.734757 
15.080088 
14.933811 
14.840491 
15.482768 
14.983958 
15.221262 
14.880434 
14.763429 
14.915731 
14.789973 
15.517498 
15.225116 
15.186849 
15.019732 
15.182414 
15.154569 
14.652357 
14.446627 
14.980510 
14.804550 
15.001230 
14.876679 
14.759712 
15.556254 
14.912423 
15.692138 
14.673889 
14.803832 
14.819801 
14.548527 
14.404549 
15.264792 
15.262162 
15.384062 
14.738332 
15.002922 
14.744869 
15.254557 
15.677224 
14.896422 
14.565732 
14.850378 
14.757667 
14.746068 
14.966987 
14.782458 
15.345610 
14.650807 
14.614535 
15.023074 
14.949797 
14.801561 
14.544767 
15.059988 
15.088784 
15.342765 
14.294443 
14.851711 
14.767306 
15.364904 
15.311334 
15.362886 
14.801124 
15.318571 
15.029144 
14.858920 
14.939481 
15.351809 
15.246340 
15.335578 
14.742061 
14.875880 
15.288151 
14.834665 
14.804878 
15.044956 
14.695121 
14.747278 
15.892027 
14.726441 
14.914832 
15.898462 
15.327841 
15.136624 
15.356461 
14.971103 
15.539472 
15.673722 
14.960535 
14.827083 
14.723688 
14.896052 
15.144370 
15.005669 
15.127636 
14.675697 
15.032467 
14.507915 
14.671859 
14.942308 
14.723121 
14.475576 
15.098881 
15.133484 
15.588824 
14.935315 
14.787962 
15.014951 
14.786145 
15.309588 
14.601743 
14.908058 
14.399050 
15.185845 
14.891191 
15.157368 
15.363667 
14.929015 
15.015259 
14.730138 
15.357573 
14.736043 
15.058282 
15.110575 
14.950540 
14.473004 
15.063753 
15.298497 
14.814622 
14.993118 
15.145606 
14.971770 
15.487740 
15.493084 
14.774096 
14.874355 
15.167875 
14.888414 
15.357524 
15.610037 
15.305172 
14.771332 
14.919530 
15.891887 
15.043541 
14.977174 
14.325019 
14.802706 
15.276995 
14.892481 
14.970880 
15.279362 
15.256087 
15.200702 
14.854401 
14.850637 
15.495325 
15.350240 
15.583127 
14.685020 
14.714896 
14.853788 
15.233029 
14.998030 
14.330035 
15.047313 
15.215813 
15.408589 
14.770620 
15.117725 
14.890930 
15.235194 
14.742553 
14.767898 
14.783356 
14.931240 
14.420408 
14.926034 
15.315358 
15.342520 
15.034207 
15.623825 
15.348632 
15.452873 
14.788298 
14.905834 
14.673756 
14.911846 
14.550523 
14.765486 
15.529831 
15.052379 
14.607869 
15.328561 
15.478269 
14.618521 
14.197680 
15.028636 
15.323243 
15.311022 
15.223433 
14.843027 
15.067228 
14.908752 
15.397737 
15.173072 
15.098891 
15.087525 
14.736428 
14.905589 
14.899239 
14.766642 
15.145527 
15.083319 
15.100997 
15.052980 
15.156649 
14.622973 
14.563940 
14.738823 
14.994415 
15.381219 
14.709316 
14.805207 
14.964531 
14.642213 
14.841199 
15.210069 
14.621452 
14.996500 
15.338817 
14.792332 
15.242910 
14.781620 
14.908986 
15.248272 
14.933439 
15.229580 
15.290735 
15.360211 
15.420436 
14.746545 
15.314161 
14.951587 
15.375221 
14.335030 
15.549434 
14.930861 
14.950231 
15.308089 
14.982858 
14.945261 
15.083039 
14.656458 
15.590365 
15.471038 
15.113012 
14.751388 
14.794111 
15.182716 
15.312437 
15.189266 
14.675611 
15.580553 
14.701659 
15.551607 
15.060820 
14.986503 
15.403336 
14.983270 
14.837536 
15.163480 
14.585273 
15.280248 
14.945779 
14.977495 
15.205148 
15.777222 
15.148661 
14.698574 
15.156839 
14.905920 
14.929014 
14.903776 
15.372444 
15.312410 
15.095522 
15.335316 
15.242544 
14.980768 
15.255500 
15.162331 
15.463111 
14.563754 
14.644413 
15.122768 
14.692287 
14.759310 
15.241058 
15.145177 
15.266432 
14.786387 
15.174926 
14.622054 
15.017293 
15.548419 
14.798458 
15.224825 
15.146226 
14.626108 
14.812451 
14.943652 
14.924729 
15.372922 
14.231242 
15.469880 
15.159097 
14.478193 
14.865963 
15.351439 
15.026350 
15.699630 
15.030151 
14.482023 
14.507056 
14.664208 
15.070173 
15.080980 
14.821967 
14.692508 
14.805747 
15.101591 
15.036952 
15.378705 
15.293131 
14.364013 
14.703062 
15.036684 
14.920061 
14.835920 
14.287842 
14.671757 
14.785433 
15.077489 
15.281396 
14.760409 
15.259929 
15.103571 
15.445322 
15.015169 
15.073780 
15.075103 
15.149737 
14.621897 
14.547521 
14.609647 
14.616850 
15.070543 
15.148292 
14.824785 
15.403878 
15.053084 
14.849863 
14.983106 
15.182844 
15.150427 
15.253800 
14.488524 
14.890556 
14.813747 
14.525010 
15.043801 
15.138511 
14.817139 
14.579155 
14.664367 
15.791949 
15.445323 
15.706925 
14.437236 
15.086948 
14.797542 
14.709054 
15.076651 
15.336454 
14.847407 
15.227313 
14.655955 
14.796115 
15.542054 
15.459818 
15.135449 
14.426815 
15.175319 
15.438732 
14.470160 
14.920044 
14.915247 
15.511945 
15.242307 
14.801109 
15.373228 
15.828848 
14.842525 
15.094722 
14.930335 
15.598675 
14.916515 
14.779032 
15.405526 
15.097917 
15.075634 
14.584146 
15.465299 
15.235437 
14.996120 
14.765269 
14.714424 
15.056314 
15.147839 
14.967475 
15.399056 
14.388080 
14.879756 
15.041087 
14.803418 
15.039037 
15.031263 
14.492068 
14.629429 
15.197334 
14.957209 
14.731384 
14.754190 
14.750747 
14.683283 
14.677775 
14.686729 
14.699503 
15.590009 
14.939581 
15.043751 
14.574350 
15.035324 
15.124991 
15.310206 
15.337897 
14.981860 
15.035012 
14.777429 
14.586206 
15.051245 
14.663618 
14.839847 
14.716334 
15.205906 
15.092979 
14.969464 
15.224529 
15.050303 
14.683160 
15.153798 
15.108486 
15.163366 
15.397756 
14.733980 
14.756961 
15.115976 
14.894357 
14.575747 
14.664707 
14.818968 
14.307947 
15.445925 
15.082863 
15.291233 
14.917599 
15.131234 
15.399609 
14.831682 
15.551424 
14.785585 
15.472570 
15.275812 
14.937744 
15.009784 
15.219753 
15.033339 
14.776339 
15.217409 
15.429495 
14.762718 
14.851629 
15.501769 
15.684300 
14.467452 
15.495556 
14.849074 
15.431328 
15.046898 
14.835175 
15.487252 
14.781581 
15.238463 
14.948460 
14.743977 
14.833176 
14.898915 
15.710548 
14.704435 
14.833573 
15.308404 
14.370231 
14.578589 
14.708985 
14.732301 
15.359210 
14.989469 
15.259533 
14.902042 
14.918075 
15.345470 
14.851867 
14.736250 
15.043500 
15.285044 
14.559513 
15.358688 
14.963894 
15.053820 
15.095022 
15.107106 
15.171041 
14.707611 
15.549674 
14.729528 
14.707955 
14.985802 
15.134987 
14.752041 
15.447792 
14.718650 
15.171049 
14.850457 
14.748008 
15.745999 
14.784256 
15.099500 
15.462867 
14.872438 
14.389480 
15.022369 
15.385622 
15.250352 
14.650704 
14.452905 
14.413424 
15.118722 
15.132302 
15.281309 
14.816823 
15.253798 
14.669957 
14.694562 
14.519242 
14.971039 
14.590836 
14.912733 
15.577292 
15.056034 
14.892093 
15.093000 
14.902403 
15.255502 
15.944003 
15.063975 
15.455939 
15.534572 
14.834226 
15.022375 
14.963423 
15.249619 
15.336374 
15.025849 
15.037982 
15.083316 
15.626315 
14.551083 
15.458727 
15.197384 
14.850393 
14.930077 
14.701440 
15.933191 
14.811372 
15.193360 
15.371111 
14.404944 
15.381999 
15.162599 
15.075209 
15.109741 
16.156491 
14.922727 
14.750815 
14.679715 
14.968587 
14.757489 
15.059462 
14.905911 
14.734257 
15.122034 
15.239317 
14.993126 
15.341396 
14.437229 
14.730064 
15.053031 
15.042047 
14.930435 
15.200245 
14.876439 
15.214769 
15.090072 
15.272724 
15.155784 
15.662720 
14.788311 
14.513795 
14.591941 
14.852480 
15.334270 
14.773915 
15.040142 
14.962903 
15.316464 
14.059424 
14.843521 
14.678348 
15.137164 
14.948354 
15.014295 
15.304836 
14.286048 
14.835478 
14.742860 
15.182810 
14.915985 
15.090616 
15.726183 
14.856861 
14.999271 
14.769453 
14.675396 
15.348021 
15.219956 
14.501463 
14.873931 
14.531545 
14.922378 
15.394645 
15.093690 
14.959462 
15.029847 
15.102256 
14.767293 
14.217402 
15.276987 
14.961882 
14.921015 
14.690825 
14.844132 
14.913777 
15.017257 
14.628839 
15.767988 
14.654306 
14.943899 
14.838511 
15.159353 
14.693332 
15.214336 
15.159736 
15.463753 
14.752375 
14.342130 
15.227027 
15.437487 
14.537967 
14.659668 
15.309568 
14.586236 
14.405767 
14.860268 
14.859213 
15.803412 
15.045309 
14.804879 
15.696615 
15.710506 
14.776643 
14.436377 
15.442177 
15.531014 
15.112340 
14.577489 
15.080749 
14.657009 
15.657201 
15.314437 
15.308524 
14.854461 
14.767192 
15.277787 
15.489948 
15.323043 
14.973213 
14.865377 
14.685221 
15.335340 
15.359445 
15.390811 
14.375232 
14.582232 
15.025955 
14.896831 
14.686003 
15.230484 
15.062361 
14.643451 
15.198005 
15.612508 
15.734740 
14.739293 
14.938434 
15.239114 
14.752732 
15.001451 
14.993136 
14.496262 
15.101937 
15.613952 
14.545870 
15.246416 
14.673396 
15.530932 
14.917475 
14.784670 
14.714089 
14.818430 
14.855129 
14.411737 
15.626504 
15.421624 
14.866950 
15.125407 
15.574226 
14.382313 
15.135239 
14.855146 
14.962762 
15.556026 
14.632425 
14.802829 
15.111075 
15.314966 
15.073547 
14.781562 
15.116853 
14.936366 
15.554050 
14.898638 
14.987882 
15.579829 
14.584348 
15.159796 
14.692262 
14.873094 
15.620795 
15.042171 
14.621116 
14.823133 
14.657381 
15.266320 
14.967573 
15.507323 
15.275253 
14.869072 
14.985785 
14.757890 
15.304780 
14.763010 
15.176656 
15.310935 
15.317718 
15.152189 
14.906516 
14.590533 
14.628274 
15.358606 
15.294625 
15.081807 
15.240782 
15.247482 
14.562406 
15.092188 
15.505739 
15.176513 
15.075396 
15.108695 
14.907930 
15.462296 
14.915359 
15.124847 
15.209099 
15.230300 
15.160917 
14.743886 
14.754591 
15.163829 
15.161249 
15.654514 
14.898634 
14.895988 
15.249989 
15.348564 
15.198183 
15.189521 
15.223434 
15.187836 
15.069249 
15.368170 
14.968448 
14.995301 
14.819136 
14.718201 
15.049194 
15.080508 
14.603847 
15.035408 
15.322550 
15.212913 
14.701565 
14.642582 
15.349773 
15.182115 
14.874401 
14.878774 
14.857411 
15.552758 
15.048425 
15.389035 
15.239882 
14.653804 
14.540419 
15.081189 
14.466714 
14.553985 
15.023284 
15.165568 
15.106574 
15.542823 
14.506802 
15.067750 
14.815990 
14.659992 
14.857025 
14.861201 
14.525672 
15.237796 
14.699058 
15.008104 
14.968180 
14.945265 
14.924940 
14.852916 
15.240673 
14.750689 
14.908827 
15.050589 
15.078117 
15.110048 
15.058098 
15.282025 
14.939536 
14.690734 
14.917739 
15.500546 
15.145175 
15.430847 
14.867806 
15.032524 
15.089217 
15.150170 
14.984966 
15.155831 
14.396623 
15.016612 
14.916862 
15.214762 
14.806124 
14.770477 
15.220952 
14.821202 
15.038819 
15.232913 
14.756376 
14.833500 
15.688299 
15.004930 
15.284580 
15.486256 
15.264270 
15.061114 
14.460082 
14.577207 
14.876873 
14.749888 
15.328585 
15.581445 
15.093850 
14.853153 
15.210974 
15.530033 
14.838602 
15.425414 
15.013051 
15.008381 
15.345885 
14.658835 
14.986756 
15.194332 
15.015669 
15.001225 
14.786484 
14.687553 
14.801153 
15.089165 
15.337493 
14.736673 
14.697064 
14.777985 
14.741798 
14.487525 
14.527652 
15.317837 
14.750995 
15.069198 
14.717228 
15.091058 
14.432088 
15.028274 
15.109207 
14.864093 
15.398982 
15.168892 
14.356202 
15.046397 
15.992642 
14.646498 
14.997470 
14.855510 
14.562103 
14.787563 
14.067874 
14.929409 
15.302585 
15.010559 
15.502562 
14.910851 
15.343748 
15.516910 
15.266283 
14.428466 
14.892799 
15.089272 
14.742927 
14.970005 
15.278196 
14.828557 
14.735899 
15.267835 
15.286325 
14.681020 
15.145297 
15.007065 
15.534169 
14.868706 
15.211930 
15.049592 
15.254525 
15.295550 
15.710971 
14.494424 
15.134608 
15.563747 
15.160798 
15.127036 
15.294447 
14.799563 
15.058362 
15.067608 
15.683601 
14.820314 
14.952875 
14.795081 
14.763724 
14.758803 
14.991325 
14.832014 
15.388307 
15.307087 
14.721522 
15.365064 
15.118947 
15.353155 
15.328282 
14.784003 
14.935262 
14.989730 
14.784384 
14.768705 
15.522126 
15.290653 
14.900240 
15.799091 
15.210144 
15.158814 
14.857166 
15.252938 
14.807067 
14.976971 
15.283389 
15.480506 
15.261809 
15.159611 
14.680002 
14.545725 
14.724316 
14.355470 
14.836743 
14.589823 
15.051344 
14.847065 
14.451811 
15.601071 
15.314562 
14.621826 
15.505421 
14.505828 
15.593506 
14.511047 
14.889564 
15.052236 
15.476980 
14.213250 
14.503279 
15.334989 
15.144403 
15.256080 
15.299352 
15.489710 
15.020536 
14.990697 
15.039772 
14.749688 
14.666702 
14.880774 
15.340073 
15.141583 
14.828903 
14.761768 
14.656341 
15.064657 
14.981442 
14.690119 
15.288035 
14.931086 
14.910713 
15.321004 
14.697083 
15.794143 
15.494091 
14.487309 
14.619809 
14.787542 
14.671103 
15.273386 
15.531797 
14.550091 
14.786983 
15.220642 
15.246937 
14.701491 
15.430075 
14.802867 
14.882600 
15.912579 
14.887655 
14.819194 
14.958345 
15.114282 
15.622747 
14.827731 
15.243468 
15.036219 
14.494985 
15.065484 
15.028339 
15.348131 
15.043329 
15.135874 
15.339160 
14.838185 
15.036929 
15.369667 
14.672529 
14.945260 
14.759324 
15.667660 
15.213338 
15.039003 
14.772777 
14.346044 
15.242260 
14.592371 
15.102067 
14.381064 
14.877170 
15.038885 
14.936582 
15.010290 
14.861122 
14.656213 
15.505556 
14.543797 
15.034722 
14.735401 
14.997209 
15.292684 
14.908197 
14.870872 
14.503405 
15.280180 
15.345817 
14.778437 
15.305671 
14.900043 
15.265869 
14.625149 
15.182530 
14.999025 
15.089276 
14.619197 
14.913877 
15.368510 
15.127057 
15.166222 
15.317564 
15.226775 
14.733832 
14.676855 
15.087211 
14.842358 
14.900541 
15.398385 
14.772827 
14.699165 
14.870182 
14.707999 
14.434070 
14.481905 
15.262915 
15.118283 
14.392262 
14.715134 
15.129859 
14.498814 
14.813870 
15.525818 
14.460545 
14.692941 
15.220866 
15.327992 
15.040280 
14.662295 
14.980547 
15.215960 
14.691780 
15.503892 
14.891093 
15.035599 
15.333583 
14.869395 
15.053457 
15.513341 
15.057330 
15.297972 
14.816269 
14.178547 
15.098010 
15.161641 
15.367293 
15.118824 
15.209928 
15.157411 
15.264276 
15.515465 
15.123309 
14.787121 
15.063237 
14.773812 
15.606003 
16.108085 
14.620966 
14.906886 
15.429422 
15.246099 
15.757605 
14.861773 
15.022783 
15.013691 
15.013698 
14.787864 
15.419999 
15.152900 
15.234783 
14.857604 
14.650773 
14.648228 
15.141191 
14.882458 
15.473076 
15.760206 
15.199687 
15.263109 
14.766563 
14.201067 
15.192210 
15.413371 
14.540858 
15.187485 
15.163400 
15.136454 
15.249531 
14.475355 
14.766372 
14.299504 
14.642204 
14.620531 
15.211889 
15.161605 
15.335627 
14.632914 
15.180684 
14.831191 
14.938493 
15.133617 
14.891185 
15.133666 
14.607478 
14.919947 
15.278030 
14.844208 
15.059093 
14.925447 
15.140803 
15.451426 
15.347139 
15.232549 
14.987190 
15.085369 
15.273791 
15.222981 
15.224315 
15.468551 
15.395211 
15.037934 
15.126750 
15.006575 
14.492236 
14.983394 
14.703043 
15.063033 
14.702530 
15.236980 
14.740315 
14.952750 
15.026436 
14.833666 
14.511202 
14.870409 
15.351266 
15.082771 
15.117082 
15.045166 
14.404041 
15.046506 
14.680485 
14.631345 
15.178263 
14.790889 
15.248526 
15.136644 
14.700042 
14.417028 
14.957649 
15.271261 
14.984603 
15.339378 
15.132264 
14.818162 
14.999252 
15.490952 
14.844715 
15.463392 
14.675277 
15.185947 
15.094489 
15.008604 
14.789548 
15.151636 
15.349725 
14.682920 
15.325318 
14.500031 
14.789550 
14.967945 
14.981476 
14.738549 
14.781041 
14.686257 
14.819630 
15.053470 
14.820426 
14.984234 
15.318465 
14.975319 
14.944789 
15.642486 
14.588523 
14.967669 
14.924624 
14.654617 
15.094447 
14.709273 
14.961271 
15.396195 
15.565126 
15.371632 
14.907116 
16.106446 
14.601042 
14.617278 
14.829815 
15.439897 
14.684584 
14.983545 
15.160217 
14.468464 
14.799558 
15.842086 
14.991474 
14.989955 
14.588533 
14.362948 
15.092396 
15.470233 
14.963496 
15.243320 
14.997105 
14.776000 
15.014730 
15.306146 
15.564820 
14.917118 
14.951347 
15.131446 
15.506430 
14.576528 
14.938777 
14.926902 
14.964643 
14.866273 
14.488941 
14.682506 
15.196985 
14.719941 
15.406831 
15.042194 
14.805552 
15.194318 
14.441771 
15.359733 
15.214447 
15.038217 
14.810196 
15.273061 
14.600568 
15.100146 
15.136799 
14.942128 
15.304481 
14.883943 
14.896736 
15.293070 
14.829473 
15.296070 
15.453469 
14.437861 
15.385138 
14.623152 
14.670148 
14.534955 
14.969249 
14.999066 
14.960861 
15.678869 
14.891141 
14.852551 
14.856804 
14.518473 
14.813940 
14.543751 
15.482412 
14.909408 
15.563329 
14.624866 
15.897192 
14.957268 
15.659631 
15.242309 
15.095205 
15.113974 
15.185732 
15.029875 
15.317100 
15.523814 
14.891378 
15.420241 
14.858879 
15.174301 
14.976192 
15.427369 
15.175436 
15.021953 
15.246575 
15.273660 
14.641424 
14.870589 
14.753189 
14.959032 
14.972602 
15.843728 
14.374073 
15.147559 
14.363801 
15.090241 
14.810765 
15.105990 
15.050854 
15.144873 
15.118499 
15.252715 
15.304216 
14.349151 
14.863884 
14.998335 
14.556236 
15.322570 
15.333869 
14.507083 
14.938154 
15.488674 
14.477494 
14.983358 
15.766033 
15.242452 
15.188086 
15.071781 
14.921919 
14.826648 
15.136845 
15.388558 
14.752718 
14.970072 
15.481427 
14.689441 
14.462197 
15.283086 
14.600803 
14.932431 
15.205059 
15.042592 
14.617469 
14.882599 
14.231195 
15.728581 
15.285596 
14.971092 
15.141172 
14.749664 
15.146595 
14.745911 
14.943893 
15.046015 
14.368606 
14.764480 
14.939451 
15.096341 
15.059646 
14.824481 
14.990773 
15.521533 
14.651888 
14.534276 
15.476329 
15.047840 
15.068657 
14.685265 
14.998342 
14.493349 
14.831322 
15.174995 
15.219573 
15.059072 
15.269358 
14.569408 
14.962885 
15.153825 
15.070826 
15.088750 
15.099194 
15.628950 
15.098913 
15.279424 
14.379623 
15.114057 
14.728833 
14.400490 
15.429124 
14.993567 
15.173019 
14.623004 
15.065902 
15.125853 
15.073967 
15.040043 
14.948880 
15.300811 
14.894371 
14.920222 
15.123609 
15.300118 
15.169164 
15.321601 
15.366213 
15.374505 
14.984198 
14.896983 
14.918285 
14.124309 
14.577155 
14.808372 
14.989369 
14.779975 
15.265477 
15.084550 
14.794560 
14.798099 
14.954690 
14.952547 
14.697420 
14.496042 
14.369978 
15.445368 
14.697729 
14.998574 
15.911492 
15.049374 
14.402019 
15.402002 
14.506894 
14.679701 
15.282009 
14.401347 
14.891474 
15.304387 
14.649070 
14.627605 
14.245541 
14.756131 
14.436432 
14.790780 
14.656924 
14.212285 
15.086279 
14.777013 
14.732560 
16.127103 
14.855541 
15.010574 
14.814700 
14.954685 
13.791359 
15.187739 
14.797980 
14.929830 
14.339683 
14.379445 
14.893266 
15.198348 
15.340292 
14.616016 
14.574423 
14.856319 
15.015414 
14.752066 
15.065061 
14.872885 
14.955559 
15.462171 
15.062067 
14.761482 
14.885054 
14.485372 
14.946652 
15.100211 
14.727516 
14.970310 
15.169080 
14.631106 
14.608433 
15.372349 
14.529971 
14.462577 
14.712247 
15.229259 
15.266984 
14.939763 
14.862202 
15.107586 
14.929932 
14.274266 
15.087166 
14.628993 
14.822067 
14.288721 
14.815533 
15.142504 
15.254529 
14.990277 
14.756845 
15.758914 
15.235568 
15.253499 
14.710387 
15.165261 
15.015885 
15.034031 
14.743775 
14.745988 
15.134691 
15.225418 
14.540303 
14.700358 
15.110979 
14.728560 
14.765843 
15.230432 
14.529164 
15.108842 
15.231008 
14.434898 
14.924796 
15.169974 
15.197959 
14.960189 
15.020305 
14.600334 
14.509208 
14.819381 
15.616565 
14.622341 
15.081962 
14.533882 
14.855027 
14.804539 
14.936084 
14.915916 
15.058239 
15.003598 
14.936073 
15.419239 
14.772862 
14.460511 
14.952543 
15.025408 
15.001221 
15.202814 
14.235481 
14.308924 
14.849282 
15.035910 
14.430445 
15.498244 
15.062482 
14.755061 
15.572631 
15.313139 
14.545533 
15.230809 
15.249635 
14.959975 
15.050241 
14.936675 
14.871887 
15.196265 
15.598976 
14.677275 
14.971903 
15.324882 
14.843230 
15.152871 
14.605565 
15.222013 
14.615280 
15.118252 
15.020992 
14.975425 
15.089559 
14.941392 
14.618938 
15.090937 
15.376084 
14.996364 
15.095979 
14.889383 
15.313548 
14.984588 
15.054195 
15.223976 
14.774220 
14.647012 
14.905944 
15.069567 
15.173055 
14.731334 
15.538353 
14.882392 
14.936682 
14.606273 
14.775088 
14.568123 
14.797161 
14.854290 
15.154509 
14.948080 
14.980845 
15.825423 
14.678685 
15.059446 
14.804087 
15.253486 
15.128355 
14.861787 
15.042531 
14.591034 
15.051921 
15.049996 
15.112124 
14.804945 
14.569372 
15.051462 
15.546097 
15.071189 
14.054766 
15.205091 
14.550072 
14.759290 
14.376438 
14.373135 
15.615415 
14.865127 
15.057639 
14.899519 
14.853846 
15.510783 
14.684284 
14.922512 
14.912573 
15.356555 
14.807886 
15.162361 
15.516920 
15.156065 
14.934041 
14.623460 
14.828589 
15.507822 
14.850198 
15.146901 
15.509109 
14.468186 
14.907502 
15.156747 
15.029314 
15.477123 
15.209871 
15.275390 
15.265659 
14.517769 
15.548213 
15.283935 
14.895068 
14.466807 
15.541248 
14.577008 
14.984993 
14.856786 
15.066500 
15.089256 
15.045492 
14.750964 
15.092335 
15.075388 
15.037626 
14.535399 
14.945402 
14.946683 
15.155552 
15.515206 
15.264753 
15.792132 
14.667156 
14.230261 
14.499177 
14.761792 
14.935211 
14.298477 
14.974330 
15.184130 
15.108132 
15.526530 
15.042894 
15.000404 
15.264377 
14.996005 
15.024348 
15.013322 
14.488245 
14.961121 
14.830719 
14.316432 
14.442960 
15.430162 
14.765941 
14.899501 
14.615180 
14.997635 
15.152855 
14.916858 
15.059212 
14.888774 
15.037731 
15.277921 
15.392292 
14.932371 
15.370827 
14.954987 
14.810340 
15.769231 
14.291580 
15.159636 
14.867258 
14.707731 
15.083997 
15.015654 
15.019544 
15.372198 
14.606299 
14.760414 
14.760795 
15.205991 
15.159756 
15.536347 
14.774881 
14.987233 
14.786435 
15.011158 
15.043081 
15.231678 
15.010096 
14.522519 
14.679191 
14.677306 
14.686493 
15.106798 
14.799070 
15.236369 
14.746600 
15.074497 
14.621259 
14.728623 
15.030387 
15.387984 
14.822398 
15.206988 
14.599709 
14.886765 
14.880738 
15.065158 
14.965949 
15.085081 
15.002505 
14.822832 
15.113273 
14.890711 
15.371542 
15.036506 
15.091005 
14.615243 
14.487644 
14.795739 
14.729741 
14.871377 
14.653894 
15.231103 
14.889251 
15.003972 
14.542900 
14.776331 
14.813941 
15.239624 
15.410455 
15.149622 
15.011833 
15.026191 
15.256639 
15.131693 
14.569872 
14.866269 
14.984114 
14.873486 
14.675044 
14.918695 
14.857398 
14.693546 
14.996540 
14.691934 
15.136325 
14.730373 
14.866445 
15.374718 
14.961826 
14.946164 
14.772650 
14.830869 
15.282228 
14.600522 
14.623163 
15.427138 
14.484638 
14.719569 
14.614397 
15.378502 
14.973932 
14.926881 
14.697729 
15.195891 
14.543286 
15.299890 
14.814271 
15.102494 
14.797548 
15.060719 
15.162650 
15.390567 
15.127030 
15.697378 
14.290575 
15.185728 
14.549633 
14.444028 
15.224170 
15.756647 
15.233188 
15.152255 
15.551487 
14.923044 
15.493514 
14.585256 
14.836383 
15.228535 
14.955389 
14.913191 
14.895868 
14.830230 
15.120550 
15.285882 
15.160051 
14.010126 
15.338727 
14.560112 
14.729294 
15.627425 
15.449923 
14.587802 
15.029817 
14.606234 
14.662094 
15.292703 
15.044917 
14.787029 
14.801278 
14.793517 
14.891388 
15.067163 
14.894079 
14.750378 
15.492001 
14.766579 
14.904647 
14.535764 
15.515905 
15.239353 
15.141179 
15.667509 
14.948081 
15.129228 
15.556015 
15.189701 
15.011262 
14.971211 
14.657780 
14.952933 
14.652387 
14.531034 
15.086403 
14.917772 
15.279587 
15.119896 
15.148558 
15.023224 
15.231353 
15.022303 
14.630267 
15.013078 
14.656544 
14.868289 
14.853289 
14.655854 
15.141989 
14.778070 
15.154000 
14.871334 
15.216817 
15.077248 
14.992340 
15.409053 
15.145129 
14.981776 
14.737712 
14.587068 
15.550414 
14.744549 
14.936780 
14.891059 
15.384691 
14.927875 
15.235816 
14.881633 
15.113649 
14.661203 
14.680899 
14.888611 
14.466089 
15.335695 
14.705643 
15.319544 
14.875157 
14.830986 
14.553579 
15.131890 
14.826319 
15.416816 
14.704491 
15.114539 
15.187255 
14.897914 
15.281413 
14.892650 
15.353004 
15.212803 
14.869018 
14.821410 
14.983266 
15.164668 
14.792274 
14.808716 
15.092887 
14.531516 
14.869908 
15.017823 
14.833465 
15.266109 
15.374858 
15.458144 
14.925612 
15.036660 
14.764357 
14.648395 
15.172852 
14.963476 
14.580007 
15.222179 
15.451437 
15.236941 
15.633206 
15.240983 
14.562751 
14.706023 
15.163615 
15.230759 
15.363165 
14.848502 
15.745164 
15.000077 
14.468692 
14.565266 
15.081873 
14.313478 
14.983992 
14.895959 
15.057464 
15.420055 
15.197604 
14.263527 
15.213761 
14.738474 
15.101325 
14.178874 
15.033640 
14.243918 
15.097037 
14.544109 
14.590014 
14.655339 
14.971521 
15.617163 
15.199128 
15.103347 
14.678117 
15.285232 
14.681723 
15.221831 
14.792373 
15.384021 
15.290288 
14.937477 
15.095562 
14.740849 
15.217305 
15.126325 
14.517805 
15.299786 
14.739038 
15.526994 
15.341334 
14.333545 
14.198875 
15.537059 
15.116649 
15.400182 
15.086503 
15.215226 
14.923258 
15.159799 
14.932431 
15.128241 
15.036856 
14.721089 
14.958947 
15.339127 
14.692240 
14.824603 
14.950457 
14.470597 
15.300404 
15.408833 
15.352838 
15.297625 
14.883163 
14.972250 
15.473247 
14.651236 
14.995570 
14.839206 
15.302254 
14.756327 
15.237401 
14.822453 
15.439326 
15.218852 
15.186687 
15.509327 
15.321906 
14.813086 
14.866982 
15.202119 
15.270883 
14.508013 
15.258811 
15.484869 
15.087954 
15.115205 
14.727146 
14.827308 
15.035884 
15.081725 
15.044680 
14.696490 
14.985164 
14.827385 
14.762980 
14.385586 
14.866124 
15.399216 
15.099938 
15.096448 
14.878743 
15.146473 
14.550535 
14.894171 
14.802955 
15.333325 
14.947775 
14.463366 
14.863957 
15.260822 
15.475545 
14.873579 
15.170444 
14.409753 
14.778209 
14.821890 
14.749285 
15.181328 
14.930032 
15.278267 
15.191760 
14.993546 
14.758335 
15.093377 
15.065747 
15.547547 
14.812120 
14.799218 
15.245768 
14.930711 
15.105811 
15.250000 
15.362032 
15.015840 
14.666356 
15.001165 
15.369065 
15.115459 
15.059209 
14.835494 
15.167824 
14.422594 
14.836783 
14.511215 
14.336514 
14.771598 
14.860179 
14.616595 
15.127923 
14.890725 
14.921445 
14.651407 
14.997794 
15.153887 
14.763701 
14.432219 
15.394504 
14.724324 
15.110679 
14.077647 
15.519244 
14.692388 
14.421813 
15.311935 
14.859939 
14.433019 
15.640644 
15.827475 
15.674274 
14.780453 
15.065488 
15.362685 
15.246656 
14.753498 
14.883724 
15.006598 
14.887654 
15.307843 
14.657528 
15.341550 
15.484492 
15.068305 
15.052885 
15.061134 
14.895672 
15.210492 
14.585521 
14.865888 
15.270685 
14.979622 
15.470243 
15.271278 
15.169992 
14.435706 
15.236445 
15.016455 
15.195640 
14.561471 
14.999062 
14.523396 
14.620513 
14.917025 
14.590508 
14.926878 
15.128871 
14.669933 
14.810866 
14.544717 
15.377844 
15.216940 
15.277788 
14.907143 
14.940308 
14.511849 
15.113794 
14.582501 
14.995912 
15.053697 
15.558256 
15.333629 
14.961341 
15.119176 
14.524695 
14.953413 
14.905079 
15.016411 
14.667598 
14.614196 
15.361351 
14.983340 
15.362326 
14.997895 
15.280558 
15.462898 
14.635737 
14.705979 
15.535128 
15.017447 
15.761748 
14.672170 
14.318430 
15.238322 
15.248688 
15.267937 
14.247607 
14.595341 
15.307432 
14.526346 
15.039658 
14.930772 
14.806741 
14.660865 
14.788573 
14.912723 
15.454630 
14.681712 
15.300374 
15.116762 
14.532085 
15.344735 
14.620701 
14.986408 
15.487100 
15.127904 
15.346484 
14.896544 
15.119526 
14.706934 
15.042423 
14.895410 
14.867623 
15.369799 
14.779271 
14.712784 
14.891445 
15.355181 
15.069472 
15.179077 
14.473302 
15.147787 
14.681037 
15.411662 
14.266828 
14.682600 
15.469220 
15.307091 
14.965439 
15.270430 
15.018459 
15.087710 
15.013343 
15.380188 
15.198691 
15.300894 
15.539743 
15.188621 
15.023577 
14.830813 
15.142038 
14.666323 
15.436561 
14.607286 
14.874670 
15.622576 
14.737639 
15.104045 
15.003845 
15.154915 
15.273591 
14.632126 
15.550805 
15.819385 
15.415575 
14.503428 
14.737180 
15.041559 
15.463413 
15.048211 
14.641007 
15.378275 
15.002074 
15.160436 
15.011620 
14.475772 
14.590012 
14.631386 
15.142284 
15.025139 
15.196546 
14.743368 
15.147272 
14.903969 
14.982471 
14.830940 
14.611005 
15.025540 
15.887230 
15.095867 
15.371097 
14.869065 
14.933861 
14.533399 
14.957741 
15.268910 
14.694476 
14.404866 
14.570393 
15.152933 
14.716422 
15.098103 
14.827188 
14.617290 
15.223513 
15.037953 
15.241811 
14.933022 
15.171086 
15.356948 
15.061245 
15.275479 
14.881723 
15.466727 
15.179448 
14.921773 
14.731615 
14.978808 
14.969670 
14.788457 
14.639374 
15.362965 
15.211516 
15.021718 
14.977276 
14.874782 
14.594850 
14.774860 
14.721206 
14.974038 
15.331100 
14.882281 
14.772597 
15.088657 
15.287687 
14.700677 
15.444135 
14.673182 
15.149696 
15.148817 
14.775665 
15.081883 
14.853696 
14.871576 
15.079105 
14.309047 
15.618769 
15.227011 
15.162604 
15.320269 
15.332087 
14.792245 
15.436300 
15.271261 
14.618121 
15.063915 
14.568150 
14.956582 
15.027298 
14.966984 
15.132810 
15.288665 
15.380952 
15.277762 
15.139414 
14.814139 
15.059840 
15.127895 
15.371427 
15.335516 
15.310580 
15.571688 
14.750010 
15.358869 
14.825157 
14.822328 
15.227304 
15.332634 
14.392566 
14.820690 
15.015110 
15.076407 
14.746038 
15.700681 
15.713301 
14.778321 
15.306386 
14.758160 
14.609036 
14.976410 
15.068402 
15.214497 
15.031374 
15.249372 
15.420710 
14.607926 
14.918172 
14.578305 
14.908819 
14.750947 
14.684087 
14.586757 
15.529788 
14.961466 
14.911653 
14.851934 
14.838332 
15.199377 
15.089237 
15.417408 
15.083744 
14.227994 
15.516958 
15.268611 
14.852117 
15.070102 
15.609186 
14.829522 
15.039987 
15.145772 
14.504256 
15.086446 
15.156433 
14.359069 
14.773142 
14.669391 
15.667433 
15.938812 
14.795607 
15.222927 
14.858965 
14.886411 
15.047942 
15.157192 
15.231711 
15.091583 
15.088666 
14.870234 
14.526633 
15.203169 
15.083770 
15.388834 
14.941243 
14.955335 
15.100453 
15.152250 
15.411217 
14.549238 
15.437650 
14.983963 
14.618453 
14.986152 
14.960689 
15.022661 
15.070326 
15.159501 
15.401692 
14.652835 
14.342119 
14.877670 
14.494403 
14.623948 
15.271851 
14.877063 
15.215558 
15.302147 
14.831416 
15.351513 
14.523865 
15.718438 
15.301963 
15.284592 
15.072236 
15.024096 
15.171602 
14.380966 
15.111904 
15.043075 
15.168296 
14.954546 
14.575663 
15.190247 
14.628644 
15.223054 
14.579170 
14.805715 
14.843077 
15.294999 
15.072182 
15.379099 
14.605143 
14.519829 
14.669561 
14.860096 
14.598728 
15.569595 
14.898998 
14.767959 
14.361647 
15.400338 
14.492156 
15.058421 
14.621001 
14.526366 
15.171080 
14.961548 
15.315941 
15.293667 
14.759583 
15.087317 
15.235143 
15.214630 
15.202953 
14.850928 
15.128429 
15.050936 
14.789026 
14.744861 
14.946559 
15.643112 
15.392160 
14.759335 
14.915250 
14.670380 
15.107322 
14.878963 
14.904138 
14.933392 
15.343676 
15.353929 
15.058685 
14.879467 
15.797714 
15.073506 
15.481476 
15.025613 
14.960903 
14.758772 
14.800036 
14.931932 
15.144426 
14.878031 
14.982748 
15.051685 
15.326445 
15.056437 
15.516072 
14.841647 
14.973217 
14.689950 
14.974789 
15.167953 
14.810613 
15.067467 
14.991679 
16.137535 
14.982211 
14.691988 
15.356184 
15.481290 
15.328986 
15.215852 
15.209790 
14.721158 
15.203071 
14.897483 
14.992927 
14.819270 
15.100455 
14.964925 
15.276071 
15.262755 
15.111612 
14.864986 
14.755789 
14.993057 
15.596501 
14.568525 
15.400598 
15.103908 
14.954199 
15.263547 
15.212831 
14.980498 
14.625564 
14.883518 
14.671815 
15.073169 
14.927487 
14.649231 
14.266591 
14.555880 
15.341223 
14.687036 
15.535093 
14.886325 
15.216470 
15.014317 
14.975207 
15.027186 
15.347445 
15.116651 
14.197137 
15.388922 
14.671254 
14.174825 
15.034354 
15.143776 
15.369158 
14.815852 
15.040769 
14.816162 
15.295389 
14.822190 
15.101683 
14.965493 
14.948130 
15.151965 
15.689600 
14.636943 
15.070113 
14.688410 
14.961540 
15.353136 
15.381668 
14.538315 
15.344665 
15.142507 
15.373357 
15.036077 
15.110284 
14.635724 
15.180527 
15.036232 
14.520870 
14.910223 
15.177585 
14.988346 
15.311886 
15.222812 
14.597183 
14.544429 
14.986176 
15.564376 
15.343339 
14.972796 
15.443223 
15.110373 
15.019615 
15.219841 
15.246131 
15.668952 
15.030809 
14.450252 
15.296641 
15.521137 
15.049270 
14.659441 
15.363213 
14.307894 
14.933331 
15.223957 
14.570397 
15.910313 
15.047398 
15.923392 
14.697795 
15.372254 
14.938965 
14.637005 
14.941063 
14.709810 
14.599835 
15.525358 
15.118295 
15.221534 
14.845717 
15.505921 
15.223268 
14.879536 
14.722477 
14.558067 
14.334551 
15.487162 
15.162696 
14.744749 
14.605163 
14.620405 
14.930700 
15.225662 
15.487765 
15.015211 
15.090381 
15.195901 
15.019486 
14.956605 
14.712928 
14.780646 
15.268509 
14.722590 
15.373863 
15.629294 
15.315831 
14.474968 
15.054574 
14.689393 
14.582670 
15.179800 
15.232318 
15.165230 
15.201441 
14.987573 
15.649900 
15.000366 
14.774457 
15.683215 
14.683826 
14.879092 
14.945565 
15.613647 
14.571132 
14.900234 
15.405378 
14.803631 
15.601677 
15.244057 
14.577258 
14.746062 
15.288957 
14.609799 
15.771279 
14.137196 
15.430725 
15.136615 
15.090410 
15.263134 
15.158325 
15.072744 
14.682180 
14.988228 
15.301629 
14.700926 
14.956466 
15.313096 
14.975118 
15.095749 
14.481846 
15.434259 
14.651125 
15.132935 
14.721277 
15.138816 
15.708663 
14.929022 
14.529577 
15.511540 
15.052083 
15.476329 
14.593369 
14.966610 
15.769565 
14.325661 
14.720987 
15.221761 
14.311645 
15.032220 
14.928968 
15.108916 
14.632171 
15.605348 
15.092606 
14.978497 
15.171309 
14.789463 
14.362344 
15.211290 
14.486710 
14.964917 
14.364981 
14.979442 
14.964665 
15.070663 
15.449808 
14.278685 
14.602952 
15.244537 
14.851512 
14.915817 
14.704590 
14.403122 
14.655129 
14.942895 
15.149451 
15.406151 
15.091790 
14.951978 
15.100552 
15.205382 
14.725333 
15.175497 
16.034674 
14.826232 
15.492264 
15.469727 
14.874763 
14.594214 
15.244855 
14.904036 
15.298432 
14.625710 
14.937729 
15.231773 
14.306943 
15.056160 
14.653927 
14.742232 
15.194119 
15.075316 
15.128733 
14.734508 
15.227724 
15.451225 
14.213588 
15.220148 
15.064809 
14.710277 
15.044650 
15.259769 
14.810774 
15.129631 
15.363308 
14.797978 
14.588091 
14.987175 
14.724451 
14.926362 
14.750589 
14.788772 
15.642591 
14.518079 
14.821044 
15.331453 
15.428776 
15.273062 
15.086439 
15.187552 
15.017091 
14.710560 
15.322025 
14.901433 
14.599242 
15.629261 
14.528107 
15.245641 
15.876931 
14.950677 
15.056586 
14.887345 
15.519885 
15.102109 
14.819012 
15.061596 
15.024971 
15.969441 
14.790789 
15.530862 
15.245218 
15.236058 
15.087288 
15.244926 
15.368688 
14.767286 
14.447179 
14.498849 
14.961562 
14.952937 
15.391390 
14.636286 
15.340659 
15.273601 
14.892148 
15.570818 
14.776022 
14.960622 
15.206561 
15.445814 
14.850602 
14.773106 
15.114016 
15.333524 
15.327690 
14.686736 
14.590996 
15.031183 
14.537633 
15.511402 
15.535765 
14.974517 
15.298387 
15.617175 
14.969255 
14.935994 
14.924989 
14.682210 
14.935595 
15.436879 
14.988176 
15.001169 
15.018861 
15.207237 
14.885432 
14.635531 
15.133864 
15.112807 
15.251542 
15.472226 
15.290235 
14.646187 
14.840685 
15.220256 
15.081477 
15.318070 
14.844921 
15.075471 
15.459851 
15.024578 
14.871230 
14.718077 
14.970963 
15.548275 
14.857316 
14.984296 
14.611207 
15.247239 
14.308067 
15.075230 
14.920399 
14.754522 
14.884701 
14.756531 
14.851416 
14.639557 
14.932741 
14.763668 
14.753861 
14.648181 
15.433625 
15.071220 
14.978415 
14.701552 
14.090026 
14.582823 
14.704234 
14.906278 
15.349253 
14.659521 
14.639413 
15.385188 
15.215425 
15.405663 
14.732556 
15.524309 
15.263415 
14.998243 
14.525217 
15.456882 
14.925359 
15.426027 
14.789025 
14.864583 
14.607756 
15.672287 
15.009340 
14.950539 
14.586194 
14.405096 
