0.058751 
0.074607 
0.076560 
0.092217 
0.080898 
0.065665 
0.069494 
0.057109 
0.046881 
0.053713 
0.048397 
0.056491 
0.061803 
0.070455 
0.074554 
0.072886 
0.051792 
0.058453 
0.051887 
0.048614 
0.050279 
0.048210 
0.059706 
0.068449 
0.082855 
0.069732 
0.075146 
0.073800 
0.085479 
0.074356 
0.073506 
0.072730 
0.068112 
0.067112 
0.055798 
0.063234 
0.065830 
0.055743 
0.065816 
0.047313 
0.061400 
0.061803 
0.048245 
0.074517 
0.068241 
0.067330 
0.061452 
0.059455 
0.066340 
0.049001 
0.053819 
0.055302 
0.064796 
0.070716 
0.084426 
0.076973 
0.075714 
0.057604 
0.052982 
0.056115 
0.070320 
0.069130 
0.058178 
0.075082 
0.067365 
0.048351 
0.062922 
0.075596 
0.074927 
0.075365 
0.067099 
0.076424 
0.071895 
0.064321 
0.068394 
0.064949 
0.072335 
0.070968 
0.078720 
0.052490 
0.056693 
0.053358 
0.058506 
0.065379 
0.079435 
0.082974 
0.054239 
0.071099 
0.059278 
0.067403 
0.088946 
0.068217 
0.073881 
0.075362 
0.069322 
0.088422 
0.071999 
0.081595 
0.056398 
0.047135 
0.049666 
0.062256 
0.068177 
0.064799 
0.082246 
0.075926 
0.075070 
0.060367 
0.080381 
0.082634 
0.074976 
0.078313 
0.069749 
0.063288 
0.071886 
0.070906 
0.066107 
0.074437 
0.078259 
0.063377 
0.085086 
0.055773 
0.055754 
0.065469 
0.075206 
0.069643 
0.065599 
0.059760 
0.068362 
0.067267 
0.067335 
0.062834 
0.047430 
0.072646 
0.071883 
0.067098 
0.056897 
0.055853 
0.050919 
0.070132 
0.056375 
0.060641 
0.052544 
0.052475 
0.044212 
0.048397 
0.064690 
0.071487 
0.071074 
0.083637 
0.054823 
0.058969 
0.064706 
0.066619 
0.069658 
0.075179 
0.064494 
0.085509 
0.065204 
0.055323 
0.048495 
0.068806 
0.070575 
0.070790 
0.078179 
0.064178 
0.067008 
0.079366 
0.080806 
0.066565 
0.069135 
0.068566 
0.080829 
0.063675 
0.070336 
0.080634 
0.071175 
0.079596 
0.069897 
0.067872 
0.080705 
0.059850 
0.063340 
0.066638 
0.054704 
0.060645 
0.069805 
0.080177 
0.071334 
0.067673 
0.070216 
0.069084 
0.059928 
0.049415 
0.065071 
0.075834 
0.074716 
0.053984 
0.053033 
0.042634 
0.060160 
0.087788 
0.083197 
0.062285 
0.072858 
0.058872 
0.065748 
0.073052 
0.077139 
0.066750 
0.082391 
0.068214 
0.059465 
0.062244 
0.063880 
0.067596 
0.076569 
0.077126 
0.069053 
0.067567 
0.054453 
0.064397 
0.056790 
0.074501 
0.077084 
0.040544 
0.058751 
0.059191 
0.065822 
0.076828 
0.061945 
0.068737 
0.068843 
0.065036 
0.065573 
0.051533 
0.063431 
0.062683 
0.078429 
0.082038 
0.078154 
0.072198 
0.062340 
0.062504 
0.063171 
0.067568 
0.055364 
0.060579 
0.066961 
0.052766 
0.062189 
0.052154 
0.052701 
0.078043 
0.075827 
0.054035 
0.061356 
0.071652 
0.067663 
0.067234 
0.073038 
0.066796 
0.060507 
0.058947 
0.079660 
0.064685 
0.059718 
0.062390 
0.073543 
0.076779 
0.080790 
0.065625 
0.058733 
0.058326 
0.057177 
0.055946 
0.076597 
0.059582 
0.053964 
0.076693 
0.064417 
0.079517 
0.072039 
0.068598 
0.076134 
0.078112 
0.069902 
0.080646 
0.088597 
0.068650 
0.076594 
0.083956 
0.075347 
0.078561 
0.072178 
0.078647 
0.061580 
0.063646 
0.053576 
0.064840 
0.062965 
0.079420 
0.075734 
0.053589 
0.068512 
0.067430 
0.069794 
0.074339 
0.065899 
0.072959 
0.077911 
0.058571 
0.054622 
0.049046 
0.066540 
0.067559 
0.089882 
0.067359 
0.048000 
0.060094 
0.053525 
0.068889 
0.066942 
0.072049 
0.069999 
0.074812 
0.068693 
0.057701 
0.058643 
0.049572 
0.078779 
0.075474 
0.059883 
0.071101 
0.064565 
0.060100 
0.075119 
0.081986 
0.075398 
0.049582 
0.052106 
0.067992 
0.079242 
0.053225 
0.066919 
0.064288 
0.068916 
0.069407 
0.066141 
0.072331 
0.080512 
0.063505 
0.074578 
0.086467 
0.069164 
0.067272 
0.064725 
0.068701 
0.070228 
0.069659 
0.053178 
0.070528 
0.075714 
0.069560 
0.073014 
0.077220 
0.069260 
0.067617 
0.067320 
0.053757 
0.061351 
0.048638 
0.056418 
0.056336 
0.067401 
0.057291 
0.083107 
0.076956 
0.077359 
0.072088 
0.073470 
0.079156 
0.077752 
0.072742 
0.067692 
0.066522 
0.073616 
0.064032 
0.061325 
0.058858 
0.076034 
0.056520 
0.053043 
0.061583 
0.051336 
0.084193 
0.069636 
0.067419 
0.066367 
0.059894 
0.065925 
0.062773 
0.051823 
0.043889 
0.058234 
0.060731 
0.054410 
0.060957 
0.065383 
0.056478 
0.065215 
0.071280 
0.087483 
0.086736 
0.060963 
0.065149 
0.070341 
0.073659 
0.072897 
0.073512 
0.053054 
0.091005 
0.074882 
0.073326 
0.072570 
0.072213 
0.084953 
0.066593 
0.083358 
0.090828 
0.079181 
0.063948 
0.057804 
0.072307 
0.078970 
0.065565 
0.063787 
0.053981 
0.079395 
0.066405 
0.073041 
0.071033 
0.064334 
0.062295 
0.057680 
0.065834 
0.065462 
0.059540 
0.074518 
0.050798 
0.068399 
0.074775 
0.062195 
0.064948 
0.065515 
0.064596 
0.086754 
0.072695 
0.078112 
0.065808 
0.065054 
0.070194 
0.050609 
0.056110 
0.057034 
0.067611 
0.048853 
0.054218 
0.077307 
0.069808 
0.081122 
0.063813 
0.081808 
0.075618 
0.056148 
0.069358 
0.064869 
0.084413 
0.069423 
0.055110 
0.047295 
0.053234 
0.080937 
0.048737 
0.070455 
0.077342 
0.074538 
0.072691 
0.068944 
0.056175 
0.073309 
0.070655 
0.082171 
0.062829 
0.070075 
0.067164 
0.080024 
0.085057 
0.070079 
0.059977 
0.071859 
0.060954 
0.087719 
0.069395 
0.050326 
0.066501 
0.064464 
0.089569 
0.081323 
0.069428 
0.065316 
0.076544 
0.066127 
0.074682 
0.074274 
0.068601 
0.052179 
0.064843 
0.070290 
0.065498 
0.068147 
0.076240 
0.067016 
0.064841 
0.072087 
0.085405 
0.075504 
0.067393 
0.044032 
0.066447 
0.056339 
0.070239 
0.075956 
0.056883 
0.063780 
0.057270 
0.073537 
0.064413 
0.068368 
0.081460 
0.078940 
0.079387 
0.064589 
0.066462 
0.061397 
0.055412 
0.055411 
0.064688 
0.042828 
0.062214 
0.071083 
0.083856 
0.060968 
0.085206 
0.070289 
0.062596 
0.064214 
0.071960 
0.059855 
0.074172 
0.046277 
0.076850 
0.074878 
0.056790 
0.063076 
0.068466 
0.061725 
0.062001 
0.067767 
0.071640 
0.070234 
0.063210 
0.060663 
0.062935 
0.061261 
0.054839 
0.065692 
0.074325 
0.071603 
0.054536 
0.070680 
0.049519 
0.055082 
0.064243 
0.065045 
0.074168 
0.069447 
0.062781 
0.055586 
0.087813 
0.071433 
0.073935 
0.063271 
0.070891 
0.052583 
0.058699 
0.071653 
0.058310 
0.060179 
0.072489 
0.078860 
0.073102 
0.073177 
0.080214 
0.065382 
0.066279 
0.067208 
0.061080 
0.067783 
0.047953 
0.059885 
0.076547 
0.063160 
0.069340 
0.056433 
0.055217 
0.079848 
0.078947 
0.083688 
0.059529 
0.057059 
0.067930 
0.065875 
0.083955 
0.068985 
0.078110 
0.088805 
0.072206 
0.060614 
0.055495 
0.051106 
0.084321 
0.088419 
0.077315 
0.072730 
0.070040 
0.052426 
0.057411 
0.063922 
0.074523 
0.061392 
0.064389 
0.081962 
0.074153 
0.087469 
0.080368 
0.061002 
0.090677 
0.071038 
0.060540 
0.045925 
0.059004 
0.063183 
0.067885 
0.073095 
0.073723 
0.065395 
0.055497 
0.074046 
0.071185 
0.058139 
0.085479 
0.066180 
0.061399 
0.058025 
0.065544 
0.086304 
0.078101 
0.065374 
0.080319 
0.063126 
0.074449 
0.074217 
0.073708 
0.069822 
0.058647 
0.069670 
0.071885 
0.055039 
0.066703 
0.074186 
0.087086 
0.073358 
0.064670 
0.046960 
0.069649 
0.068622 
0.069219 
0.072205 
0.071156 
0.076260 
0.075648 
0.070756 
0.070850 
0.076693 
0.076158 
0.069526 
0.076928 
0.079585 
0.077653 
0.072117 
0.051412 
0.059995 
0.066641 
0.082296 
0.082987 
0.078306 
0.067192 
0.051938 
0.055064 
0.053053 
0.072882 
0.045424 
0.049344 
0.068696 
0.065458 
0.052405 
0.063194 
0.068100 
0.081882 
0.046213 
0.072682 
0.082429 
0.077734 
0.068454 
0.076644 
0.073764 
0.076104 
0.078794 
0.074161 
0.065921 
0.048866 
0.054065 
0.062861 
0.079997 
0.068928 
0.073993 
0.073439 
0.072157 
0.068469 
0.067967 
0.047090 
0.081018 
0.067201 
0.057146 
0.064418 
0.088131 
0.067638 
0.047358 
0.056985 
0.064372 
0.065563 
0.059504 
0.062578 
0.064382 
0.055025 
0.059735 
0.064262 
0.056943 
0.078137 
0.067049 
0.067746 
0.047923 
0.078148 
0.080236 
0.066851 
0.068891 
0.081791 
0.062978 
0.058019 
0.070653 
0.078351 
0.065946 
0.071718 
0.068136 
0.054776 
0.072325 
0.066304 
0.071918 
0.062627 
0.054626 
0.057756 
0.083793 
0.072088 
0.064679 
0.066916 
0.059079 
0.061781 
0.059972 
0.061827 
0.072708 
0.079008 
0.065367 
0.068641 
0.068194 
0.068574 
0.051417 
0.066103 
0.081026 
0.047834 
0.048184 
0.068528 
0.073874 
0.071664 
0.078269 
0.075871 
0.072673 
0.083061 
0.066819 
0.059013 
0.074607 
0.071311 
0.067964 
0.070868 
0.063696 
0.066916 
0.080203 
0.060959 
0.055642 
0.060964 
0.063745 
0.077120 
0.091184 
0.080802 
0.084031 
0.068908 
0.073909 
0.068088 
0.065514 
0.051535 
0.054550 
0.080739 
0.059375 
0.046172 
0.064160 
0.073244 
0.065364 
0.061226 
0.053308 
0.061731 
0.069979 
0.074225 
0.070973 
0.073288 
0.078158 
0.050925 
0.058490 
0.069339 
0.059619 
0.074056 
0.066739 
0.065713 
0.064559 
0.067203 
0.052435 
0.063219 
0.068578 
0.065444 
0.075039 
0.065873 
0.061550 
0.059063 
0.049777 
0.072438 
0.067960 
0.080031 
0.068067 
0.055034 
0.052244 
0.050026 
0.044473 
0.054049 
0.061496 
0.051810 
0.062113 
0.050225 
0.053247 
0.052111 
0.062167 
0.068453 
0.082093 
0.069215 
0.081240 
0.064712 
0.061277 
0.062770 
0.056582 
0.062354 
0.052448 
0.066779 
0.071934 
0.064611 
0.055610 
0.060620 
0.062164 
0.071839 
0.062940 
0.057149 
0.066585 
0.077054 
0.063942 
0.068938 
0.066980 
0.069677 
0.073621 
0.071128 
0.059572 
0.068304 
0.059101 
0.078625 
0.074428 
0.060429 
0.062893 
0.070281 
0.056962 
0.055495 
0.063142 
0.066538 
0.057643 
0.073375 
0.061845 
0.070794 
0.070108 
0.054978 
0.058225 
0.078002 
0.069181 
0.045125 
0.047162 
0.064499 
0.079900 
0.068358 
0.067082 
0.067231 
0.054821 
0.069170 
0.069216 
0.057891 
0.060429 
0.064423 
0.069922 
0.064734 
0.060351 
0.063159 
0.061747 
0.066134 
0.076940 
0.077382 
0.076655 
0.064488 
0.071942 
0.069418 
0.067932 
0.070118 
0.057588 
0.064204 
0.061943 
0.068232 
0.064600 
0.049741 
0.053142 
0.068781 
0.071108 
0.064785 
0.056227 
0.062759 
0.079034 
0.070890 
0.075629 
0.058017 
0.058448 
0.062182 
0.073419 
0.080580 
0.076670 
0.073319 
0.061042 
0.068505 
0.054160 
0.056055 
0.065645 
0.077073 
0.056152 
0.078496 
0.058649 
0.064019 
0.064831 
0.059962 
0.062202 
0.074449 
0.078094 
0.071756 
0.083120 
0.078563 
0.081372 
0.062163 
0.067808 
0.075100 
0.072631 
0.092626 
0.072642 
0.075766 
0.065216 
0.049834 
0.055028 
0.073322 
0.075899 
0.067242 
0.068230 
0.078405 
0.061407 
0.065778 
0.055089 
0.062763 
0.068444 
0.077304 
0.062231 
0.057111 
0.064818 
0.053221 
0.062326 
0.067354 
0.068790 
0.068573 
0.060187 
0.061231 
0.054783 
0.055397 
0.062944 
0.072007 
0.071488 
0.091501 
0.066872 
0.065180 
0.056376 
0.072629 
0.064865 
0.072945 
0.067737 
0.056465 
0.061456 
0.073414 
0.070661 
0.054757 
0.065028 
0.082792 
0.067147 
0.057811 
0.052234 
0.063204 
0.072102 
0.078921 
0.077527 
0.077894 
0.079780 
0.061042 
0.064528 
0.067461 
0.049341 
0.066345 
0.077438 
0.073709 
0.064243 
0.068509 
0.069609 
0.057261 
0.056125 
0.069145 
0.063963 
0.057873 
0.056342 
0.050669 
0.078448 
0.059653 
0.060546 
0.076199 
0.061929 
0.062825 
0.063058 
0.055068 
0.060892 
0.059180 
0.060827 
0.047889 
0.064027 
0.060539 
0.071496 
0.080075 
0.071114 
0.071590 
0.077043 
0.072582 
0.081496 
0.082587 
0.065130 
0.066751 
0.057806 
0.077823 
0.054044 
0.062990 
0.064038 
0.055654 
0.072254 
0.073487 
0.078841 
0.066005 
0.073626 
0.055300 
0.053983 
0.056289 
0.056294 
0.069760 
0.072209 
0.077346 
0.063008 
0.067736 
0.064481 
0.047751 
0.073810 
0.080455 
0.041471 
0.055222 
0.058758 
0.049126 
0.047937 
0.056953 
0.064057 
0.073855 
0.063174 
0.044727 
0.079433 
0.069766 
0.083281 
0.071656 
0.072039 
0.054946 
0.064367 
0.082006 
0.084866 
0.072547 
0.066639 
0.060993 
0.069208 
0.072580 
0.069468 
0.078993 
0.078161 
0.068420 
0.080140 
0.085393 
0.067498 
0.069380 
0.068206 
0.072451 
0.048921 
0.057260 
0.068025 
0.049670 
0.062226 
0.052523 
0.048425 
0.061781 
0.069520 
0.078714 
0.062694 
0.056730 
0.063284 
0.063229 
0.072132 
0.060582 
0.065425 
0.064006 
0.074195 
0.075317 
0.070246 
0.072066 
0.057375 
0.055011 
0.060282 
0.073211 
0.054725 
0.061628 
0.065414 
0.061595 
0.070990 
0.077091 
0.055339 
0.062820 
0.058979 
0.065000 
0.064970 
0.064273 
0.057706 
0.057734 
0.075430 
0.060914 
0.061140 
0.055764 
0.059949 
0.073692 
0.051276 
0.076431 
0.070757 
0.090182 
0.067259 
0.062547 
0.069260 
0.076624 
0.077344 
0.065848 
0.063666 
0.074964 
0.082890 
0.066557 
0.062748 
0.066174 
0.070897 
0.076195 
0.079928 
0.072993 
0.079562 
0.073442 
0.073229 
0.074513 
0.063041 
0.075050 
0.074011 
0.062616 
0.060203 
0.065771 
0.070908 
0.071910 
0.074279 
0.064603 
0.083695 
0.084818 
0.072313 
0.055821 
0.064524 
0.071373 
0.041985 
0.064501 
0.064935 
0.075873 
0.069655 
0.075983 
0.066621 
0.047646 
0.049095 
0.064159 
0.049767 
0.082276 
0.069864 
0.069263 
0.071582 
0.076492 
0.066168 
0.055665 
0.078287 
0.079762 
0.077095 
0.060235 
0.066389 
0.072680 
0.074768 
0.066443 
0.063284 
0.073644 
0.052082 
0.067103 
0.060341 
0.055140 
0.074897 
0.062122 
0.069978 
0.062760 
0.057364 
0.065248 
0.082726 
0.069317 
0.070832 
0.075327 
0.060430 
0.051475 
0.043979 
0.058656 
0.076974 
0.064968 
0.071713 
0.064951 
0.071094 
0.073348 
0.068341 
0.073891 
0.065702 
0.060701 
0.047940 
0.057694 
0.060943 
0.048785 
0.070996 
0.074676 
0.072735 
0.075720 
0.076681 
0.085463 
0.062455 
0.061995 
0.072766 
0.069270 
0.073359 
0.058926 
0.073975 
0.066821 
0.057126 
0.050012 
0.064309 
0.076267 
0.066207 
0.060184 
0.058637 
0.055140 
0.080439 
0.054207 
0.073352 
0.068635 
0.071938 
0.051589 
0.049929 
0.053111 
0.046001 
0.065320 
0.079301 
0.074715 
0.074372 
0.082757 
0.075645 
0.057189 
0.087057 
0.078745 
0.043059 
0.059309 
0.064390 
0.062299 
0.051305 
0.067336 
0.071198 
0.084782 
0.066561 
0.068147 
0.064584 
0.067888 
0.068627 
0.062907 
0.071646 
0.070204 
0.071685 
0.088043 
0.086300 
0.063796 
0.074816 
0.054092 
0.068023 
0.063983 
0.058924 
0.072250 
0.075825 
0.079675 
0.061104 
0.059843 
0.064984 
0.071956 
0.058442 
0.056321 
0.063723 
0.075740 
0.076153 
0.076870 
0.061540 
0.059588 
0.058206 
0.073404 
0.069809 
0.078828 
0.070629 
0.063701 
0.058192 
0.068179 
0.065916 
0.065436 
0.068369 
0.066818 
0.068874 
0.059845 
0.055334 
0.049909 
0.060541 
0.056441 
0.052767 
0.049617 
0.067172 
0.079360 
0.075205 
0.078971 
0.068947 
0.058861 
0.072111 
0.070983 
0.059538 
0.081591 
0.074507 
0.059323 
0.076086 
0.072534 
0.067072 
0.066337 
0.060658 
0.064655 
0.078017 
0.066944 
0.077718 
0.062725 
0.073824 
0.071171 
0.070773 
0.075071 
0.078104 
0.071297 
0.059445 
0.061984 
0.054999 
0.074775 
0.070368 
0.074658 
0.072371 
0.070124 
0.076434 
0.068650 
0.069919 
0.089455 
0.064096 
0.058676 
0.077378 
0.075340 
0.071737 
0.072099 
0.069178 
0.059281 
0.065027 
0.053214 
0.073031 
0.089948 
0.057617 
0.060484 
0.068077 
0.074964 
0.070230 
0.078445 
0.051568 
0.070492 
0.054436 
0.050952 
0.071839 
0.067424 
0.086314 
0.063126 
0.056681 
0.065589 
0.065179 
0.068463 
0.071146 
0.071289 
0.060772 
0.058147 
0.060751 
0.061394 
0.063515 
0.050920 
0.051988 
0.053516 
0.076535 
0.069252 
0.069360 
0.066854 
0.064761 
0.082703 
0.064560 
0.061358 
0.057854 
0.068398 
0.072208 
0.073824 
0.066623 
0.066573 
0.076199 
0.074955 
0.063927 
0.063349 
0.079512 
0.076269 
0.065786 
0.075222 
0.059795 
0.062212 
0.061324 
0.058631 
0.055697 
0.039656 
0.055595 
0.067910 
0.070631 
0.070811 
0.068973 
0.056114 
0.066510 
0.070224 
0.057745 
0.070760 
0.061569 
0.058428 
0.058593 
0.053384 
0.068440 
0.075411 
0.057665 
0.067943 
0.065301 
0.069285 
0.086238 
0.076357 
0.064992 
0.049535 
0.074983 
0.076138 
0.074426 
0.065510 
0.044842 
0.060114 
0.054937 
0.065749 
0.060008 
0.076329 
0.048908 
0.053887 
0.074205 
0.062282 
0.055167 
0.069862 
0.060008 
0.073857 
0.061635 
0.058090 
0.070499 
0.042801 
0.033795 
0.057964 
0.063096 
0.036969 
0.054291 
0.056552 
0.063431 
0.060893 
0.069031 
0.077600 
0.070413 
0.076682 
0.085140 
0.072517 
0.083297 
0.076517 
0.062185 
0.060770 
0.063716 
0.074433 
0.053110 
0.056934 
0.077441 
0.072619 
0.057801 
0.078516 
0.060741 
0.054337 
0.063202 
0.063832 
0.047013 
0.060524 
0.058938 
0.062758 
0.045995 
0.070828 
0.058144 
0.059606 
0.043009 
0.051197 
0.073156 
0.054883 
0.078858 
0.062838 
0.071853 
0.067863 
0.065001 
0.075456 
0.068727 
0.062067 
0.047901 
0.057788 
0.052612 
0.044717 
0.067638 
0.073472 
0.055405 
0.068694 
0.080845 
0.069339 
0.076478 
0.073977 
0.060283 
0.059664 
0.057273 
0.080387 
0.064502 
0.071041 
0.055495 
0.056936 
0.059601 
0.062212 
0.079057 
0.083218 
0.083254 
0.061041 
0.071231 
0.052075 
0.059174 
0.073287 
0.062527 
0.070990 
0.092051 
0.076348 
0.072504 
0.065721 
0.067958 
0.069461 
0.054115 
0.058849 
0.056733 
0.063358 
0.075703 
0.067119 
0.062085 
0.060629 
0.053586 
0.066632 
0.067024 
0.080628 
0.090823 
0.077496 
0.069133 
0.083465 
0.075415 
0.080485 
0.056770 
0.060559 
0.059421 
0.073753 
0.091315 
0.053936 
0.052845 
0.070195 
0.073369 
0.070638 
0.079084 
0.066187 
0.061182 
0.078930 
0.068197 
0.063542 
0.052834 
0.072712 
0.069559 
0.059586 
0.061811 
0.063169 
0.067130 
0.061157 
0.067354 
0.062099 
0.069575 
0.058971 
0.068050 
0.061096 
0.060109 
0.054685 
0.043084 
0.083604 
0.058135 
0.052821 
0.073008 
0.067942 
0.068974 
0.074068 
0.051397 
0.075776 
0.072240 
0.082575 
0.071079 
0.062919 
0.052674 
0.069598 
0.070447 
0.072426 
0.066910 
0.056549 
0.053813 
0.074131 
0.073252 
0.078386 
0.072454 
0.073779 
0.075929 
0.050780 
0.060791 
0.076739 
0.083376 
0.075992 
0.073056 
0.064925 
0.069997 
0.081541 
0.074014 
0.048554 
0.047722 
0.047453 
0.066776 
0.068401 
0.064497 
0.057659 
0.056588 
0.063300 
0.039297 
0.066116 
0.067807 
0.077964 
0.073740 
0.055723 
0.046382 
0.052761 
0.061410 
0.060996 
0.048148 
0.067585 
0.078657 
0.053508 
0.063613 
0.065349 
0.073983 
0.084645 
0.074690 
0.067034 
0.054242 
0.081529 
0.084228 
0.072306 
0.055604 
0.060103 
0.058985 
0.071753 
0.070598 
0.071321 
0.059723 
0.049085 
0.064925 
0.062316 
0.060092 
0.047230 
0.054658 
0.069396 
0.061780 
0.059970 
0.054530 
0.075190 
0.052759 
0.053756 
0.068768 
0.073812 
0.074623 
0.059845 
0.061050 
0.070167 
0.068050 
0.066410 
0.062256 
0.055288 
0.049945 
0.065199 
0.072529 
0.067714 
0.067169 
0.077024 
0.070318 
0.060421 
0.085177 
0.077480 
0.067781 
0.065039 
0.061417 
0.076018 
0.072627 
0.052933 
0.045039 
0.066616 
0.059853 
0.059402 
0.084026 
0.075453 
0.075940 
0.065798 
0.060491 
0.052376 
0.066672 
0.066571 
0.058938 
0.070496 
0.066855 
0.059341 
0.071122 
0.065990 
0.064972 
0.060855 
0.068059 
0.065946 
0.057288 
0.072235 
0.076672 
0.055306 
0.063755 
0.059606 
0.070938 
0.080437 
0.065035 
0.079765 
0.067673 
0.059293 
0.067905 
0.062498 
0.061020 
0.052466 
0.056440 
0.062709 
0.055091 
0.061819 
0.066288 
0.065516 
0.064261 
0.054442 
0.072383 
0.046985 
0.064800 
0.062667 
0.059084 
0.071375 
0.067211 
0.066225 
0.071159 
0.072608 
0.068481 
0.068715 
0.054972 
0.066327 
0.051259 
0.054706 
0.056653 
0.062258 
0.078695 
0.075333 
0.055832 
0.071068 
0.067037 
0.064144 
0.066273 
0.075837 
0.081911 
0.080365 
0.076307 
0.061253 
0.065915 
0.062820 
0.066591 
0.082196 
0.052624 
0.077126 
0.066933 
0.071671 
0.068894 
0.064744 
0.050943 
0.067692 
0.070279 
0.083106 
0.063863 
0.084089 
0.063814 
0.052748 
0.047396 
0.047911 
0.044995 
0.081957 
0.055537 
0.060231 
0.066838 
0.064282 
0.076164 
0.063735 
0.067535 
0.074992 
0.061920 
0.071497 
0.074189 
0.078536 
0.070000 
0.059782 
0.062612 
0.075029 
0.068368 
0.075073 
0.060071 
0.073714 
0.071481 
0.063422 
0.045207 
0.061074 
0.063593 
0.069807 
0.081314 
0.071962 
0.090340 
0.067899 
0.074096 
0.079532 
0.056630 
0.059761 
0.061148 
0.066593 
0.062193 
0.082361 
0.078681 
0.064279 
0.073782 
0.067902 
0.073664 
0.086277 
0.075678 
0.084629 
0.079225 
0.053944 
0.057039 
0.046515 
0.064039 
0.066877 
0.078035 
0.068506 
0.073603 
0.093985 
0.065201 
0.060123 
0.065094 
0.068083 
0.076015 
0.070406 
0.067322 
0.075627 
0.070902 
0.054011 
0.050263 
0.053652 
0.066339 
0.061921 
0.064683 
0.069140 
0.078488 
0.074111 
0.058661 
0.069000 
0.064140 
0.065062 
0.064265 
0.063799 
0.076609 
0.080010 
0.068066 
0.059796 
0.059830 
0.074779 
0.061893 
0.061508 
0.065039 
0.081192 
0.077870 
0.081098 
0.066914 
0.060660 
0.056723 
0.062589 
0.062626 
0.083432 
0.077478 
0.080169 
0.054849 
0.063710 
0.075565 
0.057251 
0.049019 
0.061334 
0.061430 
0.053081 
0.078531 
0.058787 
0.068376 
0.056438 
0.064614 
0.068215 
0.074575 
0.066781 
0.064930 
0.088040 
0.086588 
0.075008 
0.072859 
0.069483 
0.083905 
0.068332 
0.071357 
0.079238 
0.071818 
0.086252 
0.073819 
0.076793 
0.086810 
0.064729 
0.060400 
0.071657 
0.073251 
0.069062 
0.065612 
0.062935 
0.070574 
0.084517 
0.072240 
0.066071 
0.040296 
0.050694 
0.054829 
0.063954 
0.066578 
0.054101 
0.069278 
0.068453 
0.087878 
0.089004 
0.065837 
0.083586 
0.068857 
0.071849 
0.068952 
0.083373 
0.075784 
0.062946 
0.062390 
0.070832 
0.061074 
0.068918 
0.060920 
0.077686 
0.068970 
0.071599 
0.064698 
0.059724 
0.067263 
0.078708 
0.084275 
0.087619 
0.068229 
0.067343 
0.074909 
0.067899 
0.074002 
0.078607 
0.069039 
0.078086 
0.075689 
0.075067 
0.049896 
0.059592 
0.063300 
0.077700 
0.077641 
0.070858 
0.058866 
0.078360 
0.093835 
0.081564 
0.074336 
0.070019 
0.068879 
0.073794 
0.062566 
0.080415 
0.065633 
0.064662 
0.057607 
0.055505 
0.059827 
0.059615 
0.067320 
0.076033 
0.081259 
0.067123 
0.059754 
0.053711 
0.067245 
0.074577 
0.064886 
0.060859 
0.076377 
0.053575 
0.066404 
0.063951 
0.073562 
0.072297 
0.085692 
0.074495 
0.076125 
0.061644 
0.076521 
0.047208 
0.052092 
0.069499 
0.051066 
0.072814 
0.085539 
0.075628 
0.070781 
0.054966 
0.081617 
0.087411 
0.081518 
0.073558 
0.067392 
0.069225 
0.078896 
0.072807 
0.072625 
0.062285 
0.062454 
0.056070 
0.061092 
0.060145 
0.071422 
0.076198 
0.061215 
0.065008 
0.054828 
0.073018 
0.070140 
0.072109 
0.069699 
0.073685 
0.076175 
0.082163 
0.075176 
0.077970 
0.063758 
0.066767 
0.059844 
0.079418 
0.071012 
0.056262 
0.079919 
0.069928 
0.083926 
0.086540 
0.087012 
0.072625 
0.063865 
0.058841 
0.073287 
0.055099 
0.067855 
0.073707 
0.077258 
0.075415 
0.073742 
0.074034 
0.059584 
0.053353 
0.055857 
0.060088 
0.057929 
0.055318 
0.070476 
0.069585 
0.062189 
0.070842 
0.059331 
0.054207 
0.066996 
0.060718 
0.063769 
0.066969 
0.051641 
0.059188 
0.060311 
0.064516 
0.068037 
0.060310 
0.064752 
0.080533 
0.069833 
0.063273 
0.082063 
0.069912 
0.073095 
0.079412 
0.075236 
0.077247 
0.063810 
0.079806 
0.064377 
0.071565 
0.075609 
0.076963 
0.054777 
0.072418 
0.076561 
0.055172 
0.067193 
0.073010 
0.072476 
0.069267 
0.054616 
0.076857 
0.057158 
0.048024 
0.058814 
0.054942 
0.067492 
0.068774 
0.066646 
0.056881 
0.085722 
0.080177 
0.072366 
0.073274 
0.061549 
0.060526 
0.080167 
0.068514 
0.080464 
0.069231 
0.058322 
0.074041 
0.058406 
0.049564 
0.077843 
0.076660 
0.055988 
0.050630 
0.058033 
0.055501 
0.068691 
0.075990 
0.069549 
0.060888 
0.066075 
0.049848 
0.058978 
0.061341 
0.066660 
0.068708 
0.077431 
0.071523 
0.061499 
0.043940 
0.058720 
0.073829 
0.061073 
0.060633 
0.075034 
0.061773 
0.058632 
0.083741 
0.079199 
0.058994 
0.070361 
0.063200 
0.078305 
0.063614 
0.074276 
0.090276 
0.079301 
0.069707 
0.062511 
0.068462 
0.072836 
0.057497 
0.058942 
0.065705 
0.063162 
0.072221 
0.078300 
0.065019 
0.055074 
0.046221 
0.048699 
0.050409 
0.051012 
0.064416 
0.076904 
0.083705 
0.083842 
0.051244 
0.060111 
0.089386 
0.073952 
0.079357 
0.077129 
0.053165 
0.054851 
0.081652 
0.062064 
0.067609 
0.074017 
0.072424 
0.060898 
0.071952 
0.055428 
0.050117 
0.053848 
0.073374 
0.076433 
0.071780 
0.078748 
0.072329 
0.068680 
0.073819 
0.068269 
0.058949 
0.069604 
0.069228 
0.065191 
0.057151 
0.063213 
0.055476 
0.045969 
0.059372 
0.062507 
0.076230 
0.051156 
0.049432 
0.067036 
0.066617 
0.061298 
0.067248 
0.079637 
0.082452 
0.061530 
0.070509 
0.074797 
0.077410 
0.066692 
0.068305 
0.066304 
0.077267 
0.087691 
0.076891 
0.080779 
0.065450 
0.084052 
0.073313 
0.073268 
0.074138 
0.070869 
0.072793 
0.059360 
0.086262 
0.073281 
0.069137 
0.068590 
0.060874 
0.065303 
0.057452 
0.047357 
0.084747 
0.069552 
0.063717 
0.069382 
0.081425 
0.059814 
0.066711 
0.074529 
0.079932 
0.069436 
0.071966 
0.068759 
0.073591 
0.063906 
0.079298 
0.072293 
0.072328 
0.070066 
0.062492 
0.062485 
0.074150 
0.061264 
0.058221 
0.067566 
0.072050 
0.078687 
0.076253 
0.066668 
0.065473 
0.069622 
0.079863 
0.073876 
0.076197 
0.057453 
0.065599 
0.066681 
0.054734 
0.052901 
0.057800 
0.073862 
0.061494 
0.054880 
0.074484 
0.071889 
0.085390 
0.073107 
0.065396 
0.076565 
0.057005 
0.067326 
0.061450 
0.087036 
0.076968 
0.076394 
0.079383 
0.065652 
0.063105 
0.078587 
0.075844 
0.069409 
0.081626 
0.058262 
0.061532 
0.063003 
0.072695 
0.044232 
0.055358 
0.059336 
0.079729 
0.068559 
0.059449 
0.066441 
0.069144 
0.056177 
0.070871 
0.084398 
0.077896 
0.071340 
0.054565 
0.064700 
0.070942 
0.053517 
0.076660 
0.065713 
0.053970 
0.065801 
0.075115 
0.064367 
0.078575 
0.064573 
0.066304 
0.067700 
0.061214 
0.071735 
0.070922 
0.079372 
0.064919 
0.077073 
0.072520 
0.061023 
0.049125 
0.056536 
0.059606 
0.059706 
0.072472 
0.084816 
0.073724 
0.063184 
0.073255 
0.057543 
0.065417 
0.060922 
0.059044 
0.063456 
0.063257 
0.052217 
0.057434 
0.075445 
0.081763 
0.069009 
0.053959 
0.054394 
0.070380 
0.072132 
0.077035 
0.080715 
0.065372 
0.064679 
0.058611 
0.055022 
0.075031 
0.074273 
0.066651 
0.053943 
0.052759 
0.064267 
0.057012 
0.062801 
0.068994 
0.055142 
0.062393 
0.077042 
0.085377 
0.064816 
0.058378 
0.070549 
0.065384 
0.071722 
0.083830 
0.079156 
0.085768 
0.072633 
0.061246 
0.062455 
0.062732 
0.060677 
0.055889 
0.059829 
0.054494 
0.068430 
0.074122 
0.064438 
0.059647 
0.067132 
0.062745 
0.073268 
0.055568 
0.068419 
0.075161 
0.070059 
0.073771 
0.085856 
0.086330 
0.063472 
0.073131 
0.056382 
0.057181 
0.069827 
0.088446 
0.076686 
0.055935 
0.078009 
0.074744 
0.066930 
0.083617 
0.076841 
0.076177 
0.062154 
0.050040 
0.056807 
0.051321 
0.056662 
0.067471 
0.083021 
0.097751 
0.068343 
0.069536 
0.070645 
0.072804 
0.052781 
0.048738 
0.066180 
0.063569 
0.075329 
0.077176 
0.056735 
0.049149 
0.056678 
0.068991 
0.062091 
0.033836 
0.053153 
0.055447 
0.060055 
0.053235 
0.067993 
0.064856 
0.057138 
0.062140 
0.062786 
0.066777 
0.067247 
0.071113 
0.072326 
0.065893 
0.067885 
0.071402 
0.058633 
0.055706 
0.057729 
0.050257 
0.074131 
0.053543 
0.065860 
0.078026 
0.071381 
0.053061 
0.071666 
0.060456 
0.075515 
0.056751 
0.076682 
0.051950 
0.074240 
0.071600 
0.070072 
0.070937 
0.057703 
0.066458 
0.071295 
0.079740 
0.077137 
0.062867 
0.065498 
0.064004 
0.059824 
0.065285 
0.076622 
0.057175 
0.064174 
0.065609 
0.071218 
0.074803 
0.069115 
0.060260 
0.074026 
0.064683 
0.093277 
0.081348 
0.058921 
0.077517 
0.077795 
0.057647 
0.067407 
0.061872 
0.062599 
0.076892 
0.062169 
0.052797 
0.063094 
0.064441 
0.074295 
0.070939 
0.075379 
0.066299 
0.075101 
0.074902 
0.069035 
0.064278 
0.077893 
0.062475 
0.051694 
0.063850 
0.056832 
0.050531 
0.058569 
0.063006 
0.072814 
0.076713 
0.070917 
0.085533 
0.068317 
0.076351 
0.058760 
0.066853 
0.062732 
0.078040 
0.086850 
0.065290 
0.064725 
0.070963 
0.068945 
0.078987 
0.074883 
0.061488 
0.056983 
0.060897 
0.073111 
0.084871 
0.080875 
0.076522 
0.051546 
0.084015 
0.055882 
0.059421 
0.052893 
0.046479 
0.059744 
0.046841 
0.068818 
0.066598 
0.069865 
0.075117 
0.074589 
0.071749 
0.043064 
0.059092 
0.057484 
0.072048 
0.057182 
0.079704 
0.057944 
0.064294 
0.059700 
0.071697 
0.053761 
0.060933 
0.064396 
0.064270 
0.060101 
0.067953 
0.076898 
0.067799 
0.073610 
0.072176 
0.065431 
0.046539 
0.052904 
0.056635 
0.069177 
0.079773 
0.069736 
0.067545 
0.066089 
0.075487 
0.061764 
0.048727 
0.058037 
0.064260 
0.055696 
0.062419 
0.049898 
0.068777 
0.049230 
0.065840 
0.067549 
0.060636 
0.052554 
0.060722 
0.082833 
0.086848 
0.073025 
0.068360 
0.063741 
0.080331 
0.068323 
0.057670 
0.060340 
0.049005 
0.070356 
0.084178 
0.056110 
0.058657 
0.071627 
0.061655 
0.077357 
0.051388 
0.055901 
0.061802 
0.055598 
0.070715 
0.073185 
0.066991 
0.078502 
0.081434 
0.066127 
0.062112 
0.072096 
0.080673 
0.089082 
0.071991 
0.067662 
0.068735 
0.075749 
0.076651 
0.059477 
0.080550 
0.072900 
0.069935 
0.076252 
0.080185 
0.071586 
0.077172 
0.076459 
0.077579 
0.072466 
0.077432 
0.060486 
0.075245 
0.062439 
0.079450 
0.056284 
0.059741 
0.070910 
0.073339 
0.067588 
0.056165 
0.055256 
0.067882 
0.068938 
0.079015 
0.063102 
0.061794 
0.073157 
0.063091 
0.062719 
0.057345 
0.069060 
0.058716 
0.070022 
0.068738 
0.065512 
0.064214 
0.073267 
0.076579 
0.064087 
0.069137 
0.079723 
0.080234 
0.061541 
0.054408 
0.061332 
0.067312 
0.052079 
0.058900 
0.065375 
0.063902 
0.069665 
0.070912 
0.081239 
0.068575 
0.066651 
0.083420 
0.077517 
0.059043 
0.047865 
0.049849 
0.049176 
0.053247 
0.067199 
0.057984 
0.065714 
0.077762 
0.048585 
0.068574 
0.093654 
0.069580 
0.060857 
0.059912 
0.053956 
0.068678 
0.069436 
0.079816 
0.064150 
0.069790 
0.078292 
0.063296 
0.067710 
0.077149 
0.075953 
0.079811 
0.077442 
0.059225 
0.073857 
0.072160 
0.072087 
0.068650 
0.078388 
0.061034 
0.078836 
0.078608 
0.072095 
0.070807 
0.072389 
0.071374 
0.072435 
0.075749 
0.072718 
0.069044 
0.065973 
0.051534 
0.066103 
0.060219 
0.063360 
0.042766 
0.052553 
0.055982 
0.064819 
0.075672 
0.081239 
0.067315 
0.075294 
0.078652 
0.074776 
0.073541 
0.078271 
0.065247 
0.063514 
0.077419 
0.056075 
0.071557 
0.079746 
0.082746 
0.063012 
0.081973 
0.085264 
0.082039 
0.096948 
0.063133 
0.069842 
0.054816 
0.075576 
0.081450 
0.068605 
0.072966 
0.068539 
0.065502 
0.061226 
0.068445 
0.062363 
0.072852 
0.072923 
0.068999 
0.070604 
0.060148 
0.077091 
0.075438 
0.071279 
0.070945 
0.070398 
0.063999 
0.062851 
0.082196 
0.074127 
0.064164 
0.060001 
0.067372 
0.084391 
0.063608 
0.072020 
0.072720 
0.052488 
0.079723 
0.070007 
0.071917 
0.080848 
0.078926 
0.097065 
0.071210 
0.057074 
0.062642 
0.060195 
0.063252 
0.063097 
0.054440 
0.063963 
0.061840 
0.064366 
0.062267 
0.066904 
0.056618 
0.052264 
0.068534 
0.054887 
0.051959 
0.066397 
0.074388 
0.071317 
0.066050 
0.076131 
0.069082 
0.055865 
0.074989 
0.074866 
0.051117 
0.053910 
0.066032 
0.073062 
0.067057 
0.068736 
0.071452 
0.076197 
0.074078 
0.060366 
0.061413 
0.053663 
0.069708 
0.068865 
0.079513 
0.071944 
0.079286 
0.072864 
0.058047 
0.069440 
0.068689 
0.055874 
0.050561 
0.055365 
0.058992 
0.080754 
0.069481 
0.059756 
0.071352 
0.059647 
0.057608 
0.058845 
0.063256 
0.074527 
0.075844 
0.068579 
0.073055 
0.034644 
0.053364 
0.060564 
0.065893 
0.072174 
0.058861 
0.067603 
0.060718 
0.050609 
0.071417 
0.051910 
0.069305 
0.064870 
0.058373 
0.075559 
0.060083 
0.068502 
0.065808 
0.078145 
0.043072 
0.055677 
0.053962 
0.068358 
0.061202 
0.057633 
0.076791 
0.054696 
0.061108 
0.073080 
0.061437 
0.046856 
0.062286 
0.065866 
0.074519 
0.081271 
0.076520 
0.078406 
0.077881 
0.071071 
0.080039 
0.063673 
0.073734 
0.075356 
0.048459 
0.059717 
0.047325 
0.067174 
0.067031 
0.071611 
0.068011 
0.065068 
0.063100 
0.080397 
0.059908 
0.068306 
0.075026 
0.063943 
0.072985 
0.086516 
0.074591 
0.055521 
0.059380 
0.067750 
0.058285 
0.068271 
0.087099 
0.061562 
0.066792 
0.061341 
0.071860 
0.068775 
0.082868 
0.064562 
0.063565 
0.066235 
0.049452 
0.047338 
0.058501 
0.068535 
0.069187 
0.067353 
0.081311 
0.065474 
0.066174 
0.071402 
0.067566 
0.061810 
0.062375 
0.061636 
0.070634 
0.065394 
0.059711 
0.073574 
0.086674 
0.081641 
0.070396 
0.075506 
0.069701 
0.046116 
0.054547 
0.049808 
0.073398 
0.069741 
0.083566 
0.081700 
0.060592 
0.047218 
0.047083 
0.068008 
0.069900 
0.077975 
0.066597 
0.066201 
0.066691 
0.062441 
0.078443 
0.078855 
0.065481 
0.062622 
0.054460 
0.064622 
0.048433 
0.056697 
0.042377 
0.063634 
0.070817 
0.063247 
0.063889 
0.078003 
0.065927 
0.060601 
0.073016 
0.053106 
0.063302 
0.072006 
0.059507 
0.067594 
0.071095 
0.075207 
0.060469 
0.038404 
0.053564 
0.064778 
0.072761 
0.062688 
0.072506 
0.075427 
0.070072 
0.051625 
0.062612 
0.060272 
0.058551 
0.063104 
0.073639 
0.058211 
0.073683 
0.062467 
0.070436 
0.066457 
0.068287 
0.047187 
0.056408 
0.063765 
0.071088 
0.062617 
0.061832 
0.066912 
0.065323 
0.075728 
0.071809 
0.049480 
0.056799 
0.054799 
0.061578 
0.049639 
0.066343 
0.060452 
0.059503 
0.052664 
0.072939 
0.075705 
0.073460 
0.062763 
0.061291 
0.069771 
0.067293 
0.070142 
0.071148 
0.067389 
0.080260 
0.072385 
0.061260 
0.067935 
0.055761 
0.059399 
0.052471 
0.087150 
0.067349 
0.096191 
0.065346 
0.050452 
0.067766 
0.077961 
0.071224 
0.066477 
0.060456 
0.063436 
0.064968 
0.070070 
0.071935 
0.055508 
0.062934 
0.062110 
0.070899 
0.056461 
0.059161 
0.062085 
0.053277 
0.054138 
0.065084 
0.050639 
0.064704 
0.078617 
0.071614 
0.057122 
0.073337 
0.075028 
0.074031 
0.062768 
0.070803 
0.069751 
0.065886 
0.068490 
0.052672 
0.057071 
0.071797 
0.067345 
0.065625 
0.062582 
0.066320 
0.060785 
0.058291 
0.044611 
0.077322 
0.069657 
0.078075 
0.049925 
0.064151 
0.072029 
0.075931 
0.075336 
0.082922 
0.078623 
0.071272 
0.077366 
0.070469 
0.063746 
0.056411 
0.076050 
0.068484 
0.054967 
0.058331 
0.061094 
0.055558 
0.062177 
0.066376 
0.067669 
0.068847 
0.055835 
0.062170 
0.071300 
0.083555 
0.063077 
0.061682 
0.068381 
0.064706 
0.056763 
0.048906 
0.063652 
0.050577 
0.058006 
0.061562 
0.054809 
0.061585 
0.056940 
0.075229 
0.063194 
0.065996 
0.055914 
0.051982 
0.056899 
0.064905 
0.063689 
0.060644 
0.052592 
0.079498 
0.044179 
0.065260 
0.081083 
0.074641 
0.075308 
0.085203 
0.089891 
0.063597 
0.084246 
0.075099 
0.067408 
0.068767 
0.071939 
0.061098 
0.065475 
0.060341 
0.060311 
0.064877 
0.070182 
0.072694 
0.070704 
0.081131 
0.074406 
0.059563 
0.038251 
0.057936 
0.073299 
0.060770 
0.060420 
0.054986 
0.065482 
0.073999 
0.061294 
0.060833 
0.051840 
0.055910 
0.066281 
0.069297 
0.077736 
0.066347 
0.058421 
0.062824 
0.065812 
0.054917 
0.068094 
0.069058 
0.065670 
0.067574 
0.069621 
0.065290 
0.057388 
0.080050 
0.070548 
0.070787 
0.074930 
0.076261 
0.079292 
0.058488 
0.070780 
0.052695 
0.063858 
0.075351 
0.073299 
0.060360 
0.065029 
0.071894 
0.066146 
0.052654 
0.049402 
0.055945 
0.075217 
0.058608 
0.062040 
0.079188 
0.073446 
0.073517 
0.069485 
0.088237 
0.073753 
0.085376 
0.061513 
0.055408 
0.072420 
0.076701 
0.079965 
0.067189 
0.059242 
0.057113 
0.057938 
0.060775 
0.067740 
0.060711 
0.058720 
0.076469 
0.061915 
0.064337 
0.074010 
0.070836 
0.060113 
0.072335 
0.079106 
0.078561 
0.088592 
0.072699 
0.074651 
0.080451 
0.066478 
0.051224 
0.060812 
0.078698 
0.071760 
0.065931 
0.067264 
0.074583 
0.074229 
0.043833 
0.066855 
0.060645 
0.064731 
0.065785 
0.052908 
0.061874 
0.049440 
0.074848 
0.064353 
0.074990 
0.060142 
0.071416 
0.068389 
0.063193 
0.081554 
0.064803 
0.055954 
0.083917 
0.072616 
0.063801 
0.071185 
0.056942 
0.060282 
0.074945 
0.080107 
0.075536 
0.074960 
0.062888 
0.067616 
0.080263 
0.072930 
0.079263 
0.064363 
0.076900 
0.069356 
0.073598 
0.070066 
0.053302 
0.053294 
0.068629 
0.075430 
0.062989 
0.069530 
0.062075 
0.058803 
0.071946 
0.056182 
0.062389 
0.069405 
0.085294 
0.071553 
0.082881 
0.070140 
0.072490 
0.064122 
0.098609 
0.069001 
0.054623 
0.043424 
0.084735 
0.078109 
0.061032 
0.061629 
0.066277 
0.054338 
0.053865 
0.065832 
0.056066 
0.071161 
0.070188 
0.079762 
0.075291 
0.060224 
0.063823 
0.055488 
0.062037 
0.068334 
0.080821 
0.065958 
0.064186 
0.062097 
0.076590 
0.064738 
0.063836 
0.078918 
0.077088 
0.057516 
0.063360 
0.067332 
0.066833 
0.066411 
0.081223 
0.080954 
0.082853 
0.078559 
0.067657 
0.071521 
0.057800 
0.073184 
0.068136 
0.067928 
0.053696 
0.069503 
0.070301 
0.069986 
0.070537 
0.079480 
0.069080 
0.063919 
0.063589 
0.074892 
0.063402 
0.054400 
0.071965 
0.083556 
0.071259 
0.082848 
0.053684 
0.076284 
0.075699 
0.070709 
0.060665 
0.077501 
0.067966 
0.078481 
0.068998 
0.077927 
0.074558 
0.062186 
0.062289 
0.059483 
0.060923 
0.064048 
0.043910 
0.065341 
0.069322 
0.075931 
0.068259 
0.075733 
0.068260 
0.077745 
0.082302 
0.063214 
0.060101 
0.052799 
0.057028 
0.055631 
0.063086 
0.062654 
0.075316 
0.074847 
0.063897 
0.081981 
0.062584 
0.076003 
0.070812 
0.059850 
0.068066 
0.071547 
0.064963 
0.074686 
0.058730 
0.049931 
0.060591 
0.070513 
0.069141 
0.087235 
0.098388 
0.076246 
0.087023 
0.078323 
0.069871 
0.078330 
0.048145 
0.062909 
0.049206 
0.055515 
0.055159 
0.068853 
0.096235 
0.077874 
0.080634 
0.087668 
0.082023 
0.070967 
0.070438 
0.078188 
0.071878 
0.066421 
0.079646 
0.065507 
0.070364 
0.066383 
0.064052 
0.078917 
0.079177 
0.070603 
0.073565 
0.063299 
0.077301 
0.063248 
0.063628 
0.069716 
0.064816 
0.069755 
0.081296 
0.071717 
0.061284 
0.072910 
0.082663 
0.077978 
0.079275 
0.081945 
0.059471 
0.074343 
0.069769 
0.073007 
0.061703 
0.067703 
0.067223 
0.041328 
0.051283 
0.057819 
0.071513 
0.057030 
0.074040 
0.067369 
0.067391 
0.059661 
0.065072 
0.067692 
0.058244 
0.066261 
0.066004 
0.063830 
0.059710 
0.059685 
0.068316 
0.071502 
0.077555 
0.073336 
0.056540 
0.051029 
0.070485 
0.069546 
0.059222 
0.077675 
0.058713 
0.053035 
0.059153 
0.070904 
0.065288 
0.067738 
0.074397 
0.083695 
0.070348 
0.068086 
0.066761 
0.064213 
0.059595 
0.080361 
0.078931 
0.067920 
0.087406 
0.074560 
0.053836 
0.072322 
0.082207 
0.070853 
0.072391 
0.070946 
0.077902 
0.089428 
0.080765 
0.060445 
0.077462 
0.063744 
0.072812 
0.067841 
0.074879 
0.049864 
0.052310 
0.050935 
0.057857 
0.073191 
0.062823 
0.052771 
0.056711 
0.062121 
0.065033 
0.060686 
0.075698 
0.069181 
0.069529 
0.073563 
0.077536 
0.065761 
0.075762 
0.071562 
0.072647 
0.064901 
0.046372 
0.063034 
0.060200 
0.064755 
0.068151 
0.075247 
0.064495 
0.054760 
0.054958 
0.071133 
0.073975 
0.068975 
0.068044 
0.056233 
0.062510 
0.070502 
0.067135 
0.068188 
0.080884 
0.073183 
0.079666 
0.086919 
0.085512 
0.070301 
0.065011 
0.055992 
0.032682 
0.077272 
0.055430 
0.065716 
0.074542 
0.081452 
0.076082 
0.059695 
0.078764 
0.062856 
0.067354 
0.062650 
0.083271 
0.076978 
0.071513 
0.068114 
0.062360 
0.072843 
0.080074 
0.083884 
0.083007 
0.071189 
0.069773 
0.069890 
0.075678 
0.058077 
0.064963 
0.055078 
0.070099 
0.075071 
0.081287 
0.065714 
0.065471 
0.064185 
0.073162 
0.067655 
0.066501 
0.072787 
0.056289 
0.051601 
0.043575 
0.047749 
0.062257 
0.069742 
0.055912 
0.067868 
0.060863 
0.069294 
0.071746 
0.062062 
0.060888 
0.057279 
0.070236 
0.047922 
0.071888 
0.070945 
0.063754 
0.078325 
0.082865 
0.079581 
0.071415 
0.070467 
0.078181 
0.083634 
0.078365 
0.061868 
0.056016 
0.044882 
0.056663 
0.067862 
0.068022 
0.061028 
0.061646 
0.059913 
0.062227 
0.066599 
0.075647 
0.066056 
0.060408 
0.063582 
0.066360 
0.071002 
0.084308 
0.067230 
0.062227 
0.065098 
0.072153 
0.067281 
0.076040 
0.065874 
0.063365 
0.057424 
0.058889 
0.061935 
0.049047 
0.066668 
0.066213 
0.077071 
0.073338 
0.054347 
0.060989 
0.066536 
0.082567 
0.074305 
0.072732 
0.074823 
0.077036 
0.065056 
0.057990 
0.056313 
0.051076 
0.055217 
0.066365 
0.068224 
0.068699 
0.073423 
0.069046 
0.075042 
0.074695 
0.043463 
0.061494 
0.072598 
0.061164 
0.061596 
0.066512 
0.050530 
0.044980 
0.077990 
0.081852 
0.075287 
0.076678 
0.060542 
0.070828 
0.075683 
0.066210 
0.065319 
0.081175 
0.090125 
0.061411 
0.063821 
0.067746 
0.061618 
0.067373 
0.066790 
0.058625 
0.061651 
0.072702 
0.074396 
0.073534 
0.064058 
0.068069 
0.075631 
0.073663 
0.065823 
0.086279 
0.088928 
0.064835 
0.072070 
0.064402 
0.069034 
0.074768 
0.072814 
0.069862 
0.079042 
0.064359 
0.056461 
0.059480 
0.044984 
0.061646 
0.063816 
0.061141 
0.088019 
0.067062 
0.075774 
0.062403 
0.066199 
0.063132 
0.074177 
0.072473 
0.071256 
0.058698 
0.062971 
0.057237 
0.066335 
0.065901 
0.074124 
0.079959 
0.080952 
0.082493 
0.054221 
0.059235 
0.080794 
0.083558 
0.075930 
0.075950 
0.060581 
0.064350 
0.071405 
0.057306 
0.078429 
0.085228 
0.085068 
0.068973 
0.056420 
0.070635 
0.068666 
0.065328 
0.055703 
0.078576 
0.078963 
0.080470 
0.068682 
0.068964 
0.068951 
0.064932 
0.074469 
0.061946 
0.067515 
0.072171 
0.069843 
0.064204 
0.073388 
0.068651 
0.068080 
0.078324 
0.064863 
0.081183 
0.074167 
0.059954 
0.076729 
0.077102 
0.064636 
0.062052 
0.069393 
0.063958 
0.060075 
0.065836 
0.069618 
0.074452 
0.065016 
0.062226 
0.069104 
0.054661 
0.059991 
0.074426 
0.086789 
0.052617 
0.047640 
0.053966 
0.082846 
0.072328 
0.078983 
0.058771 
0.056971 
0.057520 
0.063210 
0.058627 
0.075851 
0.067427 
0.077806 
0.069381 
0.042748 
0.071716 
0.049852 
0.051619 
0.072525 
0.057241 
0.073132 
0.074104 
0.061079 
0.068179 
0.071967 
0.066770 
0.071302 
0.084005 
0.057265 
0.054435 
0.073727 
0.059311 
0.060728 
0.071387 
0.060966 
0.069487 
0.064878 
0.063265 
0.064051 
0.070505 
0.066012 
0.078430 
0.080941 
0.058532 
0.054543 
0.081413 
0.072374 
0.063684 
0.075230 
0.074620 
0.064941 
0.073835 
0.080616 
0.085513 
0.072950 
0.071276 
0.073046 
0.058663 
0.051174 
0.056007 
0.061406 
0.057688 
0.069528 
0.089223 
0.070708 
0.067904 
0.063341 
0.055990 
0.059712 
0.078578 
0.048330 
0.044832 
0.070879 
0.080311 
0.066494 
0.071185 
0.073787 
0.072356 
0.071992 
0.074779 
0.067611 
0.068421 
0.052663 
0.066879 
0.078887 
0.059274 
0.055423 
0.063043 
0.071482 
0.088627 
0.073032 
0.051817 
0.058237 
0.063128 
0.066643 
0.056457 
0.071957 
0.064935 
0.051564 
0.058798 
0.050230 
0.066776 
0.060973 
0.083219 
0.067785 
0.062194 
0.066542 
0.053618 
0.056728 
0.057660 
0.064205 
0.060550 
0.062249 
0.076233 
0.061144 
0.065952 
0.059204 
0.069101 
0.056053 
0.075274 
0.064151 
0.071656 
0.066369 
0.066471 
0.064196 
0.064741 
0.061884 
0.055830 
0.060212 
0.063250 
0.060922 
0.050771 
0.075695 
0.083277 
0.081016 
0.074957 
0.068238 
0.065403 
0.082924 
0.071637 
0.063032 
0.046647 
0.060014 
0.063722 
0.062686 
0.067389 
0.069037 
0.070678 
0.069960 
0.082298 
0.064249 
0.052577 
0.078416 
0.073937 
0.076174 
0.078030 
0.077098 
0.076637 
0.051907 
0.055160 
0.067365 
0.061411 
0.058923 
0.064037 
0.069933 
0.068402 
0.074660 
0.077200 
0.072791 
0.080273 
0.077776 
0.049399 
0.074248 
0.069819 
0.059900 
0.050120 
0.049439 
0.053644 
0.067734 
0.052228 
0.064717 
0.063849 
0.054911 
0.063065 
0.067854 
0.065075 
0.068586 
0.059462 
0.055964 
0.058600 
0.073707 
0.077574 
0.078908 
0.078449 
0.068280 
0.057073 
0.064229 
0.058335 
0.080837 
0.090643 
0.080280 
0.056848 
0.047368 
0.060166 
0.067182 
0.071640 
0.075576 
0.071868 
0.079186 
0.070817 
0.057117 
0.066040 
0.062402 
0.057839 
0.072509 
0.051196 
0.051192 
0.062018 
0.051380 
0.070213 
0.072413 
0.060825 
0.052445 
0.056972 
0.082228 
0.063035 
0.060438 
0.056194 
0.064361 
0.055421 
0.055539 
0.054674 
0.060470 
0.071855 
0.077702 
0.067161 
0.075741 
0.077535 
0.057265 
0.057061 
0.073719 
0.073358 
0.076073 
0.070967 
0.074805 
0.058487 
0.063170 
0.074572 
0.067250 
0.070278 
0.078551 
0.077269 
0.053159 
0.061890 
0.063003 
0.066574 
0.071006 
0.071571 
0.054597 
0.055533 
0.054337 
0.064504 
0.072929 
0.055321 
0.054785 
0.079765 
0.080907 
0.090907 
0.078695 
0.087188 
0.079812 
0.058679 
0.066677 
0.074335 
0.068280 
0.074742 
0.066776 
0.084021 
0.059013 
0.056624 
0.062068 
0.062791 
0.081346 
0.078436 
0.077989 
0.075096 
0.076883 
0.071676 
0.072112 
0.056651 
0.071476 
0.083735 
0.054826 
0.058605 
0.068216 
0.084766 
0.077835 
0.079458 
0.068941 
0.084792 
0.076432 
0.053232 
0.080230 
0.074628 
0.071252 
0.059532 
0.064806 
0.059251 
0.067717 
0.064365 
0.063145 
0.066125 
0.053125 
0.054351 
0.056513 
0.072806 
0.077779 
0.063921 
0.089683 
0.060414 
0.067425 
0.077871 
0.069735 
0.087386 
0.056956 
0.074274 
0.072075 
0.058594 
0.064528 
0.070755 
0.053212 
0.066769 
0.077810 
0.075133 
0.059815 
0.062219 
0.050458 
0.055936 
0.071481 
0.068337 
0.075643 
0.058168 
0.061187 
0.064646 
0.065949 
0.054531 
0.064893 
0.067711 
0.056951 
0.053587 
0.075534 
0.064501 
0.070789 
0.057171 
0.061324 
0.062795 
0.058572 
0.071971 
0.056190 
0.068337 
0.070399 
0.065628 
0.052343 
0.069812 
0.065069 
0.048051 
0.057870 
0.064227 
0.072041 
0.056653 
0.049865 
0.069677 
0.046641 
0.042295 
0.043726 
0.044640 
0.058578 
0.061553 
0.070467 
0.067975 
0.060137 
0.064063 
0.073783 
0.072103 
0.068628 
0.076837 
0.074861 
0.058092 
0.074143 
0.082425 
0.083198 
0.059638 
0.077541 
0.062889 
0.065332 
0.068450 
0.071800 
0.044451 
0.045938 
0.061950 
0.076207 
0.061802 
0.071766 
0.078204 
0.067051 
0.074281 
0.062520 
0.085172 
0.070008 
0.079152 
0.072815 
0.086090 
0.064908 
0.066384 
0.067843 
0.063309 
0.046123 
0.050337 
0.071057 
0.065929 
0.069726 
0.066888 
0.051622 
0.066508 
0.067305 
0.054628 
0.066434 
0.054583 
0.073799 
0.060956 
0.078088 
0.077927 
0.078011 
0.067448 
0.062716 
0.079291 
0.058658 
0.061660 
0.061727 
0.057056 
0.062254 
0.063124 
0.080325 
0.077953 
0.077502 
0.076652 
0.072714 
0.066017 
0.066220 
0.074202 
0.067037 
0.054637 
0.066615 
0.054530 
0.059386 
0.058292 
0.059733 
0.057366 
0.058430 
0.068046 
0.071587 
0.067310 
0.070551 
0.078749 
0.060928 
0.059315 
0.070204 
0.060633 
0.077653 
0.074732 
0.075706 
0.079183 
0.063602 
0.060660 
0.057140 
0.051764 
0.066732 
0.065514 
0.072175 
0.072039 
0.063057 
0.065898 
0.053965 
0.063783 
0.074574 
0.060292 
0.060498 
0.068894 
0.072722 
0.067161 
0.058518 
0.068051 
0.078600 
0.065374 
0.059404 
0.072752 
0.061626 
0.053196 
0.061627 
0.056716 
0.065020 
0.074743 
0.072545 
0.066817 
0.071335 
0.066455 
0.077041 
0.051944 
0.057335 
0.051271 
0.070656 
0.074216 
0.078260 
0.066112 
0.081045 
0.074672 
0.062140 
0.057687 
0.064716 
0.065133 
0.073471 
0.065910 
0.074417 
0.070943 
0.068977 
0.060907 
0.065277 
0.071602 
0.072199 
0.068342 
0.067996 
0.051321 
0.060061 
0.052902 
0.071021 
0.077408 
0.073063 
0.084599 
0.083341 
0.068038 
0.075563 
0.069993 
0.060249 
0.057640 
0.061351 
0.063981 
0.071522 
0.078849 
0.072133 
0.059274 
0.061361 
0.065377 
0.075199 
0.084401 
0.075004 
0.061306 
0.063545 
0.066078 
0.071331 
0.074510 
0.058271 
0.059589 
0.067000 
0.045818 
0.042238 
0.074488 
0.064303 
0.066022 
0.070589 
0.067611 
0.064347 
0.069128 
0.058790 
0.063886 
0.071803 
0.085680 
0.062800 
0.062985 
0.075510 
0.071469 
0.054520 
0.066027 
0.060602 
0.064063 
0.080688 
0.073563 
0.073326 
0.069739 
0.052265 
0.065743 
0.065043 
0.078895 
0.083006 
0.075857 
0.064415 
0.063231 
0.072486 
0.075131 
0.078049 
0.064954 
0.066291 
0.039993 
0.058424 
0.069060 
0.076515 
0.054178 
0.081084 
0.071924 
0.075210 
0.067296 
0.089161 
0.072821 
0.062411 
0.065886 
0.067481 
0.065827 
0.064253 
0.068593 
0.061855 
0.079654 
0.064264 
0.060394 
0.076428 
0.065846 
0.063942 
0.072692 
0.060322 
0.078292 
0.061180 
0.052599 
0.082093 
0.075850 
0.071062 
0.057585 
0.065813 
0.068504 
0.060177 
0.069151 
0.061050 
0.061579 
0.058598 
0.054496 
0.074225 
0.073970 
0.061437 
0.051304 
0.092820 
0.065395 
0.058397 
0.072180 
0.054166 
0.067115 
0.057854 
0.058636 
0.068050 
0.077631 
0.059944 
0.065606 
0.064350 
0.063064 
0.058156 
0.077178 
0.080664 
0.069619 
0.072659 
0.051151 
0.075973 
0.057993 
0.049914 
0.066678 
0.065271 
0.062407 
0.067226 
0.075914 
0.083234 
0.067703 
0.052597 
0.072104 
0.042858 
0.062953 
0.056161 
0.053080 
0.076321 
0.071038 
0.074834 
0.078648 
0.070198 
0.057184 
0.059496 
0.054096 
0.049114 
0.077959 
0.075420 
0.062086 
0.070185 
0.067409 
0.067472 
0.072516 
0.061128 
0.046256 
0.067387 
0.065957 
0.080676 
0.075255 
0.072604 
0.072298 
0.063742 
0.073530 
0.073889 
0.074405 
0.073388 
0.091392 
0.072749 
0.071477 
0.091049 
0.078041 
0.079284 
0.076350 
0.082246 
0.083027 
0.084684 
0.085640 
0.080469 
0.076450 
0.057811 
0.067683 
0.077975 
0.076101 
0.069407 
0.056122 
0.060809 
0.058880 
0.067312 
0.065924 
0.068648 
0.060422 
0.063440 
0.070976 
0.053956 
0.072448 
0.068804 
0.059674 
0.069951 
0.077988 
0.078582 
0.075928 
0.065096 
0.063260 
0.066363 
0.047021 
0.046352 
0.067469 
0.065170 
0.066143 
0.046150 
0.041158 
0.050042 
0.074159 
0.072357 
0.060937 
0.077824 
0.074363 
0.060422 
0.059569 
0.068450 
0.069041 
0.063066 
0.052080 
0.065702 
0.073973 
0.061366 
0.084386 
0.053304 
0.081243 
0.078602 
0.054745 
0.046650 
0.056575 
0.064392 
0.063842 
0.063259 
0.076385 
0.051208 
0.047807 
0.059442 
0.070505 
0.058338 
0.076099 
0.065002 
0.068157 
0.063475 
0.064590 
0.069961 
0.082824 
0.067448 
0.057122 
0.069852 
0.051277 
0.057757 
0.058529 
0.068683 
0.066261 
0.078897 
0.066902 
0.064781 
0.079445 
0.065799 
0.057777 
0.066693 
0.061614 
0.081221 
0.052505 
0.058452 
0.074411 
0.069636 
0.059981 
0.065061 
0.062601 
0.065247 
0.062059 
0.067518 
0.062969 
0.077952 
0.073243 
0.070868 
0.080034 
0.070933 
0.067675 
0.063539 
0.066374 
0.067534 
0.064333 
0.067816 
0.060817 
0.059128 
0.056858 
0.078465 
0.058928 
0.052513 
0.056890 
0.065321 
0.075477 
0.074691 
0.047539 
0.061141 
0.077023 
0.071774 
0.074826 
0.092825 
0.091001 
0.073478 
0.062439 
0.079621 
0.062642 
0.067635 
0.067774 
0.071397 
0.078650 
0.069977 
0.076331 
0.064005 
0.052933 
0.054260 
0.062914 
0.069168 
0.083240 
0.068924 
0.077439 
0.065567 
0.059283 
0.054918 
0.064103 
0.063808 
0.067792 
0.083915 
0.086461 
0.064035 
0.074522 
0.056726 
0.049321 
0.058291 
0.070498 
0.066001 
0.065997 
0.069218 
0.070829 
0.058526 
0.061093 
0.054231 
0.052218 
0.077397 
0.074590 
0.056960 
0.059383 
0.073206 
0.069441 
0.057462 
0.067808 
0.073134 
0.060559 
0.056235 
0.063519 
0.066002 
0.062229 
0.060970 
0.071059 
0.045566 
0.059503 
0.069086 
0.051023 
0.083523 
0.073327 
0.070711 
0.081059 
0.078024 
0.073085 
0.065071 
0.073443 
0.054827 
0.055700 
0.072034 
0.078379 
0.076136 
0.080815 
0.060113 
0.064443 
0.065502 
0.063962 
0.059601 
0.077911 
0.068112 
0.066991 
0.069177 
0.073075 
0.066782 
0.069822 
0.074645 
0.072970 
0.087693 
0.083937 
0.079679 
0.067531 
0.063584 
0.064851 
0.066350 
0.061273 
0.059006 
0.066247 
0.062729 
0.057112 
0.067038 
0.064903 
0.085563 
0.048530 
0.070416 
0.071171 
0.069583 
0.063521 
0.065376 
0.070423 
0.070875 
0.063841 
0.048708 
0.054015 
0.068881 
0.066689 
0.049866 
0.052715 
0.067645 
0.070718 
0.081656 
0.071857 
0.046400 
0.063620 
0.061190 
0.078869 
0.076993 
0.077401 
0.069562 
0.064299 
0.071358 
0.075365 
0.066650 
0.066538 
0.065826 
0.079758 
0.069416 
0.053536 
0.062187 
0.077393 
0.062135 
0.062569 
0.069933 
0.075816 
0.072677 
0.058790 
0.057882 
0.058145 
0.048956 
0.070811 
0.069975 
0.066623 
0.069107 
0.063320 
0.063740 
0.077381 
0.077870 
0.063622 
0.053213 
0.048919 
0.069786 
0.068302 
0.067196 
0.070251 
0.066988 
0.072212 
0.057564 
0.077469 
0.063531 
0.075002 
0.075016 
0.069271 
0.063483 
0.043928 
0.052133 
0.045253 
0.051193 
0.070025 
0.066737 
0.076153 
0.072112 
0.061726 
0.063548 
0.076691 
0.086660 
0.061805 
0.076299 
0.070675 
0.078896 
0.068450 
0.067579 
0.056014 
0.066527 
0.077673 
0.069156 
0.074348 
0.069811 
0.089262 
0.057889 
0.068910 
0.066814 
0.059697 
0.060647 
0.067126 
0.054300 
0.052774 
0.056246 
0.066116 
0.062631 
0.062014 
0.069944 
0.085134 
0.079692 
0.079918 
0.077311 
0.062548 
0.064324 
0.074969 
0.063588 
0.059995 
0.068641 
0.060511 
0.045613 
0.053223 
0.056812 
0.064817 
0.075752 
0.071415 
0.085167 
0.071792 
0.069008 
0.074558 
0.066134 
0.071413 
0.063458 
0.056118 
0.052231 
0.060631 
0.063925 
0.075008 
0.069291 
0.072791 
0.076653 
0.056939 
0.064728 
0.061623 
0.042115 
0.063660 
0.054848 
0.080406 
0.060730 
0.064073 
0.071526 
0.057587 
0.063577 
0.081300 
0.087970 
0.073135 
0.064303 
0.068953 
0.060363 
0.058993 
0.078835 
0.079096 
0.064733 
0.058619 
0.071821 
0.079942 
0.073545 
0.064472 
0.066614 
0.057764 
0.066707 
0.056014 
0.082005 
0.090486 
0.061421 
0.061109 
0.058952 
0.062460 
0.073578 
0.071240 
0.073590 
0.074642 
0.066575 
0.080358 
0.061039 
0.051132 
0.057711 
0.053725 
0.066530 
0.057896 
0.063306 
0.072628 
0.071476 
0.059633 
0.056959 
0.073272 
0.084595 
0.069175 
0.061840 
0.056042 
0.053627 
0.071355 
0.084940 
0.063009 
0.082659 
0.078371 
0.075510 
0.061957 
0.059561 
0.066115 
0.073297 
0.076883 
0.068945 
0.083114 
0.062158 
0.079798 
0.068038 
0.068650 
0.077783 
0.077890 
0.076579 
0.060222 
0.074018 
0.055848 
0.072374 
0.080273 
0.064767 
0.063782 
0.059555 
0.055541 
0.055775 
0.071772 
0.086644 
0.082568 
0.057503 
0.060929 
0.066529 
0.054132 
0.052778 
0.065241 
0.059986 
0.065453 
0.069697 
0.073908 
0.061367 
0.065127 
0.064167 
0.062417 
0.068976 
0.048036 
0.065316 
0.057212 
0.060560 
0.074543 
0.072398 
0.067545 
0.053047 
0.068276 
0.068517 
0.067505 
0.057387 
0.071712 
0.057216 
0.074436 
0.075082 
0.083053 
0.069360 
0.057319 
0.075344 
0.064931 
0.054199 
0.064825 
0.051574 
0.078816 
0.058944 
0.080564 
0.069268 
0.076134 
0.073253 
0.069043 
0.068832 
0.066392 
0.061349 
0.061031 
0.075482 
0.064655 
0.059945 
0.059651 
0.067459 
0.051864 
0.077464 
0.072281 
0.050840 
0.056187 
0.060082 
0.081577 
0.074194 
0.065846 
0.082161 
0.062143 
0.072572 
0.090666 
0.081087 
0.064746 
0.046122 
0.054068 
0.049806 
0.064826 
0.070557 
0.080144 
0.076346 
0.067241 
0.072284 
0.055717 
0.071098 
0.067750 
0.074397 
0.083736 
0.069596 
0.056311 
0.070826 
0.060399 
0.064738 
0.062134 
0.057098 
0.067026 
0.068248 
0.079495 
0.070734 
0.065937 
0.065166 
0.055794 
0.050245 
0.053892 
0.079550 
0.064389 
0.056832 
0.073585 
0.075972 
0.091776 
0.063358 
0.068817 
0.067298 
0.061148 
0.067687 
0.068532 
0.063949 
0.057013 
0.048299 
0.088340 
0.070247 
0.071648 
0.053303 
0.051520 
0.060973 
0.065365 
0.054310 
0.079070 
0.086385 
0.074550 
0.087621 
0.062876 
0.069686 
0.082443 
0.078343 
0.074964 
0.068423 
0.085279 
0.076090 
0.060452 
0.063417 
0.046434 
0.065771 
0.072291 
0.079014 
0.079601 
0.074320 
0.065508 
0.057545 
0.059893 
0.050845 
0.064874 
0.054054 
0.067321 
0.085918 
0.077210 
0.069049 
0.064100 
0.076453 
0.061204 
0.067542 
0.073767 
0.061174 
0.075182 
0.063840 
0.068659 
0.070750 
0.076866 
0.067231 
0.075252 
0.075629 
0.066910 
0.062604 
0.079281 
0.055235 
0.069436 
0.054576 
0.069490 
0.090200 
0.067201 
0.066209 
0.085501 
0.071191 
0.078926 
0.071856 
0.060416 
0.076480 
0.075857 
0.077709 
0.063931 
0.058850 
0.063826 
0.083080 
0.076709 
0.072275 
0.062348 
0.060427 
0.051751 
0.065040 
0.062039 
0.059525 
0.055246 
0.062403 
0.065140 
0.072309 
0.081470 
0.082175 
0.076055 
0.074859 
0.074179 
0.066604 
0.074811 
0.049700 
0.052175 
0.068398 
0.058756 
0.062487 
0.080315 
0.069579 
0.056792 
0.045251 
0.073939 
0.064092 
0.059079 
0.066404 
0.072036 
0.062880 
0.068648 
0.063321 
0.081239 
0.085527 
0.074250 
0.071207 
0.063566 
0.068372 
0.071136 
0.083210 
0.060603 
0.069080 
0.055506 
0.066214 
0.075517 
0.073220 
0.068695 
0.079789 
0.075842 
0.068086 
0.070664 
0.069658 
0.074323 
0.044063 
0.054719 
0.059844 
0.069108 
0.069695 
0.075982 
0.048300 
0.062543 
0.066998 
0.071730 
0.050500 
0.056282 
0.051258 
0.060275 
0.066007 
0.063409 
0.062054 
0.069959 
0.052356 
0.055316 
0.060302 
0.054298 
0.044538 
0.066179 
0.066679 
0.077484 
0.067482 
0.066955 
0.070822 
0.060134 
0.085273 
0.075086 
0.080545 
0.093710 
0.065986 
0.062339 
0.057580 
0.054331 
0.058115 
0.055180 
0.076254 
0.054676 
0.057067 
0.071720 
0.072810 
0.070242 
0.077543 
0.073421 
0.071801 
0.070956 
0.077549 
0.078499 
0.082966 
0.082867 
0.063463 
0.078226 
0.059582 
0.074743 
0.081589 
0.066809 
0.076073 
0.074989 
0.071032 
0.066705 
0.072208 
0.067967 
0.065341 
0.061985 
0.061897 
0.065583 
0.087578 
0.073369 
0.073952 
0.071048 
0.074122 
0.071977 
0.073591 
0.086926 
0.076455 
0.075713 
0.058870 
0.066180 
0.071876 
0.074470 
0.068049 
0.048767 
0.057255 
0.043954 
0.067402 
0.068752 
0.059298 
0.065735 
0.061986 
0.069016 
0.064936 
0.077521 
0.092943 
0.050946 
0.062107 
0.062367 
0.058164 
0.057233 
0.063087 
0.060848 
0.069987 
0.067229 
0.066624 
0.075681 
0.066816 
0.059312 
0.069673 
0.069853 
0.065596 
0.080247 
0.081074 
0.068726 
0.065098 
0.074119 
0.062773 
0.052965 
0.063748 
0.055024 
0.065658 
0.057717 
0.049930 
0.059786 
0.084908 
0.080898 
0.083364 
0.078900 
0.065772 
0.074586 
0.077032 
0.057173 
0.071967 
0.071165 
0.071359 
0.069071 
0.067322 
0.088316 
0.073964 
0.055652 
0.070835 
0.080389 
0.086706 
0.066087 
0.068227 
0.064261 
0.067287 
0.073292 
0.069327 
0.042191 
0.051282 
0.066969 
0.050131 
0.037127 
0.064579 
0.058190 
0.062282 
0.055812 
0.062582 
0.076729 
0.065854 
0.080111 
0.067483 
0.084409 
0.073931 
0.071737 
0.066275 
0.064849 
0.062167 
0.053709 
0.072888 
0.063827 
0.052304 
0.064482 
0.058100 
0.072076 
0.076160 
0.068373 
0.066394 
0.057311 
0.060647 
0.076651 
0.076485 
0.053620 
0.065445 
0.062069 
0.072066 
0.068365 
0.073559 
0.065682 
0.088977 
0.071073 
0.081460 
0.078232 
0.074485 
0.074867 
0.068698 
0.060563 
0.064780 
0.075791 
0.073458 
0.072408 
0.071834 
0.062769 
0.072741 
0.069859 
0.065676 
0.066188 
0.061597 
0.054987 
0.054189 
0.060183 
0.074287 
0.068844 
0.065101 
0.072033 
0.062028 
0.068628 
0.080390 
0.082604 
0.063620 
0.066330 
0.080966 
0.077979 
0.053265 
0.055890 
0.053105 
0.056283 
0.065730 
0.070526 
0.069231 
0.062777 
0.073387 
0.048873 
0.062805 
0.059021 
0.081188 
0.067178 
0.056554 
0.051799 
0.083084 
0.061912 
0.055526 
0.078565 
0.065985 
0.076608 
0.080468 
0.074628 
0.064173 
0.051673 
0.072729 
0.066876 
0.060773 
0.061821 
0.077666 
0.071162 
0.072076 
0.061190 
0.048993 
0.050749 
0.056574 
0.074518 
0.076600 
0.067682 
0.058495 
0.058423 
0.062919 
0.064836 
0.062822 
0.065523 
0.057482 
0.067283 
0.067422 
0.068189 
0.059425 
0.065888 
0.070368 
0.067770 
0.089009 
0.041237 
0.058914 
0.056869 
0.081152 
0.066271 
0.065425 
0.050968 
0.073723 
0.079826 
0.055323 
0.074499 
0.068706 
0.070942 
0.051170 
0.058028 
0.065011 
0.062736 
0.059459 
0.066618 
0.061888 
0.055431 
0.062178 
0.063751 
0.058902 
0.058659 
0.082341 
0.085554 
0.064709 
0.073478 
0.081424 
0.076842 
0.064501 
0.071854 
0.076836 
0.048182 
0.061381 
0.052243 
0.065018 
0.063845 
0.060236 
0.066208 
0.046614 
0.067255 
0.075260 
0.057378 
0.059157 
0.046185 
0.059449 
0.065800 
0.061196 
0.060167 
0.075620 
0.076314 
0.065653 
0.060385 
0.062932 
0.063186 
0.062796 
0.058932 
0.072887 
0.057634 
0.071382 
0.059350 
0.063787 
0.074453 
0.070033 
0.074405 
0.066250 
0.071785 
0.076904 
0.068055 
0.076593 
0.068448 
0.045554 
0.062776 
0.066456 
0.073779 
0.079757 
0.087553 
0.077206 
0.070763 
0.043475 
0.053328 
0.055302 
0.067407 
0.071200 
0.070416 
0.054972 
0.059040 
0.076122 
0.056803 
0.071713 
0.068937 
0.071231 
0.041549 
0.068483 
0.061715 
0.054318 
0.073610 
0.069228 
0.080877 
0.064325 
0.078483 
0.076988 
0.065214 
0.067308 
0.078311 
0.088804 
0.061791 
0.063026 
0.058476 
0.049712 
0.062228 
0.085026 
0.073553 
0.070014 
0.076114 
0.062206 
0.062056 
0.068047 
0.065150 
0.070443 
0.055767 
0.063420 
0.056549 
0.063308 
0.065137 
0.056912 
0.061637 
0.065146 
0.064119 
0.063776 
0.046867 
0.054029 
0.078207 
0.081776 
0.096182 
0.081035 
0.077731 
0.067054 
0.054017 
0.055988 
0.085287 
0.049714 
0.056563 
0.069649 
0.070274 
0.072930 
0.083358 
0.046642 
0.055350 
0.074466 
0.086877 
0.069244 
0.079091 
0.077300 
0.071259 
0.080514 
0.055243 
0.058678 
0.036836 
0.046216 
0.056499 
0.053165 
0.068572 
0.064328 
0.061131 
0.065340 
0.064395 
0.064249 
0.055857 
0.057998 
0.064453 
0.077302 
0.070148 
0.067716 
0.084407 
0.059986 
0.080832 
0.065249 
0.075576 
0.064577 
0.070000 
0.067853 
0.063357 
0.047494 
0.065947 
0.076214 
0.070615 
0.077339 
0.074211 
0.070162 
0.062998 
0.066392 
0.079515 
0.064008 
0.057383 
0.095357 
0.068236 
0.060280 
0.066656 
0.076190 
0.068825 
0.062171 
0.075513 
0.079337 
0.069023 
0.061783 
0.064726 
0.077073 
0.075301 
0.075610 
0.060667 
0.072979 
0.066333 
0.073388 
0.065896 
0.069376 
0.071494 
0.078247 
0.057960 
0.069533 
0.068707 
0.053706 
0.066650 
0.073235 
0.068242 
0.064430 
0.063172 
0.066478 
0.066403 
0.065323 
0.066926 
0.080164 
0.043130 
0.066217 
0.052741 
0.060791 
0.059116 
0.070101 
0.060735 
0.058104 
0.062211 
0.058577 
0.062627 
0.079249 
0.064273 
0.070969 
0.060971 
0.055123 
0.066958 
0.075800 
0.080561 
0.078733 
0.070631 
0.083022 
0.070446 
0.074934 
0.061937 
0.060253 
0.057972 
0.092590 
0.068609 
0.053026 
0.057300 
0.069898 
0.068271 
0.064692 
0.076156 
0.067685 
0.070823 
0.062068 
0.071815 
0.058797 
0.071631 
0.064065 
0.066354 
0.075768 
0.060921 
0.067783 
0.068153 
0.063151 
0.056151 
0.057879 
0.090544 
0.072446 
0.075179 
0.082433 
0.071391 
0.066686 
0.059464 
0.068615 
0.065414 
0.062873 
0.058599 
0.061037 
0.066307 
0.070149 
0.056647 
0.051325 
0.057325 
0.077697 
0.057358 
0.085780 
0.063931 
0.056998 
0.059014 
0.054890 
0.047873 
0.067464 
0.064924 
0.055685 
0.059641 
0.068586 
0.062931 
0.076609 
0.071571 
0.083403 
0.076031 
0.072547 
0.071347 
0.057188 
0.057534 
0.069146 
0.076487 
0.090788 
0.060955 
0.063114 
0.064371 
0.047908 
0.048207 
0.057484 
0.052438 
0.063714 
0.067987 
0.082821 
0.060521 
0.082949 
0.070669 
0.075460 
0.069643 
0.076611 
0.050936 
0.072702 
0.057586 
0.055775 
0.070880 
0.065520 
0.050903 
0.067984 
0.067795 
0.072186 
0.070263 
0.072359 
0.059867 
0.063992 
0.070468 
0.051170 
0.057739 
0.066166 
0.077725 
0.083409 
0.081392 
0.064518 
0.047368 
0.081583 
0.077018 
0.074755 
0.071345 
0.058959 
0.053457 
0.072421 
0.062688 
0.052983 
0.072853 
0.067305 
0.059517 
0.052761 
0.062661 
0.062519 
0.085019 
0.078422 
0.066623 
0.064775 
0.058326 
0.068224 
0.078464 
0.074184 
0.065129 
0.064738 
0.056049 
0.057746 
0.074324 
0.051055 
0.062289 
0.059993 
0.065360 
0.073155 
0.071177 
0.069424 
0.064342 
0.064727 
0.065425 
0.071198 
0.055313 
0.048584 
0.054070 
0.075930 
0.062922 
0.062769 
0.064546 
0.060510 
0.073756 
0.071337 
0.068408 
0.067603 
0.070949 
0.065361 
0.072898 
0.066038 
0.069107 
0.058189 
0.072079 
0.078246 
0.064924 
0.059481 
0.051534 
0.069067 
0.072182 
0.069474 
0.065089 
0.070667 
0.075285 
0.066619 
0.069940 
0.066946 
0.081286 
0.054341 
0.055835 
0.067709 
0.092505 
0.078160 
0.066845 
0.068623 
0.074906 
0.077143 
0.084124 
0.074420 
0.067064 
0.079299 
0.054754 
0.056779 
0.050749 
0.068131 
0.055739 
0.077538 
0.071681 
0.068866 
0.059914 
0.053484 
0.057016 
0.049055 
0.072146 
0.078267 
0.062348 
0.067012 
0.070351 
0.075027 
0.073566 
0.067283 
0.075984 
0.059405 
0.054272 
0.042149 
0.067088 
0.055253 
0.070211 
0.074950 
0.073408 
0.060699 
0.057404 
0.059323 
0.068461 
0.069346 
0.052932 
0.060333 
0.060781 
0.074224 
0.072734 
0.083701 
0.071762 
0.066828 
0.057224 
0.064933 
0.068244 
0.073514 
0.062288 
0.076345 
0.076376 
0.070467 
0.058793 
0.058967 
0.055389 
0.063720 
0.069424 
0.063621 
0.059891 
0.060166 
0.049634 
0.067028 
0.062144 
0.054812 
0.074885 
0.067527 
0.051215 
0.048828 
0.069208 
0.085774 
0.076323 
0.063953 
0.068022 
0.063306 
0.085152 
0.072040 
0.095313 
0.078461 
0.070760 
0.050730 
0.076621 
0.071362 
0.075195 
0.076056 
0.065106 
0.076255 
0.068578 
0.059605 
0.049880 
0.072013 
0.081175 
0.070156 
0.078997 
0.072741 
0.066683 
0.083240 
0.064584 
0.067714 
0.047324 
0.046343 
0.063781 
0.059807 
0.075571 
0.054395 
0.057129 
0.051082 
0.065642 
0.065114 
0.066194 
0.056635 
0.065381 
0.071015 
0.064417 
0.064426 
0.059369 
0.059215 
0.056884 
0.060923 
0.067312 
0.065262 
0.066152 
0.076237 
0.063051 
0.068759 
0.078362 
0.074389 
0.080734 
0.075677 
0.069140 
0.069211 
0.062861 
0.056520 
0.053440 
0.061648 
0.060894 
0.061620 
0.074288 
0.065675 
0.073859 
0.074141 
0.076583 
0.060740 
0.076911 
0.060231 
0.069766 
0.084748 
0.058978 
0.063288 
0.056838 
0.060538 
0.063971 
0.057000 
0.059359 
0.069747 
0.069570 
0.059753 
0.068198 
0.075553 
0.084662 
0.057953 
0.047118 
0.070269 
0.086637 
0.069696 
0.078279 
0.066037 
0.063389 
0.073183 
0.059388 
0.057692 
0.054653 
0.071209 
0.068113 
0.062201 
0.071045 
0.053314 
0.044735 
0.085040 
0.066405 
0.072817 
0.074796 
0.054391 
0.065937 
0.069720 
0.071795 
0.073587 
0.064007 
0.071575 
0.069118 
0.079657 
0.070534 
0.065096 
0.081109 
0.061797 
0.063389 
0.064072 
0.076906 
0.067359 
0.076626 
0.068403 
0.076010 
0.068514 
0.081231 
0.077463 
0.078173 
0.087550 
0.086521 
0.092664 
0.074808 
0.071895 
0.066455 
0.055896 
0.058493 
0.078024 
0.074956 
0.086024 
0.066011 
0.082606 
0.068795 
0.066629 
0.059965 
0.069531 
0.057644 
0.061389 
0.062510 
0.069010 
0.080966 
0.057504 
0.067915 
0.049077 
0.048174 
0.063689 
0.072594 
0.081810 
0.089852 
0.079195 
0.067460 
0.065389 
0.071165 
0.051091 
0.056088 
0.058224 
0.050347 
0.049159 
0.078188 
0.077362 
0.073549 
0.066236 
0.065153 
0.052876 
0.063369 
0.071205 
0.071427 
0.068183 
0.069717 
0.060161 
0.055266 
0.059202 
0.077586 
0.083678 
0.066204 
0.068404 
0.066018 
0.063474 
0.076466 
0.072760 
0.080693 
0.060516 
0.053739 
0.087444 
0.073995 
0.052642 
0.069986 
0.054309 
0.063589 
0.085262 
0.085590 
0.077876 
0.083044 
0.072922 
0.059820 
0.069191 
0.075816 
0.074374 
0.059360 
0.061209 
0.064298 
0.056296 
0.077198 
0.074438 
0.059335 
0.062749 
0.068655 
0.060703 
0.067913 
0.062591 
0.071775 
0.068694 
0.067699 
0.065251 
0.071379 
0.066384 
0.069667 
0.059170 
0.058988 
0.065925 
0.063553 
0.063542 
0.059365 
0.046959 
0.069420 
0.067287 
0.045721 
0.049320 
0.059733 
0.058858 
0.059679 
0.056109 
0.053157 
0.053376 
0.068778 
0.070150 
0.073537 
0.058514 
0.081936 
0.067775 
0.046905 
0.059512 
0.062917 
0.073383 
0.080096 
0.068298 
0.055880 
0.067314 
0.085759 
0.076650 
0.083180 
0.059402 
0.055443 
0.074416 
0.056720 
0.064063 
0.072756 
0.064504 
0.082251 
0.053440 
0.074955 
0.069206 
0.083298 
0.069396 
0.067175 
0.055181 
0.067337 
0.076772 
0.071770 
0.079596 
0.076727 
0.064824 
0.060379 
0.081257 
0.064087 
0.072496 
0.057392 
0.050647 
0.061446 
0.054392 
0.045507 
0.056729 
0.060763 
0.061370 
0.052009 
0.058800 
0.058437 
0.049750 
0.059518 
0.066470 
0.067336 
0.075180 
0.066232 
0.069347 
0.083703 
0.066733 
0.065767 
0.065978 
0.075965 
0.078637 
0.076696 
0.070347 
0.052607 
0.063252 
0.051721 
0.045883 
0.065973 
0.074648 
0.076456 
0.072104 
0.062801 
0.071879 
0.068730 
0.054149 
0.037157 
0.055606 
0.067156 
0.060954 
0.065627 
0.055724 
0.062826 
0.072006 
0.067135 
0.057029 
0.069574 
0.061622 
0.073185 
0.077993 
0.072336 
0.078551 
0.079036 
0.073936 
0.045650 
0.048880 
0.070979 
0.075639 
0.077441 
0.079556 
0.071239 
0.088812 
0.080511 
0.070064 
0.065051 
0.067398 
0.064892 
0.064573 
0.075808 
0.055939 
0.081608 
0.072961 
0.078433 
0.072885 
0.058765 
0.066256 
0.062487 
0.060578 
0.064813 
0.071170 
0.060627 
0.054531 
0.064269 
0.047928 
0.057108 
0.041255 
0.055235 
0.072310 
0.059013 
0.050599 
0.056212 
0.065406 
0.070389 
0.072199 
0.068768 
0.070656 
0.079284 
0.083484 
0.089351 
0.064571 
0.083724 
0.066776 
0.067881 
0.051758 
0.071932 
0.055652 
0.081332 
0.067740 
0.061506 
0.057884 
0.053865 
0.069414 
0.049661 
0.066640 
0.060177 
0.066267 
0.078214 
0.069395 
0.088586 
0.070592 
0.064503 
0.087415 
0.082371 
0.068618 
0.082231 
0.091757 
0.066175 
0.064652 
0.081206 
0.054291 
0.059001 
0.058923 
0.057470 
0.068993 
0.053082 
0.068086 
0.069149 
0.069629 
0.059973 
0.052460 
0.073261 
0.050591 
0.075853 
0.065272 
0.056550 
0.068280 
0.062851 
0.072621 
0.072395 
0.077260 
0.076364 
0.048664 
0.076505 
0.051957 
0.053485 
0.069424 
0.069913 
0.081533 
0.071264 
0.062001 
0.081478 
0.074738 
0.059187 
0.067851 
0.063640 
0.048526 
0.059106 
0.063829 
0.060776 
0.059509 
0.050792 
0.066828 
0.066192 
0.069699 
0.066784 
0.079218 
0.082087 
0.075333 
0.072106 
0.075094 
0.064289 
0.069531 
0.067671 
0.061532 
0.069047 
0.071846 
0.068193 
0.069451 
0.081384 
0.078860 
0.068081 
0.069191 
0.055408 
0.070699 
0.076464 
0.079856 
0.069951 
0.064846 
0.053547 
0.073133 
0.063599 
0.068745 
0.066050 
0.058932 
0.055879 
0.068085 
0.066938 
0.072127 
0.065310 
0.046962 
0.057434 
0.053233 
0.057060 
0.065947 
0.066734 
0.071738 
0.074673 
0.070878 
0.063824 
0.077163 
0.070801 
0.072556 
0.057799 
0.068042 
0.071406 
0.071760 
0.062245 
0.073545 
0.064987 
0.056226 
0.069450 
0.061382 
0.047387 
0.060310 
0.071870 
0.078173 
0.059623 
0.083327 
0.082976 
0.053432 
0.060142 
0.061426 
0.055458 
0.061637 
0.072433 
0.073681 
0.074301 
0.057028 
0.081964 
0.079489 
0.064498 
0.063926 
0.059408 
0.070632 
0.053231 
0.068014 
0.072163 
0.064757 
0.057339 
0.071491 
0.063563 
0.051310 
0.066714 
0.073060 
0.076094 
0.071545 
0.072586 
0.068791 
0.063202 
0.078797 
0.064199 
0.066129 
0.058972 
0.067371 
0.059768 
0.048967 
0.045827 
0.073278 
0.065132 
0.052175 
0.058084 
0.069574 
0.059403 
0.057278 
0.052703 
0.061383 
0.068995 
0.056337 
0.067052 
0.064748 
0.078327 
0.062843 
0.069038 
0.071218 
0.082157 
0.057288 
0.075028 
0.075091 
0.064802 
0.071305 
0.052207 
0.056827 
0.064374 
0.078050 
0.071400 
0.069513 
0.069284 
0.063918 
0.075302 
0.079839 
0.059743 
0.052897 
0.048916 
0.055667 
0.067954 
0.092169 
0.071059 
0.089596 
0.073569 
0.089094 
0.078158 
0.076585 
0.068616 
0.054205 
0.051614 
0.071746 
0.066153 
0.056002 
0.061883 
0.062375 
0.067382 
0.056412 
0.092707 
0.072957 
0.066090 
0.064763 
0.069158 
0.063262 
0.061703 
0.070715 
0.069910 
0.073646 
0.061707 
0.063755 
0.070417 
0.062250 
0.073894 
0.082182 
0.083969 
0.072355 
0.092172 
0.065685 
0.076810 
0.074501 
0.065866 
0.063582 
0.062098 
0.065063 
0.075793 
0.076680 
0.071215 
0.060602 
0.056776 
0.065228 
0.077042 
0.074280 
0.073091 
0.069664 
0.082398 
0.090744 
0.069146 
0.062784 
0.072607 
0.057882 
0.057804 
0.063075 
0.057638 
0.044214 
0.047178 
0.054729 
0.057386 
0.054247 
0.063381 
0.078352 
0.081643 
0.056852 
0.064423 
0.054792 
0.059253 
0.064477 
0.060005 
0.069169 
0.051543 
0.057729 
0.048487 
0.071620 
0.068180 
0.067797 
0.072511 
0.048173 
0.055067 
0.064556 
0.081130 
0.047945 
0.056753 
0.062996 
0.050589 
0.056801 
0.062195 
0.063377 
0.068945 
0.072828 
0.051140 
0.065835 
0.075340 
0.063409 
0.071731 
0.077086 
0.072093 
0.068453 
0.058831 
0.084321 
0.062794 
0.053874 
0.070491 
0.070980 
0.066558 
0.073404 
0.076874 
0.077471 
0.070730 
0.059921 
0.064198 
0.067145 
0.061119 
0.059265 
0.052848 
0.078539 
0.062640 
0.078728 
0.083572 
0.070330 
0.055780 
0.082014 
0.071310 
0.064162 
0.058392 
0.050798 
0.052190 
0.059924 
0.077500 
0.064424 
0.088994 
0.064192 
0.065287 
0.065162 
0.065358 
0.082197 
0.071658 
0.066627 
0.076175 
0.053460 
0.067268 
0.060801 
0.052480 
0.070621 
0.070314 
0.054343 
0.057578 
0.069907 
0.071052 
0.076386 
0.066917 
0.056296 
0.071884 
0.057366 
0.060036 
0.080917 
0.061936 
0.074363 
0.073715 
0.072252 
0.068545 
0.072063 
0.053828 
0.060437 
0.063735 
0.062564 
0.080135 
0.084738 
0.067745 
0.060339 
0.073668 
0.055301 
0.065739 
0.069485 
0.055467 
0.071628 
0.088340 
0.054402 
0.056721 
0.061817 
0.066887 
0.063592 
0.071396 
0.068991 
0.066721 
0.064670 
0.060510 
0.069065 
0.062067 
0.076533 
0.080245 
0.065366 
0.083413 
0.060717 
0.074529 
0.080676 
0.063722 
0.072957 
0.061800 
0.057707 
0.056021 
0.064391 
0.058249 
0.065818 
0.063971 
0.058677 
0.061835 
0.058059 
0.086558 
0.074805 
0.065340 
0.044576 
0.065764 
0.080523 
0.047649 
0.066722 
0.065097 
0.072220 
0.079663 
0.066340 
0.086911 
0.074783 
0.082189 
0.081731 
0.063461 
0.066762 
0.082158 
0.069335 
0.081356 
0.082087 
0.080856 
0.095523 
0.068291 
0.063463 
0.035361 
0.065220 
0.060183 
0.062340 
0.071776 
0.062517 
0.078215 
0.089395 
0.044401 
0.057616 
0.073336 
0.062842 
0.066949 
0.064107 
0.063451 
0.080352 
0.077973 
0.074190 
0.078865 
0.070930 
0.039745 
0.054809 
0.030627 
0.060206 
0.069501 
0.072357 
0.076139 
0.063180 
0.062397 
0.060359 
0.060561 
0.064657 
0.061678 
0.069990 
0.053709 
0.063894 
0.064827 
0.071910 
0.065161 
0.081061 
0.070154 
0.068928 
0.076003 
0.063411 
0.070021 
0.089085 
0.072390 
0.074267 
0.080356 
0.089408 
0.065664 
0.056326 
0.054835 
0.064174 
0.051072 
0.069884 
0.061543 
0.066122 
0.060554 
0.061878 
0.069966 
0.079348 
0.076880 
0.076617 
0.085386 
0.077531 
0.068152 
0.069189 
0.060794 
0.058362 
0.076294 
0.075205 
0.062166 
0.082068 
0.070256 
0.061080 
0.039683 
0.053470 
0.045725 
0.038866 
0.049135 
0.069915 
0.059916 
0.065323 
0.071076 
0.080112 
0.073130 
0.049751 
0.074425 
0.070431 
0.061656 
