5.328312 
5.349233 
5.368171 
5.340210 
5.354457 
5.338329 
5.329641 
5.323137 
5.319841 
5.307802 
5.318696 
5.336048 
5.324577 
5.345656 
5.332872 
5.351935 
5.360748 
5.329711 
5.299744 
5.324506 
5.363869 
5.355882 
5.369821 
5.326412 
5.303323 
5.324925 
5.314632 
5.301385 
5.344749 
5.355911 
5.353321 
5.353181 
5.352803 
5.361841 
5.374930 
5.354275 
5.357165 
5.320660 
5.308734 
5.330828 
5.281720 
5.331757 
5.307965 
5.390723 
5.330541 
5.378066 
5.342818 
5.329296 
5.331299 
5.306669 
5.337171 
5.358766 
5.344643 
5.340072 
5.334035 
5.355784 
5.352230 
5.304807 
5.349922 
5.324778 
5.341438 
5.346692 
5.315050 
5.364584 
5.336511 
5.343360 
5.362918 
5.331444 
5.338955 
5.338470 
5.397374 
5.355905 
5.333640 
5.301084 
5.385040 
5.356553 
5.321425 
5.340876 
5.357226 
5.333648 
5.319782 
5.325969 
5.308138 
5.350440 
5.324162 
5.340133 
5.340414 
5.327936 
5.347525 
5.363681 
5.338123 
5.340603 
5.349665 
5.299509 
5.327820 
5.402979 
5.362692 
5.344127 
5.346292 
5.342117 
5.356464 
5.312114 
5.352003 
5.358513 
5.327605 
5.334697 
5.327519 
5.328252 
5.340082 
5.341173 
5.365838 
5.401229 
5.387543 
5.318786 
5.365603 
5.344995 
5.341719 
5.338474 
5.320808 
5.330116 
5.356906 
5.318048 
5.326448 
5.348066 
5.334506 
5.373884 
5.329143 
5.362550 
5.350986 
5.348244 
5.334550 
5.356307 
5.367168 
5.353537 
5.344354 
5.315282 
5.328176 
5.342802 
5.340587 
5.334015 
5.320318 
5.309259 
5.313245 
5.318300 
5.294414 
5.337249 
5.349045 
5.345458 
5.321472 
5.301522 
5.308165 
5.326863 
5.311628 
5.326158 
5.371747 
5.389889 
5.340588 
5.342384 
5.362780 
5.329667 
5.307270 
5.353475 
5.362563 
5.318892 
5.326552 
5.358875 
5.382169 
5.341813 
5.317321 
5.368856 
5.331906 
5.371887 
5.333910 
5.292499 
5.330658 
5.336144 
5.329657 
5.337959 
5.322439 
5.365252 
5.366562 
5.308675 
5.302591 
5.339645 
5.351637 
5.328923 
5.343634 
5.340296 
5.349468 
5.317129 
5.318131 
5.332498 
5.314445 
5.277002 
5.334151 
5.319017 
5.351674 
5.339472 
5.310105 
5.314866 
5.376103 
5.355500 
5.344453 
5.367458 
5.310651 
5.347799 
5.303795 
5.337981 
5.372049 
5.332631 
5.383783 
5.362923 
5.339621 
5.358133 
5.336512 
5.345970 
5.348598 
5.360839 
5.327785 
5.327069 
5.319623 
5.322499 
5.320695 
5.323363 
5.318779 
5.293603 
5.331046 
5.316330 
5.323070 
5.377463 
5.316923 
5.333541 
5.333655 
5.357023 
5.369074 
5.339847 
5.349167 
5.318222 
5.347237 
5.350619 
5.353093 
5.353940 
5.329535 
5.326452 
5.370820 
5.349630 
5.324878 
5.360425 
5.363614 
5.334473 
5.347281 
5.324194 
5.350256 
5.324383 
5.363452 
5.370033 
5.334032 
5.352323 
5.322210 
5.354734 
5.350797 
5.360390 
5.371837 
5.318691 
5.360863 
5.345204 
5.369383 
5.376174 
5.364389 
5.318536 
5.320429 
5.318141 
5.357363 
5.339645 
5.332772 
5.314703 
5.333985 
5.320902 
5.298539 
5.324980 
5.340320 
5.364323 
5.339839 
5.335394 
5.351458 
5.371238 
5.357037 
5.341662 
5.344409 
5.325610 
5.329677 
5.314268 
5.356361 
5.372367 
5.325260 
5.350065 
5.341940 
5.319493 
5.314272 
5.341221 
5.308319 
5.326147 
5.315171 
5.341927 
5.331136 
5.305578 
5.361058 
5.322273 
5.323508 
5.322070 
5.330685 
5.331581 
5.347566 
5.362760 
5.325245 
5.330735 
5.345268 
5.344742 
5.322408 
5.333663 
5.306199 
5.297184 
5.337736 
5.343135 
5.353724 
5.322651 
5.323508 
5.344653 
5.329844 
5.350998 
5.328262 
5.348022 
5.320292 
5.314554 
5.312799 
5.319509 
5.347280 
5.347214 
5.375331 
5.350891 
5.339072 
5.343038 
5.369831 
5.347142 
5.378879 
5.306366 
5.343736 
5.303383 
5.282706 
5.333053 
5.355098 
5.326913 
5.353257 
5.373028 
5.359793 
5.378095 
5.383497 
5.324889 
5.322882 
5.317384 
5.318089 
5.332688 
5.366323 
5.339777 
5.358197 
5.380076 
5.322489 
5.362109 
5.337279 
5.303347 
5.325047 
5.306624 
5.335716 
5.347728 
5.331778 
5.334377 
5.315901 
5.357530 
5.348693 
5.347228 
5.373235 
5.358051 
5.355922 
5.354960 
5.373804 
5.388552 
5.364952 
5.362574 
5.320872 
5.341149 
5.348013 
5.322660 
5.295478 
5.302156 
5.336237 
5.394338 
5.373484 
5.347054 
5.334964 
5.337156 
5.341610 
5.363419 
5.328695 
5.324525 
5.331148 
5.357193 
5.374242 
5.354319 
5.359761 
5.349496 
5.336391 
5.314465 
5.330987 
5.341699 
5.339321 
5.329786 
5.353685 
5.357398 
5.277849 
5.302243 
5.293679 
5.311419 
5.293593 
5.312237 
5.294568 
5.324817 
5.327916 
5.332756 
5.372510 
5.322173 
5.365255 
5.340272 
5.347050 
5.367347 
5.355625 
5.347962 
5.361929 
5.364587 
5.336122 
5.321479 
5.336733 
5.345001 
5.383668 
5.353508 
5.387913 
5.374416 
5.357400 
5.354664 
5.309236 
5.315418 
5.334754 
5.360134 
5.318316 
5.322339 
5.339173 
5.347610 
5.364408 
5.330815 
5.351258 
5.320927 
5.334534 
5.310625 
5.321045 
5.325836 
5.319983 
5.347771 
5.338505 
5.359311 
5.333428 
5.332927 
5.381463 
5.388775 
5.346284 
5.336192 
5.320209 
5.351220 
5.361200 
5.329322 
5.323731 
5.401714 
5.369308 
5.321876 
5.352023 
5.301769 
5.317333 
5.326644 
5.346835 
5.337927 
5.327316 
5.304654 
5.306119 
5.321009 
5.320032 
5.336588 
5.335946 
5.310136 
5.355772 
5.336039 
5.306368 
5.333190 
5.413041 
5.395151 
5.346920 
5.333717 
5.330837 
5.357521 
5.367939 
5.367385 
5.350466 
5.320748 
5.319442 
5.333470 
5.310011 
5.329081 
5.345802 
5.342843 
5.339422 
5.330817 
5.361743 
5.360434 
5.329290 
5.320317 
5.306924 
5.312988 
5.312039 
5.339714 
5.330268 
5.313979 
5.363822 
5.344208 
5.332560 
5.338734 
5.326216 
5.345092 
5.318117 
5.357388 
5.323185 
5.373487 
5.381876 
5.351858 
5.365408 
5.351632 
5.319061 
5.331231 
5.328753 
5.331365 
5.342827 
5.374637 
5.334768 
5.337053 
5.346912 
5.312244 
5.317107 
5.340947 
5.324417 
5.295099 
5.322738 
5.352095 
5.311521 
5.320998 
5.340359 
5.349847 
5.379191 
5.370677 
5.328284 
5.351281 
5.347192 
5.378348 
5.390627 
5.394715 
5.366128 
5.342442 
5.354435 
5.337622 
5.380041 
5.359159 
5.356573 
5.309256 
5.304666 
5.319060 
5.296125 
5.285668 
5.335689 
5.321476 
5.318921 
5.319587 
5.327662 
5.327321 
5.339660 
5.399569 
5.362205 
5.393391 
5.315993 
5.287525 
5.344603 
5.349161 
5.385489 
5.350043 
5.347119 
5.342927 
5.342750 
5.355033 
5.318078 
5.301359 
5.308395 
5.343083 
5.296144 
5.326015 
5.339582 
5.355626 
5.363544 
5.312000 
5.314102 
5.334927 
5.335248 
5.297253 
5.330785 
5.301741 
5.342679 
5.313742 
5.288646 
5.378985 
5.363346 
5.357505 
5.341269 
5.330060 
5.367955 
5.322869 
5.369004 
5.362264 
5.354267 
5.354815 
5.405244 
5.365732 
5.346303 
5.316287 
5.340962 
5.355580 
5.331422 
5.358016 
5.348472 
5.358752 
5.364257 
5.322527 
5.314550 
5.346236 
5.348864 
5.369364 
5.424364 
5.361902 
5.324616 
5.321082 
5.306288 
5.330014 
5.347167 
5.329593 
5.332871 
5.337897 
5.339092 
5.364114 
5.336365 
5.326349 
5.332002 
5.317035 
5.325622 
5.311780 
5.366023 
5.367074 
5.368388 
5.288807 
5.316656 
5.333002 
5.351534 
5.336312 
5.314390 
5.359881 
5.348651 
5.373124 
5.355576 
5.369651 
5.319914 
5.316450 
5.319213 
5.342105 
5.297290 
5.332458 
5.333143 
5.342746 
5.333353 
5.387123 
5.377998 
5.353661 
5.352800 
5.347487 
5.350945 
5.343471 
5.310365 
5.304473 
5.369340 
5.362109 
5.381989 
5.366669 
5.371969 
5.373821 
5.333778 
5.370554 
5.343996 
5.335704 
5.329450 
5.339826 
5.328752 
5.365824 
5.348996 
5.318297 
5.346854 
5.338953 
5.331186 
5.337775 
5.323754 
5.361966 
5.340345 
5.351102 
5.330243 
5.331126 
5.357358 
5.338183 
5.357176 
5.334624 
5.306305 
5.347394 
5.337382 
5.346920 
5.303622 
5.319469 
5.330205 
5.337905 
5.344015 
5.349646 
5.324874 
5.335300 
5.359371 
5.344290 
5.337768 
5.324138 
5.320479 
5.331387 
5.393424 
5.377851 
5.333844 
5.331082 
5.357728 
5.367213 
5.361034 
5.358243 
5.358149 
5.347227 
5.334796 
5.285334 
5.336386 
5.353531 
5.326903 
5.332108 
5.289621 
5.354421 
5.372878 
5.347111 
5.381132 
5.363060 
5.366573 
5.323496 
5.352866 
5.382523 
5.391882 
5.362333 
5.311964 
5.287329 
5.304495 
5.328792 
5.334807 
5.358159 
5.326116 
5.331369 
5.307047 
5.320483 
5.321075 
5.337718 
5.335497 
5.356350 
5.346802 
5.333728 
5.325375 
5.324813 
5.306424 
5.335339 
5.338868 
5.312986 
5.292189 
5.359352 
5.329140 
5.347796 
5.356111 
5.363337 
5.364622 
5.324402 
5.352058 
5.360327 
5.349367 
5.360365 
5.372572 
5.380407 
5.361597 
5.318072 
5.353715 
5.330077 
5.360249 
5.363460 
5.385339 
5.343311 
5.345868 
5.349232 
5.347372 
5.339456 
5.334131 
5.292097 
5.314318 
5.343869 
5.363237 
5.352014 
5.337507 
5.369661 
5.366891 
5.361940 
5.350608 
5.347867 
5.321144 
5.340921 
5.339828 
5.348868 
5.333949 
5.371179 
5.355048 
5.333825 
5.367207 
5.356659 
5.355886 
5.366523 
5.362630 
5.361420 
5.363878 
5.337402 
5.362802 
5.305938 
5.306387 
5.353000 
5.348420 
5.357515 
5.378435 
5.359750 
5.341989 
5.348348 
5.334153 
5.294886 
5.370237 
5.353636 
5.346958 
5.341236 
5.325993 
5.330425 
5.329048 
5.305410 
5.355496 
5.365668 
5.316602 
5.334903 
5.332408 
5.343363 
5.337544 
5.344997 
5.353534 
5.352582 
5.297187 
5.312131 
5.289118 
5.326506 
5.313730 
5.330500 
5.354594 
5.352543 
5.318070 
5.361121 
5.371260 
5.369726 
5.329808 
5.338858 
5.339161 
5.374222 
5.344858 
5.318431 
5.366377 
5.336310 
5.359165 
5.352810 
5.342664 
5.351132 
5.330865 
5.314728 
5.326176 
5.307529 
5.319676 
5.332222 
5.352529 
5.362490 
5.366869 
5.369124 
5.348890 
5.364650 
5.313623 
5.370274 
5.358206 
5.388432 
5.344840 
5.370622 
5.331950 
5.356132 
5.347022 
5.367160 
5.313509 
5.328993 
5.340826 
5.328946 
5.369737 
5.331937 
5.342096 
5.345535 
5.357177 
5.310292 
5.318181 
5.291036 
5.308076 
5.338292 
5.360083 
5.328309 
5.321067 
5.330119 
5.322589 
5.338220 
5.336376 
5.332325 
5.351861 
5.294996 
5.337283 
5.332685 
5.366606 
5.317323 
5.342094 
5.345026 
5.345615 
5.340507 
5.312771 
5.324252 
5.407700 
5.357255 
5.303336 
5.333844 
5.354734 
5.307142 
5.348070 
5.354229 
5.376397 
5.379259 
5.370098 
5.314797 
5.314565 
5.307698 
5.297505 
5.357507 
5.338770 
5.323506 
5.297941 
5.322078 
5.286125 
5.342388 
5.361792 
5.374510 
5.349835 
5.344116 
5.327050 
5.327727 
5.295992 
5.326599 
5.335925 
5.345766 
5.330337 
5.350552 
5.359233 
5.359171 
5.380341 
5.347252 
5.340717 
5.320423 
5.332901 
5.340769 
5.331125 
5.337802 
5.302351 
5.329028 
5.350923 
5.352882 
5.339077 
5.342504 
5.343309 
5.367035 
5.356148 
5.355614 
5.344763 
5.337483 
5.347366 
5.319967 
5.326686 
5.309124 
5.310822 
5.336088 
5.339054 
5.320815 
5.334312 
5.321989 
5.356194 
5.271380 
5.314570 
5.322229 
5.370489 
5.366112 
5.349410 
5.370408 
5.379309 
5.311039 
5.315157 
5.309226 
5.333089 
5.373620 
5.367498 
5.375998 
5.324329 
5.336565 
5.335648 
5.347634 
5.352485 
5.326075 
5.317902 
5.322196 
5.342263 
5.324390 
5.334702 
5.354932 
5.353060 
5.394329 
5.364987 
5.375603 
5.335925 
5.364115 
5.329002 
5.332705 
5.366814 
5.367998 
5.297068 
5.304856 
5.314483 
5.341615 
5.335856 
5.312412 
5.329708 
5.339693 
5.327189 
5.331395 
5.346126 
5.342653 
5.352022 
5.351039 
5.343197 
5.348422 
5.338854 
5.335499 
5.359313 
5.311239 
5.344726 
5.337193 
5.332057 
5.327385 
5.329443 
5.332476 
5.338371 
5.358203 
5.370074 
5.363344 
5.351581 
5.352759 
5.351139 
5.325389 
5.327930 
5.361471 
5.385316 
5.318248 
5.357914 
5.333083 
5.327025 
5.329208 
5.338964 
5.339674 
5.333191 
5.319591 
5.316573 
5.313005 
5.335775 
5.344470 
5.366359 
5.371171 
5.359871 
5.371102 
5.356904 
5.339505 
5.346231 
5.310080 
5.322231 
5.349702 
5.305178 
5.310263 
5.338384 
5.354334 
5.334936 
5.318561 
5.319311 
5.330379 
5.372590 
5.353019 
5.324971 
5.326041 
5.342249 
5.357965 
5.373676 
5.359845 
5.354947 
5.348653 
5.360925 
5.338005 
5.354844 
5.358377 
5.348167 
5.363732 
5.355473 
5.352820 
5.283326 
5.330164 
5.350137 
5.325448 
5.319379 
5.320293 
5.320671 
5.355748 
5.342839 
5.320563 
5.313139 
5.371147 
5.376287 
5.386592 
5.354817 
5.352318 
5.346776 
5.322838 
5.365693 
5.344174 
5.328737 
5.352322 
5.354796 
5.311105 
5.323654 
5.313371 
5.337235 
5.350148 
5.350102 
5.368209 
5.346778 
5.359456 
5.372867 
5.334443 
5.325268 
5.363294 
5.345525 
5.335353 
5.313229 
5.318704 
5.330153 
5.337207 
5.290931 
5.333644 
5.317004 
5.330014 
5.300101 
5.314184 
5.362128 
5.339234 
5.326384 
5.328347 
5.333199 
5.367442 
5.376475 
5.339303 
5.318586 
5.309667 
5.313200 
5.353407 
5.340889 
5.337275 
5.368456 
5.342380 
5.324098 
5.347340 
5.320775 
5.359478 
5.363174 
5.393668 
5.329833 
5.296106 
5.352853 
5.366444 
5.339535 
5.363737 
5.356521 
5.332436 
5.334745 
5.372641 
5.375971 
5.355715 
5.362414 
5.343570 
5.346635 
5.369617 
5.352956 
5.347137 
5.333370 
5.355133 
5.356322 
5.332892 
5.336730 
5.352245 
5.348388 
5.344700 
5.321152 
5.345238 
5.374657 
5.381365 
5.348994 
5.362809 
5.388126 
5.314488 
5.296221 
5.343156 
5.368703 
5.283522 
5.313040 
5.322574 
5.299222 
5.313775 
5.310023 
5.310036 
5.333497 
5.319947 
5.308751 
5.332451 
5.315298 
5.287274 
5.357686 
5.371899 
5.352114 
5.333038 
5.322973 
5.335774 
5.336280 
5.328048 
5.324638 
5.405294 
5.333347 
5.362416 
5.314823 
5.324240 
5.376840 
5.335768 
5.325028 
5.327085 
5.312802 
5.348997 
5.332413 
5.361064 
5.350832 
5.295163 
5.319765 
5.297396 
5.325644 
5.378407 
5.313499 
5.304385 
5.363636 
5.327087 
5.322188 
5.317759 
5.369837 
5.341643 
5.332853 
5.345836 
5.349999 
5.351738 
5.362992 
5.288677 
5.343656 
5.347582 
5.323688 
5.355380 
5.350398 
5.376485 
5.362980 
5.365156 
5.350573 
5.324216 
5.345810 
5.301131 
5.296056 
5.313256 
5.338080 
5.306669 
5.340117 
5.386672 
5.334474 
5.337628 
5.318150 
5.342206 
5.354357 
5.338997 
5.305896 
5.330532 
5.364153 
5.306798 
5.344557 
5.353729 
5.317924 
5.330676 
5.309277 
5.357668 
5.330724 
5.322175 
5.302561 
5.318840 
5.300295 
5.309533 
5.331550 
5.349596 
5.332999 
5.385903 
5.348329 
5.339038 
5.322211 
5.383185 
5.373252 
5.333297 
5.354691 
5.333314 
5.306802 
5.292604 
5.310282 
5.359027 
5.317406 
5.289284 
5.338485 
5.335656 
5.303260 
5.306525 
5.323118 
5.343823 
5.344684 
5.330883 
5.388322 
5.383417 
5.379891 
5.365797 
5.346040 
5.327020 
5.338636 
5.294534 
5.292894 
5.333650 
5.321078 
5.331724 
5.339679 
5.292354 
5.324731 
5.331494 
5.311862 
5.324792 
5.304410 
5.330508 
5.274310 
5.300890 
5.343811 
5.351227 
5.301184 
5.319255 
5.321606 
5.316231 
5.327599 
5.332290 
5.354727 
5.376107 
5.371319 
5.344621 
5.317198 
5.329594 
5.301553 
5.358077 
5.395506 
5.364809 
5.347128 
5.315464 
5.354561 
5.345861 
5.344225 
5.373175 
5.329683 
5.374484 
5.358286 
5.322516 
5.311545 
5.302446 
5.342604 
5.376430 
5.339320 
5.313094 
5.327003 
5.328417 
5.339346 
5.325963 
5.333742 
5.344039 
5.326037 
5.313145 
5.329667 
5.331055 
5.335418 
5.302654 
5.354706 
5.296609 
5.329012 
5.328676 
5.327702 
5.389923 
5.373443 
5.340855 
5.336584 
5.363810 
5.339853 
5.323291 
5.327758 
5.367904 
5.350178 
5.300280 
5.365120 
5.343301 
5.408705 
5.325689 
5.302207 
5.315858 
5.336183 
5.299427 
5.328546 
5.346741 
5.325487 
5.310382 
5.341375 
5.338520 
5.367372 
5.350189 
5.353460 
5.365582 
5.365625 
5.335970 
5.342585 
5.357009 
5.353484 
5.324408 
5.364400 
5.341565 
5.331712 
5.365425 
5.353879 
5.336705 
5.344350 
5.318491 
5.315112 
5.318912 
5.326075 
5.380465 
5.353705 
5.360580 
5.355425 
5.309671 
5.334516 
5.332029 
5.323437 
5.389191 
5.369481 
5.356574 
5.297714 
5.336842 
5.308872 
5.326636 
5.316259 
5.309621 
5.320544 
5.354516 
5.393026 
5.369872 
5.411901 
5.344963 
5.327788 
5.287200 
5.319768 
5.315927 
5.338162 
5.339738 
5.334672 
5.376728 
5.322105 
5.326650 
5.322292 
5.343096 
5.336744 
5.321654 
5.347470 
5.330425 
5.328918 
5.311935 
5.329127 
5.357915 
5.312855 
5.326829 
5.359820 
5.336450 
5.338554 
5.334471 
5.316331 
5.343379 
5.369449 
5.354435 
5.313675 
5.316861 
5.342568 
5.317934 
5.320785 
5.330253 
5.345161 
5.362212 
5.361370 
5.366349 
5.346317 
5.326756 
5.338785 
5.348694 
5.374259 
5.389985 
5.348025 
5.325049 
5.323597 
5.290387 
5.310061 
5.306525 
5.324703 
5.334258 
5.339940 
5.348996 
5.342290 
5.330886 
5.322068 
5.334969 
5.368026 
5.345040 
5.347743 
5.312432 
5.325397 
5.344836 
5.347602 
5.374034 
5.386033 
5.352260 
5.319395 
5.316073 
5.282965 
5.346158 
5.342892 
5.294895 
5.337114 
5.334679 
5.330527 
5.350397 
5.354162 
5.369001 
5.337930 
5.317890 
5.309084 
5.352247 
5.373095 
5.327256 
5.283571 
5.316211 
5.310884 
5.318809 
5.314846 
5.317995 
5.310648 
5.305060 
5.366005 
5.325711 
5.369849 
5.350550 
5.311295 
5.344703 
5.331421 
5.333206 
5.347686 
5.337141 
5.368809 
5.328003 
5.328224 
5.357032 
5.362514 
5.318967 
5.336476 
5.315964 
5.324188 
5.371032 
5.387553 
5.334729 
5.346096 
5.299241 
5.337767 
5.367630 
5.375315 
5.379500 
5.369085 
5.355412 
5.351206 
5.349201 
5.348599 
5.313338 
5.335894 
5.351539 
5.336421 
5.340660 
5.338637 
5.376648 
5.310845 
5.302763 
5.317598 
5.293154 
5.313789 
5.351501 
5.345402 
5.332444 
5.338194 
5.309349 
5.332615 
5.365561 
5.328066 
5.333682 
5.331142 
5.359822 
5.354667 
5.333459 
5.332254 
5.317073 
5.339095 
5.335506 
5.313252 
5.332009 
5.337997 
5.330240 
5.337600 
5.338003 
5.330436 
5.338838 
5.356032 
5.324756 
5.359651 
5.335978 
5.352300 
5.337952 
5.294107 
5.308229 
5.294548 
5.279593 
5.381580 
5.291749 
5.326036 
5.319993 
5.350438 
5.338139 
5.357676 
5.344797 
5.318118 
5.342755 
5.338234 
5.337125 
5.336671 
5.379288 
5.342155 
5.300694 
5.349854 
5.333986 
5.334212 
5.362270 
5.368483 
5.367368 
5.373007 
5.351447 
5.335853 
5.347659 
5.321802 
5.313386 
5.378563 
5.341263 
5.364279 
5.364805 
5.365545 
5.344333 
5.347428 
5.319207 
5.340720 
5.303959 
5.343775 
5.368132 
5.360709 
5.326309 
5.312324 
5.345904 
5.312458 
5.349428 
5.356627 
5.338035 
5.300918 
5.317312 
5.324018 
5.325606 
5.349824 
5.339904 
5.344684 
5.339959 
5.372013 
5.278203 
5.326997 
5.324828 
5.326165 
5.327724 
5.262560 
5.314631 
5.306525 
5.310756 
5.354024 
5.384649 
5.348256 
5.335862 
5.351605 
5.353213 
5.348210 
5.321513 
5.338607 
5.339295 
5.341154 
5.343665 
5.333839 
5.347148 
5.319351 
5.312298 
5.333644 
5.341254 
5.338863 
5.361127 
5.338490 
5.319666 
5.338985 
5.332301 
5.338428 
5.326879 
5.309742 
5.365010 
5.307321 
5.275780 
5.308253 
5.331943 
5.373892 
5.372625 
5.362656 
5.349281 
5.325992 
5.357274 
5.362110 
5.280957 
5.329533 
5.311089 
5.311944 
5.284973 
5.289467 
5.308839 
5.316170 
5.304431 
5.357167 
5.327330 
5.308802 
5.359657 
5.359251 
5.354421 
5.364079 
5.400266 
5.358812 
5.392370 
5.393263 
5.376627 
5.368316 
5.386179 
5.345887 
5.347497 
5.343400 
5.341895 
5.348119 
5.309494 
5.321300 
5.318531 
5.333406 
5.351196 
5.326669 
5.324043 
5.317029 
5.351762 
5.337457 
5.342165 
5.315783 
5.351474 
5.360375 
5.331263 
5.306819 
5.317408 
5.318501 
5.318988 
5.311768 
5.353179 
5.292354 
5.346693 
5.336586 
5.356851 
5.324357 
5.371338 
5.378395 
5.350212 
5.319351 
5.351148 
5.342681 
5.311894 
5.325026 
5.315463 
5.331164 
5.305806 
5.314533 
5.309331 
5.340717 
5.341869 
5.339589 
5.314360 
5.337512 
5.351748 
5.347103 
5.311821 
5.354331 
5.386119 
5.401897 
5.352459 
5.333223 
5.380852 
5.338173 
5.323481 
5.337032 
5.334829 
5.331692 
5.375197 
5.340938 
5.396076 
5.321606 
5.357145 
5.346597 
5.290126 
5.339806 
5.315424 
5.322406 
5.326676 
5.319378 
5.345620 
5.335834 
5.330402 
5.330991 
5.277653 
5.353018 
5.384410 
5.376175 
5.361893 
5.361669 
5.355776 
5.378402 
5.312963 
5.331079 
5.354118 
5.321830 
5.339374 
5.346278 
5.330873 
5.300887 
5.287528 
5.337703 
5.361825 
5.394025 
5.344857 
5.302501 
5.318649 
5.328323 
5.342557 
5.341152 
5.362515 
5.361302 
5.307852 
5.372912 
5.334123 
5.326598 
5.345664 
5.345929 
5.352413 
5.352853 
5.336192 
5.290241 
5.361316 
5.387080 
5.383620 
5.332809 
5.322417 
5.351914 
5.352078 
5.328123 
5.304108 
5.317269 
5.318163 
5.388099 
5.351740 
5.365263 
5.312340 
5.347264 
5.337692 
5.361211 
5.359470 
5.312370 
5.319105 
5.345297 
5.340608 
5.360011 
5.399643 
5.371898 
5.349001 
5.329986 
5.338850 
5.378659 
5.362133 
5.326648 
5.327478 
5.300233 
5.363859 
5.323231 
5.320653 
5.341201 
5.331249 
5.300595 
5.325199 
5.320521 
5.336058 
5.340714 
5.375175 
5.301028 
5.306846 
5.333318 
5.327068 
5.335874 
5.321715 
5.316746 
5.331595 
5.332498 
5.334471 
5.344750 
5.357344 
5.330556 
5.341528 
5.278604 
5.334506 
5.329346 
5.342655 
5.335537 
5.354963 
5.301943 
5.333789 
5.306895 
5.373165 
5.350002 
5.354266 
5.319785 
5.333816 
5.341896 
5.330789 
5.326635 
5.369907 
5.319499 
5.332565 
5.368675 
5.339750 
5.312841 
5.339999 
5.314833 
5.338154 
5.344280 
5.325018 
5.349064 
5.319885 
5.323033 
5.324307 
5.327380 
5.361452 
5.341714 
5.334702 
5.362069 
5.339145 
5.337036 
5.339686 
5.320174 
5.382557 
5.317978 
5.371678 
5.365748 
5.379049 
5.342155 
5.332771 
5.318200 
5.348319 
5.356862 
5.351357 
5.342083 
5.296987 
5.316389 
5.308609 
5.324042 
5.350565 
5.334205 
5.344135 
5.362627 
5.365402 
5.343516 
5.323029 
5.364113 
5.355507 
5.337706 
5.330210 
5.331398 
5.352055 
5.321004 
5.327256 
5.360505 
5.361558 
5.299912 
5.348763 
5.357152 
5.375871 
5.385583 
5.360620 
5.362436 
5.343528 
5.370706 
5.340874 
5.338929 
5.316144 
5.361140 
5.320951 
5.337482 
5.366888 
5.352057 
5.366570 
5.353820 
5.322409 
5.322184 
5.312749 
5.305348 
5.311976 
5.325545 
5.353111 
5.354457 
5.320030 
5.345222 
5.325660 
5.354348 
5.357777 
5.331251 
5.312064 
5.306300 
5.318723 
5.375378 
5.365378 
5.347131 
5.359468 
5.383004 
5.355076 
5.322483 
5.345693 
5.360648 
5.343497 
5.315816 
5.336362 
5.331419 
5.347050 
5.346685 
5.380232 
5.341460 
5.317370 
5.325404 
5.354197 
5.324538 
5.364107 
5.349771 
5.340542 
5.330056 
5.324909 
5.340800 
5.321627 
5.332588 
5.322815 
5.325417 
5.355397 
5.342617 
5.301442 
5.328960 
5.304362 
5.272441 
5.334843 
5.299667 
5.314679 
5.275079 
5.339544 
5.298492 
5.340978 
5.334398 
5.340382 
5.346277 
5.325409 
5.345464 
5.348580 
5.309201 
5.333497 
5.338207 
5.323343 
5.324623 
5.312740 
5.335198 
5.316377 
5.327489 
5.347547 
5.340251 
5.338770 
5.297158 
5.350746 
5.350885 
5.340376 
5.340959 
5.337739 
5.313698 
5.367653 
5.333437 
5.341446 
5.365418 
5.354310 
5.340095 
5.355633 
5.309648 
5.360140 
5.340180 
5.343454 
5.362306 
5.352507 
5.337517 
5.352752 
5.354689 
5.335330 
5.341492 
5.323558 
5.335577 
5.329770 
5.329217 
5.347550 
5.328765 
5.309606 
5.298674 
5.309962 
5.355301 
5.340175 
5.338758 
5.349435 
5.330107 
5.340272 
5.331696 
5.340767 
5.367899 
5.354248 
5.375999 
5.347934 
5.327900 
5.306170 
5.324735 
5.312789 
5.316584 
5.375823 
5.376440 
5.397496 
5.369401 
5.341633 
5.314116 
5.319929 
5.339749 
5.322533 
5.291103 
5.322947 
5.310921 
5.329365 
5.346487 
5.371341 
5.334647 
5.338196 
5.347411 
5.343663 
5.326331 
5.312568 
5.344993 
5.341424 
5.327449 
5.336267 
5.326674 
5.324447 
5.390750 
5.331550 
5.338134 
5.349789 
5.359830 
5.350381 
5.369747 
5.361615 
5.386967 
5.378459 
5.335910 
5.332672 
5.343456 
5.287397 
5.340370 
5.351879 
5.331932 
5.334945 
5.329980 
5.356405 
5.350141 
5.334544 
5.305197 
5.334948 
5.358386 
5.327024 
5.322723 
5.316128 
5.348552 
5.325629 
5.334044 
5.312375 
5.364253 
5.334988 
5.311856 
5.302544 
5.340659 
5.349396 
5.338232 
5.309385 
5.310860 
5.317213 
5.344620 
5.368878 
5.356918 
5.308424 
5.339456 
5.308274 
5.347492 
5.344040 
5.347581 
5.328507 
5.292808 
5.335474 
5.335104 
5.377625 
5.345910 
5.337807 
5.341193 
5.346391 
5.318564 
5.336418 
5.351891 
5.332173 
5.327543 
5.335138 
5.357917 
5.377210 
5.356507 
5.297138 
5.346373 
5.315631 
5.314738 
5.317788 
5.348936 
5.350916 
5.297358 
5.324464 
5.289974 
5.309135 
5.316960 
5.329726 
5.286206 
5.317159 
5.351370 
5.340282 
5.357866 
5.353941 
5.347583 
5.306172 
5.321307 
5.336572 
5.315704 
5.327670 
5.356910 
5.338516 
5.348309 
5.339008 
5.317797 
5.320379 
5.352843 
5.379642 
5.360259 
5.311930 
5.319729 
5.316012 
5.329531 
5.336801 
5.298932 
5.309140 
5.345299 
5.359182 
5.326005 
5.338222 
5.294153 
5.291620 
5.349543 
5.323881 
5.362663 
5.344685 
5.339853 
5.328731 
5.323516 
5.323817 
5.335662 
5.341652 
5.329788 
5.329110 
5.357851 
5.304617 
5.368311 
5.355254 
5.336996 
5.317773 
5.319824 
5.362984 
5.332541 
5.314394 
5.355632 
5.354033 
5.321828 
5.292280 
5.358575 
5.339701 
5.318490 
5.358967 
5.354573 
5.323776 
5.344172 
5.382089 
5.362584 
5.332629 
5.322185 
5.282750 
5.364471 
5.369869 
5.351437 
5.370314 
5.340334 
5.357915 
5.338466 
5.355260 
5.339667 
5.311154 
5.300783 
5.284402 
5.327581 
5.315632 
5.331833 
5.355426 
5.348394 
5.330849 
5.322618 
5.360000 
5.373998 
5.367880 
5.371195 
5.339441 
5.348860 
5.355225 
5.366836 
5.364006 
5.363515 
5.329187 
5.336063 
5.373272 
5.354440 
5.341248 
5.308741 
5.332307 
5.369898 
5.372457 
5.386031 
5.413368 
5.340938 
5.346856 
5.322057 
5.350545 
5.340257 
5.345260 
5.320357 
5.340738 
5.341638 
5.351420 
5.379389 
5.337330 
5.344403 
5.323582 
5.316544 
5.348873 
5.329372 
5.365126 
5.360372 
5.384786 
5.351861 
5.318657 
5.320255 
5.348048 
5.339664 
5.271236 
5.302189 
5.313132 
5.324256 
5.300973 
5.313147 
5.317131 
5.356799 
5.345916 
5.324865 
5.357203 
5.359558 
5.359891 
5.378088 
5.342692 
5.318878 
5.335639 
5.316875 
5.323214 
5.307281 
5.320952 
5.312830 
5.340027 
5.313229 
5.358328 
5.296780 
5.314903 
5.292720 
5.316577 
5.314332 
5.366952 
5.327286 
5.311101 
5.359953 
5.346119 
5.326540 
5.327647 
5.300902 
5.310961 
5.328860 
5.313738 
5.318692 
5.327078 
5.324020 
5.322970 
5.296205 
5.328791 
5.339135 
5.304583 
5.341600 
5.348668 
5.335864 
5.352718 
5.343915 
5.330037 
5.290414 
5.329144 
5.375046 
5.299126 
5.321087 
5.307165 
5.279911 
5.331207 
5.326793 
5.344232 
5.356213 
5.368124 
5.336596 
5.331801 
5.359856 
5.345242 
5.347535 
5.351132 
5.371220 
5.311823 
5.336134 
5.336117 
5.321515 
5.330367 
5.348463 
5.314321 
5.341657 
5.343329 
5.322591 
5.363140 
5.307067 
5.317863 
5.333761 
5.346683 
5.381939 
5.352925 
5.305770 
5.361635 
5.318252 
5.335913 
5.352533 
5.390187 
5.338723 
5.352180 
5.336017 
5.355287 
5.350500 
5.350262 
5.370700 
5.381885 
5.356630 
5.350744 
5.332832 
5.376567 
5.351364 
5.323244 
5.301380 
5.319177 
5.337567 
5.303740 
5.308493 
5.356489 
5.348493 
5.354116 
5.360317 
5.350525 
5.289236 
5.336678 
5.353640 
5.357922 
5.334522 
5.371033 
5.308344 
5.319208 
5.331272 
5.319532 
5.335997 
5.334952 
5.357669 
5.358819 
5.323255 
5.359457 
5.347284 
5.342333 
5.350607 
5.384978 
5.338618 
5.365216 
5.361374 
5.346931 
5.374671 
5.383028 
5.360261 
5.355080 
5.342612 
5.334915 
5.341839 
5.357554 
5.320020 
5.317663 
5.333880 
5.325463 
5.329708 
5.342017 
5.326328 
5.328855 
5.384679 
5.337867 
5.346739 
5.378338 
5.335058 
5.327413 
5.331060 
5.334535 
5.293119 
5.357626 
5.343120 
5.377877 
5.341304 
5.334255 
5.327486 
5.323404 
5.317576 
5.337171 
5.347834 
5.334089 
5.326394 
5.337084 
5.313331 
5.314697 
5.317001 
5.338914 
5.317849 
5.335509 
5.344063 
5.333389 
5.349062 
5.326727 
5.321557 
5.299445 
5.327715 
5.317405 
5.327694 
5.306652 
5.348890 
5.355963 
5.314803 
5.354480 
5.360457 
5.358404 
5.344757 
5.382956 
5.347473 
5.350022 
5.341138 
5.332408 
5.349984 
5.341230 
5.343940 
5.332566 
5.354554 
5.315316 
5.344415 
5.332603 
5.299494 
5.307296 
5.345820 
5.368905 
5.330066 
5.313255 
5.304208 
5.305874 
5.331019 
5.333411 
5.352792 
5.338770 
5.314013 
5.344937 
5.376671 
5.363114 
5.350535 
5.344325 
5.338426 
5.367044 
5.351787 
5.313874 
5.348526 
5.304342 
5.309944 
5.369283 
5.337635 
5.364593 
5.330743 
5.351851 
5.311593 
5.319256 
5.348306 
5.344915 
5.322681 
5.327316 
5.328860 
5.316252 
5.303703 
5.325789 
5.294301 
5.338312 
5.350455 
5.406820 
5.379025 
5.344601 
5.311267 
5.336013 
5.317916 
5.312147 
5.327241 
5.320196 
5.350113 
5.355097 
5.373612 
5.326757 
5.314677 
5.334590 
5.302280 
5.344099 
5.307475 
5.334688 
5.331158 
5.340866 
5.306046 
5.343114 
5.309110 
5.318049 
5.328300 
5.332772 
5.330578 
5.327104 
5.311212 
5.302329 
5.323977 
5.369953 
5.355362 
5.369823 
5.356354 
5.305001 
5.302092 
5.332906 
5.352950 
5.372201 
5.349581 
5.339679 
5.365716 
5.368574 
5.340807 
5.329027 
5.361040 
5.365636 
5.356324 
5.357071 
5.332875 
5.338239 
5.354586 
5.308395 
5.307799 
5.301495 
5.304627 
5.310135 
5.325352 
5.297779 
5.283720 
5.294770 
5.331901 
5.329432 
5.364280 
5.308545 
5.313292 
5.321807 
5.315987 
5.328932 
5.357729 
5.329616 
5.315274 
5.328106 
5.334661 
5.334345 
5.328948 
5.320875 
5.363827 
5.404296 
5.339647 
5.298694 
5.344805 
5.366423 
5.359736 
5.367685 
5.344021 
5.333325 
5.349728 
5.354232 
5.363615 
5.324268 
5.319287 
5.329740 
5.329928 
5.330280 
5.351484 
5.358997 
5.362836 
5.342341 
5.337874 
5.332695 
5.333032 
5.323698 
5.325736 
5.329799 
5.304959 
5.345806 
5.369013 
5.377151 
5.361464 
5.354052 
5.367940 
5.346497 
5.316431 
5.333178 
5.331189 
5.306099 
5.326648 
5.360629 
5.366628 
5.292493 
5.310656 
5.346948 
5.332819 
5.337457 
5.334186 
5.327861 
5.343960 
5.351610 
5.372202 
5.364277 
5.379763 
5.344344 
5.320762 
5.296374 
5.316026 
5.341962 
5.373265 
5.337762 
5.303940 
5.282844 
5.298740 
5.345211 
5.379457 
5.362695 
5.370581 
5.349016 
5.353205 
5.328951 
5.329871 
5.298113 
5.284298 
5.363841 
5.365575 
5.351501 
5.345304 
5.341538 
5.339188 
5.352483 
5.336645 
5.321220 
5.321864 
5.333951 
5.349335 
5.329114 
5.346752 
5.349131 
5.328124 
5.318871 
5.329701 
5.374741 
5.395853 
5.350591 
5.387530 
5.364998 
5.353821 
5.309820 
5.333302 
5.310527 
5.295221 
5.331198 
5.377143 
5.342696 
5.326797 
5.311850 
5.338107 
5.339721 
5.351627 
5.357947 
5.355074 
5.359222 
5.295733 
5.333194 
5.328321 
5.339095 
5.308380 
5.318837 
5.298433 
5.281406 
5.328624 
5.315777 
5.341589 
5.327513 
5.286351 
5.355402 
5.312084 
5.353029 
5.343863 
5.345390 
5.367270 
5.295140 
5.268687 
5.340629 
5.345932 
5.353567 
5.326487 
5.335904 
5.325736 
5.347976 
5.331681 
5.350518 
5.330205 
5.341366 
5.343352 
5.338775 
5.377234 
5.357653 
5.354505 
5.345868 
5.338166 
5.358021 
5.336642 
5.339464 
5.326408 
5.352715 
5.335772 
5.323774 
5.336055 
5.343444 
5.369451 
5.347110 
5.343598 
5.328366 
5.333910 
5.301472 
5.346865 
5.349051 
5.355153 
5.354788 
5.344859 
5.377776 
5.401213 
5.351961 
5.326459 
5.339060 
5.329183 
5.339285 
5.303611 
5.377302 
5.322406 
5.320969 
5.328264 
5.353004 
5.409890 
5.346719 
5.326248 
5.300740 
5.326519 
5.312405 
5.337021 
5.351859 
5.346133 
5.336188 
5.337724 
5.339410 
5.293007 
5.342692 
5.344386 
5.366979 
5.343785 
5.340280 
5.283561 
5.317146 
5.370896 
5.373454 
5.366984 
5.361727 
5.336048 
5.326571 
5.365677 
5.348201 
5.344904 
5.353305 
5.342381 
5.391941 
5.340123 
5.329567 
5.328541 
5.307564 
5.324784 
5.345450 
5.363297 
5.349679 
5.338862 
5.327036 
5.349523 
5.376169 
5.339033 
5.347894 
5.355277 
5.361811 
5.351389 
5.337533 
5.315365 
5.345815 
5.361083 
5.359192 
5.343944 
5.357741 
5.370711 
5.330726 
5.325671 
5.378946 
5.356800 
5.334048 
5.336412 
5.322444 
5.330474 
5.359679 
5.349749 
5.334310 
5.349111 
5.360372 
5.355583 
5.357715 
5.350248 
5.351076 
5.345630 
5.312750 
5.320487 
5.318620 
5.347430 
5.348328 
5.390755 
5.355846 
5.362313 
5.345623 
5.330660 
5.324414 
5.294133 
5.331096 
5.342122 
5.299284 
5.318020 
5.340549 
5.323433 
5.345501 
5.359465 
5.378481 
5.331542 
5.290231 
5.315617 
5.297592 
5.357037 
5.326479 
5.316488 
5.295313 
5.322712 
5.321664 
5.345488 
5.341606 
5.357411 
5.327423 
5.330378 
5.326392 
5.337125 
5.345536 
5.337995 
5.338782 
5.341234 
5.335928 
5.369340 
5.311923 
5.356940 
5.296153 
5.337759 
5.303503 
5.349748 
5.323742 
5.326238 
5.316165 
5.304943 
5.344215 
5.328711 
5.327626 
5.350624 
5.318229 
5.328002 
5.309408 
5.362106 
5.312561 
5.324819 
5.349659 
5.299317 
5.323843 
5.358754 
5.352515 
5.349838 
5.290145 
5.294112 
5.318142 
5.317489 
5.302032 
5.359998 
5.339760 
5.354347 
5.347914 
5.352656 
5.337075 
5.348035 
5.357704 
5.367869 
5.377086 
5.326057 
5.342446 
5.332754 
5.347405 
5.357792 
5.361970 
5.375528 
5.339150 
5.345760 
5.371052 
5.307055 
5.350100 
5.330895 
5.339678 
5.332138 
5.333545 
5.310168 
5.332232 
5.356174 
5.343144 
5.330105 
5.370068 
5.343862 
5.349094 
5.361505 
5.313713 
5.288161 
5.304219 
5.357527 
5.377205 
5.377606 
5.373015 
5.344028 
5.344341 
5.343954 
5.343673 
5.293904 
5.286568 
5.318177 
5.342646 
5.352705 
5.338048 
5.330417 
5.313837 
5.323343 
5.336879 
5.342710 
5.356588 
5.337469 
5.324368 
5.315922 
5.344092 
5.302250 
5.336886 
5.308956 
5.313025 
5.321205 
5.322367 
5.340801 
5.323888 
5.331021 
5.334756 
5.350463 
5.361023 
5.327552 
5.372460 
5.330417 
5.360072 
5.314124 
5.312672 
5.324264 
5.315917 
5.333861 
5.372768 
5.343049 
5.346840 
5.333551 
5.340793 
5.378649 
5.349593 
5.343548 
5.331550 
5.346389 
5.344087 
5.302509 
5.388099 
5.320115 
5.315544 
5.352314 
5.324021 
5.327823 
5.316061 
5.314305 
5.327416 
5.308012 
5.331692 
5.333862 
5.318918 
5.346142 
5.332089 
5.300398 
5.307131 
5.334817 
5.349207 
5.371287 
5.369196 
5.339917 
5.309928 
5.321414 
5.306180 
5.352961 
5.354820 
5.366870 
5.344864 
5.325240 
5.324503 
5.319807 
5.335801 
5.312130 
5.321671 
5.304261 
5.351029 
5.332469 
5.336583 
5.335236 
5.344968 
5.334166 
5.301767 
5.295174 
5.299500 
5.327230 
5.344569 
5.299614 
5.351639 
5.339775 
5.317013 
5.356189 
5.335967 
5.353968 
5.326143 
5.316707 
5.336205 
5.318826 
5.344909 
5.330149 
5.357675 
5.349550 
5.318723 
5.305427 
5.298025 
5.333156 
5.341812 
5.313186 
5.344845 
5.345378 
5.357281 
5.340436 
5.323855 
5.267163 
5.317007 
5.294888 
5.290388 
5.348865 
5.361045 
5.325557 
5.299541 
5.314972 
5.333991 
5.320719 
5.336623 
5.327246 
5.354338 
5.298892 
5.295229 
5.320054 
5.302623 
5.328367 
5.379032 
5.336642 
5.339971 
5.340795 
5.362662 
5.309376 
5.317210 
5.333035 
5.363756 
5.345071 
5.355192 
5.336479 
5.337069 
5.321808 
5.318233 
5.307035 
5.391402 
5.390460 
5.361059 
5.341923 
5.342048 
5.358025 
5.340847 
5.290726 
5.310873 
5.328875 
5.351849 
5.391261 
5.370151 
5.334936 
5.312686 
5.284353 
5.299944 
5.305305 
5.325287 
5.385089 
5.378919 
5.361140 
5.344898 
5.338652 
5.330330 
5.349051 
5.319643 
5.393016 
5.353838 
5.341041 
5.370721 
5.342541 
5.335182 
5.302065 
5.330697 
5.336616 
5.324010 
5.317444 
5.325163 
5.316267 
5.336189 
5.323839 
5.307462 
5.367293 
5.332525 
5.348877 
5.285035 
5.375157 
5.370491 
5.341127 
5.311205 
5.346344 
5.361141 
5.325781 
5.357758 
5.320587 
5.324193 
5.356810 
5.346934 
5.338756 
5.351550 
5.384065 
5.384603 
5.335513 
5.346562 
5.338102 
5.343138 
5.313894 
5.349300 
5.336780 
5.246339 
5.322521 
5.301061 
5.320055 
5.346039 
5.327012 
5.352812 
5.313015 
5.373323 
5.319001 
5.390619 
5.369027 
5.306323 
5.325060 
5.345288 
5.324342 
5.309387 
5.323402 
5.331939 
5.292421 
5.336036 
5.344695 
5.339549 
5.336873 
5.356082 
5.296312 
5.300581 
5.337908 
5.322968 
5.314293 
5.335557 
5.323898 
5.338274 
5.366653 
5.352781 
5.394220 
5.358666 
5.382425 
5.356049 
5.313561 
5.323878 
5.295060 
5.304479 
5.337568 
5.328549 
5.291270 
5.331626 
5.339467 
5.359767 
5.373450 
5.379308 
5.357289 
5.355409 
5.360702 
5.331605 
5.307984 
5.311419 
5.358198 
5.361082 
5.371903 
5.329736 
5.317311 
5.335901 
5.358216 
5.361690 
5.346642 
5.298001 
5.341757 
5.319560 
5.341954 
5.350959 
5.322489 
5.292988 
5.331188 
5.372591 
5.340249 
5.310714 
5.319973 
5.359214 
5.329261 
5.352748 
5.336436 
5.318501 
5.356447 
5.349580 
5.310581 
5.295878 
5.330053 
5.366513 
5.329323 
5.339125 
5.343714 
5.390310 
5.333531 
5.351503 
5.339776 
5.317242 
5.320531 
5.294262 
5.368953 
5.341243 
5.318652 
5.317041 
5.337234 
5.282746 
5.327295 
5.342932 
5.322884 
5.331716 
5.368594 
5.325215 
5.321299 
5.318810 
5.328332 
5.320839 
5.359930 
5.328666 
5.344998 
5.337586 
5.389637 
5.297196 
5.335811 
5.363881 
5.378577 
5.371438 
5.332726 
5.382614 
5.338685 
5.375599 
5.367991 
5.327226 
5.331609 
5.348314 
5.317819 
5.337051 
5.334697 
5.318862 
5.340556 
5.343765 
5.354483 
5.357138 
5.312653 
5.311031 
5.347496 
5.320204 
5.310855 
5.294339 
5.298715 
5.350955 
5.318680 
5.319761 
5.355180 
5.335662 
5.330892 
5.313848 
5.337213 
5.341605 
5.337870 
5.346206 
5.380207 
5.388927 
5.333866 
5.346919 
5.365209 
5.359223 
5.311848 
5.324980 
5.307153 
5.317374 
5.313706 
5.351360 
5.349470 
5.366804 
5.329402 
5.326556 
5.370854 
5.351250 
5.335087 
5.304672 
5.346677 
5.365716 
5.319245 
5.330056 
5.336788 
5.371117 
5.375859 
5.373264 
5.398420 
5.292975 
5.303620 
5.339591 
5.325419 
5.318851 
5.317299 
5.341602 
5.353156 
5.358289 
5.351119 
5.352458 
5.339339 
5.330052 
5.337347 
5.346157 
5.365101 
5.310203 
5.308496 
5.342592 
5.346721 
5.341696 
5.362736 
5.330133 
5.351177 
5.322915 
5.312627 
5.335951 
5.370827 
5.354413 
5.353528 
5.316154 
5.316418 
5.320903 
5.332456 
5.350975 
5.346571 
5.319132 
5.332996 
5.306523 
5.301565 
5.340542 
5.332167 
5.356606 
5.344880 
5.362241 
5.370189 
5.393611 
5.378751 
5.359934 
5.371172 
5.335170 
5.326052 
5.393382 
5.347505 
5.295037 
5.339223 
5.315963 
5.378208 
5.396751 
5.348698 
5.345058 
5.335701 
5.297621 
5.332066 
5.348601 
5.352733 
5.315196 
5.320399 
5.350290 
5.326610 
5.296552 
5.310622 
5.322240 
5.297824 
5.310990 
5.299711 
5.344357 
5.318029 
5.330274 
5.319261 
5.324238 
5.318675 
5.325482 
5.362491 
5.355181 
5.377643 
5.360394 
5.355267 
5.329070 
5.320322 
5.336983 
5.333095 
5.324013 
5.343940 
5.303327 
5.342674 
5.339565 
5.381343 
5.345019 
5.335448 
5.359597 
5.341095 
5.361867 
5.339879 
5.331568 
5.340935 
5.299313 
5.320145 
5.381796 
5.357019 
5.375292 
5.330058 
5.324090 
5.326355 
5.362557 
5.336241 
5.341447 
5.373685 
5.358963 
5.389494 
5.369621 
5.328104 
5.342966 
5.351131 
5.368661 
5.347548 
5.327119 
5.331579 
5.337309 
5.336855 
5.316140 
5.298013 
5.294674 
5.342011 
5.345912 
5.341282 
5.377095 
5.372418 
5.317816 
5.337816 
5.343135 
5.351109 
5.342042 
5.311110 
5.305037 
5.344613 
5.340453 
5.337277 
5.378075 
5.334585 
5.309376 
5.293757 
5.332212 
5.345322 
5.365638 
5.353687 
5.344919 
5.340274 
5.359300 
5.360405 
5.378453 
5.294565 
5.284750 
5.304723 
5.338712 
5.332601 
5.349934 
5.348536 
5.315447 
5.367181 
5.375519 
5.343059 
5.328038 
5.324648 
5.306788 
5.325132 
5.326889 
5.269937 
5.314989 
5.340627 
5.358039 
5.347956 
5.380069 
5.359306 
5.318299 
5.316817 
5.395254 
5.367309 
5.402826 
5.355771 
5.356530 
5.354745 
5.356952 
5.355318 
5.347522 
5.324308 
5.326968 
5.338636 
5.308354 
5.350457 
5.308681 
5.339126 
5.353882 
5.364459 
5.385369 
5.325237 
5.328291 
5.332036 
5.315816 
5.343043 
5.319366 
5.335993 
5.327012 
5.353486 
5.293809 
5.349195 
5.334104 
5.342290 
5.323735 
5.339593 
5.318424 
5.269499 
5.350068 
5.367888 
5.374703 
5.327243 
5.352765 
5.298140 
5.337162 
5.329268 
5.325574 
5.402937 
5.341442 
5.330383 
5.342016 
5.341055 
5.385509 
5.332833 
5.357732 
5.376184 
5.324124 
5.375999 
5.315156 
5.330292 
5.354415 
5.292503 
5.359588 
5.334858 
5.352068 
5.354861 
5.374144 
5.347598 
5.303340 
5.354745 
5.343095 
5.328000 
5.330852 
5.316589 
5.321021 
5.346393 
5.347413 
5.332649 
5.351047 
5.330127 
5.340982 
5.361860 
5.363196 
5.367242 
5.336455 
5.322202 
5.331056 
5.384858 
5.356786 
5.346417 
5.329311 
5.349040 
5.355746 
5.360409 
5.321790 
5.317946 
5.375165 
5.375628 
5.331873 
5.344981 
5.356603 
5.362702 
5.373397 
5.337025 
5.332736 
5.347742 
5.318283 
5.287139 
5.294789 
5.318800 
5.344005 
5.313626 
5.335773 
5.345132 
5.336109 
5.331573 
5.308044 
5.318334 
5.298758 
5.309743 
5.337027 
5.308296 
5.305703 
5.353741 
5.364998 
5.331909 
5.339559 
5.341759 
5.329561 
5.348983 
5.316929 
5.369050 
5.334968 
5.337913 
5.359433 
5.351946 
5.355119 
5.376984 
5.367098 
5.348796 
5.334570 
5.341428 
5.375393 
5.340618 
5.321508 
5.291479 
5.308797 
5.353295 
5.354872 
5.362771 
5.345294 
5.338508 
5.294549 
5.357895 
5.351500 
5.336127 
5.351025 
5.305163 
5.343190 
5.368168 
5.365091 
5.369544 
5.302958 
5.288660 
5.308693 
5.373528 
5.348335 
5.281990 
5.316011 
5.360759 
5.336740 
5.332015 
5.296719 
5.351969 
5.356408 
5.322342 
5.360380 
5.356197 
5.361889 
5.338049 
5.343382 
5.323385 
5.353192 
5.354631 
5.368253 
5.366365 
5.350102 
5.331994 
5.304901 
5.321170 
5.348505 
5.304359 
5.300888 
5.340475 
5.334269 
5.362732 
5.328555 
5.325177 
5.341139 
5.351335 
5.333524 
5.298989 
5.333701 
5.342068 
5.371021 
5.375020 
5.314321 
5.330826 
5.340639 
5.333408 
5.320714 
5.332292 
5.317219 
5.359208 
5.330334 
5.329450 
5.339643 
5.384697 
5.383099 
5.326365 
5.392182 
5.354847 
5.293504 
5.372341 
5.312933 
5.340549 
5.339426 
5.325733 
5.352458 
5.344888 
5.344517 
5.381074 
5.366542 
5.346947 
5.339358 
5.315535 
5.315526 
5.295841 
5.311503 
5.390163 
5.354806 
5.344998 
5.338501 
5.365540 
5.327095 
5.340690 
5.345139 
5.352589 
5.351022 
5.282558 
5.301736 
5.293527 
5.319351 
5.274856 
5.361875 
5.362335 
5.377922 
5.338708 
5.314048 
5.356477 
5.344734 
5.352650 
5.365201 
5.380816 
5.382589 
5.331683 
5.326495 
5.344787 
5.349361 
5.345393 
5.385253 
5.379718 
5.371771 
5.381621 
5.371301 
5.375307 
5.318938 
5.323978 
5.290517 
5.309423 
5.288501 
5.355857 
5.312900 
5.355339 
5.344003 
5.364719 
5.338840 
5.368702 
5.357241 
5.373431 
5.362118 
5.331165 
5.383644 
5.369816 
5.341867 
5.296801 
5.318937 
5.329474 
5.363125 
5.368209 
5.348030 
5.336986 
5.347056 
5.352931 
5.345799 
5.344522 
5.345853 
5.314434 
5.343288 
5.335493 
5.359466 
5.319027 
5.317894 
5.296368 
5.309948 
5.350096 
5.349250 
5.331304 
5.351034 
5.330261 
5.330605 
5.307485 
5.329561 
5.335198 
5.328833 
5.314543 
5.347726 
5.379790 
5.321528 
5.371743 
5.323278 
5.302973 
5.347279 
5.377515 
5.308234 
5.320997 
5.340744 
5.339727 
5.364045 
5.328811 
5.364278 
5.328208 
5.359858 
5.335585 
5.318056 
5.310751 
5.367497 
5.318100 
5.351543 
5.305536 
5.324592 
5.322725 
5.311148 
5.343031 
5.354694 
5.339960 
5.317263 
5.303504 
5.301710 
5.322920 
5.311231 
5.313942 
5.292281 
5.322489 
5.337447 
5.337629 
5.315284 
5.330827 
5.333642 
5.335367 
5.333858 
5.341489 
5.383446 
5.313649 
5.344079 
5.350216 
5.336679 
5.351443 
5.355941 
5.333288 
5.331452 
5.352928 
5.332443 
5.334099 
5.316371 
5.304124 
5.314779 
5.337332 
5.316163 
5.346903 
5.376626 
5.330105 
5.338174 
5.372236 
5.359131 
5.318333 
5.321688 
5.345417 
5.323666 
5.317194 
5.355901 
5.370309 
5.345068 
5.294704 
5.302616 
5.323966 
5.337772 
5.341655 
5.341002 
5.328122 
5.359406 
5.332958 
5.343013 
5.305236 
5.355658 
5.370692 
5.360585 
5.354676 
5.354909 
5.345814 
5.361877 
5.353655 
5.336518 
5.378420 
5.374210 
5.344841 
5.379830 
5.381210 
5.399419 
5.367870 
5.353077 
5.340256 
5.310149 
5.326880 
5.348418 
5.327843 
5.355222 
5.374562 
5.353927 
5.306927 
5.348570 
5.318905 
5.340103 
5.353618 
5.335964 
5.375597 
5.357727 
5.334365 
5.321591 
5.326077 
5.341847 
5.359205 
5.333685 
5.372894 
5.332950 
5.311022 
5.352786 
5.301003 
5.345591 
5.332186 
5.343330 
5.337934 
5.361538 
5.309217 
5.307427 
5.323902 
5.330126 
5.314994 
5.295156 
5.363005 
5.341515 
5.372998 
5.317727 
5.355128 
5.328595 
5.326346 
5.357503 
5.338685 
5.359765 
5.343386 
5.379597 
5.350941 
5.340929 
5.294249 
5.320115 
5.352207 
5.311906 
5.331859 
5.343028 
5.306395 
5.375210 
5.302502 
5.321359 
5.303709 
5.346559 
5.345374 
5.364814 
5.324119 
5.350372 
5.347719 
5.351088 
5.343454 
5.368996 
5.355192 
5.298983 
5.350013 
5.373905 
5.343049 
5.271359 
5.336868 
5.364449 
5.330747 
5.348574 
5.325847 
5.342507 
5.329280 
5.340885 
5.369415 
5.376842 
5.339968 
5.348283 
5.327130 
5.321720 
5.335686 
5.373851 
5.317762 
5.332686 
5.358897 
5.335906 
5.337657 
5.330519 
5.321009 
5.312804 
5.344779 
5.314037 
5.321474 
5.372242 
5.335029 
5.358881 
5.375546 
5.314840 
5.320195 
5.311280 
5.315267 
5.286083 
5.326824 
5.325246 
5.337540 
5.291349 
5.305264 
5.336854 
5.345700 
5.350396 
5.340820 
5.318135 
5.302300 
5.344124 
5.368160 
5.336740 
5.339966 
5.357542 
5.353816 
5.339608 
5.387232 
5.325406 
5.324858 
5.323756 
5.316626 
5.358954 
5.346086 
5.354219 
5.353620 
5.375595 
5.347225 
5.303804 
5.379385 
5.329075 
5.276123 
5.289924 
5.309607 
5.335011 
5.309745 
5.309854 
5.320814 
5.296442 
5.330948 
5.353623 
5.299679 
5.341358 
5.368447 
5.368991 
5.317968 
5.315851 
5.305031 
5.355592 
5.368306 
5.372424 
5.367954 
5.327971 
5.308458 
5.321570 
5.344800 
5.320275 
5.320774 
5.274645 
5.317891 
5.324233 
5.349846 
5.367377 
5.355678 
5.327403 
5.283987 
5.351956 
5.355699 
5.346552 
5.392099 
5.352834 
5.362147 
5.348930 
5.346283 
5.352295 
5.370133 
5.384243 
5.367399 
5.355727 
5.327542 
5.325207 
5.311012 
5.384254 
5.395114 
5.365065 
5.354895 
5.353024 
5.319011 
5.312272 
5.301170 
5.358059 
5.345379 
5.314725 
5.337450 
5.345160 
5.385452 
5.371532 
5.346468 
5.375588 
5.303419 
5.320466 
5.326922 
5.369871 
5.330048 
5.331095 
5.391043 
5.350597 
5.381489 
5.301572 
5.324705 
5.354109 
5.371442 
5.331962 
5.337229 
5.330750 
5.351050 
5.312031 
5.343372 
5.327585 
5.333507 
5.341264 
5.358890 
5.362282 
5.333977 
5.312947 
5.354173 
5.321123 
5.290940 
5.300376 
5.351668 
5.337006 
5.311974 
5.322530 
5.349392 
5.325648 
5.324165 
5.347945 
5.328969 
5.365083 
5.274119 
5.278987 
5.304997 
5.325775 
5.372139 
5.333091 
5.354897 
5.362001 
5.344077 
5.319890 
5.312865 
5.351529 
5.354766 
5.332589 
5.337879 
5.304271 
5.367243 
5.349262 
5.358502 
5.348090 
5.384119 
5.350147 
5.351556 
5.337898 
5.349466 
5.352323 
5.338173 
5.350526 
5.347433 
5.331865 
5.315335 
5.303677 
5.293719 
5.311973 
5.320973 
5.331104 
5.336978 
5.326277 
5.325343 
5.323839 
5.335858 
5.361426 
5.300236 
5.344444 
5.336468 
5.329111 
5.350315 
5.342127 
5.322424 
5.344392 
5.403208 
5.382537 
5.348468 
5.313623 
5.356924 
5.354547 
5.313018 
5.323743 
5.308745 
5.313076 
5.303924 
5.322250 
5.344062 
5.342577 
5.322957 
5.330438 
5.336739 
5.345506 
5.355070 
5.362099 
5.370923 
5.322611 
5.327632 
5.323569 
5.316717 
5.339457 
5.350844 
5.335004 
5.296323 
5.306686 
5.352495 
5.362959 
5.378169 
5.334786 
5.313476 
5.284069 
5.345102 
5.327406 
5.341062 
5.357621 
5.354033 
5.363362 
5.330401 
5.333610 
5.360384 
5.351942 
5.334532 
5.329190 
5.314634 
5.350490 
5.306971 
5.305320 
5.311132 
5.340642 
5.330446 
5.346306 
5.323591 
5.313410 
5.352781 
5.406477 
5.335721 
5.316259 
5.312658 
5.338021 
5.339225 
5.317844 
5.346775 
5.331785 
5.338049 
5.339791 
5.358401 
5.354634 
5.378760 
5.359243 
5.340769 
5.305729 
5.344190 
5.365656 
5.311545 
5.291882 
5.328843 
5.296596 
5.276573 
5.334221 
5.339136 
5.345097 
5.351089 
5.328844 
5.365059 
5.342575 
5.342678 
5.312979 
5.329410 
5.351161 
5.353394 
5.325033 
5.363921 
5.330547 
5.339779 
5.308683 
5.330388 
5.289653 
5.319551 
5.304250 
5.329296 
5.321578 
5.366183 
5.324663 
5.361016 
5.309470 
5.298450 
5.337310 
5.355434 
5.334338 
5.305941 
5.317697 
5.328805 
5.328944 
5.340952 
5.321866 
5.338053 
5.358494 
5.317246 
5.361004 
5.315841 
5.318484 
5.330170 
5.336472 
5.333118 
5.365977 
5.359401 
5.327777 
5.381012 
5.363191 
5.356070 
5.321697 
5.371303 
5.347199 
5.278587 
5.337029 
5.343679 
5.313783 
5.307903 
5.340177 
5.377448 
5.353705 
5.342349 
5.309334 
5.378767 
5.372077 
5.338511 
5.328855 
5.318244 
5.319301 
5.322438 
5.350311 
5.327873 
5.360568 
5.304580 
5.329185 
5.319567 
5.332377 
5.335787 
5.330286 
5.301359 
5.360884 
5.340723 
5.344773 
5.304172 
5.328876 
5.341029 
5.309899 
5.301787 
5.338098 
5.344990 
5.310347 
5.327417 
5.347096 
5.351771 
5.359747 
5.371754 
5.349308 
5.359182 
5.267296 
5.309847 
5.314141 
5.340595 
5.343760 
5.326631 
5.326694 
5.328279 
5.379476 
5.377265 
5.365450 
5.364270 
5.372235 
5.358692 
5.364183 
5.350588 
5.318830 
5.333920 
5.348773 
5.324771 
5.334934 
5.374075 
5.356760 
5.362435 
5.338380 
5.326395 
5.296788 
5.339920 
5.367521 
5.341125 
5.312857 
5.317401 
5.362491 
5.327698 
5.329147 
5.346007 
5.319038 
5.355443 
5.363262 
5.360268 
5.331129 
5.343952 
5.323120 
5.356407 
5.347802 
5.363642 
5.334633 
5.312266 
5.350226 
5.349338 
5.335627 
5.323008 
5.330569 
5.265501 
5.302957 
5.309804 
5.338453 
5.396523 
5.360583 
5.380157 
5.358028 
5.344558 
5.355963 
5.358271 
5.333108 
5.314273 
5.379349 
5.311271 
5.330873 
5.331412 
5.323663 
5.356575 
5.332246 
5.293974 
5.308388 
5.354650 
5.373815 
5.342423 
5.300253 
5.321560 
5.314532 
5.294796 
5.337872 
5.323667 
5.335871 
5.359958 
5.298541 
5.333799 
5.356403 
5.374458 
5.394474 
5.349979 
5.329992 
5.330350 
5.329912 
5.338130 
5.328327 
5.324100 
5.287951 
5.300835 
5.304104 
5.343505 
5.295525 
5.359312 
5.314657 
5.357624 
5.320018 
5.303411 
5.333116 
5.331327 
5.354075 
5.345621 
5.294403 
5.357500 
5.340105 
5.364972 
5.328174 
5.328074 
5.356560 
5.369347 
5.323778 
5.343382 
5.390126 
5.315513 
5.328981 
5.353698 
5.300417 
5.330995 
5.315839 
5.322756 
5.358290 
5.360756 
5.374392 
5.335779 
5.331649 
5.329122 
5.311785 
5.309095 
5.386465 
5.371283 
5.309571 
5.371577 
5.340341 
5.318371 
5.348013 
5.304880 
5.371368 
5.345810 
5.343015 
5.361738 
5.306756 
5.309879 
5.278426 
5.349287 
5.344760 
5.329174 
5.310363 
5.324938 
5.319175 
5.336957 
5.327835 
5.337616 
5.328634 
5.354321 
5.355925 
5.299746 
5.331359 
5.353208 
5.293913 
5.335574 
5.370082 
5.334245 
5.338215 
5.305142 
5.342824 
5.307871 
5.293772 
5.318593 
5.304081 
5.380688 
5.368736 
5.351975 
5.338771 
5.327250 
5.361466 
5.350709 
5.333488 
5.298604 
5.327282 
5.315737 
5.344042 
5.362486 
5.330655 
5.316742 
5.349383 
5.322393 
5.368792 
5.352398 
5.340224 
5.351918 
5.342126 
5.340202 
5.301707 
5.289700 
5.307209 
5.364740 
5.353274 
5.296235 
5.358568 
5.272446 
5.306773 
5.376911 
5.398012 
5.365657 
5.349012 
5.317854 
5.324405 
5.356204 
5.378981 
5.378758 
5.327789 
5.315791 
5.336380 
5.310623 
5.362436 
5.339659 
5.302727 
5.335036 
5.339228 
5.330810 
5.362461 
5.354577 
5.334114 
5.348815 
5.335304 
5.324704 
5.343921 
5.346296 
5.325104 
5.336717 
5.298298 
5.339541 
5.335596 
5.295327 
5.319455 
5.350229 
5.373437 
5.332559 
5.344287 
5.364468 
5.319656 
5.327593 
5.353299 
5.343067 
5.309046 
5.302292 
5.365037 
5.356482 
5.376586 
5.330773 
5.351846 
5.358273 
5.344141 
5.389129 
5.355535 
5.369170 
5.388113 
5.310708 
5.316075 
5.312786 
5.329156 
5.338187 
5.352719 
5.362032 
5.313604 
5.350565 
5.319911 
5.332466 
5.310329 
5.310488 
5.330363 
5.342507 
5.351283 
5.357299 
5.355865 
5.309417 
5.317820 
5.327503 
5.355158 
5.370579 
5.358665 
5.349717 
5.348219 
5.375672 
5.356456 
5.368705 
5.345892 
5.343841 
5.322949 
5.311445 
5.320525 
5.307330 
5.308465 
5.289903 
5.358531 
5.365798 
5.360932 
5.380565 
5.340712 
5.340919 
5.309090 
5.355035 
5.341120 
5.333779 
5.330370 
5.343734 
5.340131 
5.346107 
5.317875 
5.366506 
5.344927 
5.335513 
5.362994 
5.361500 
5.343182 
5.366665 
5.325986 
5.348826 
5.282496 
5.352474 
5.318194 
5.345255 
5.360919 
5.329333 
5.321602 
5.332779 
5.300080 
5.337808 
5.349788 
5.347159 
5.343406 
5.326899 
5.328600 
5.328492 
5.352704 
5.358224 
5.291634 
5.281635 
5.325263 
5.349744 
5.362056 
5.384512 
5.346976 
5.301168 
5.342692 
5.320411 
5.360025 
5.331064 
5.310379 
5.319082 
5.286232 
5.300091 
5.298587 
5.348396 
5.340897 
5.342849 
5.367204 
5.330550 
5.345008 
5.334640 
5.325583 
5.313088 
5.343331 
5.354581 
5.335332 
5.332079 
5.312608 
5.341839 
5.332720 
5.358358 
5.334597 
5.336118 
5.356099 
5.342522 
5.367186 
5.346292 
5.350567 
5.333701 
5.359639 
5.332115 
5.347390 
5.322941 
5.369385 
5.396873 
5.353306 
5.351601 
5.344389 
5.350619 
5.340146 
5.315954 
5.336661 
5.300273 
5.330477 
5.331254 
5.348797 
5.311104 
5.332116 
5.336697 
5.295239 
5.350243 
5.342974 
5.310429 
5.330314 
5.345743 
5.368853 
5.318184 
5.332560 
5.320871 
5.359670 
5.333766 
5.383577 
5.376170 
5.342193 
5.368497 
5.315263 
5.347084 
5.338447 
5.356935 
5.346187 
5.333662 
5.346778 
5.359044 
5.339664 
5.319882 
5.329088 
5.336339 
5.347288 
5.345863 
5.325681 
5.344685 
5.343918 
5.332445 
5.318759 
5.371376 
5.338512 
5.369545 
5.297844 
5.309739 
5.336990 
5.359152 
5.397015 
5.355362 
5.340466 
5.362309 
5.365650 
5.340289 
5.360971 
5.335166 
5.375905 
5.397807 
5.318261 
5.334766 
5.322691 
5.336723 
5.326009 
5.345732 
5.355546 
5.342933 
5.324038 
5.255723 
5.322336 
5.327425 
5.393772 
5.376539 
5.354080 
5.377487 
5.349029 
5.365915 
5.361338 
5.360109 
5.350907 
5.323415 
5.304428 
5.325800 
5.348498 
5.357202 
5.334988 
5.299416 
5.359629 
5.360730 
5.319948 
5.321467 
5.334007 
5.307873 
5.332464 
5.353270 
5.381355 
5.328335 
5.313876 
5.304163 
5.343336 
5.330908 
5.339566 
5.354044 
5.332347 
5.344076 
5.363917 
5.359043 
5.350707 
5.276203 
5.329267 
5.332347 
5.328874 
5.355001 
5.333048 
5.361695 
5.351306 
5.352563 
5.316104 
5.298861 
5.325495 
5.303447 
5.344129 
5.358154 
5.360365 
5.348005 
5.344722 
5.289993 
5.318509 
5.335761 
5.375663 
5.353666 
5.350310 
5.328967 
5.323645 
5.321310 
5.336552 
5.349759 
5.359909 
5.331514 
5.378193 
5.307136 
5.323842 
5.345088 
5.336399 
5.385710 
5.325511 
5.333658 
5.343993 
5.324022 
5.348071 
5.347912 
5.352316 
5.347184 
5.317601 
5.310173 
5.319201 
5.338643 
5.328434 
5.338442 
5.291853 
5.358492 
5.313861 
5.318719 
5.364375 
5.345599 
5.367351 
5.348268 
5.362193 
5.325074 
5.337655 
5.329678 
5.341851 
5.349032 
5.341469 
5.335454 
5.344284 
5.396250 
5.346399 
5.345411 
5.337887 
5.295986 
5.336870 
5.345858 
5.347132 
5.339183 
5.353295 
5.347548 
5.345943 
5.316862 
5.307393 
5.334157 
5.333976 
5.318677 
5.320973 
5.312643 
5.333058 
5.355003 
5.366152 
5.324712 
5.298632 
5.293016 
5.296615 
5.301202 
5.334051 
5.338212 
5.365374 
5.384210 
5.345470 
5.374886 
5.359632 
5.306632 
5.317321 
5.303585 
5.319408 
5.326415 
5.344345 
5.386162 
5.344661 
5.346862 
5.355136 
5.336678 
5.344664 
5.334292 
5.342523 
5.372366 
5.321551 
5.297766 
5.338552 
5.338463 
5.338757 
5.328626 
5.330667 
5.324612 
5.346838 
5.350605 
5.328046 
5.320797 
5.378708 
5.353797 
5.362389 
5.351624 
5.327158 
5.375857 
5.333527 
5.313957 
5.363312 
5.354178 
5.341372 
5.345573 
5.312588 
5.304466 
5.336147 
5.356922 
5.337481 
5.340717 
5.344057 
5.335870 
5.316506 
5.358847 
5.331099 
5.300087 
5.318196 
5.313483 
5.337403 
5.326923 
5.370065 
5.371673 
5.338867 
5.367803 
5.369633 
5.372332 
5.345891 
5.359811 
5.341128 
5.329577 
5.316449 
5.342736 
5.376335 
5.361824 
5.343822 
5.364797 
5.379382 
5.337441 
5.337349 
5.326202 
5.363114 
5.357640 
5.348594 
5.352214 
5.371143 
5.385613 
5.358731 
5.345540 
5.372387 
5.350673 
5.308080 
5.315255 
5.359936 
5.348946 
5.346698 
5.332359 
5.358338 
5.343184 
5.312178 
5.336982 
5.319839 
5.367801 
5.337044 
5.315921 
5.341421 
5.364974 
5.309317 
5.324161 
5.351250 
5.318717 
5.336959 
5.326534 
5.303797 
5.310224 
5.342385 
5.365725 
5.349263 
5.371479 
5.330424 
5.325796 
5.340626 
5.343718 
5.340404 
5.308003 
5.341333 
5.344364 
5.323935 
5.319676 
5.301950 
5.317841 
5.326443 
5.292845 
5.337882 
5.331795 
5.339297 
5.381667 
5.343440 
5.382389 
5.357095 
5.357919 
5.339301 
5.341588 
5.320353 
5.352295 
5.303881 
5.286401 
5.334346 
5.398016 
5.332655 
5.336869 
5.318246 
5.353990 
5.357973 
5.365104 
5.363420 
5.304299 
5.321116 
5.362567 
5.311185 
5.320253 
5.311990 
5.335087 
5.327555 
5.314599 
5.301802 
5.333954 
5.336693 
5.346272 
5.377191 
5.375119 
5.354519 
5.344720 
5.278533 
5.361800 
5.334119 
5.331475 
5.317980 
5.324168 
5.339135 
5.344140 
5.334012 
5.325388 
5.343343 
5.358708 
5.355694 
5.326850 
5.331391 
5.341264 
5.339751 
5.323009 
5.337397 
5.352851 
5.332224 
5.342723 
5.313139 
5.312253 
5.354020 
5.354796 
5.331134 
5.325391 
5.333193 
5.322997 
5.317542 
5.286064 
5.311251 
5.323097 
5.304683 
5.337106 
5.337725 
5.332221 
5.348960 
5.321724 
5.304754 
5.332845 
5.333661 
5.349985 
5.320762 
5.354671 
5.328333 
5.334815 
5.369331 
5.333712 
5.377543 
5.346519 
5.351231 
5.351645 
5.369916 
5.310654 
5.341547 
5.327456 
5.334073 
5.330788 
5.325474 
5.330452 
5.335023 
5.305056 
5.334551 
5.320376 
5.324895 
5.320637 
5.356540 
5.386028 
5.356559 
5.317552 
5.375736 
5.347848 
5.370297 
5.346700 
5.384541 
5.300529 
5.324041 
5.343272 
5.327836 
5.335906 
5.364208 
5.333172 
5.315867 
5.366081 
5.354811 
5.322163 
5.306873 
5.334382 
5.300847 
5.368617 
5.337876 
5.355396 
5.356100 
5.367326 
5.365540 
5.348975 
5.334789 
5.367064 
5.343843 
5.345695 
5.350247 
5.318301 
5.358192 
5.352955 
5.287998 
5.316923 
5.352462 
5.327698 
5.307397 
5.327591 
5.330756 
5.348283 
5.298267 
5.336500 
5.343782 
5.348473 
5.316309 
5.314021 
5.323435 
5.335988 
5.327531 
5.360175 
5.356325 
5.354801 
5.312704 
5.312793 
5.291414 
5.336514 
5.344728 
5.293804 
5.335004 
5.284955 
5.333283 
5.371675 
5.356401 
5.366946 
5.364608 
5.349683 
5.318288 
5.322279 
5.341700 
5.331623 
5.338642 
5.343245 
5.313278 
5.331829 
5.334891 
5.353412 
5.351911 
5.336462 
5.348902 
5.364471 
5.360340 
5.371949 
5.318543 
5.341065 
5.286619 
5.312915 
5.340971 
5.351525 
5.355069 
5.372030 
5.344944 
5.355269 
5.333579 
5.301493 
5.295705 
5.322453 
5.338065 
5.340364 
5.311076 
5.291750 
5.322021 
5.316866 
5.331195 
5.340622 
5.349061 
5.304928 
5.307350 
5.316942 
5.321944 
5.337096 
5.290865 
5.339452 
5.300697 
5.348428 
5.344363 
5.344140 
5.336678 
5.328805 
5.316426 
5.337172 
5.331925 
5.332953 
5.316157 
5.284304 
5.285257 
5.312491 
5.322642 
5.342270 
5.321482 
5.352613 
5.338482 
5.335387 
5.337327 
5.358989 
5.355512 
5.379532 
5.335063 
5.334838 
5.313024 
5.338888 
5.330902 
5.314252 
5.322991 
5.343856 
5.334180 
5.334671 
5.317022 
5.322788 
5.346087 
5.314382 
5.321614 
5.292743 
5.290235 
5.321119 
5.330773 
5.295961 
5.334782 
5.351487 
5.346491 
5.315101 
5.335064 
5.324747 
5.369406 
5.304449 
5.358753 
5.353781 
5.376171 
5.321644 
5.316281 
5.320542 
5.302504 
5.334858 
5.328681 
5.324863 
5.315035 
5.350181 
5.357858 
5.341881 
5.365309 
5.312441 
5.337835 
5.344720 
5.320291 
5.369839 
5.325036 
5.345525 
5.334722 
5.347952 
5.337211 
5.288098 
5.318927 
5.340827 
5.353955 
5.360114 
5.347256 
5.373323 
5.338785 
5.406047 
5.336118 
5.316807 
5.314247 
5.340380 
5.347242 
5.351600 
5.334080 
5.326475 
5.324268 
5.385265 
5.320767 
5.328046 
5.351757 
5.361414 
5.324885 
5.348324 
5.322880 
5.328705 
5.308862 
5.328118 
5.354627 
5.357101 
5.355126 
5.345554 
5.371575 
5.318479 
5.308296 
5.313836 
5.336824 
5.311659 
5.342673 
5.373811 
5.315863 
5.337703 
5.343410 
5.309642 
5.294173 
5.348307 
5.393271 
5.313563 
5.317454 
5.351245 
5.343786 
5.370993 
5.351256 
5.325765 
5.299630 
5.297200 
5.309825 
5.349596 
5.323576 
5.364142 
5.344104 
5.379677 
5.323749 
5.323214 
5.312093 
5.309112 
5.336195 
5.363792 
5.333767 
5.356581 
5.348191 
5.320565 
5.350150 
5.350522 
5.366583 
5.337853 
5.317556 
5.341901 
5.348932 
5.314008 
5.323301 
5.323095 
5.349989 
5.375083 
5.351571 
5.358752 
5.331899 
5.353282 
5.319596 
5.334745 
5.390954 
5.323523 
5.341539 
5.358990 
5.301601 
5.338733 
5.347955 
5.348998 
5.328359 
5.335910 
5.330513 
5.341977 
5.341302 
5.370035 
5.345081 
5.333987 
5.368415 
5.353732 
5.379527 
5.339828 
5.389260 
5.361218 
5.322921 
5.331868 
5.309654 
5.297684 
5.340355 
5.335351 
5.334263 
5.331839 
5.324414 
5.362118 
5.324732 
5.326281 
5.339286 
5.317595 
5.358578 
5.362828 
5.346010 
5.345862 
5.307865 
5.357431 
5.383886 
5.362811 
5.336745 
5.297229 
5.316227 
5.335655 
5.341329 
5.316846 
5.345779 
5.361247 
5.385853 
5.343379 
5.360558 
5.398356 
5.357925 
5.303641 
5.356027 
5.360943 
5.384242 
5.353883 
5.361625 
5.355351 
5.344978 
5.339865 
5.331382 
5.329708 
5.342991 
5.351681 
5.338076 
5.330470 
5.347787 
5.335734 
5.353756 
5.332216 
5.360221 
5.351589 
5.363123 
5.295399 
5.357149 
5.322660 
5.323482 
5.280522 
5.355004 
5.341785 
5.339911 
5.364954 
5.324090 
5.329539 
5.331967 
5.355254 
5.352397 
5.312317 
5.307745 
5.331309 
5.273361 
5.330171 
5.334525 
5.333331 
5.335197 
5.311877 
5.339502 
5.354234 
5.332372 
5.353809 
5.330986 
5.406646 
5.347629 
5.349524 
5.336274 
5.359757 
5.364539 
5.333443 
5.338559 
5.335760 
5.336309 
5.325511 
5.311930 
5.349010 
5.361295 
5.373207 
5.371179 
5.319670 
5.357331 
5.359448 
5.359398 
5.382378 
5.371187 
5.372129 
5.375302 
5.314394 
5.308752 
5.352613 
5.322671 
5.315704 
5.334014 
5.335314 
5.327287 
5.352689 
5.343147 
5.350997 
5.384712 
5.368145 
5.348337 
5.345787 
5.326925 
5.332341 
5.334677 
5.338379 
5.335824 
5.320454 
5.311237 
5.356369 
5.322803 
5.355251 
5.320144 
5.345582 
5.328123 
5.355450 
5.333928 
5.334840 
5.325681 
5.377458 
5.365777 
5.370236 
5.280765 
5.366406 
5.337161 
5.370533 
5.371674 
5.356673 
5.344304 
5.346588 
5.318443 
5.317435 
5.336913 
5.341343 
5.335844 
5.349853 
5.358471 
5.339073 
5.356312 
5.312565 
5.328271 
5.290390 
5.361198 
5.346794 
5.385910 
5.336871 
5.280009 
5.325823 
5.337142 
5.352385 
5.333498 
5.312754 
5.357504 
5.339503 
5.350708 
5.337014 
5.370434 
5.303096 
5.329157 
5.366614 
5.384265 
5.359864 
5.360272 
5.342162 
5.325995 
5.367842 
5.337007 
5.341857 
5.351854 
5.307871 
5.271806 
5.283081 
5.337217 
5.391351 
5.390893 
5.356860 
5.270403 
5.324959 
5.315350 
5.292718 
5.330729 
5.333777 
5.307023 
5.327558 
5.365147 
5.308195 
5.343845 
5.355733 
5.338945 
5.341708 
5.355670 
5.314367 
5.335474 
5.323595 
5.306467 
5.309821 
5.316792 
5.347906 
5.332741 
5.359330 
5.326563 
5.321708 
5.331006 
5.337197 
5.287695 
5.317714 
5.342230 
5.330317 
5.330182 
5.403137 
5.355571 
5.328628 
5.334233 
5.342715 
5.364067 
5.379518 
5.361787 
5.341370 
5.325015 
5.330337 
5.320334 
5.341518 
5.328189 
5.310588 
5.323864 
5.315087 
5.311778 
5.326415 
5.311402 
5.312713 
5.318259 
5.324464 
5.329442 
5.317809 
5.363999 
5.304232 
5.350669 
5.378265 
5.373890 
5.325024 
5.326663 
5.325366 
5.347410 
5.324327 
5.343529 
5.355063 
5.318061 
5.335162 
5.318665 
5.305263 
5.353449 
5.333486 
5.383493 
5.358607 
5.374035 
5.347947 
5.343400 
5.363155 
5.369644 
5.359692 
5.384076 
5.280645 
5.354412 
5.310934 
5.331683 
5.371230 
5.335741 
5.304525 
5.332338 
5.345153 
5.351333 
5.328180 
5.362813 
5.345915 
5.341894 
5.351148 
5.341584 
5.303541 
5.309149 
5.286659 
5.319030 
5.310604 
5.335379 
5.351558 
5.307458 
5.364586 
5.377176 
5.374594 
5.346524 
5.353988 
5.350620 
5.328949 
5.359089 
5.342027 
5.345829 
5.349331 
5.377178 
5.384749 
5.346047 
5.334082 
5.341517 
5.346759 
5.372083 
5.328508 
5.331392 
5.361635 
5.337304 
5.343772 
5.356638 
5.345660 
5.312072 
5.348406 
5.354367 
5.350133 
5.369700 
5.342626 
5.342981 
5.315545 
5.301113 
5.328194 
5.312678 
5.341603 
5.354616 
5.327496 
5.308130 
5.325215 
5.362949 
5.335182 
5.314208 
5.297193 
5.299194 
5.324330 
5.315045 
5.333442 
5.375576 
5.379254 
5.365665 
5.316557 
5.331583 
5.336340 
5.327976 
5.342182 
5.344984 
5.339968 
5.352536 
5.371864 
5.360313 
5.316052 
5.338630 
5.339426 
5.303056 
5.339210 
5.310082 
5.320786 
5.317184 
5.315226 
5.318217 
5.311093 
5.329649 
5.345487 
5.335147 
5.354774 
5.361857 
5.374300 
5.370699 
5.354818 
5.363419 
5.344959 
5.315269 
5.337086 
5.335848 
5.322568 
5.342462 
5.347562 
5.334442 
5.361226 
5.315703 
5.346779 
5.351836 
5.351079 
5.342372 
5.336272 
5.363277 
5.339949 
5.351198 
5.386469 
5.377646 
5.366089 
5.365045 
5.348138 
5.349232 
5.320529 
5.335497 
5.352984 
5.327491 
5.336723 
5.326952 
5.326635 
5.345921 
5.335532 
5.371579 
5.354803 
5.370469 
5.329870 
5.341473 
5.362542 
5.411796 
5.355411 
5.332040 
5.316275 
5.297495 
5.381368 
5.365339 
5.353177 
5.351304 
5.374521 
5.349829 
5.390447 
5.365561 
5.394401 
5.313769 
5.297476 
5.318380 
5.371611 
5.336736 
5.421813 
5.349529 
5.347399 
5.342941 
5.324609 
5.329137 
5.335511 
5.350647 
5.339933 
5.345585 
5.361875 
5.332597 
5.390772 
5.392552 
5.372578 
5.335191 
5.330524 
5.347879 
5.338632 
5.336414 
5.357667 
5.324034 
5.326658 
5.329797 
5.345255 
5.354327 
5.346792 
5.341290 
5.346961 
5.342333 
5.351876 
5.347922 
5.366983 
5.373322 
5.386547 
5.376032 
5.345330 
5.366920 
5.355441 
5.395869 
5.327360 
5.384639 
5.390231 
5.347169 
5.351188 
5.355113 
5.386332 
5.376185 
5.317823 
5.328262 
5.317798 
5.350304 
5.401346 
5.373040 
5.288257 
5.322372 
5.358511 
5.340442 
5.346033 
5.340181 
5.337461 
5.312373 
5.352936 
5.339186 
5.344488 
5.347603 
5.363118 
5.358926 
5.342397 
5.360599 
5.320215 
5.306222 
5.356036 
5.315024 
5.338440 
5.408462 
5.332852 
5.325144 
5.332990 
5.347482 
5.378714 
5.371537 
5.373760 
5.362477 
5.343920 
5.333464 
5.351524 
5.378639 
5.362247 
5.324621 
5.290486 
5.321275 
5.332788 
5.324519 
5.341567 
5.326988 
5.367412 
5.311176 
5.334080 
5.340897 
5.347653 
5.354444 
5.348872 
5.362621 
5.338170 
5.329576 
5.331153 
5.336845 
5.325515 
5.313304 
5.344965 
5.394661 
5.366146 
5.350849 
5.320108 
5.313125 
5.339973 
5.301166 
5.359048 
5.319862 
5.315689 
5.290981 
5.309979 
5.331561 
5.356702 
5.312737 
5.292699 
5.329969 
5.312572 
5.354770 
5.324831 
5.333140 
5.333139 
5.347320 
5.362133 
5.369668 
5.342712 
5.344034 
5.330605 
5.316251 
5.370840 
5.365623 
5.331415 
5.339929 
5.318476 
5.304389 
5.313470 
5.340962 
5.336209 
5.299912 
5.304715 
5.336746 
5.343554 
5.328208 
5.373392 
5.344884 
5.307628 
5.362118 
5.352023 
5.364827 
5.293810 
5.342401 
5.315072 
5.341250 
5.347043 
5.343733 
5.395718 
5.330058 
5.305839 
5.311428 
5.321895 
5.376936 
5.340528 
5.333693 
5.309108 
5.349400 
5.325170 
5.367150 
5.325751 
5.330960 
5.357903 
5.355668 
5.334876 
5.336733 
5.346279 
5.314950 
5.330714 
5.337292 
5.318802 
5.369004 
5.331287 
5.305570 
5.295963 
5.334788 
5.338591 
5.329659 
5.352212 
5.344070 
5.330217 
5.319186 
5.354293 
5.353313 
5.328030 
5.359314 
5.346010 
5.297628 
5.307573 
5.326689 
5.325558 
5.336447 
5.373033 
5.341558 
5.374134 
5.315957 
5.328625 
5.289478 
5.348286 
5.309521 
5.312854 
5.329324 
5.305577 
5.343536 
5.352666 
5.374064 
5.344424 
5.352292 
5.343375 
5.398809 
5.399849 
5.394028 
5.317285 
5.314882 
5.365666 
5.385101 
5.379407 
5.359109 
5.352079 
5.376771 
5.324414 
5.337173 
5.338717 
5.336775 
5.331897 
5.343218 
5.357889 
5.322174 
5.320255 
5.369003 
5.309080 
5.339005 
5.314999 
5.342720 
5.342575 
5.361848 
5.354334 
5.301733 
5.357602 
5.336826 
5.302511 
5.291619 
5.295353 
5.276794 
5.319499 
5.345443 
5.343384 
5.318671 
5.366877 
5.325250 
5.348689 
5.359887 
5.302363 
5.350464 
5.367602 
5.380253 
5.341626 
5.309887 
5.318940 
5.341559 
5.322457 
5.303985 
5.327764 
5.336646 
5.353507 
5.357315 
5.353033 
5.313718 
5.331301 
5.329583 
5.340389 
5.342382 
5.360507 
5.359827 
5.375764 
5.351244 
5.385433 
5.346061 
5.384848 
5.362066 
5.339310 
5.321321 
5.368073 
5.368134 
5.333683 
5.317171 
5.299605 
5.363244 
5.342526 
5.329552 
5.367783 
5.367097 
5.326040 
5.350114 
5.338992 
5.341176 
5.340417 
5.348969 
5.371276 
5.356350 
5.346030 
5.314411 
5.270548 
5.322428 
5.341579 
5.344505 
5.333219 
5.330246 
5.333512 
5.312417 
5.306706 
5.295866 
5.330823 
5.327579 
5.313717 
5.322382 
5.326524 
5.329413 
5.325363 
5.337930 
5.359079 
5.361980 
5.363097 
5.370320 
5.345251 
5.329983 
5.326792 
5.344204 
5.328102 
5.359280 
5.354354 
5.344454 
5.359069 
5.320411 
5.311841 
5.306154 
5.338661 
5.277161 
5.332155 
5.324371 
5.320839 
5.328531 
5.342077 
5.362765 
5.358669 
5.341770 
5.378723 
5.381451 
5.325966 
5.306485 
5.376591 
5.332921 
5.337518 
5.366458 
5.327396 
5.343325 
5.331361 
5.333207 
5.332033 
5.324835 
5.326703 
5.302014 
5.330358 
5.358439 
5.326465 
5.366029 
5.338634 
5.372437 
5.352623 
5.302826 
5.323271 
5.335824 
5.374745 
5.356265 
5.331958 
5.345138 
5.344477 
5.312845 
5.312815 
5.342953 
5.337225 
5.326728 
5.342540 
5.346963 
5.339141 
5.344744 
5.337525 
5.344010 
5.350070 
5.342157 
5.318005 
5.372885 
5.320429 
5.328680 
5.331096 
5.279571 
5.351146 
5.353130 
5.348144 
5.362959 
5.339220 
5.359798 
5.311007 
5.337816 
5.336895 
5.331621 
5.353984 
5.350524 
5.321893 
5.377237 
5.371503 
5.317659 
5.293892 
5.330054 
5.344022 
5.292388 
5.328662 
5.338020 
5.312779 
5.346788 
5.340479 
5.339176 
5.332866 
5.312589 
5.325971 
5.326243 
5.321460 
5.350509 
5.342306 
5.361219 
5.355816 
5.337306 
5.328282 
5.337466 
5.326271 
5.361797 
5.346782 
5.349298 
5.373986 
5.312546 
5.352236 
5.343319 
5.330803 
5.394480 
5.354099 
5.336536 
5.316478 
5.345424 
5.345408 
5.341551 
5.343648 
5.328332 
5.355040 
5.349371 
5.334334 
5.310319 
5.375304 
5.334623 
5.361853 
5.350800 
5.362387 
5.335902 
5.363046 
5.387135 
5.336674 
5.327160 
5.313029 
5.333654 
5.346096 
5.371382 
5.368321 
5.316816 
5.318965 
5.323193 
5.334987 
5.298615 
5.349054 
5.314958 
5.317057 
5.296633 
5.295838 
5.331366 
5.321905 
5.344352 
5.335889 
5.307811 
5.339153 
5.341160 
5.317034 
5.352828 
5.361412 
5.343968 
5.359583 
5.355796 
5.358199 
5.329595 
5.371287 
5.337313 
5.332648 
5.333996 
5.345231 
5.328518 
5.341753 
5.330938 
5.310429 
5.317852 
5.337176 
5.341432 
5.311048 
5.311817 
5.346966 
5.379349 
5.371111 
5.376096 
5.319571 
5.324767 
5.322964 
5.342589 
5.396342 
5.394028 
5.334999 
5.329260 
5.329793 
5.324096 
5.324054 
5.356693 
5.358502 
5.339873 
5.350119 
5.354420 
5.354625 
5.314533 
5.347678 
5.320090 
5.320958 
5.337331 
5.313964 
5.344006 
5.343016 
5.331463 
5.357418 
5.329732 
5.348471 
5.315295 
5.318813 
5.347434 
5.316815 
5.372677 
5.300337 
5.307423 
5.332227 
5.320173 
5.325022 
5.307867 
5.340043 
5.360946 
5.380011 
5.345213 
5.355219 
5.348148 
5.330440 
5.338256 
5.333355 
5.328735 
5.348355 
5.357474 
5.376245 
5.378135 
5.317597 
5.389717 
5.369907 
5.320923 
5.304749 
5.331350 
5.309279 
5.324707 
5.372674 
5.354293 
5.344172 
5.324013 
5.319729 
5.338464 
5.330843 
5.350599 
5.351236 
5.322873 
5.340568 
5.271786 
5.315837 
5.342682 
5.290168 
5.371381 
5.301986 
5.297227 
5.349702 
5.358093 
5.334103 
5.344126 
5.386017 
5.350921 
5.349289 
5.315529 
5.335344 
5.298703 
5.305275 
5.360179 
5.363324 
5.345712 
5.362205 
5.359137 
5.307628 
5.296629 
5.312302 
5.347590 
5.335486 
5.323129 
5.373810 
5.319023 
5.361117 
5.335249 
5.362618 
5.355471 
5.378138 
5.308480 
5.318609 
5.322685 
5.337613 
5.362999 
5.382582 
5.378482 
5.366874 
5.319849 
5.338501 
5.363239 
5.345859 
5.328356 
5.339816 
5.354986 
5.356176 
5.355598 
5.338279 
5.370314 
5.350471 
5.322152 
5.349410 
5.380428 
5.359415 
5.332693 
5.347103 
5.351140 
5.328641 
5.349906 
5.387975 
5.366652 
5.356410 
5.341329 
5.311608 
5.339035 
5.338300 
5.340564 
5.343193 
5.416110 
5.353880 
5.324903 
5.377438 
5.354887 
5.350694 
5.375503 
5.342126 
5.319167 
5.294954 
5.301742 
5.347977 
5.334918 
5.318871 
5.330347 
5.277608 
5.316483 
5.314627 
5.343321 
5.314130 
5.300656 
5.300217 
5.311252 
5.335189 
5.337236 
5.332126 
5.357766 
5.334669 
5.349829 
5.316155 
5.386389 
5.313548 
5.286017 
5.319241 
5.294329 
5.335892 
5.292731 
5.323268 
5.342571 
5.346695 
5.295656 
5.334134 
5.311090 
5.289843 
5.319942 
5.351833 
5.367502 
5.401765 
5.386880 
5.342828 
5.370840 
5.361361 
5.322954 
5.339824 
5.360715 
5.386066 
5.347815 
5.348155 
5.328919 
5.338029 
5.362285 
5.388796 
5.359563 
5.329587 
5.360398 
5.334430 
5.348282 
5.370468 
5.365654 
5.332448 
5.329817 
5.339088 
5.336414 
5.344403 
5.337178 
5.324762 
5.331737 
5.308459 
5.350693 
5.390842 
5.368075 
5.394584 
5.319571 
5.308919 
5.331952 
5.354280 
5.365788 
5.288667 
5.320414 
5.305760 
5.301766 
5.340022 
5.365628 
5.394847 
5.385398 
5.367797 
5.344218 
5.331581 
5.321981 
5.356581 
5.343289 
5.354997 
5.390221 
5.318345 
5.314324 
5.331429 
5.332585 
5.355816 
5.372700 
5.371647 
5.310544 
5.336002 
5.314321 
5.329180 
5.297981 
5.295653 
5.278136 
5.328719 
5.338884 
5.322789 
5.344580 
5.342362 
5.296756 
5.321506 
5.334689 
5.338083 
5.302363 
5.335630 
5.279523 
5.318847 
5.306379 
5.315240 
5.290174 
5.312487 
5.315650 
5.303428 
5.317697 
5.325177 
5.367463 
5.329427 
5.349785 
5.312206 
5.328856 
5.370078 
5.357737 
5.317699 
5.319899 
5.394098 
5.343534 
5.371716 
5.359149 
5.342658 
5.339997 
5.334125 
5.378999 
5.328340 
5.337990 
5.372646 
5.351827 
5.345779 
5.348824 
5.341851 
5.280474 
5.321210 
5.280085 
5.318162 
5.341975 
5.355655 
5.342671 
5.329835 
5.372964 
5.356840 
5.355990 
5.331522 
5.328157 
5.327900 
5.333563 
5.335378 
5.317677 
5.336975 
5.423628 
5.376151 
5.352420 
5.294960 
5.295048 
5.341834 
5.307756 
5.286215 
5.312379 
5.334931 
5.336694 
5.312490 
5.321854 
5.334282 
5.352340 
5.322070 
5.317045 
5.287645 
5.314215 
5.363851 
5.331966 
5.346469 
5.337434 
5.313140 
5.358827 
5.372330 
5.396843 
5.380336 
5.335367 
5.355254 
5.331458 
