85.638633 
80.772485 
83.975534 
87.314997 
85.710140 
80.537094 
83.332757 
84.918040 
84.694330 
82.849752 
78.546464 
87.555024 
86.369698 
86.359045 
83.772207 
85.722279 
88.447928 
89.553985 
84.879962 
83.296976 
84.797027 
84.817648 
82.792404 
84.832007 
81.746008 
83.415027 
80.721913 
81.788007 
87.427029 
83.835397 
83.583039 
85.702636 
82.335294 
86.937313 
90.733575 
88.181437 
81.292890 
83.764203 
87.358227 
89.935142 
83.085625 
89.188871 
86.822309 
82.286037 
88.578973 
87.679620 
85.317847 
84.322109 
79.324509 
80.628555 
82.349234 
83.724207 
78.969598 
84.722707 
83.022272 
80.120077 
87.491321 
83.787176 
87.815559 
82.376328 
85.006794 
82.880317 
88.528370 
87.968761 
82.657622 
87.712502 
83.706045 
86.908815 
81.464656 
86.096694 
85.158142 
86.686819 
88.407425 
84.826575 
82.819627 
82.809248 
85.327768 
88.412663 
91.287639 
88.932662 
86.482552 
86.664026 
79.800566 
87.744398 
84.708775 
85.223421 
86.736797 
84.110554 
86.206010 
81.147169 
84.943244 
85.267176 
82.087625 
85.263028 
83.695098 
86.375944 
95.530046 
85.377690 
84.602239 
81.214114 
87.904502 
79.051972 
78.335106 
81.001515 
90.704780 
88.783094 
85.358564 
85.910374 
88.607492 
86.934678 
83.505095 
78.089181 
89.314907 
84.493667 
87.102938 
86.041467 
90.457326 
84.537356 
84.840676 
84.626107 
82.964149 
89.388971 
83.262416 
82.346697 
82.977912 
85.858467 
90.212135 
85.779508 
85.725700 
85.792079 
86.574509 
84.881560 
92.239472 
86.620892 
91.470598 
84.685835 
84.991794 
85.068283 
85.287325 
85.585645 
87.181033 
81.937124 
85.837952 
81.754319 
91.439418 
83.976366 
85.801856 
81.933518 
83.632348 
85.864174 
88.360844 
87.282042 
83.672398 
81.080427 
85.830498 
83.057664 
86.792368 
84.277546 
86.362398 
85.427901 
87.874894 
87.173238 
81.123419 
85.998814 
82.713495 
91.844569 
87.326945 
86.707265 
85.063279 
90.992327 
86.314292 
85.972357 
84.900472 
84.947568 
81.667073 
83.305608 
85.445477 
81.557331 
86.539959 
80.701796 
84.222422 
86.740622 
84.059933 
83.797903 
90.662971 
84.116221 
88.011523 
83.314951 
83.906219 
86.044311 
85.682060 
84.926279 
86.436808 
87.324001 
83.375080 
84.653579 
85.357312 
84.663124 
89.818245 
85.205371 
85.831103 
87.079244 
84.891702 
82.824413 
84.795246 
83.866154 
84.582897 
84.313481 
87.896872 
88.689743 
86.239470 
87.245555 
84.436028 
81.292561 
85.865178 
86.702216 
86.202656 
89.042401 
81.187474 
88.548037 
81.488126 
82.948337 
85.500480 
84.141554 
86.272738 
85.305478 
88.516563 
86.260656 
87.727131 
89.172718 
91.462024 
80.973231 
85.314118 
93.110441 
88.248903 
84.172232 
86.386323 
91.144614 
87.571686 
82.668058 
86.677984 
82.593497 
79.842298 
81.979240 
88.067495 
87.935998 
83.432891 
85.950477 
84.270988 
81.746183 
82.434440 
82.975593 
88.277289 
84.561039 
84.991751 
86.614110 
85.908265 
84.720790 
84.778034 
80.412408 
79.743817 
87.173224 
90.541465 
86.984445 
83.701825 
87.611140 
87.470633 
88.220286 
85.072420 
85.205149 
82.933059 
85.518705 
80.751050 
83.444674 
83.980071 
83.493884 
88.369160 
81.623703 
89.030569 
84.355357 
80.577864 
79.444908 
89.833075 
81.917707 
82.235875 
85.114212 
89.861575 
93.342396 
80.958338 
83.845046 
82.926258 
82.973781 
82.713461 
88.484417 
85.138440 
82.988473 
86.505092 
90.472468 
88.723445 
79.472346 
89.735474 
80.624175 
84.446888 
89.292853 
83.611157 
86.261179 
82.376099 
84.561989 
85.160356 
82.257956 
83.934817 
81.154375 
80.003961 
90.373231 
82.410572 
84.047829 
85.880857 
88.619313 
88.744125 
80.864720 
88.813293 
80.350110 
85.661964 
85.748077 
88.196966 
88.975106 
88.685127 
80.717815 
82.178015 
87.693912 
87.370496 
82.273699 
87.772711 
86.925529 
83.945455 
86.744538 
89.144477 
86.333176 
86.382853 
82.844602 
87.037670 
84.095512 
89.173412 
80.254369 
87.970618 
89.470790 
86.633502 
87.616545 
89.280835 
87.746027 
83.347713 
85.836348 
82.565169 
86.633069 
87.739569 
81.464649 
86.525676 
89.584939 
87.480555 
84.591189 
85.593237 
85.072173 
84.517618 
88.435268 
89.319097 
85.254105 
83.212533 
83.297976 
90.317789 
81.634872 
86.732527 
82.118585 
79.355943 
88.404140 
81.515490 
86.296129 
81.985264 
82.011797 
84.496588 
84.303025 
84.582803 
80.450276 
87.872353 
85.887477 
87.039771 
87.925483 
81.087706 
82.742377 
84.877203 
84.455941 
86.066286 
86.845883 
86.160339 
87.495250 
83.448055 
82.492508 
86.421993 
83.311635 
84.564458 
83.401181 
85.019079 
86.367582 
88.731784 
90.772912 
85.534582 
85.480497 
87.352155 
88.912182 
82.121882 
90.648708 
89.071997 
86.222582 
86.441402 
80.755402 
84.667239 
84.937657 
88.350805 
83.860647 
80.915964 
89.439502 
83.575423 
87.736428 
85.886598 
86.031325 
84.983127 
84.906172 
88.682608 
83.134756 
82.226096 
91.426366 
83.050370 
90.193274 
87.170257 
83.802138 
80.478586 
88.557287 
85.226346 
82.195088 
91.650386 
83.463739 
83.777032 
84.886584 
82.851610 
84.809306 
80.408726 
83.482325 
81.618363 
82.314288 
87.312326 
86.565530 
86.834657 
87.570852 
82.949947 
88.573810 
83.522103 
83.998747 
84.418328 
87.737903 
85.302394 
90.551651 
86.648371 
80.438300 
87.575418 
83.471940 
87.402473 
87.182084 
86.237562 
90.682254 
83.814607 
82.879224 
88.577665 
90.900750 
83.673742 
81.826871 
86.009833 
82.956001 
85.586323 
88.557177 
87.051587 
82.304141 
87.839027 
90.376566 
83.267891 
85.296633 
85.172841 
82.334738 
80.723666 
84.976973 
85.430605 
87.814167 
82.637579 
87.433027 
76.348658 
82.931819 
81.347635 
89.880345 
82.648698 
89.201289 
82.535839 
79.107657 
80.440229 
84.128071 
86.448060 
89.143892 
88.377427 
84.495800 
77.884247 
88.005003 
84.417338 
87.217424 
85.881859 
87.298033 
84.650200 
78.032261 
90.263066 
84.864299 
94.310016 
84.962308 
82.364112 
90.769239 
87.979710 
86.137930 
83.315361 
82.499728 
86.343320 
88.504794 
86.120716 
86.786884 
80.321640 
82.198543 
85.285942 
83.699204 
83.740642 
87.433708 
84.590432 
84.874012 
86.253315 
87.081872 
81.203172 
87.875982 
82.448238 
88.397238 
84.074524 
89.023595 
87.558081 
85.826664 
84.697424 
88.863415 
84.188813 
80.665086 
83.845485 
80.591675 
85.356628 
82.267463 
87.368725 
88.926899 
88.110048 
86.272612 
80.703338 
81.261784 
85.908131 
86.257435 
87.345458 
84.817916 
84.125108 
84.604041 
90.753431 
83.709441 
85.366330 
81.763943 
84.132575 
81.418376 
82.269268 
81.329948 
83.989214 
84.919056 
84.725613 
84.714239 
89.271579 
85.353004 
85.324747 
82.198213 
86.295841 
89.090589 
83.488495 
82.651284 
82.337545 
84.301220 
84.715679 
85.560328 
85.222785 
83.875920 
85.335899 
86.916178 
87.073667 
88.080681 
79.997525 
85.959708 
82.174353 
87.286738 
85.058326 
85.975040 
81.619412 
84.696827 
84.163058 
87.382163 
80.833732 
83.041397 
83.393341 
86.280304 
85.309380 
83.795139 
87.983468 
86.089418 
86.481265 
85.597609 
82.090601 
85.801141 
88.256786 
81.187882 
91.664608 
83.957432 
87.713631 
89.227979 
84.915228 
88.059740 
81.618639 
90.397442 
87.345021 
81.892960 
86.517344 
83.403930 
88.191733 
88.314028 
86.284731 
86.344375 
89.276730 
81.049023 
81.565562 
85.763595 
84.496445 
86.914826 
84.783262 
87.559658 
84.917298 
87.545923 
88.269015 
87.322309 
83.953566 
83.920136 
82.581652 
83.919262 
89.962345 
85.061465 
78.170750 
86.132428 
85.156177 
85.510585 
82.184322 
84.045644 
85.742392 
91.525244 
90.244715 
83.912153 
84.170564 
85.594548 
86.543786 
83.896865 
84.837409 
91.048599 
84.523941 
79.835910 
84.613604 
84.136227 
82.159298 
89.786472 
84.731831 
88.403095 
86.776269 
90.466345 
85.743175 
81.284355 
81.429027 
81.592210 
87.757412 
78.417675 
81.446147 
84.764532 
87.566783 
82.232336 
87.262847 
90.878725 
89.883235 
84.688676 
85.278101 
85.034985 
82.422127 
84.171192 
82.185619 
82.779561 
84.057286 
81.876599 
91.964980 
87.490928 
82.643343 
84.683866 
80.107368 
85.509789 
88.341779 
83.834020 
84.518028 
95.004194 
86.678563 
89.000701 
86.313737 
86.494724 
82.605553 
87.848255 
88.325660 
84.430120 
84.743160 
84.395849 
87.811523 
83.045921 
80.057790 
82.585258 
83.139957 
85.040071 
86.638739 
81.964954 
87.632695 
82.001566 
86.726489 
81.414086 
81.226887 
81.817484 
81.934988 
84.951537 
83.814076 
89.106716 
84.169075 
84.510479 
84.640072 
83.975848 
88.488516 
84.500529 
84.098282 
87.076923 
86.339760 
84.535972 
86.610109 
81.304570 
85.568372 
90.623204 
81.497446 
89.585240 
88.105081 
81.474499 
82.493375 
89.110492 
82.113394 
86.179416 
86.164997 
86.231893 
83.330799 
86.706910 
83.123230 
87.389028 
84.139624 
85.088498 
80.625409 
83.476146 
82.697334 
86.472059 
80.454618 
87.678850 
89.355772 
86.337333 
83.463949 
83.621490 
90.581214 
83.684652 
85.915444 
88.403197 
86.261504 
82.133360 
87.199930 
86.119570 
80.759982 
84.904623 
83.047511 
82.154393 
81.668352 
84.776730 
86.470707 
87.015543 
91.529455 
86.804756 
84.902462 
81.072533 
88.335526 
81.046581 
91.055290 
87.629291 
89.727898 
83.270926 
92.434012 
84.474640 
82.988316 
86.152134 
88.014105 
88.514163 
86.945352 
86.717376 
81.271247 
82.063958 
82.502402 
84.202981 
80.669682 
81.443716 
86.815094 
84.011542 
85.239498 
87.405568 
93.990929 
87.706586 
87.048055 
86.277385 
82.079652 
85.705909 
83.362876 
87.506626 
86.232548 
90.123186 
85.333869 
91.667585 
87.769625 
84.158672 
83.363589 
85.383029 
83.700584 
86.228076 
84.275393 
85.310057 
83.936894 
82.654585 
86.923334 
87.220013 
81.085512 
81.651114 
83.663252 
91.634918 
82.118896 
78.735788 
88.876409 
79.620371 
83.284690 
87.655527 
84.801072 
86.180438 
86.585698 
87.494016 
82.899238 
82.249687 
84.285600 
80.256805 
87.537333 
88.221533 
86.220395 
78.929193 
79.683857 
85.629430 
84.441367 
88.455016 
81.792915 
88.293564 
84.991028 
82.760986 
89.713556 
86.409437 
89.777302 
84.348703 
84.917068 
84.836065 
85.339530 
83.378897 
87.317543 
84.167173 
83.580744 
80.626323 
83.402278 
88.000634 
78.861328 
88.136130 
87.543450 
87.161781 
89.198332 
85.355694 
79.605308 
81.698941 
84.036617 
92.469252 
88.744076 
84.894275 
85.381107 
86.768722 
80.466618 
86.915957 
85.001127 
84.232916 
83.420889 
81.163833 
80.675075 
86.798843 
86.040327 
82.023737 
85.279023 
82.243348 
91.151980 
84.619485 
80.635466 
87.231201 
76.645802 
86.202864 
90.201879 
87.682567 
84.446056 
85.697058 
86.756968 
86.715952 
84.656926 
87.514543 
81.219425 
86.640169 
82.401154 
87.321680 
85.129962 
89.063102 
86.514778 
84.964306 
83.316571 
83.656883 
82.573309 
85.151018 
85.527238 
84.997756 
81.993970 
83.157108 
92.194166 
88.608807 
79.645764 
90.121952 
88.738450 
81.893552 
82.115202 
85.094097 
89.112244 
84.985871 
90.813536 
82.143375 
83.410017 
85.233238 
83.742670 
82.767873 
86.419779 
88.446626 
90.442263 
82.518952 
85.474856 
81.165287 
86.617906 
82.436282 
80.881935 
87.481112 
89.371563 
85.087955 
83.741068 
83.291159 
86.115199 
85.601524 
86.082050 
78.752584 
84.643104 
85.689335 
87.629798 
84.610064 
83.477508 
81.916889 
83.093084 
87.707321 
86.244247 
82.627138 
90.482207 
85.688593 
87.281147 
82.500835 
79.767081 
88.328292 
83.730601 
85.078109 
88.339113 
85.264275 
83.753788 
88.265558 
93.031725 
83.768127 
80.156699 
82.907826 
84.419729 
83.482188 
82.525279 
86.162464 
85.271981 
84.256222 
83.072869 
84.400729 
85.634297 
81.834005 
84.047873 
85.132508 
84.962999 
89.761325 
85.624701 
81.232308 
84.343758 
88.459186 
84.424464 
85.689044 
89.957032 
85.966107 
86.438910 
85.691976 
82.589643 
82.897430 
81.680502 
81.131320 
84.901483 
82.202482 
88.175067 
81.833708 
83.367651 
86.175902 
84.522186 
87.316364 
80.888133 
86.641286 
87.823905 
84.676893 
85.710114 
84.762119 
84.278576 
81.835888 
77.624331 
84.330942 
84.543948 
83.374658 
83.543687 
83.515588 
83.748386 
82.143961 
86.672639 
82.681584 
82.277123 
83.577196 
82.479932 
84.695675 
81.953120 
83.258584 
89.432723 
87.650607 
83.431252 
89.081579 
87.133908 
81.475423 
79.873792 
88.231095 
84.509428 
85.562858 
81.459690 
86.744740 
84.264604 
83.023767 
82.440138 
84.443031 
88.692063 
82.561829 
86.421125 
92.389872 
87.212946 
83.692352 
82.359646 
87.476928 
83.639184 
83.190531 
80.849176 
83.834243 
89.484033 
79.844660 
89.368677 
88.960360 
80.552518 
83.796719 
82.256936 
90.113814 
87.009981 
90.341561 
82.347605 
82.802852 
80.512410 
85.301936 
79.177731 
84.882103 
92.316254 
87.761404 
86.201908 
89.773542 
81.750674 
87.611886 
85.425297 
85.631779 
84.548048 
91.330430 
87.957695 
82.189402 
80.413205 
89.640724 
86.192573 
82.479297 
83.276033 
82.005256 
87.848457 
83.246081 
80.012973 
83.918802 
81.584927 
89.001535 
81.028443 
86.189893 
81.823573 
84.502024 
85.414907 
85.366806 
86.398828 
83.964381 
88.369695 
90.382098 
83.206549 
85.293603 
85.603280 
87.446134 
87.744345 
90.580789 
81.816200 
87.295831 
85.570168 
85.561490 
84.516589 
86.339881 
86.709733 
86.983929 
87.617739 
88.205625 
88.398181 
91.536441 
79.973780 
91.062944 
86.001652 
84.998163 
80.261402 
84.566493 
83.008837 
88.186275 
88.215361 
86.245943 
88.428138 
81.399417 
84.903884 
87.442345 
87.517036 
86.581729 
91.497468 
84.609183 
86.416922 
88.454662 
84.571694 
86.731815 
84.444374 
81.076610 
83.678708 
82.906001 
81.192834 
88.977224 
85.794302 
85.656450 
83.072987 
85.404690 
83.420351 
79.283276 
91.003012 
88.861532 
88.834972 
79.720445 
85.316547 
82.177903 
81.017617 
87.272129 
89.455172 
82.426974 
90.740237 
87.045038 
83.831482 
82.938161 
81.690651 
83.844037 
81.064888 
87.224596 
80.994958 
91.060103 
81.607491 
87.396939 
86.056556 
81.842532 
89.685862 
85.189366 
83.510715 
86.783932 
85.564315 
82.165552 
84.609448 
83.974267 
77.931138 
77.098094 
86.475009 
83.977769 
82.801025 
85.109185 
87.186460 
91.044252 
87.271735 
85.000729 
84.380404 
84.741928 
86.067148 
83.113731 
87.656261 
84.599147 
89.710452 
88.063485 
85.808600 
90.239764 
86.997942 
85.761463 
82.189823 
80.480089 
85.680169 
80.349398 
87.353325 
88.991469 
89.397251 
81.602377 
82.623495 
84.192524 
90.279167 
82.620072 
86.462370 
80.940369 
83.498517 
87.229912 
86.625464 
87.063270 
89.233608 
86.942344 
88.743234 
87.413184 
83.263619 
85.041813 
82.454375 
82.460499 
88.980472 
86.983840 
81.515722 
85.590046 
82.849015 
84.544346 
88.029169 
85.197589 
80.365173 
81.128565 
85.706739 
85.309791 
83.035022 
85.174198 
83.749801 
77.728419 
84.626743 
83.338658 
83.926777 
80.504601 
88.149064 
93.330339 
80.396935 
83.350046 
87.787171 
90.939034 
83.475663 
88.103348 
88.100309 
88.385843 
85.183567 
83.257534 
85.661307 
84.484648 
84.322967 
84.288501 
83.422154 
82.122116 
81.936915 
87.872944 
80.979669 
80.296351 
86.034858 
84.482803 
84.881007 
83.117869 
82.966476 
86.595987 
81.310558 
80.674567 
83.863174 
91.844666 
90.753137 
86.375297 
90.143862 
88.135909 
85.579893 
84.276715 
81.936073 
87.288135 
81.330686 
85.239159 
86.195512 
83.388935 
91.465243 
83.530396 
85.755971 
86.859309 
88.035788 
88.568073 
83.758501 
82.056697 
80.578506 
79.170536 
85.390897 
87.841202 
85.622403 
81.627819 
89.635667 
82.616883 
88.363897 
85.710923 
86.360163 
85.983661 
87.021655 
83.573801 
87.788873 
81.543010 
82.630976 
79.785372 
84.167181 
84.006563 
84.445057 
86.990790 
89.050374 
84.526311 
82.472752 
85.831869 
82.443601 
81.810200 
85.676640 
84.397938 
86.264666 
86.986541 
88.516543 
86.959082 
83.218327 
90.849027 
79.989696 
81.603152 
81.644545 
82.011233 
90.650902 
80.524483 
86.001527 
84.220287 
85.843647 
81.927362 
83.356185 
85.789896 
86.020662 
84.595534 
85.112359 
90.158215 
89.325013 
87.727906 
86.942399 
85.202857 
84.470080 
86.251494 
81.889950 
83.491620 
87.131264 
88.260628 
81.163535 
84.752917 
82.795869 
89.916480 
90.632051 
89.404283 
90.665297 
87.129286 
83.929458 
82.161748 
84.669008 
86.919135 
84.922784 
86.357270 
89.677798 
83.354017 
83.272873 
83.805453 
81.430197 
87.939576 
86.124056 
86.145595 
90.645837 
90.372278 
84.844132 
82.611485 
79.971573 
88.438076 
85.574837 
88.903309 
80.195557 
82.216362 
82.920755 
84.941835 
81.156968 
85.596482 
83.621035 
89.112372 
81.617867 
90.267679 
89.954495 
81.496774 
90.662519 
80.009426 
83.635945 
87.424615 
83.449387 
80.677790 
82.343863 
82.787575 
89.231307 
83.071636 
87.967566 
82.795550 
89.025158 
85.209390 
87.651882 
93.529167 
85.269799 
83.637182 
86.806297 
89.411733 
83.456432 
88.051207 
79.760922 
86.746878 
84.146884 
87.060219 
80.160355 
81.991715 
86.991283 
85.300536 
82.720004 
91.823959 
87.543062 
89.508249 
86.013689 
88.642063 
83.027376 
87.811541 
89.713000 
85.593392 
86.087160 
84.262347 
84.882301 
79.833713 
88.747487 
86.131846 
86.491053 
86.591470 
81.401170 
85.022325 
83.961181 
88.040820 
85.544550 
86.237455 
86.194967 
89.114037 
76.382269 
83.559767 
83.353373 
86.560314 
83.136539 
82.947600 
84.061391 
83.168063 
87.226152 
85.621479 
88.054606 
86.004445 
82.496291 
87.083916 
83.287072 
85.017271 
86.051306 
83.842246 
87.202425 
87.262606 
91.095677 
82.717755 
83.040635 
85.021386 
83.165660 
80.767664 
84.456953 
86.190135 
82.960700 
83.787147 
84.414499 
86.909628 
83.479547 
82.154348 
84.377012 
84.865351 
90.006890 
88.333263 
86.696014 
84.748739 
88.755643 
85.634132 
85.008675 
84.846712 
85.344203 
85.231923 
88.974627 
84.781811 
84.030716 
88.656771 
83.866979 
86.530384 
87.886496 
78.272595 
87.733730 
82.167041 
84.395870 
87.694560 
80.328422 
85.681217 
81.931508 
81.261853 
86.691253 
84.146268 
88.715240 
83.618850 
88.331552 
88.277006 
83.100621 
80.585041 
84.243104 
80.828166 
83.924543 
85.893107 
84.916581 
87.127007 
82.143741 
86.565545 
84.064705 
87.584433 
87.851032 
84.823615 
86.012326 
87.063247 
85.518197 
87.553262 
83.266735 
90.532260 
89.921933 
86.936090 
81.411057 
89.471148 
88.879187 
86.908873 
85.707682 
86.727098 
87.274466 
87.774218 
92.458941 
85.304549 
82.054586 
85.517079 
86.856664 
84.562691 
87.199291 
85.678876 
84.877259 
83.358746 
85.285085 
88.242327 
81.269997 
80.544876 
85.808008 
83.619906 
83.695608 
84.353358 
83.106683 
92.677551 
79.935320 
82.424395 
88.653805 
86.119291 
77.884463 
84.435622 
84.720086 
87.480609 
84.170134 
82.569278 
89.238989 
81.287389 
87.371879 
87.678203 
85.941955 
82.068541 
82.351940 
84.833153 
78.802114 
86.929003 
86.378496 
83.629390 
87.012485 
88.404545 
83.946794 
90.425405 
85.025974 
86.250066 
84.267631 
87.099169 
83.951798 
89.561053 
81.426805 
87.748204 
87.819514 
84.444827 
81.299159 
86.204828 
82.517033 
83.855699 
87.326563 
83.602577 
90.695512 
87.982056 
83.222318 
79.059718 
86.627558 
81.618349 
84.969694 
87.574706 
87.191825 
80.634069 
84.445851 
83.938176 
87.042630 
86.792797 
88.496943 
88.190945 
81.041200 
95.154633 
84.521590 
81.601266 
79.153721 
86.500870 
89.506214 
85.712819 
81.096990 
82.975484 
87.247979 
88.635741 
83.934117 
90.476377 
87.074852 
87.424200 
84.581913 
82.708401 
84.953027 
84.979396 
87.016019 
86.636091 
82.670096 
84.766628 
84.964761 
85.019441 
85.943574 
88.737041 
86.824312 
89.248354 
88.300041 
87.313705 
83.032478 
83.294843 
86.278303 
87.943318 
88.191811 
81.427980 
80.909724 
84.261678 
84.785075 
83.129190 
89.436929 
86.048328 
91.534801 
81.878179 
85.366280 
86.242246 
88.650441 
88.409238 
82.633512 
87.067328 
88.028589 
91.669605 
84.516174 
87.456355 
89.954550 
88.006370 
87.854426 
83.606360 
89.647396 
86.503017 
81.746525 
83.290843 
79.529552 
84.738938 
82.867393 
81.982649 
87.440123 
80.445274 
85.675922 
88.831373 
82.081602 
85.447313 
85.739911 
84.358969 
84.530202 
85.585879 
91.318943 
87.016320 
84.651541 
85.919154 
88.307227 
84.315971 
80.124581 
85.165317 
85.080213 
85.412130 
80.061533 
89.965803 
86.364296 
83.944826 
86.215574 
84.103436 
85.346762 
83.847650 
90.996653 
87.781012 
84.119119 
87.037735 
87.324355 
89.639934 
88.384222 
82.797017 
86.529762 
86.662583 
83.668950 
85.459895 
87.338678 
81.519493 
86.419483 
86.618863 
84.680782 
86.804900 
87.911917 
82.370322 
89.873851 
84.582300 
81.227502 
88.793894 
85.028162 
84.890902 
91.760908 
82.907182 
83.059590 
79.446430 
87.553161 
83.905056 
82.388504 
86.033971 
86.750675 
90.077225 
86.118610 
88.534345 
86.327736 
84.983131 
86.318019 
83.220373 
78.613906 
86.539997 
84.781362 
81.583442 
81.611343 
76.974671 
82.655291 
82.801649 
84.929184 
87.348544 
83.704960 
87.354709 
82.256207 
85.922517 
87.111356 
85.913120 
81.785685 
86.690916 
88.707248 
84.907742 
83.857567 
89.411701 
87.630544 
85.453762 
81.972778 
88.784949 
89.969967 
82.929943 
89.760898 
88.633881 
84.130267 
85.407077 
88.284766 
82.619145 
81.110869 
82.368238 
87.924894 
82.111164 
84.812247 
82.169058 
82.016958 
84.539178 
84.677336 
89.218594 
85.005616 
84.720535 
83.631740 
87.408958 
83.435441 
86.725757 
87.640314 
88.772174 
81.870907 
84.023319 
82.537256 
82.998866 
89.267958 
84.927962 
84.399137 
88.685684 
85.621434 
82.829464 
87.855697 
82.251664 
83.641679 
85.546916 
83.971242 
80.458378 
88.023017 
90.345804 
82.345356 
80.875364 
81.233353 
84.314155 
82.770767 
78.298700 
81.584725 
85.156029 
85.483628 
83.089891 
87.943492 
86.550153 
85.244828 
86.297718 
87.172849 
85.248015 
84.811611 
83.190994 
80.983510 
85.507666 
87.211905 
80.928833 
78.609722 
84.023789 
89.266827 
87.713103 
84.402656 
88.116776 
88.735952 
82.170557 
80.630389 
80.554975 
84.843629 
82.394454 
84.171279 
88.040264 
92.660587 
82.982233 
85.795468 
82.007357 
85.910390 
79.228300 
90.350301 
81.223169 
86.479248 
75.400400 
90.219408 
83.407219 
83.602412 
84.263613 
83.783475 
85.990320 
81.736446 
79.847083 
88.368118 
88.937533 
84.990469 
82.427465 
85.256113 
87.494343 
86.136012 
84.331339 
82.126048 
87.913098 
86.536363 
81.003117 
84.557012 
84.703695 
84.037670 
83.151493 
83.237563 
90.632347 
81.446377 
84.349946 
88.362336 
88.398787 
86.462894 
87.466824 
85.312806 
84.063068 
84.106756 
82.931453 
84.928114 
84.620422 
82.819223 
85.195201 
87.903547 
88.094250 
83.536652 
86.750372 
82.324077 
85.165128 
85.317897 
87.665448 
87.919931 
81.023172 
85.906828 
80.027666 
84.946234 
86.286876 
83.581078 
88.250945 
86.992304 
82.646825 
86.146605 
88.071898 
91.194295 
78.915179 
86.962390 
82.923604 
86.486933 
89.462033 
90.254879 
83.206856 
84.442148 
81.447440 
87.695007 
86.577530 
84.898748 
86.175474 
82.377630 
85.170822 
85.771477 
85.042160 
87.466819 
85.242793 
85.466495 
83.348671 
92.637506 
83.300394 
79.788509 
84.931294 
84.965290 
79.132190 
80.343984 
88.855599 
78.504925 
83.738241 
89.713986 
82.847313 
84.874526 
82.993127 
83.196714 
86.187907 
84.815860 
86.969999 
89.131291 
87.631189 
86.980211 
82.030378 
89.500283 
89.067052 
79.831935 
82.056986 
90.741995 
87.075942 
85.387052 
82.799816 
82.133154 
85.317758 
89.080784 
84.952885 
84.888401 
87.136768 
88.309041 
89.764003 
87.027356 
88.584062 
82.377316 
89.210444 
86.523475 
82.980297 
82.342351 
87.439344 
87.986440 
80.983646 
85.681155 
89.553794 
82.268089 
83.882934 
88.577814 
90.275967 
82.523119 
84.824793 
82.338568 
88.136618 
85.346336 
82.908844 
85.018720 
81.854230 
86.632774 
84.653577 
89.870571 
86.615131 
83.745546 
81.560615 
81.784896 
87.633456 
90.215801 
82.205685 
85.301685 
86.048990 
88.161485 
81.367468 
84.894277 
88.164462 
86.289152 
83.411147 
84.282332 
76.778723 
87.207615 
88.331862 
83.842062 
86.361488 
87.091812 
82.020936 
78.533190 
82.413464 
83.613069 
83.050554 
84.557498 
88.111903 
86.760186 
83.019679 
84.526064 
86.479962 
83.663071 
88.078856 
80.696455 
86.161186 
83.302577 
87.659091 
81.559291 
87.865475 
82.450257 
84.451281 
86.008919 
90.930062 
82.993195 
82.946269 
83.190317 
80.661217 
82.259980 
82.046907 
89.537390 
80.714196 
84.517360 
82.196059 
79.074156 
85.067666 
86.656416 
87.354656 
86.764223 
84.640191 
82.468772 
93.642398 
86.740971 
87.349392 
87.679372 
90.052262 
89.062001 
88.994103 
84.959725 
81.736544 
90.060701 
88.823169 
84.014555 
83.197113 
85.271298 
89.498786 
87.487575 
85.601668 
83.729414 
85.501567 
81.065320 
87.040754 
82.566471 
88.103187 
86.832537 
89.646702 
81.248187 
86.476083 
84.451134 
84.600080 
87.155084 
84.364974 
85.687935 
88.565426 
84.731982 
86.929796 
87.983003 
83.250271 
88.595299 
89.410780 
90.579144 
85.018096 
87.982868 
84.902333 
81.956861 
81.471666 
84.549029 
81.984529 
85.367271 
86.700105 
83.381903 
79.804986 
87.558494 
82.557505 
88.476441 
90.401313 
87.949637 
85.921565 
85.840667 
84.925793 
81.490839 
84.690424 
82.878049 
83.568962 
85.966305 
90.145960 
84.448072 
83.208723 
84.625701 
89.384448 
86.147118 
84.971465 
79.984629 
83.232618 
85.082178 
82.317615 
89.121924 
79.636729 
86.960727 
87.434983 
88.209715 
80.959321 
86.128307 
86.066373 
82.746319 
82.563473 
89.432563 
90.457400 
87.541332 
90.839280 
90.292556 
86.582082 
87.714812 
82.114470 
81.457353 
85.275530 
85.329990 
89.080607 
83.844070 
80.576811 
79.949758 
84.837687 
85.082821 
88.062347 
81.850650 
84.527819 
82.040043 
83.309513 
84.635385 
87.448048 
84.990549 
83.014701 
82.762596 
84.712019 
84.967009 
83.780476 
87.981169 
84.990291 
80.545702 
88.170845 
90.678372 
87.087532 
81.778025 
84.925404 
88.406834 
83.571662 
82.693581 
82.783353 
83.743576 
89.063619 
89.477126 
80.358122 
81.489738 
83.221409 
84.145632 
80.647545 
89.612915 
82.418280 
91.232297 
84.751836 
86.383637 
84.467903 
87.999947 
81.251920 
84.988831 
88.195218 
90.466657 
81.232470 
89.539033 
85.833489 
89.306619 
82.130691 
83.908578 
85.083160 
88.277485 
83.326481 
87.605179 
83.532279 
79.228854 
82.188427 
85.988646 
87.370035 
85.362572 
85.016997 
85.138877 
88.942906 
87.258881 
84.419333 
84.863217 
87.474779 
88.088220 
86.682053 
86.580935 
82.269743 
83.148891 
82.365353 
82.661487 
87.315063 
86.817936 
81.041502 
85.278344 
89.602586 
79.119186 
84.893205 
80.466827 
80.217432 
86.062312 
85.626735 
84.557215 
82.177112 
81.366077 
78.061191 
80.930817 
86.955328 
85.647471 
87.196921 
82.966129 
84.230475 
86.412589 
81.042723 
85.814902 
86.197345 
83.902920 
89.170293 
87.882322 
80.367115 
81.249969 
90.291246 
78.802831 
80.904397 
80.351574 
88.570694 
83.664164 
80.154488 
85.030618 
85.110425 
88.573586 
82.424380 
84.490311 
83.693870 
83.675270 
83.120283 
82.462477 
84.235991 
86.080385 
85.266321 
86.653835 
86.510726 
86.514053 
86.652666 
85.816815 
84.015842 
86.482616 
86.426065 
90.397774 
85.401443 
84.495762 
81.398903 
83.527918 
80.872317 
82.439212 
82.095886 
80.871397 
87.111882 
85.501418 
89.784208 
86.574191 
89.664285 
85.273684 
80.859301 
84.500614 
88.258592 
83.734102 
85.664156 
79.770055 
85.814761 
84.591230 
88.809557 
93.791048 
86.404441 
86.362828 
84.457205 
89.507233 
89.160185 
82.060521 
82.727032 
87.094747 
89.145277 
88.185568 
87.759392 
86.087512 
89.771798 
91.764668 
79.426808 
82.803491 
84.837705 
89.285030 
87.781750 
80.804858 
87.334205 
78.846708 
88.542590 
84.373183 
84.786166 
89.268475 
84.898057 
91.164363 
84.425038 
85.646826 
84.342827 
80.702878 
86.552141 
91.134754 
84.221734 
81.833557 
83.264641 
82.535419 
88.455612 
90.960320 
87.732547 
83.965543 
87.657508 
83.434587 
86.036840 
83.225649 
89.157830 
85.794441 
86.320435 
83.048885 
82.076386 
81.524251 
85.968754 
83.534802 
85.134546 
85.579168 
85.138232 
88.434320 
87.741884 
86.736410 
93.717167 
88.023814 
84.363173 
83.362422 
82.742606 
80.510581 
79.895432 
87.574106 
84.051538 
83.249625 
85.210781 
85.768763 
82.673373 
84.274152 
87.238803 
84.602888 
91.462415 
85.852249 
82.753808 
83.726538 
82.885158 
87.001469 
82.820075 
81.045400 
85.061483 
89.685786 
84.180941 
86.734522 
86.924726 
89.815593 
84.000690 
79.312934 
84.773059 
87.425291 
86.127062 
82.268550 
87.687912 
81.639427 
89.302909 
80.667130 
90.202838 
85.576034 
84.323330 
86.579103 
86.613634 
81.751326 
84.155969 
89.597845 
86.975927 
83.154612 
86.675667 
82.091029 
84.084628 
86.892304 
84.234797 
85.603862 
82.664524 
86.996526 
85.864287 
85.269797 
85.107426 
89.199005 
87.620282 
82.463286 
91.599181 
84.973652 
85.451036 
83.307946 
84.894083 
82.858267 
80.766129 
90.300325 
83.963647 
83.449175 
88.751594 
84.891491 
85.156039 
83.336936 
83.010994 
87.269306 
85.247219 
84.050845 
89.274796 
83.998741 
83.744952 
87.248809 
87.184995 
86.030568 
86.110897 
81.271869 
85.439508 
84.301212 
81.059123 
86.701584 
89.788954 
84.321688 
83.010876 
83.678070 
82.531041 
91.372183 
85.471613 
87.144555 
83.931854 
85.042492 
82.510979 
85.591790 
88.306904 
83.209816 
89.924564 
88.055879 
79.457532 
84.920809 
83.149434 
87.653483 
83.253804 
79.086600 
86.437645 
85.517072 
85.103939 
87.392158 
78.911613 
87.298398 
83.489266 
82.642649 
84.117805 
82.764776 
82.448781 
83.733288 
84.113002 
90.765159 
84.390021 
83.086613 
88.388320 
83.571918 
85.430610 
83.417646 
89.345390 
89.019139 
83.588063 
85.405978 
84.131226 
87.648814 
84.522980 
83.209872 
88.033059 
81.795363 
86.034337 
83.844389 
85.667727 
82.970057 
79.339306 
84.271751 
88.984236 
83.342715 
87.731202 
86.044789 
81.731966 
82.429390 
86.705268 
84.435437 
85.080193 
86.222103 
90.488764 
84.149058 
87.256846 
90.504049 
84.276315 
86.177070 
84.700370 
86.926012 
86.643711 
84.435573 
84.630415 
82.945421 
85.940056 
84.367793 
85.819066 
89.235743 
88.190664 
90.296887 
86.408876 
84.571012 
84.866561 
81.515619 
84.485850 
83.173715 
90.826200 
88.209434 
87.345160 
84.717379 
88.579150 
84.060492 
85.979527 
84.931257 
88.351341 
81.830831 
86.112503 
88.533743 
87.778315 
84.888368 
85.068535 
84.000404 
86.987078 
87.547598 
85.412777 
85.352343 
83.843457 
87.364154 
87.845594 
78.621289 
84.495269 
91.723780 
86.250378 
83.239552 
81.943881 
90.598294 
85.200255 
87.589609 
81.535687 
85.777286 
83.461479 
85.395203 
86.572218 
89.061694 
88.461164 
85.588018 
82.925571 
86.680165 
89.233532 
84.933651 
85.622365 
87.100424 
87.960810 
80.126929 
87.660189 
89.317351 
83.429077 
87.489521 
84.388814 
87.151863 
81.752407 
86.589713 
84.219167 
87.569110 
84.148799 
83.713170 
87.438892 
83.883233 
86.954687 
86.420973 
82.962915 
84.919145 
80.260972 
83.984460 
88.305049 
88.757615 
83.608820 
86.666921 
83.581872 
86.304343 
85.994439 
89.443563 
82.358509 
88.784376 
87.535534 
80.561124 
86.478011 
85.107386 
85.316793 
88.183741 
81.125263 
84.220204 
85.596519 
79.708284 
90.497982 
85.189012 
82.238808 
85.635441 
83.399103 
85.364819 
88.339088 
86.279444 
88.672889 
82.916235 
84.827754 
79.842886 
83.570325 
84.139825 
85.006035 
87.799321 
86.708214 
83.246760 
86.480676 
84.837929 
97.256745 
86.545545 
83.261401 
84.593427 
82.061290 
88.956342 
87.437349 
84.646973 
84.170476 
82.535141 
85.173016 
86.523400 
82.777488 
81.938637 
81.688150 
83.380496 
84.468347 
87.848972 
84.895311 
88.837078 
82.353439 
87.533368 
85.628321 
76.064023 
84.632455 
83.141335 
81.888550 
86.669547 
83.159205 
83.307877 
84.200168 
82.550575 
84.588035 
87.257940 
81.235861 
86.353638 
89.034288 
82.170816 
90.404450 
86.534956 
83.354927 
83.576161 
84.182368 
84.964392 
83.181251 
88.799003 
86.117127 
85.691679 
90.460952 
87.051022 
83.637887 
84.776890 
84.611460 
83.341976 
87.348330 
89.133298 
83.516962 
84.165772 
88.043278 
84.378193 
87.004896 
82.629461 
85.125730 
81.986085 
86.623874 
83.321402 
88.245682 
86.479204 
82.591313 
85.321997 
85.199085 
85.867779 
84.869509 
82.471256 
84.133521 
77.812228 
86.066204 
84.995163 
91.187034 
80.584401 
82.262587 
85.919764 
85.476518 
87.655684 
84.224133 
80.997122 
83.422213 
80.197684 
80.095895 
88.782949 
83.226950 
87.460834 
88.280655 
87.317187 
85.175016 
83.114325 
84.854358 
83.253693 
86.894774 
86.232218 
82.447737 
79.437845 
84.225494 
85.700924 
85.904017 
86.727308 
86.000807 
81.109518 
88.346041 
87.096745 
91.333455 
87.100201 
80.977197 
84.958075 
85.978901 
87.728618 
84.998535 
83.527900 
83.131846 
83.992606 
81.940936 
87.816008 
90.267640 
84.602506 
83.406825 
85.739292 
85.346110 
83.682211 
83.753338 
81.096951 
85.823373 
86.984745 
85.466543 
83.819506 
88.841600 
82.922878 
82.814423 
82.387930 
85.247341 
83.934891 
83.406896 
80.737602 
83.745759 
83.972111 
84.950308 
84.718662 
84.829826 
90.461489 
83.115917 
89.614041 
83.208631 
89.023210 
86.832050 
87.396113 
82.901224 
84.861381 
82.654285 
82.342735 
87.375458 
88.021200 
86.136929 
86.483959 
86.497216 
81.567785 
81.964478 
86.243302 
82.435801 
88.749005 
87.669298 
79.853141 
84.099303 
85.008018 
86.893411 
83.138758 
84.716381 
84.612016 
89.116943 
85.270510 
86.271638 
84.662083 
85.314802 
84.741254 
80.976225 
89.668482 
83.327645 
83.277434 
84.375482 
88.700448 
86.835293 
81.994799 
86.148994 
89.032862 
82.966943 
85.901037 
85.299833 
88.680421 
83.936385 
85.182159 
81.014243 
80.966815 
81.931829 
83.383254 
90.557221 
80.822496 
87.558504 
87.655058 
84.924487 
83.082925 
84.192906 
81.049210 
89.343486 
89.558457 
82.888414 
85.112537 
83.746757 
89.681617 
88.134929 
82.526061 
83.545159 
90.235463 
89.899859 
87.101325 
85.335749 
88.447554 
86.257322 
82.596425 
80.853055 
83.143842 
88.597071 
80.600943 
85.441547 
91.649234 
78.797546 
85.511055 
86.734475 
81.867787 
91.019458 
82.443638 
86.848977 
89.118464 
89.145052 
84.078431 
90.372354 
90.655163 
83.616047 
80.442809 
90.050924 
84.234220 
83.560235 
82.357167 
83.740311 
84.489911 
89.426654 
90.029608 
82.605189 
82.303131 
86.041013 
86.478587 
83.868765 
81.622306 
86.548217 
88.766478 
86.818120 
80.819517 
84.834991 
80.884597 
82.525773 
85.158546 
87.557640 
83.106877 
86.443920 
82.360575 
78.838896 
82.696523 
82.751402 
89.662554 
83.342538 
88.574989 
84.598794 
84.492690 
83.336235 
86.399690 
80.381590 
80.729447 
86.178060 
79.693687 
87.702944 
81.825922 
83.071926 
84.347868 
84.378427 
87.306176 
83.259854 
79.799176 
82.390425 
88.764683 
85.417162 
86.728395 
83.746998 
85.786961 
81.805498 
79.607662 
81.318716 
88.137362 
88.413123 
89.772220 
82.463093 
80.510631 
81.969965 
86.575637 
85.606230 
86.466437 
80.125478 
86.195562 
78.133067 
85.030200 
86.585201 
84.801469 
84.218877 
79.243219 
85.986387 
85.655254 
85.546757 
80.755618 
85.615063 
86.750861 
84.045428 
83.701130 
82.130780 
84.088313 
80.830303 
81.346593 
90.422306 
81.959024 
85.151170 
88.911654 
88.857664 
79.944922 
86.463561 
84.878821 
81.989890 
84.431211 
80.248940 
81.125331 
85.173887 
84.809162 
87.431863 
84.672374 
83.407785 
84.477024 
81.406184 
84.238557 
86.145691 
86.253688 
82.617559 
85.136151 
88.401935 
85.273247 
84.518186 
88.690648 
81.877216 
78.636645 
85.496085 
80.513763 
89.675325 
86.588767 
86.856936 
77.950760 
87.556893 
88.084306 
83.500226 
84.669208 
82.959103 
84.232881 
91.330063 
89.305319 
80.115527 
83.454465 
84.775046 
89.062169 
84.419271 
86.152094 
88.279565 
84.781379 
75.899600 
83.977660 
84.784810 
89.408768 
87.140732 
85.134715 
89.452452 
85.326470 
84.601655 
82.335418 
86.105577 
92.944147 
87.116527 
86.120023 
87.127859 
88.168618 
85.920736 
84.975130 
86.380932 
83.149138 
80.842306 
87.772511 
81.485697 
85.626668 
84.787155 
84.804563 
85.394811 
87.522967 
86.184570 
86.388220 
80.739223 
87.100434 
89.641633 
83.405558 
84.601207 
83.299572 
86.777422 
85.540856 
84.156722 
83.869433 
83.772058 
89.626622 
83.939196 
85.357430 
82.656161 
82.668076 
80.449688 
83.400462 
92.207588 
82.222817 
82.948975 
85.673378 
82.347788 
84.379788 
83.860461 
84.909182 
78.532999 
87.082099 
89.301303 
81.202223 
85.623060 
84.689637 
82.174057 
89.646750 
82.915839 
82.927844 
83.721471 
85.074498 
83.118248 
86.007337 
83.683589 
82.578609 
89.046847 
84.524368 
89.051611 
87.674663 
88.499828 
87.794054 
84.622364 
83.268156 
87.799781 
89.493972 
83.047728 
82.145409 
85.319057 
89.057255 
80.929094 
82.473887 
92.722058 
85.587363 
88.262603 
85.193117 
89.288912 
86.746225 
86.142912 
84.092770 
88.910228 
85.959264 
92.413734 
87.711347 
84.089240 
88.821747 
87.663234 
88.683718 
86.613257 
86.357050 
83.200303 
84.586821 
84.590343 
85.976152 
86.859516 
87.133095 
83.747989 
81.582905 
83.541210 
86.017272 
86.348663 
86.147060 
84.389267 
83.221684 
89.297152 
91.593833 
84.428775 
88.179038 
80.428462 
84.481067 
81.991701 
84.647150 
83.163995 
84.839481 
89.163684 
91.979240 
85.093685 
88.858817 
83.706045 
81.876319 
85.707697 
83.970461 
89.294073 
85.824916 
84.784220 
85.920206 
88.591711 
88.865459 
86.120251 
87.581787 
85.145703 
89.348833 
89.229634 
85.963265 
83.781391 
85.977940 
84.839700 
84.270484 
87.754345 
84.090952 
86.601162 
87.079738 
83.654769 
86.100983 
91.480475 
91.225211 
83.252069 
85.145374 
87.125817 
84.708837 
88.028670 
87.861846 
85.043079 
87.825880 
85.725810 
84.508574 
83.012072 
86.003357 
83.372842 
80.507939 
82.725744 
89.073750 
90.042226 
83.930618 
84.947802 
87.237443 
87.805504 
85.733433 
83.314042 
83.309791 
85.534180 
87.297359 
82.329963 
86.070545 
90.804655 
87.534369 
86.620941 
85.330972 
85.946145 
90.639230 
90.859620 
85.139035 
89.919311 
85.573434 
83.315696 
84.218548 
87.844093 
81.716996 
83.802285 
81.179153 
86.404578 
84.282940 
79.588060 
88.044936 
85.596248 
80.633299 
78.349416 
85.572260 
85.636299 
82.752190 
90.399571 
88.466862 
82.914044 
86.596123 
88.215433 
85.035069 
87.524088 
81.300275 
84.370334 
88.944677 
82.329900 
85.071470 
85.598965 
79.498398 
90.129174 
80.788273 
85.469506 
88.127015 
86.461067 
84.611513 
85.132672 
85.232929 
88.710517 
84.421742 
88.619856 
83.890273 
79.352408 
91.016628 
86.082123 
84.464639 
85.941912 
89.713156 
87.292961 
85.680104 
81.134235 
83.082492 
85.943830 
84.807055 
82.124439 
86.708412 
87.611465 
85.749684 
79.201233 
80.233570 
86.767210 
87.152575 
86.477244 
81.890408 
85.042129 
83.481871 
92.314118 
87.098899 
88.220447 
89.896689 
82.831659 
84.679866 
91.463684 
83.147949 
87.785221 
85.714200 
94.175373 
80.825267 
81.673892 
79.338785 
85.852310 
82.253911 
83.678673 
85.781309 
86.229595 
82.222885 
83.828639 
88.825579 
78.886689 
81.677149 
80.790287 
85.656836 
85.377271 
87.477143 
86.203021 
84.949031 
87.016106 
83.140560 
85.462294 
90.501009 
86.757631 
77.941585 
83.780054 
81.900964 
89.527722 
88.961814 
90.796695 
87.276141 
85.402926 
86.775575 
80.395195 
87.019339 
86.306997 
86.241878 
90.326152 
85.303767 
85.510708 
88.103993 
84.315304 
86.520319 
89.390354 
87.190520 
81.106610 
84.763100 
85.665171 
87.769637 
77.441651 
89.035600 
86.444179 
81.490943 
89.287301 
84.387980 
86.679577 
82.918129 
83.591573 
88.363411 
86.867171 
84.270296 
81.713489 
82.844958 
86.850734 
83.272721 
86.678010 
81.961101 
85.375591 
84.090981 
89.821995 
84.849367 
90.716235 
86.774509 
82.996776 
83.169896 
82.460742 
87.286209 
83.624412 
87.971666 
81.346708 
84.979373 
93.283879 
84.647231 
86.169314 
91.253104 
86.290150 
86.942212 
89.981398 
84.309457 
87.750118 
87.194768 
88.887078 
86.245454 
91.855335 
88.798072 
79.659716 
87.782906 
84.701914 
84.171642 
83.622052 
83.194429 
84.532268 
83.513733 
81.707108 
88.980859 
83.358170 
86.105975 
83.951177 
88.935273 
87.510593 
85.592608 
83.747698 
83.168439 
90.340599 
85.314699 
84.019037 
88.222016 
88.876649 
84.108771 
85.022332 
89.218638 
84.757702 
82.727644 
87.837157 
84.499382 
88.329467 
82.011799 
85.752162 
83.296062 
85.202418 
84.604729 
86.726274 
82.084862 
79.451849 
81.842404 
86.967027 
85.993349 
89.502036 
82.237639 
83.264258 
82.235384 
90.400066 
85.155148 
89.593916 
81.283806 
83.330624 
85.272473 
88.223508 
89.038038 
84.412140 
85.672985 
78.841614 
81.561727 
83.235156 
85.587733 
80.533669 
87.801652 
87.602891 
90.426204 
83.899900 
85.473988 
86.566300 
80.031663 
76.939726 
87.051801 
85.075037 
89.207100 
83.906065 
84.771260 
80.784128 
85.827497 
83.708137 
83.125559 
88.913698 
81.333724 
81.327955 
86.592038 
90.130755 
88.553701 
84.845151 
86.390108 
86.849320 
81.356692 
87.007829 
85.624266 
86.585064 
82.994938 
86.753032 
84.023984 
89.035315 
86.217924 
80.652038 
85.380451 
85.995349 
87.175813 
84.088819 
82.025029 
85.655736 
89.102008 
82.815986 
85.540040 
85.801686 
89.498952 
83.281962 
85.994748 
78.318467 
88.323795 
82.948629 
84.788591 
80.990625 
85.909240 
81.989606 
83.590484 
85.294603 
86.736610 
88.119658 
84.894275 
91.640651 
84.984691 
82.769226 
81.420221 
85.976359 
86.401346 
80.259960 
85.925631 
86.104241 
86.135249 
91.574315 
89.316296 
85.032731 
82.415116 
84.984716 
84.248134 
80.753177 
86.513135 
87.608067 
93.100625 
87.660549 
87.049565 
85.259507 
84.583981 
84.008232 
82.862221 
91.399213 
81.294897 
82.947482 
88.632563 
89.868568 
83.609305 
84.814507 
92.139414 
86.630938 
87.220385 
88.637962 
85.956293 
88.651483 
83.918435 
85.352525 
82.750688 
82.079512 
84.996502 
88.183595 
84.612305 
81.303209 
78.979226 
89.091196 
87.591706 
84.782541 
83.350156 
83.427500 
87.233496 
89.208156 
85.318278 
81.463531 
87.356784 
89.558627 
87.644304 
86.388676 
85.892585 
86.445022 
79.193897 
86.515612 
79.251607 
86.442135 
81.831707 
79.694104 
88.422324 
83.547221 
86.910506 
84.386382 
88.511339 
84.766800 
86.915854 
86.162313 
87.202216 
84.910834 
84.572605 
86.504200 
86.734019 
83.006900 
80.079386 
88.542345 
86.551004 
84.488382 
90.607371 
81.722137 
85.625731 
86.834315 
85.202695 
86.176512 
89.577807 
85.004947 
83.337726 
84.367386 
83.326852 
78.874107 
85.020652 
84.142799 
83.998325 
81.176676 
86.260078 
86.331720 
85.922003 
81.029951 
82.555440 
84.549050 
86.279969 
86.276682 
89.440026 
86.793494 
87.926667 
81.353508 
87.995180 
88.404474 
87.791509 
85.673493 
82.312209 
81.996445 
85.447424 
88.090266 
83.261424 
85.084756 
92.974510 
85.829940 
84.728509 
84.874877 
81.585797 
82.102188 
88.751339 
81.518752 
84.662920 
86.014706 
88.329193 
83.440840 
87.543729 
82.837179 
81.059845 
84.736726 
85.391150 
86.269064 
85.214799 
89.721431 
82.396511 
86.860008 
87.832425 
80.332444 
85.569893 
85.724292 
85.165150 
81.502921 
85.550022 
87.428209 
84.572361 
84.069469 
87.997363 
82.033731 
89.137882 
83.248872 
85.515691 
91.218426 
84.196292 
87.690345 
85.251110 
83.627389 
90.936245 
83.138343 
83.412666 
85.663060 
86.773514 
77.948599 
86.084998 
87.490396 
84.994010 
80.530221 
86.740187 
82.180657 
83.852331 
86.870475 
83.122318 
83.599487 
91.899891 
86.259848 
87.138563 
86.533088 
90.647700 
87.286650 
87.575913 
83.498033 
84.704594 
87.478988 
86.813710 
82.028172 
82.903549 
81.150550 
86.188666 
88.213860 
82.913696 
84.206833 
81.839086 
84.001855 
87.706010 
84.597633 
82.152377 
85.195719 
89.552517 
87.249412 
83.118348 
83.513642 
89.167951 
86.503060 
86.525342 
84.152847 
85.870289 
90.646605 
86.530336 
88.296293 
90.449962 
81.012533 
85.737919 
86.571568 
85.168828 
85.327965 
82.369441 
83.357401 
86.120394 
87.365534 
84.900779 
80.247219 
85.972611 
85.057596 
82.980072 
86.023065 
83.150813 
85.791858 
84.219419 
93.586598 
89.499404 
89.106127 
83.072542 
83.274863 
83.161286 
80.176247 
83.502210 
83.835110 
86.071675 
85.682957 
84.155496 
84.984868 
89.391906 
88.809322 
84.696436 
86.529320 
91.421328 
85.520244 
83.453117 
80.576928 
86.426047 
84.031536 
82.914852 
87.374161 
85.420240 
90.487689 
88.992350 
88.277144 
89.043493 
88.772202 
87.229596 
80.809913 
83.074749 
86.468344 
84.464173 
81.289892 
82.927014 
84.528747 
81.119591 
84.908022 
85.800658 
84.255049 
84.755900 
80.728052 
90.883972 
83.245850 
85.520152 
86.326252 
82.224063 
85.420089 
82.647565 
93.149203 
93.949176 
82.280436 
81.270772 
85.907245 
86.881873 
88.689994 
80.679314 
88.778132 
83.821195 
86.120222 
86.313394 
86.374313 
85.861478 
85.865413 
84.865347 
87.607246 
89.262321 
81.778704 
86.686698 
86.721161 
86.666551 
76.931397 
83.308473 
84.730695 
85.655120 
90.468779 
87.312848 
84.153768 
83.498561 
86.288456 
88.812818 
86.305392 
84.704326 
90.856833 
87.014450 
83.681416 
84.719954 
80.568530 
82.680293 
83.542460 
88.397709 
86.438307 
81.986962 
84.181677 
83.595209 
86.923904 
84.540196 
85.008509 
87.484859 
84.052260 
82.433177 
81.814513 
88.605583 
88.460084 
82.136907 
89.131683 
84.613806 
81.034223 
86.558966 
81.098067 
89.664982 
84.488820 
81.276470 
83.478688 
83.089894 
82.175430 
86.317001 
89.572510 
86.961420 
78.813319 
83.266855 
87.258626 
84.227077 
88.611371 
84.994184 
86.763334 
84.055489 
83.106920 
81.860698 
89.782319 
90.358890 
86.781201 
87.098076 
84.254839 
88.200077 
86.158602 
78.836024 
87.358978 
83.486659 
84.023791 
78.360080 
85.813530 
86.229128 
83.548668 
87.015692 
80.105636 
85.505537 
87.254251 
84.389910 
86.845880 
87.500584 
85.566558 
88.354729 
82.678451 
85.512937 
85.074858 
85.689541 
86.576820 
85.512269 
81.109836 
85.828475 
81.208215 
83.431958 
81.667517 
88.670674 
84.890091 
88.444422 
85.502050 
88.758339 
84.471166 
87.869726 
84.407414 
85.969809 
82.947739 
81.957311 
84.598345 
83.470968 
86.359106 
89.799807 
84.116790 
89.955780 
89.908884 
83.464206 
81.848331 
89.595969 
87.938733 
84.763173 
84.394509 
87.407592 
87.987636 
84.185976 
85.161157 
85.566209 
82.928877 
82.751112 
77.472348 
87.636202 
88.583915 
84.257020 
86.861513 
88.480728 
79.897595 
86.917820 
87.099599 
84.170111 
83.981174 
84.524346 
83.777492 
83.779763 
84.950503 
84.597726 
87.266692 
88.649308 
85.176527 
83.130717 
86.910366 
85.214807 
83.962405 
83.763666 
86.910503 
86.176913 
85.979511 
84.958229 
84.113759 
91.787249 
85.989935 
84.371888 
84.528047 
84.161773 
86.216415 
81.150123 
83.688264 
86.494677 
80.194597 
87.249269 
82.157627 
88.249805 
83.385415 
83.113622 
87.531426 
87.908020 
86.723667 
84.753054 
88.980632 
84.864128 
86.145468 
83.940372 
84.091247 
86.270682 
87.306887 
80.305200 
83.991170 
85.394133 
82.377386 
88.967591 
83.925565 
93.995947 
84.207369 
85.994652 
83.246123 
85.800342 
86.297238 
81.691764 
82.788775 
88.911942 
87.513621 
80.048614 
88.010024 
85.748431 
85.794020 
81.791456 
77.483814 
82.704746 
81.401706 
85.920356 
88.461852 
85.580553 
88.239306 
89.465673 
85.122421 
86.682171 
85.915989 
84.493908 
83.902208 
90.023576 
89.756259 
86.913051 
84.413422 
86.804929 
87.025164 
86.566400 
78.037991 
82.332970 
85.416922 
93.472756 
83.889107 
84.535584 
86.298132 
82.592400 
87.199288 
84.295075 
83.423321 
87.842627 
86.072878 
83.210690 
82.587024 
85.477488 
86.739241 
80.346887 
86.390787 
86.969209 
83.993135 
83.653395 
89.214274 
85.134578 
79.477881 
86.400051 
82.036498 
83.484154 
83.579585 
85.586359 
80.092789 
85.028251 
86.888922 
90.326172 
94.588352 
87.207971 
88.749550 
83.300435 
79.191207 
84.945957 
80.937554 
86.801564 
86.155402 
83.992195 
83.471662 
86.286311 
85.567260 
78.334903 
85.494182 
83.511889 
85.768197 
91.014762 
82.740311 
87.732162 
85.482894 
85.689640 
90.318887 
82.792550 
86.808287 
85.311274 
82.169010 
86.145402 
84.215144 
90.593961 
85.785031 
83.592601 
80.271540 
84.151898 
83.278540 
85.902382 
83.228755 
85.880148 
87.761220 
87.167993 
82.415685 
85.394404 
83.323860 
86.181328 
80.896280 
84.317842 
82.927746 
81.662992 
86.809914 
81.419135 
81.236650 
89.764063 
88.831419 
87.917709 
85.829716 
84.412864 
87.113890 
85.191522 
84.038847 
84.541622 
85.487549 
79.711946 
87.501347 
80.773524 
83.350771 
80.192070 
86.110149 
84.764475 
86.742163 
87.603476 
86.719148 
83.209980 
89.245058 
82.758599 
87.801036 
86.504192 
88.403528 
84.125037 
89.832815 
81.013882 
83.479428 
79.840185 
86.749410 
89.415282 
93.635361 
87.976985 
85.340884 
82.315703 
82.254375 
87.861492 
84.178092 
83.821120 
83.917802 
81.110051 
84.869747 
89.059093 
89.264925 
86.454217 
81.105613 
86.455648 
87.124747 
83.526585 
85.634805 
85.316232 
87.967992 
86.725620 
85.290752 
84.204198 
82.526609 
89.632620 
85.378409 
88.786907 
89.759196 
84.881564 
84.057282 
85.474587 
83.273421 
87.400386 
83.915714 
81.000517 
85.069360 
86.745468 
87.157140 
86.672707 
83.819134 
82.437730 
85.796345 
84.632493 
79.010420 
84.728520 
85.845198 
79.509466 
82.937775 
88.023515 
82.833922 
85.546872 
79.477440 
83.985650 
87.277161 
82.898610 
84.688536 
84.965884 
79.329339 
85.482935 
78.903780 
86.934884 
83.657500 
89.581705 
87.623023 
89.742179 
81.438627 
82.770574 
91.561324 
85.237765 
84.792216 
84.154556 
84.011259 
81.844807 
85.996675 
83.799163 
87.162067 
87.204050 
81.276246 
80.831341 
86.514575 
84.878817 
85.056301 
87.389429 
82.256010 
84.868895 
89.512662 
85.668129 
85.198617 
86.966378 
80.088798 
87.543194 
80.007951 
84.824090 
88.041237 
88.794889 
89.820148 
90.201082 
83.415460 
81.625081 
84.178800 
82.883599 
80.828471 
85.972565 
83.758628 
88.274299 
84.576082 
84.545258 
90.295431 
85.074859 
87.601724 
84.396767 
84.078150 
90.944553 
86.059865 
84.908968 
81.961423 
81.211129 
83.381419 
83.139804 
85.359627 
85.768265 
86.302378 
86.036080 
83.073199 
89.517142 
84.452872 
89.057049 
90.776871 
89.469901 
88.913862 
80.856655 
85.030731 
89.243920 
85.748346 
83.276784 
81.260674 
87.587749 
90.443776 
86.245681 
87.963876 
83.332233 
83.164253 
86.837173 
84.836912 
82.850710 
79.904629 
82.897566 
88.588661 
85.148970 
88.835150 
87.566782 
87.087003 
88.747563 
79.617990 
84.636389 
83.219631 
82.434750 
82.328513 
85.201280 
85.766367 
82.874669 
84.577768 
82.980915 
81.027778 
90.250340 
81.401671 
84.311823 
86.093663 
82.578813 
89.394758 
81.184924 
86.488451 
88.696239 
84.403293 
82.987572 
87.502408 
85.691701 
84.220775 
90.873866 
88.975058 
83.463101 
83.568278 
87.961772 
85.557998 
85.075921 
85.363394 
80.861567 
87.015124 
86.001070 
84.683660 
81.836639 
91.999439 
89.431744 
87.221975 
82.102379 
87.846725 
85.266927 
91.388446 
92.597276 
76.905524 
81.232431 
84.196013 
88.446247 
86.159910 
87.736811 
83.597387 
89.604666 
87.808551 
89.722911 
84.067001 
86.607958 
81.393113 
89.012071 
84.977632 
86.102009 
88.681543 
85.563254 
85.657226 
91.484527 
85.500824 
85.771834 
89.140879 
82.237824 
83.544019 
86.223557 
85.036285 
87.615806 
84.975248 
87.084669 
83.219295 
91.986982 
87.593278 
82.033038 
90.298816 
82.329791 
86.809078 
93.321832 
86.435794 
82.411125 
83.759943 
88.730057 
86.857451 
88.295469 
81.781095 
78.742817 
85.614823 
83.821377 
88.537597 
82.327426 
82.760537 
82.082565 
87.172797 
85.618106 
90.364909 
85.177083 
86.491566 
84.116820 
83.566419 
87.044728 
86.057318 
87.125970 
90.716982 
85.541484 
81.415158 
84.835095 
79.943195 
85.872991 
87.237296 
83.925621 
88.379571 
83.892424 
84.703615 
83.783518 
84.258032 
86.611317 
83.428531 
91.256315 
92.577624 
86.595040 
77.283869 
85.868228 
82.780803 
87.808994 
82.994921 
79.957053 
86.080661 
86.150424 
92.807647 
82.847460 
87.003171 
83.113036 
84.974164 
79.540412 
82.042994 
81.771204 
90.982651 
81.436965 
87.918231 
85.862365 
85.923152 
76.025987 
85.454372 
84.531409 
82.832662 
85.576906 
87.230464 
83.237870 
85.735904 
82.210954 
85.054435 
79.123104 
85.810198 
82.769721 
80.442818 
83.999821 
85.229692 
84.906475 
90.007555 
86.708770 
81.419571 
88.501450 
81.366268 
84.072206 
82.341831 
88.290397 
82.127254 
86.596406 
86.775400 
81.453661 
77.817197 
87.728281 
84.949346 
82.732354 
88.254348 
83.864247 
80.299400 
87.433771 
78.909760 
91.414020 
85.973275 
84.754981 
83.874028 
83.081521 
84.081159 
90.198326 
86.089513 
83.915092 
87.832523 
83.645990 
87.350712 
89.653763 
83.679217 
86.701169 
87.943020 
82.323004 
86.457631 
80.352988 
88.182366 
88.384588 
85.948881 
88.302657 
85.386878 
81.474496 
83.952581 
85.454364 
83.192371 
90.587771 
83.783335 
84.090443 
88.038226 
80.482664 
86.343219 
85.191609 
79.976049 
86.900956 
81.364894 
86.164131 
89.188534 
83.384984 
80.682693 
83.386197 
84.444339 
85.035736 
86.407615 
87.486043 
85.545646 
84.689150 
81.719982 
84.103047 
80.773790 
82.242431 
78.402184 
82.690151 
84.496503 
93.743849 
88.287849 
84.992173 
86.868356 
82.560865 
89.289780 
85.396332 
88.318886 
85.513103 
77.139938 
84.938869 
88.132397 
87.510587 
85.533284 
83.599286 
86.378212 
86.492077 
84.233785 
83.753044 
88.994869 
87.917695 
86.059703 
86.486427 
86.410027 
82.312187 
88.159242 
89.653463 
88.101860 
83.730241 
83.016680 
83.326641 
83.878958 
84.015412 
88.237993 
88.245344 
85.896437 
82.537335 
87.601375 
85.205463 
85.047242 
86.725682 
84.092833 
85.485633 
87.636510 
89.737282 
86.359934 
83.135051 
80.752556 
81.933113 
85.727044 
83.166154 
83.983696 
87.596780 
89.866113 
81.325377 
86.831266 
86.536848 
87.623936 
81.529240 
86.051763 
83.246511 
89.411989 
85.203449 
90.572335 
89.628698 
90.909257 
87.604056 
82.718700 
80.605372 
89.649859 
80.593342 
84.320768 
80.153733 
90.259331 
81.693890 
84.999733 
87.632996 
85.416454 
82.848478 
84.014796 
83.496286 
87.131897 
82.457404 
84.411405 
86.777934 
88.617906 
89.465037 
86.045403 
84.257730 
86.900274 
91.616150 
83.495602 
87.031458 
84.580318 
90.312624 
86.811945 
90.694313 
81.049782 
88.076154 
82.090010 
84.082634 
90.239102 
84.569041 
85.981134 
86.753914 
84.531209 
85.028448 
87.967313 
86.638257 
84.424058 
83.333060 
90.285257 
88.725809 
81.524869 
88.908119 
81.254391 
78.818799 
81.213387 
87.073308 
87.782317 
80.972196 
89.330580 
84.567714 
83.668499 
83.916409 
90.767162 
85.582674 
84.403826 
87.856594 
87.824558 
85.919376 
91.855345 
85.467144 
84.906201 
81.086005 
87.095779 
83.376345 
89.157001 
83.106905 
86.937651 
81.798993 
88.305354 
88.040701 
83.601180 
86.397480 
85.332683 
88.852179 
88.310644 
86.580187 
81.931406 
85.713420 
83.930069 
85.198021 
85.368699 
86.481574 
82.605398 
85.870275 
82.128774 
87.345001 
85.944143 
87.224631 
85.492010 
84.018159 
88.916822 
81.271101 
85.564368 
87.295284 
91.036202 
89.822719 
85.781926 
82.575069 
85.328214 
86.675299 
84.493440 
89.530912 
82.911679 
86.193108 
85.956869 
83.289167 
83.916997 
87.836114 
86.846381 
80.243891 
87.412501 
83.309863 
87.809243 
86.706081 
83.024665 
82.479823 
86.769605 
86.779408 
86.632318 
81.233792 
89.188844 
82.972225 
86.113886 
87.653409 
88.831475 
88.467976 
85.884007 
88.691183 
83.142844 
88.363828 
89.474913 
88.780545 
88.063262 
88.543887 
81.192976 
90.334769 
87.704048 
85.200304 
87.161203 
84.287309 
83.667792 
87.510640 
88.691510 
85.497061 
84.926095 
87.561469 
79.160857 
84.006249 
84.722677 
84.821461 
81.283977 
86.801254 
83.630518 
87.138770 
86.366282 
90.474391 
83.423644 
85.089900 
86.234899 
79.303908 
90.894268 
88.590067 
85.228140 
86.495857 
85.995851 
81.367877 
83.226341 
82.829868 
85.002568 
83.826086 
81.884152 
84.884699 
85.287543 
85.665527 
87.412719 
85.950440 
83.259707 
80.147763 
85.679560 
87.326957 
83.172238 
84.107527 
86.591227 
79.034290 
87.180953 
90.288359 
84.511086 
80.546408 
87.800521 
86.672407 
81.965900 
87.059100 
83.432791 
85.716436 
86.158442 
91.517379 
83.473680 
81.970102 
86.285525 
86.740073 
83.500769 
85.485200 
79.085225 
91.000708 
86.045611 
83.337664 
89.328888 
80.137994 
91.506836 
82.863370 
88.985747 
87.460339 
82.380326 
83.778687 
89.472529 
84.792410 
83.178625 
90.834051 
86.148363 
82.637267 
85.680996 
90.957749 
82.609477 
86.802177 
83.540102 
86.687431 
84.169169 
92.425422 
86.792096 
89.886354 
84.636964 
88.020943 
85.320855 
84.350568 
89.457489 
87.981612 
84.872141 
86.954203 
81.940729 
88.448383 
88.790549 
81.226546 
90.740791 
86.693681 
87.173327 
80.593175 
90.980777 
87.045326 
88.216602 
82.250206 
88.108657 
80.312090 
88.528308 
88.818851 
85.117940 
88.881362 
87.804376 
84.919059 
84.431890 
87.495622 
85.422127 
86.082906 
84.166529 
81.630114 
88.057999 
82.344874 
87.515377 
86.155376 
88.212589 
87.793181 
85.846054 
88.282724 
84.496306 
79.943167 
88.957407 
81.658664 
84.880312 
83.023382 
81.313861 
84.253095 
86.852786 
87.870428 
84.846077 
78.700099 
82.614372 
90.540175 
80.630130 
86.599258 
86.422010 
84.587658 
89.945518 
79.008529 
82.315961 
85.179584 
84.340969 
83.518151 
84.996298 
81.018520 
87.282366 
83.756840 
83.248326 
88.787008 
85.241205 
85.325136 
85.610500 
89.796284 
84.689807 
84.439151 
80.187568 
86.809075 
88.817197 
79.710233 
82.385499 
84.340218 
87.055852 
83.630614 
85.426021 
79.312328 
85.849991 
87.908938 
84.038802 
86.371927 
81.990251 
86.370514 
87.806881 
85.253110 
82.820938 
84.862438 
87.026123 
86.609726 
78.933875 
83.719420 
88.011987 
83.518962 
79.571446 
90.182248 
86.629007 
86.385888 
84.653900 
84.797744 
81.431079 
81.992882 
84.235307 
89.651852 
86.163458 
84.077062 
81.664446 
87.844295 
94.800035 
83.972531 
86.399665 
84.516459 
83.380439 
83.312797 
82.989224 
85.914407 
83.507062 
86.779851 
86.983409 
82.395111 
84.027977 
84.582005 
86.220871 
85.939063 
84.627569 
82.075255 
81.075134 
84.094821 
82.287421 
87.712141 
82.792975 
85.036817 
82.730287 
87.401659 
85.702944 
89.225092 
89.482581 
87.534731 
85.869989 
81.657555 
82.202126 
80.993984 
90.755429 
85.697867 
84.170662 
81.126286 
80.220230 
81.066474 
90.427173 
86.979380 
83.540797 
85.838644 
84.343242 
85.861967 
90.550966 
84.878137 
88.375350 
85.464921 
89.235793 
85.212574 
78.969247 
85.897856 
85.787524 
81.261371 
83.329170 
86.124646 
81.655330 
84.167850 
83.122071 
87.031243 
83.298234 
83.841261 
83.486450 
88.717014 
79.483971 
85.573346 
83.641327 
90.006414 
80.902755 
85.982561 
88.834747 
81.185966 
87.916263 
84.798963 
82.597451 
86.817875 
86.008016 
90.551150 
87.994059 
89.679041 
81.006053 
91.026759 
83.366290 
84.325333 
84.717066 
80.809308 
93.214932 
85.866553 
85.425210 
83.487327 
80.961005 
82.801223 
84.600394 
89.539295 
84.980695 
87.303441 
88.574693 
86.759660 
87.836653 
88.326959 
88.991780 
85.787909 
87.359719 
83.550932 
82.467913 
83.614805 
84.166860 
86.554187 
82.692574 
83.157126 
79.868043 
88.641886 
86.079850 
83.271110 
87.987272 
82.844082 
81.244239 
84.020368 
82.050511 
92.207191 
90.512872 
80.009728 
86.103707 
83.384857 
79.837650 
85.455209 
86.618748 
86.709356 
84.887808 
83.513255 
89.842146 
82.524234 
84.442038 
87.575074 
86.957377 
80.249895 
85.183695 
84.357002 
83.927389 
86.528934 
84.976799 
86.134378 
87.020593 
88.052985 
92.166361 
80.622029 
83.406249 
84.258725 
89.195049 
81.231820 
81.910463 
84.260668 
84.519061 
87.292075 
88.189478 
88.920080 
85.523539 
84.622135 
87.024013 
79.036235 
82.736870 
81.956848 
79.574807 
92.232128 
91.992370 
89.683269 
85.331499 
85.151187 
88.759503 
85.508312 
82.193309 
81.676316 
85.397959 
86.932141 
82.558196 
81.588352 
82.013864 
92.854778 
80.924656 
85.599570 
88.396057 
82.330636 
90.204954 
81.255307 
84.101564 
81.289368 
85.911611 
85.939103 
77.921607 
85.390470 
82.012361 
88.173827 
83.903523 
84.820144 
85.154930 
83.857752 
85.990234 
85.487898 
80.899378 
85.145413 
88.693667 
79.691210 
89.346266 
84.228980 
86.537383 
85.129974 
83.937524 
86.192324 
87.608528 
82.466502 
84.091440 
78.268895 
89.428109 
84.959904 
80.123191 
85.340484 
85.169743 
86.014028 
82.198246 
89.890716 
87.331847 
83.317036 
84.207942 
88.594119 
84.989037 
88.343939 
80.393845 
90.691435 
83.274106 
80.735337 
82.864435 
84.034740 
86.127501 
82.820786 
89.185655 
84.697670 
90.378335 
88.296571 
83.061413 
89.125582 
92.515244 
76.258141 
83.958903 
88.552631 
82.268667 
85.921010 
85.039478 
79.762485 
83.638887 
79.871199 
90.936490 
85.059856 
81.255379 
85.779064 
83.140221 
90.304263 
80.222537 
85.215322 
88.096071 
90.302687 
87.690152 
81.911490 
89.340696 
86.005677 
87.865240 
80.936683 
79.176822 
90.131759 
87.332479 
88.686071 
83.170163 
88.710623 
85.451228 
86.603970 
88.472715 
82.257159 
87.167936 
89.444156 
83.898708 
84.174669 
85.634570 
86.619933 
85.285783 
84.438897 
88.909818 
85.299578 
86.569043 
89.206519 
86.472375 
89.649976 
88.797668 
85.033525 
79.369447 
88.417487 
82.271217 
81.179266 
84.972507 
83.340387 
84.309827 
84.122873 
87.951437 
80.109081 
85.719771 
85.690287 
90.221307 
82.834112 
89.091527 
87.886804 
86.154542 
79.792181 
80.593116 
82.837650 
82.220372 
76.096761 
85.498205 
91.082975 
80.892215 
81.976569 
87.411647 
90.056272 
85.915120 
84.972625 
85.564294 
85.122313 
88.113928 
86.765143 
91.658466 
82.883284 
84.450182 
85.628316 
83.921729 
86.106636 
83.184403 
85.257302 
92.889620 
86.101757 
86.707240 
89.190731 
89.526930 
83.539600 
88.497746 
89.317368 
88.525947 
80.717278 
86.135791 
85.850099 
85.485650 
82.194496 
83.058901 
83.910348 
84.828197 
84.409841 
86.874703 
88.120356 
90.139576 
87.839758 
86.367548 
82.832661 
83.361224 
82.725380 
87.215395 
89.696796 
84.321975 
87.683577 
86.595778 
90.966579 
87.563910 
82.239722 
87.155815 
89.326738 
85.024732 
84.911703 
85.213250 
86.923721 
89.496625 
81.499785 
81.803116 
84.432375 
86.025097 
87.229886 
83.081522 
82.617620 
86.188865 
86.289786 
84.590570 
83.357339 
84.050464 
90.330651 
80.224426 
85.048045 
84.326427 
89.400136 
82.136846 
85.245036 
86.400499 
83.830058 
81.244949 
85.458396 
84.554578 
84.686442 
85.519973 
84.560261 
87.648698 
85.798438 
90.737410 
98.182656 
85.365396 
81.299539 
85.474933 
86.624780 
77.525860 
83.296080 
82.582480 
82.180161 
84.608324 
87.977926 
83.514466 
86.145766 
84.871633 
86.615640 
82.885020 
79.985105 
85.386649 
86.390776 
84.444979 
88.621621 
85.003473 
79.804973 
80.322221 
87.859262 
84.624253 
79.343161 
83.300208 
87.239942 
87.090883 
86.312377 
89.416526 
82.318204 
88.615837 
87.280999 
80.452377 
90.497174 
85.139432 
89.387154 
87.605243 
80.916391 
86.182855 
85.211507 
88.275351 
84.414144 
85.651750 
80.700706 
85.066434 
87.867752 
88.109937 
81.906736 
83.667245 
79.660323 
82.796690 
87.552659 
84.155401 
87.630201 
86.162217 
85.572229 
86.746185 
83.225048 
86.607753 
81.282281 
88.649645 
88.082664 
90.507757 
83.661665 
83.520446 
88.883714 
86.882506 
82.627196 
86.932817 
82.887926 
83.729103 
81.327710 
85.328809 
83.920396 
83.167024 
85.772448 
85.873947 
87.315762 
85.444808 
85.149739 
90.296048 
86.303035 
84.087626 
90.036898 
83.641429 
87.139221 
85.849671 
83.208660 
84.173404 
86.387833 
82.917641 
84.480792 
83.308669 
92.049560 
83.348416 
83.815869 
89.574159 
84.552491 
86.402600 
85.500108 
85.123792 
88.348697 
87.922283 
81.401339 
83.803226 
81.193799 
84.857598 
87.342320 
81.670554 
83.318612 
88.359669 
85.467840 
85.132407 
83.628164 
81.770870 
84.470830 
88.187773 
85.057206 
88.857691 
90.770590 
85.604701 
85.134381 
85.763590 
84.080212 
79.974089 
84.869092 
92.076567 
86.060023 
82.786738 
83.548848 
80.395238 
85.073769 
79.998026 
86.947383 
84.894798 
87.111268 
87.978316 
85.273952 
83.879428 
84.377779 
82.361292 
85.007393 
85.191454 
82.644581 
82.016381 
85.981720 
83.064002 
81.620252 
85.737150 
87.631792 
81.545169 
85.607264 
82.102024 
86.401914 
84.675894 
84.703229 
80.931092 
88.937457 
87.986228 
87.300293 
86.986273 
89.346033 
87.322097 
88.894872 
87.698638 
90.267183 
80.627851 
85.827640 
87.069694 
86.660489 
88.848363 
82.073888 
80.172594 
83.018168 
81.545391 
81.602571 
86.861137 
86.494695 
84.457214 
79.834440 
84.752911 
85.113052 
84.898371 
83.557048 
87.381769 
86.705822 
89.872428 
91.335924 
89.744825 
83.671326 
81.398134 
81.841407 
88.154694 
87.578069 
82.650065 
81.228062 
83.372750 
87.223530 
90.572429 
82.731336 
77.649590 
83.684911 
82.188938 
83.880449 
82.474374 
81.548529 
85.936695 
85.097684 
82.750055 
86.424345 
89.934531 
85.201902 
85.042271 
85.730752 
84.072742 
87.560716 
84.146261 
90.963015 
86.501469 
84.830159 
84.554541 
81.507880 
83.224721 
87.315808 
87.575857 
80.758384 
83.296451 
86.411083 
82.106796 
86.608315 
81.821724 
87.796257 
85.092533 
86.800005 
82.415466 
84.872874 
85.848522 
84.281534 
86.484296 
81.216456 
90.677118 
84.859795 
86.276277 
89.149259 
85.369842 
82.365497 
85.480033 
86.602137 
81.541920 
87.858405 
81.080066 
82.695741 
85.794319 
85.585029 
83.979331 
81.902481 
87.136709 
83.486974 
87.785537 
88.284178 
84.161816 
86.535183 
87.594830 
84.490647 
82.100964 
88.152253 
84.895472 
83.456148 
82.424936 
85.324206 
83.731037 
85.781287 
78.365492 
80.536474 
82.997042 
84.408563 
79.252593 
85.388652 
88.053629 
92.605067 
84.494620 
87.360460 
87.810250 
84.343098 
89.372490 
81.732314 
89.949491 
86.166876 
83.480239 
82.102827 
84.135152 
86.550594 
82.114709 
87.929186 
82.619782 
81.682410 
80.839402 
89.897810 
82.127132 
80.183973 
83.555556 
89.789879 
84.012631 
85.980658 
89.433814 
82.382000 
84.163152 
80.981594 
81.267177 
85.282797 
86.765137 
82.740066 
83.303279 
86.391051 
87.127317 
88.560972 
80.396171 
88.389913 
84.245968 
91.562302 
84.523506 
83.819986 
84.281445 
83.746513 
87.639285 
84.197501 
83.217676 
83.458249 
85.449662 
82.320974 
82.537522 
81.218107 
87.158349 
82.006775 
82.911185 
86.435033 
88.114937 
86.353808 
80.586772 
84.988972 
88.814859 
89.082396 
80.401418 
86.182074 
81.116230 
84.058590 
88.661514 
85.154475 
82.864931 
85.550452 
84.475659 
89.540023 
88.809723 
82.526873 
82.125172 
86.954412 
86.289281 
86.278894 
80.744412 
85.899389 
89.072501 
88.683522 
80.688332 
85.080748 
82.460023 
87.542580 
90.530038 
85.148164 
79.910832 
86.478692 
85.372283 
84.566397 
83.821470 
82.970900 
84.631001 
81.727092 
85.223612 
84.377317 
82.038829 
90.912824 
82.821067 
90.001123 
84.517093 
91.009736 
81.750338 
80.261216 
81.789306 
82.664652 
84.936898 
82.641036 
82.190831 
84.726497 
79.516834 
84.586481 
80.692507 
85.227931 
82.406480 
87.578172 
84.513854 
82.527821 
84.571755 
85.951785 
81.477604 
86.114269 
82.437166 
88.254162 
86.822971 
88.128608 
86.743055 
85.342347 
86.682515 
86.646359 
85.751230 
86.625901 
81.748730 
86.691508 
81.971222 
88.589693 
85.083503 
88.333360 
79.459887 
86.958972 
85.037641 
86.724447 
86.580675 
89.617523 
80.824399 
84.696456 
87.329245 
85.723883 
85.807644 
78.996883 
79.925061 
82.190912 
79.846615 
86.457337 
86.676765 
83.849656 
83.917392 
89.545248 
82.503842 
86.311573 
84.399865 
87.939035 
87.667658 
85.777300 
82.594148 
90.364324 
86.585771 
85.131982 
85.025672 
86.297374 
88.971617 
79.504475 
83.648077 
85.188703 
84.358170 
82.516866 
87.187857 
86.304155 
82.376689 
86.939269 
91.597102 
91.278984 
86.668176 
87.746453 
83.654479 
84.905407 
85.032522 
84.993577 
87.796580 
82.702737 
88.067241 
82.393046 
91.544075 
83.684590 
84.171754 
86.880638 
86.645688 
85.695917 
82.544097 
88.031290 
85.821373 
83.322234 
82.946159 
85.361031 
85.202976 
87.935410 
79.497730 
84.607490 
84.189450 
83.754834 
83.364178 
86.597378 
85.538476 
85.644967 
81.901787 
85.223791 
83.877055 
83.767118 
83.032512 
89.116519 
81.770559 
82.790215 
87.094108 
84.146158 
89.664968 
83.655030 
86.134222 
88.893446 
88.088680 
82.553770 
89.536315 
83.531603 
87.394544 
84.982427 
82.578441 
88.764640 
80.373630 
85.298945 
84.028049 
87.607518 
84.196358 
91.463797 
85.836832 
87.856528 
87.896539 
85.258544 
81.554264 
83.911147 
88.255473 
87.348149 
82.913388 
92.606048 
90.565855 
89.878354 
85.980241 
88.092926 
78.491461 
84.364719 
83.209318 
81.099858 
91.747357 
76.800191 
81.294468 
87.704202 
83.449660 
85.088789 
85.015118 
81.652163 
84.319353 
83.895993 
83.950895 
88.651713 
80.134653 
89.948558 
88.191797 
88.257100 
83.558257 
83.247764 
84.222197 
85.599555 
84.997644 
83.278476 
85.313393 
83.254668 
88.439827 
86.515030 
82.146300 
87.871998 
86.092417 
84.902127 
85.577445 
86.951268 
83.887226 
82.510767 
84.181165 
85.911496 
83.558723 
83.107337 
81.358844 
80.568077 
88.904446 
87.390007 
84.606528 
81.963202 
85.591236 
86.452167 
89.180309 
82.471137 
87.911595 
84.670903 
86.439340 
83.913549 
81.398984 
89.635705 
86.940400 
87.904295 
81.488757 
80.691407 
85.194547 
88.461659 
86.748683 
88.070693 
85.896798 
80.496747 
81.544831 
85.731404 
78.601708 
82.800210 
81.550787 
79.611109 
83.552632 
90.732833 
88.179324 
91.777109 
81.361482 
88.349963 
86.082719 
80.096518 
85.422101 
85.233490 
82.972928 
83.975917 
87.873836 
82.070325 
79.174451 
79.252677 
86.223659 
83.415266 
87.409740 
84.882861 
89.211339 
83.451355 
88.423140 
84.188567 
85.834607 
87.295942 
85.555929 
89.423860 
88.154907 
85.132660 
87.726343 
84.939450 
89.411479 
83.212904 
92.996763 
83.889551 
87.689437 
82.443811 
85.677129 
85.070654 
81.886095 
89.626210 
86.206743 
84.482774 
88.087389 
88.864571 
87.080003 
87.536880 
83.045086 
83.809024 
90.254501 
85.365666 
91.020295 
83.906208 
88.706826 
88.371072 
83.767582 
84.838960 
85.607241 
84.057016 
83.356215 
78.192034 
80.691593 
86.759880 
79.027801 
90.798816 
92.309367 
86.909789 
85.925516 
87.865573 
86.753154 
83.300457 
82.533215 
86.832444 
84.912363 
88.509987 
87.679568 
84.010109 
89.211169 
83.409425 
88.571306 
82.778734 
83.346782 
89.380935 
87.324391 
86.193323 
87.757628 
83.435605 
82.987138 
81.693255 
85.503482 
84.799254 
85.748406 
85.532342 
80.735138 
82.921119 
80.108457 
89.168086 
81.235732 
81.223112 
89.470986 
90.055090 
79.925210 
85.675390 
88.412220 
86.260824 
84.438792 
83.837802 
85.422260 
80.214653 
84.340519 
87.060033 
82.704594 
80.664199 
88.389700 
82.350156 
85.027450 
81.157005 
84.377299 
88.157562 
85.320401 
82.121113 
83.149934 
85.865687 
82.412991 
87.492748 
85.724892 
94.404064 
83.948912 
79.933800 
88.513774 
89.586997 
84.097141 
83.359099 
87.758543 
83.458472 
85.119164 
89.227712 
81.440102 
82.696355 
84.648933 
88.434771 
82.649472 
92.932979 
88.224981 
84.335893 
82.311845 
87.135880 
82.859608 
83.860270 
88.035394 
86.383569 
86.260099 
88.698601 
83.850144 
89.756591 
89.253014 
87.549929 
86.740292 
81.904504 
83.090341 
82.463574 
83.555464 
80.624988 
85.788250 
85.908782 
84.308986 
88.985608 
82.937280 
83.280698 
84.936820 
82.409237 
83.760753 
79.769842 
84.412876 
85.031933 
87.171028 
83.270941 
87.517396 
84.604340 
82.365715 
85.351321 
82.389464 
87.748776 
82.264530 
85.305480 
87.159389 
85.783094 
87.212362 
85.884631 
83.088327 
92.688239 
84.381187 
83.304825 
86.216262 
84.584574 
89.484848 
81.174320 
81.982716 
84.950513 
86.423479 
82.355792 
89.732491 
85.920043 
80.642840 
81.837613 
85.940422 
85.727022 
89.179092 
82.927796 
86.090819 
92.216689 
88.713471 
86.027344 
87.223884 
84.556225 
86.263910 
90.781649 
79.488554 
81.574681 
84.449785 
84.053708 
83.928050 
82.007151 
86.339563 
83.498791 
82.362475 
84.833514 
87.585557 
85.882711 
84.903931 
78.713581 
84.552994 
82.799939 
85.769011 
89.402521 
88.710067 
92.586314 
86.956638 
84.018537 
86.341228 
85.170063 
84.421530 
90.704311 
83.828369 
84.935404 
89.469028 
82.055727 
79.387081 
91.906137 
85.589824 
85.341477 
82.664546 
80.668047 
87.202475 
84.008413 
84.289233 
86.086883 
87.961128 
81.287415 
82.843105 
88.869309 
84.261510 
91.269052 
85.878439 
84.553584 
83.878719 
86.694627 
86.003867 
86.070810 
80.139885 
82.713506 
86.008400 
81.052729 
88.549476 
79.194067 
87.322770 
80.928746 
77.754334 
83.739388 
84.201048 
81.023278 
84.577979 
86.963781 
85.154800 
87.785499 
85.585556 
85.345783 
85.063095 
82.247557 
86.790903 
86.130055 
84.199687 
83.967723 
82.238931 
82.842138 
81.169105 
85.985593 
86.671073 
89.262129 
86.031294 
83.273462 
86.994036 
88.848387 
88.233988 
80.551945 
80.703858 
88.211648 
85.374040 
86.345455 
85.425652 
80.223758 
85.493639 
87.733267 
93.497447 
83.867742 
83.598736 
84.346575 
85.816514 
86.915682 
83.241999 
84.606564 
83.051720 
78.571321 
91.086946 
85.876640 
83.874290 
86.248486 
85.708391 
79.191378 
87.392076 
85.817633 
88.007714 
88.796424 
89.988370 
87.157816 
80.503316 
85.414019 
89.613707 
88.241438 
86.697430 
83.455638 
85.638119 
82.969592 
87.936665 
79.717995 
86.811345 
86.081092 
86.056780 
85.259439 
83.956226 
84.809474 
80.469968 
83.755544 
87.534559 
81.648725 
90.655596 
86.950117 
87.221681 
82.863260 
88.538901 
86.449114 
81.608494 
87.683936 
82.698468 
85.631794 
84.946549 
84.501955 
83.992758 
81.899610 
84.216360 
86.718327 
90.094137 
84.399414 
88.038066 
82.867193 
83.037343 
87.177017 
87.502350 
83.095806 
87.510658 
89.123638 
87.811797 
86.350076 
76.712335 
83.132064 
88.300207 
86.786925 
86.691479 
86.887371 
86.104708 
80.798582 
87.923885 
86.693204 
87.087960 
86.507289 
87.580980 
93.363201 
88.382582 
84.757957 
83.675282 
79.446844 
86.340179 
81.485658 
79.714335 
85.191312 
84.998530 
87.597763 
85.887973 
84.082879 
82.039179 
87.735167 
87.261486 
82.574613 
82.504753 
81.321677 
88.823149 
82.823509 
84.339324 
85.056752 
84.497353 
84.881412 
83.602991 
82.088062 
88.019499 
82.022479 
80.973695 
90.298601 
84.507567 
82.548561 
85.235334 
91.859745 
85.510931 
85.605009 
82.741760 
85.484291 
83.292517 
82.008819 
84.956303 
88.155739 
81.420569 
85.813920 
81.435517 
86.626584 
88.850780 
83.738434 
87.762589 
85.849471 
90.036949 
86.394753 
79.812590 
82.852841 
88.448480 
84.991613 
88.736520 
84.124162 
90.294239 
81.640160 
86.497159 
86.297753 
81.866276 
86.373022 
86.909861 
82.491807 
84.466825 
85.369439 
84.679201 
85.459377 
90.295731 
87.390937 
83.265715 
83.349588 
84.994902 
86.614470 
85.413265 
81.704248 
83.918303 
81.799612 
86.300564 
84.294769 
84.597890 
86.918923 
86.115050 
86.658536 
82.073380 
85.842240 
84.643484 
84.010444 
81.775345 
89.034855 
88.335164 
83.924630 
89.404334 
86.510019 
94.802232 
81.504855 
85.433774 
81.684604 
85.144820 
86.107602 
83.804705 
87.657256 
84.490054 
88.029279 
84.010159 
83.760268 
84.554906 
91.033838 
87.119739 
83.905086 
85.069235 
81.353849 
83.045171 
82.760363 
89.794431 
85.203365 
86.510691 
88.553322 
85.724772 
84.165582 
85.599661 
86.833968 
89.186749 
83.196095 
83.689054 
83.757064 
86.669409 
81.744623 
86.556961 
89.105234 
88.364537 
84.887244 
81.491632 
89.753786 
84.569268 
87.461807 
88.819859 
91.866364 
83.775436 
82.679150 
85.972640 
83.128277 
83.190375 
87.184114 
79.866395 
89.302023 
86.378275 
89.385693 
87.388983 
89.112684 
85.630523 
84.432860 
79.240597 
83.567602 
88.534811 
86.768067 
88.043278 
87.371405 
80.801396 
84.657171 
87.376069 
87.052409 
85.068043 
82.903252 
82.290593 
87.541776 
88.724704 
84.882209 
89.127812 
89.164039 
87.919316 
84.961618 
82.954095 
88.299817 
86.352323 
85.493894 
82.425772 
79.286394 
85.116618 
89.753395 
88.293779 
84.647637 
85.354986 
79.529075 
85.907116 
84.059257 
87.788756 
83.843344 
86.560783 
84.267136 
86.818384 
86.996497 
82.214328 
82.904486 
84.000538 
85.544601 
87.858510 
83.555002 
80.370311 
83.505797 
81.831034 
84.770832 
88.887107 
88.245254 
86.073181 
88.677465 
96.968008 
90.408372 
86.217103 
86.204359 
86.518071 
84.918536 
80.215647 
83.805275 
83.894965 
84.704660 
83.532292 
81.581367 
82.285098 
91.368317 
83.436775 
80.023475 
85.270769 
87.050605 
91.126138 
86.062828 
83.640066 
88.587621 
86.966881 
78.819577 
86.148115 
85.322169 
83.788911 
88.872012 
84.913814 
86.084643 
82.065743 
84.857246 
85.937870 
87.524435 
83.552298 
82.395228 
78.304541 
84.245923 
88.683970 
82.282675 
84.600764 
88.561874 
89.219240 
86.295206 
87.650679 
83.078615 
87.309471 
88.705600 
87.967581 
86.125735 
84.040627 
84.398079 
87.378271 
85.513134 
89.132162 
86.518589 
89.059403 
83.392518 
81.375435 
85.921668 
81.221136 
88.197600 
82.561927 
85.105072 
84.690191 
85.431798 
84.216928 
90.200815 
82.786823 
85.236783 
84.056464 
85.485389 
88.112542 
86.956312 
86.426074 
86.920886 
89.085333 
86.312880 
81.392441 
88.175583 
77.983571 
90.229099 
82.622037 
87.776294 
83.445689 
85.125730 
91.630625 
82.611566 
81.606876 
81.337933 
84.031528 
87.426046 
82.752534 
81.415986 
83.221511 
82.847465 
84.318685 
87.539114 
84.133002 
86.868995 
82.923416 
84.946250 
85.609610 
87.656750 
89.528116 
89.024871 
86.051470 
85.229778 
88.567637 
78.778040 
87.477937 
83.733110 
91.946655 
84.929209 
85.319229 
81.666814 
84.017087 
86.553712 
86.643230 
81.832590 
88.330131 
80.336180 
91.666472 
92.183974 
84.489964 
87.436049 
85.711148 
85.252748 
87.282433 
87.599417 
89.581478 
84.789547 
80.274237 
82.724360 
89.341389 
84.401613 
80.141047 
82.805658 
79.071914 
89.075011 
83.688803 
79.439583 
84.797571 
84.489962 
86.020383 
85.782392 
83.330276 
85.047655 
81.964900 
81.505380 
85.672663 
81.455079 
88.664343 
85.776654 
83.163304 
79.861953 
87.105836 
86.564973 
94.422937 
83.087266 
82.178562 
87.227160 
82.497888 
89.771808 
85.768007 
81.737997 
93.172216 
85.048160 
81.298784 
85.350331 
87.414087 
83.553239 
88.657203 
86.453377 
86.852861 
83.926789 
87.939107 
79.082715 
84.045674 
85.208843 
86.552668 
85.522793 
84.617793 
85.528786 
83.732144 
91.457263 
89.297478 
86.257030 
82.168983 
89.262866 
78.559946 
84.099776 
87.276458 
83.791007 
83.701095 
88.009148 
86.167928 
89.237973 
82.851718 
83.468745 
89.282089 
79.509440 
83.317808 
88.880141 
89.053366 
84.902773 
83.994996 
87.039780 
90.824227 
81.832446 
82.984980 
87.538872 
85.219832 
82.422025 
82.895924 
85.910694 
86.296801 
84.970448 
88.026419 
83.819300 
80.303477 
84.699399 
81.265492 
81.496704 
82.235609 
86.929516 
83.133601 
84.221623 
82.280855 
84.943587 
84.963102 
89.617108 
85.756576 
81.240074 
87.343749 
89.394077 
88.484023 
88.773457 
89.907018 
82.309621 
79.685785 
81.118419 
89.268776 
88.494247 
81.980272 
84.331518 
85.356490 
83.942429 
91.037300 
86.534721 
90.450988 
82.532087 
84.784149 
79.760199 
82.932843 
82.117245 
84.471611 
89.241286 
86.780125 
85.477815 
89.930969 
86.427169 
83.777970 
87.803600 
85.606945 
83.070086 
81.013207 
87.774690 
86.711569 
83.632470 
85.852170 
79.362311 
85.844410 
78.813888 
81.106529 
84.887484 
84.512124 
88.626183 
87.342765 
91.485662 
87.770189 
84.958025 
85.827141 
86.850686 
86.986999 
85.059289 
85.217573 
83.121082 
85.663192 
90.176109 
89.895614 
85.464018 
82.226666 
87.772346 
82.439991 
81.578305 
86.681688 
88.766960 
84.199415 
82.853282 
83.604657 
86.157847 
87.692147 
93.456258 
90.957693 
86.380568 
91.409052 
81.918774 
87.832906 
82.235088 
87.455027 
86.198344 
85.647762 
81.019658 
88.460442 
86.184825 
83.534300 
90.328410 
83.455003 
89.789906 
86.974981 
87.217455 
87.008850 
83.237947 
85.847009 
83.415788 
86.465653 
84.513948 
86.600092 
82.558043 
81.991803 
86.716680 
89.570488 
82.113968 
85.202764 
87.303002 
80.870463 
91.586955 
86.903835 
88.907758 
82.572092 
88.447529 
88.849416 
81.793203 
90.085175 
86.131920 
81.847060 
85.204579 
85.426015 
82.530946 
89.104595 
85.332529 
85.443639 
90.888369 
85.025909 
83.271800 
86.821481 
81.175566 
85.427481 
92.626072 
85.427148 
86.700614 
87.613195 
87.805189 
84.339293 
77.498104 
87.043017 
84.599722 
84.977010 
86.503973 
82.491500 
87.207188 
81.359396 
82.567582 
86.880312 
89.056775 
87.215357 
81.492361 
85.829943 
88.867485 
81.221778 
87.076108 
84.720006 
84.348275 
82.159303 
86.720130 
79.327663 
84.416077 
87.521028 
84.047419 
85.879657 
83.996031 
88.350284 
89.535099 
78.654181 
87.901428 
83.660061 
84.339895 
85.058973 
85.099172 
85.099973 
87.535540 
88.601594 
88.913194 
91.438154 
84.911246 
85.192154 
87.661509 
89.328678 
83.312099 
81.111352 
83.792047 
90.131927 
84.292267 
89.971047 
85.014396 
86.492522 
86.622918 
84.481994 
83.197060 
86.825179 
79.919065 
82.369415 
85.266561 
83.563219 
87.878294 
84.886609 
81.193406 
83.088295 
85.807750 
89.068068 
85.939166 
82.112119 
85.406680 
85.614717 
86.515116 
85.919101 
85.265685 
84.644189 
77.275083 
83.596897 
85.796693 
87.697330 
86.890204 
87.762792 
85.254888 
86.784534 
84.052441 
87.239244 
81.922886 
88.806350 
83.081716 
90.624357 
88.519563 
85.233927 
83.675324 
84.339291 
86.261790 
87.088137 
87.472993 
85.038821 
84.986168 
82.244644 
84.285768 
85.656571 
86.459397 
87.668228 
