15.760042 
15.718277 
15.819612 
15.804878 
15.787072 
15.843670 
15.953869 
15.857030 
16.043863 
15.744378 
15.663815 
15.644962 
15.766496 
15.903403 
15.945592 
15.807874 
15.628892 
15.789925 
15.953043 
15.842495 
15.774073 
16.006690 
15.748336 
15.729118 
15.703851 
15.871654 
15.647602 
15.702772 
15.772545 
15.702720 
16.134912 
15.814560 
15.871919 
15.837978 
15.923908 
16.010491 
15.809963 
15.778116 
16.005263 
15.481232 
15.499868 
15.684078 
15.966665 
16.083804 
15.945186 
16.082317 
15.728569 
15.895122 
16.001393 
15.784186 
15.702689 
15.786229 
15.934233 
15.872022 
15.813382 
15.722074 
15.779913 
15.914793 
15.987909 
16.000935 
15.875994 
15.854144 
15.954504 
15.823214 
15.483921 
15.859803 
16.120039 
15.914190 
15.921529 
15.839115 
16.056658 
15.442541 
15.703025 
15.667037 
15.796578 
15.921455 
15.833332 
15.962453 
15.951960 
15.687863 
15.691093 
15.888406 
15.655724 
15.837011 
15.894061 
15.848692 
15.788532 
15.603044 
16.019815 
15.881979 
15.596215 
15.508228 
15.693157 
15.585760 
15.472131 
15.638076 
15.947181 
15.944903 
15.837615 
15.595376 
15.510393 
15.965399 
15.667518 
15.401922 
15.456920 
15.845680 
15.716754 
15.723385 
15.780317 
15.847141 
15.807616 
15.636459 
15.719628 
16.013371 
15.974699 
15.823727 
15.773375 
15.910656 
15.491665 
15.765892 
15.831967 
15.987679 
15.791951 
15.730940 
15.880976 
15.832458 
16.034793 
16.011894 
15.891774 
15.822181 
15.691429 
15.913460 
16.044323 
15.787315 
15.961083 
16.270793 
15.818914 
15.906492 
15.962684 
15.706710 
15.617403 
15.539822 
15.871098 
16.130198 
15.885331 
15.734744 
15.578718 
15.701085 
15.759347 
15.980785 
15.952704 
15.796628 
15.602306 
15.756664 
15.690756 
16.044628 
15.803243 
15.876452 
15.842730 
15.934209 
15.850020 
15.440944 
15.683250 
15.882947 
15.802038 
15.670860 
15.666488 
15.966767 
16.096031 
15.403673 
15.807201 
15.928147 
15.896072 
15.739369 
15.820232 
15.977397 
15.607208 
15.726114 
15.802624 
15.699554 
15.631832 
15.769302 
15.666376 
15.680946 
15.692302 
15.841803 
15.607352 
15.804098 
15.841317 
15.778395 
15.888565 
15.835908 
15.868139 
15.699444 
15.819424 
15.907458 
15.789979 
16.056917 
15.896075 
15.703969 
15.687288 
16.012370 
16.042674 
15.663951 
15.791140 
15.989607 
15.463659 
16.164055 
15.869527 
15.878798 
15.921994 
15.922206 
15.957119 
16.039519 
15.926237 
15.800539 
15.921209 
15.874564 
15.943111 
15.781439 
15.857350 
15.847440 
15.779538 
15.990811 
15.833171 
15.684856 
15.725422 
15.684061 
15.622050 
15.637998 
15.667092 
15.835915 
15.978059 
15.964744 
15.901791 
15.589957 
15.715947 
15.570537 
15.843195 
15.689195 
15.657760 
15.812130 
15.875709 
15.628835 
15.947738 
15.791155 
15.622339 
15.757201 
15.978394 
16.007718 
15.724046 
15.789907 
15.692587 
15.845213 
15.767313 
15.607217 
15.663367 
15.708897 
15.753264 
15.734403 
15.665468 
16.011285 
15.589268 
15.588275 
16.134866 
15.848266 
15.815240 
15.952422 
15.768180 
15.919405 
15.941054 
15.837666 
15.740148 
15.814158 
15.601749 
15.364903 
15.533356 
15.675650 
15.845516 
15.845146 
15.736070 
15.664294 
15.740282 
15.670962 
15.751391 
15.955084 
15.893495 
15.786618 
15.717148 
15.699077 
15.646250 
15.590695 
15.654298 
16.029784 
15.897505 
15.761651 
15.931284 
15.889384 
15.702158 
16.169589 
15.498205 
15.728786 
15.913479 
15.831944 
15.954890 
16.100733 
15.724358 
16.176534 
15.911293 
15.753824 
15.723612 
15.649115 
15.588947 
15.699384 
15.759643 
15.906080 
15.972815 
15.896745 
15.771092 
15.927255 
15.709552 
15.539066 
15.711581 
15.584292 
15.952984 
15.684465 
15.655662 
15.747792 
15.574102 
15.971277 
15.735071 
15.731318 
15.686995 
15.654107 
15.734568 
15.465417 
15.675494 
15.795415 
15.869270 
15.882182 
15.700230 
15.876916 
15.959305 
15.792460 
15.727130 
15.542426 
15.490346 
15.830618 
15.789246 
15.491435 
15.753463 
15.772874 
15.744288 
15.603838 
15.692940 
15.861611 
15.731903 
15.578465 
15.755047 
15.797740 
15.843533 
16.034829 
15.930077 
15.682919 
15.819450 
15.704699 
15.436250 
15.658002 
15.924238 
15.924649 
15.739146 
15.587957 
15.655685 
15.660312 
15.858386 
15.909383 
16.336576 
15.955191 
15.779418 
15.685609 
15.822392 
16.000493 
16.109635 
15.958116 
15.853784 
15.821961 
15.799091 
16.003848 
15.901643 
15.604429 
15.954398 
15.701371 
15.734164 
15.913132 
15.688003 
15.599312 
15.625414 
16.033904 
15.926462 
15.745166 
15.786345 
15.654630 
15.733208 
15.655930 
15.562987 
15.692994 
15.712277 
15.551502 
15.592553 
15.620212 
15.669014 
15.507887 
15.551925 
15.854170 
15.647488 
15.501419 
15.826012 
15.743131 
15.816816 
15.531294 
15.497664 
15.455710 
15.552195 
15.488099 
15.445267 
15.761957 
15.924332 
15.704344 
15.630004 
15.597138 
15.725319 
15.672736 
15.625530 
15.941328 
16.175560 
15.937102 
15.820688 
15.515237 
15.646338 
15.780377 
15.623600 
15.612216 
15.730960 
15.791346 
15.697468 
15.657427 
15.542998 
15.869724 
15.731027 
15.726904 
15.493822 
15.768725 
15.699917 
15.529634 
15.889662 
15.557922 
15.486943 
15.958873 
15.851791 
15.929700 
16.061460 
15.922999 
15.589244 
15.491338 
15.722771 
15.656058 
15.541705 
15.645201 
15.841069 
15.507141 
15.584331 
15.946540 
15.663635 
15.716749 
15.759773 
16.267234 
16.016044 
15.663192 
15.607886 
15.721907 
15.784532 
15.679123 
15.787788 
15.799044 
15.752858 
15.714749 
15.802943 
15.784784 
15.885936 
15.899053 
15.922096 
15.721406 
15.744800 
15.679134 
15.485463 
15.643970 
15.843966 
15.768268 
15.813000 
15.820505 
16.028165 
15.786693 
15.849307 
15.541892 
15.465866 
16.003596 
15.937637 
15.905612 
15.688932 
15.655038 
15.784328 
15.746077 
15.769497 
15.588425 
15.847723 
16.198057 
16.094932 
15.966557 
15.931433 
15.853265 
15.993701 
16.026734 
15.929072 
16.178488 
15.926706 
15.970954 
15.928062 
15.803212 
15.888081 
15.942355 
15.891441 
16.021194 
15.800228 
16.050413 
15.870111 
16.024608 
15.787464 
15.608775 
15.835288 
15.709180 
15.702235 
16.019053 
15.785083 
15.806165 
15.599409 
15.864997 
15.735404 
15.909872 
15.888080 
15.958253 
15.993911 
15.865827 
15.551537 
15.605166 
15.869840 
15.743608 
15.861319 
16.047935 
15.971555 
15.947753 
15.938782 
15.938803 
15.747400 
15.881704 
15.848919 
15.745904 
15.821298 
15.757465 
15.724295 
15.737863 
16.161044 
15.912241 
15.607943 
15.648197 
15.829063 
15.767616 
15.659462 
15.698332 
15.792131 
15.784250 
15.632825 
15.840494 
15.697520 
15.964680 
15.865450 
15.838654 
15.736457 
15.960054 
16.002649 
16.066094 
15.967563 
15.809476 
15.881993 
15.811792 
15.663684 
15.776365 
15.919545 
15.803677 
15.885394 
15.737876 
15.945043 
16.020097 
15.789054 
15.464190 
15.623178 
15.747203 
15.478503 
15.641927 
16.039392 
16.078371 
15.971148 
15.821928 
15.892000 
15.928877 
15.905644 
15.583332 
15.689191 
15.901924 
15.864772 
15.804897 
15.849171 
15.794567 
16.081541 
16.045442 
16.045269 
16.062680 
15.652541 
15.707051 
15.876234 
15.961457 
15.957326 
15.538459 
15.722627 
15.730234 
15.661343 
15.728530 
15.536042 
15.568687 
15.887475 
15.842787 
15.391479 
15.679610 
15.853766 
15.739122 
15.787126 
15.440866 
15.523923 
15.840657 
15.686358 
15.891478 
15.772131 
15.638646 
15.735154 
15.815112 
16.088434 
15.904698 
15.917220 
16.074787 
15.945404 
15.738216 
15.593286 
15.681091 
15.723389 
15.670507 
15.604840 
15.786406 
15.945031 
15.851523 
15.597894 
15.792857 
15.812606 
15.602752 
16.123627 
16.041682 
15.948921 
15.854700 
15.538070 
15.589606 
15.520383 
15.704316 
15.787035 
15.875611 
15.764669 
15.483503 
15.659460 
15.600073 
15.972766 
15.889277 
15.820913 
16.085226 
15.912058 
15.955920 
15.943700 
15.874973 
15.884791 
15.793812 
15.739276 
15.668585 
15.696279 
16.210208 
16.116712 
15.819357 
15.864005 
15.622635 
15.414961 
15.562265 
15.985871 
15.913717 
16.069254 
16.140642 
15.576122 
15.837626 
15.714996 
15.915084 
15.689450 
15.596523 
15.500594 
15.721224 
15.518582 
15.880401 
15.880482 
15.605211 
15.867880 
15.837897 
15.869191 
15.851378 
15.806609 
15.847697 
15.929327 
15.816256 
15.729092 
15.848446 
15.424517 
15.401517 
15.987670 
15.803521 
15.687827 
15.848265 
15.574628 
15.803931 
15.793667 
15.816758 
15.351132 
15.919911 
15.876576 
15.692007 
15.717109 
15.733183 
15.636167 
15.656089 
15.847952 
15.723402 
15.532758 
15.740770 
15.710068 
15.883520 
15.844675 
15.588739 
15.748781 
16.109482 
15.939553 
15.983895 
15.843556 
15.856305 
15.923305 
15.972238 
15.852104 
15.810814 
15.405892 
15.740233 
15.535602 
15.754850 
15.595959 
15.725785 
15.826786 
15.884855 
15.909375 
16.052400 
15.639713 
15.822427 
15.913219 
15.771030 
15.521558 
15.659561 
15.812997 
15.998640 
15.769520 
15.814011 
15.557392 
15.809340 
15.700054 
15.767347 
15.861474 
15.687890 
15.610191 
15.613371 
15.746973 
15.854175 
15.588101 
15.537708 
15.726537 
15.812824 
15.497297 
15.937162 
15.822445 
15.839833 
15.671667 
15.742585 
15.824638 
15.883433 
16.146440 
16.102058 
16.005658 
15.888655 
15.787684 
15.852087 
15.619864 
15.851461 
15.825706 
15.730032 
15.594327 
15.596342 
15.603498 
15.609664 
15.728350 
15.650500 
15.812823 
15.687294 
15.647591 
15.651335 
15.746858 
15.793224 
15.903811 
15.797042 
15.757131 
15.910606 
15.807810 
15.768898 
15.874442 
15.883799 
15.843721 
15.989631 
15.731792 
15.943916 
16.050476 
15.892168 
15.722403 
15.957986 
15.741992 
15.785783 
15.973674 
15.758990 
15.853172 
15.736891 
15.733411 
15.716845 
15.899531 
15.851284 
15.727844 
15.871840 
15.519588 
15.799545 
15.801896 
15.610344 
15.999725 
15.818640 
15.800243 
15.691007 
15.866586 
15.593942 
15.959740 
16.000699 
15.832593 
16.025908 
15.782325 
15.642221 
15.462746 
15.348561 
15.658247 
15.860003 
16.082709 
15.857001 
15.820189 
15.751796 
15.876060 
15.990619 
15.793317 
16.012550 
15.770690 
15.813021 
16.089408 
16.172916 
15.769289 
15.802599 
15.920067 
15.721232 
16.114344 
16.017667 
15.848575 
15.898452 
15.666170 
15.817976 
15.858004 
15.909192 
16.054275 
15.867337 
15.952887 
15.653447 
15.738483 
15.597783 
15.871652 
15.955669 
15.850862 
15.817620 
15.715326 
15.285639 
15.656645 
15.624592 
15.873326 
15.817787 
15.713584 
15.557705 
15.818872 
15.851705 
15.790247 
16.059506 
15.688834 
15.483052 
15.684403 
15.648249 
15.856249 
15.992438 
15.983500 
15.869315 
15.763644 
15.951664 
15.918276 
15.943059 
15.794533 
15.852991 
15.715349 
15.782722 
15.859621 
16.039145 
15.760107 
15.993513 
15.971161 
15.835076 
15.862444 
15.872284 
15.590218 
15.910834 
15.827016 
15.870496 
15.661538 
15.738583 
15.829946 
15.994437 
15.837212 
15.941100 
15.369697 
15.730484 
15.850332 
15.871201 
15.899452 
15.872369 
15.840439 
15.869743 
15.592762 
15.499347 
15.409445 
15.516450 
15.834456 
15.811321 
15.835755 
16.058414 
15.835722 
15.852546 
15.922958 
15.690665 
15.951818 
15.906855 
15.783121 
15.758918 
15.734376 
15.533248 
15.707373 
15.843741 
15.801733 
15.948521 
15.835154 
16.027905 
16.093699 
16.229750 
15.816521 
15.730618 
15.773282 
15.768732 
15.787098 
15.860382 
15.860056 
15.850443 
15.492647 
15.862946 
15.904504 
15.873635 
15.886644 
15.858536 
15.728129 
15.999503 
15.833351 
15.588267 
15.852942 
15.855046 
15.814031 
15.594200 
15.945728 
15.951195 
15.845030 
15.844541 
15.755221 
15.823076 
15.763793 
15.728219 
15.896423 
15.715547 
15.738148 
15.550551 
15.647621 
15.679168 
15.844508 
15.742658 
15.961918 
16.047963 
15.802133 
15.488321 
15.492483 
15.639652 
15.749409 
15.759545 
15.639421 
15.541873 
15.547616 
15.687279 
15.783441 
15.707201 
15.711503 
15.891338 
15.951977 
15.804203 
15.601468 
15.909072 
15.548868 
15.684786 
15.737485 
15.890116 
15.873393 
15.738095 
15.604914 
15.718505 
16.019417 
15.768608 
15.729644 
15.785257 
15.883793 
15.825433 
15.980482 
16.003902 
15.726538 
15.724593 
15.652141 
16.066999 
15.933510 
15.852860 
15.679583 
15.751842 
15.534701 
15.789248 
15.766619 
16.082354 
15.944380 
15.844276 
15.933653 
15.845380 
15.756167 
15.969946 
15.790319 
15.943619 
16.007141 
15.967282 
16.177192 
15.925828 
15.824190 
16.008214 
15.620540 
15.473287 
15.761598 
15.639119 
15.780209 
15.792989 
15.706809 
15.579805 
15.721722 
16.029046 
15.995134 
15.810746 
16.041116 
15.922731 
15.951435 
15.681370 
15.567928 
16.004745 
16.162445 
16.025614 
15.751031 
15.773191 
15.909188 
15.893028 
15.770352 
15.838277 
15.838614 
16.026101 
15.936419 
15.937698 
15.771712 
15.681630 
15.735048 
15.695949 
15.559622 
15.669936 
16.126842 
15.589665 
15.620348 
15.620658 
15.516511 
15.924916 
15.643589 
15.680878 
15.589161 
15.635111 
15.596296 
15.738263 
15.854855 
15.629601 
15.790910 
16.073694 
15.862270 
15.816450 
15.723816 
15.654277 
15.863100 
15.640673 
15.878339 
15.836203 
15.784948 
16.007879 
15.879668 
15.838152 
15.720821 
15.721472 
15.618925 
16.036683 
15.939873 
16.079274 
15.891077 
16.021515 
15.881264 
15.720300 
15.784291 
15.814736 
15.988373 
15.789496 
16.021517 
15.964415 
15.917588 
15.883314 
15.969092 
15.776486 
15.861900 
15.715416 
15.753463 
15.830297 
15.819819 
15.796126 
15.674540 
15.642571 
15.484374 
15.539229 
15.586986 
15.648197 
15.748256 
15.908762 
15.892943 
15.755024 
15.800544 
15.768314 
15.803917 
15.843694 
15.801150 
15.956057 
15.631309 
15.736217 
16.043297 
15.644108 
15.639687 
15.662415 
15.952753 
15.913545 
15.774215 
16.028205 
15.727020 
15.751215 
15.758239 
15.660915 
16.077820 
16.025281 
15.674646 
15.641524 
15.791531 
15.776442 
15.587888 
15.468133 
15.658911 
15.857584 
15.653583 
16.014170 
15.872007 
15.882180 
15.786848 
15.859001 
15.725085 
15.893719 
16.012388 
15.945091 
16.007582 
15.924621 
15.967502 
15.642525 
15.622607 
15.590476 
15.924096 
15.830990 
15.807700 
16.001404 
15.802993 
15.699622 
15.785121 
15.402345 
15.762189 
15.903828 
16.000615 
15.847535 
15.753105 
15.736593 
15.918907 
15.542335 
15.716236 
15.753809 
15.881240 
15.907932 
15.772719 
15.698741 
15.697527 
15.776882 
15.646220 
15.659415 
15.685694 
15.935131 
16.047793 
15.886763 
15.652739 
15.886800 
15.980424 
16.095449 
15.832793 
15.688968 
15.809959 
15.745293 
15.721725 
15.705691 
15.661847 
15.912317 
15.646835 
15.597717 
15.793414 
15.560763 
15.577269 
15.678428 
15.848578 
15.713892 
15.897151 
15.719567 
15.687113 
15.996477 
15.794069 
15.643396 
15.966598 
15.911068 
15.754892 
15.324995 
15.553315 
15.660284 
15.762585 
15.864337 
15.775299 
15.908560 
15.815796 
15.659036 
16.015542 
16.004022 
15.869636 
15.761429 
15.996869 
15.751451 
15.635209 
15.812068 
15.821059 
15.990880 
15.831675 
15.750907 
15.787797 
16.009644 
15.478314 
15.712958 
15.749221 
15.815756 
15.885600 
15.784420 
16.142381 
15.904811 
15.680753 
15.606926 
15.591518 
15.632198 
15.710774 
15.983296 
15.984560 
15.797026 
15.935850 
16.034381 
15.751523 
15.838976 
15.794331 
15.604013 
15.545617 
15.809656 
15.799862 
15.758820 
15.705434 
15.824348 
15.582156 
15.589226 
15.944342 
15.805512 
15.761306 
15.668666 
15.649639 
15.551622 
15.682746 
15.561684 
15.734739 
15.552905 
15.916584 
15.886478 
15.529439 
15.809156 
15.819543 
15.641029 
16.042350 
15.671323 
15.966833 
15.850678 
15.696029 
15.733331 
15.643250 
15.774891 
15.705330 
15.780256 
15.923178 
15.755307 
16.062399 
15.928422 
15.758744 
15.822721 
15.749522 
15.612501 
15.774264 
15.715691 
15.762422 
15.731187 
15.538975 
15.598619 
15.602104 
15.742244 
15.729706 
16.031938 
16.045831 
15.748954 
15.816104 
16.015129 
15.888335 
15.727210 
15.631966 
15.746690 
15.772523 
15.920346 
15.880736 
15.686209 
15.753548 
15.371345 
15.816976 
15.871531 
15.851817 
15.734687 
15.564424 
15.713221 
15.690467 
15.699828 
15.996489 
15.743434 
15.887067 
15.988342 
15.674350 
15.947929 
15.615183 
15.785948 
15.733896 
16.155063 
15.620671 
16.015521 
15.780327 
15.751073 
15.735001 
15.609213 
15.365625 
15.443003 
15.568473 
15.839759 
15.719837 
15.854940 
15.789862 
15.722359 
15.670720 
15.710822 
15.748276 
15.735048 
15.734435 
15.864124 
15.669712 
15.641459 
15.703831 
15.942444 
15.901847 
15.635426 
15.684519 
15.758040 
15.600632 
15.620823 
15.609405 
15.867648 
15.756286 
16.032168 
15.972284 
15.694377 
15.748762 
15.485758 
15.553563 
15.738277 
16.021060 
15.661282 
15.590767 
16.121347 
16.008481 
15.879645 
15.969706 
16.003951 
15.686313 
15.705546 
15.603061 
15.964157 
15.742449 
15.788455 
15.908862 
15.924433 
16.058615 
15.609205 
15.436736 
15.624864 
15.495563 
15.752503 
15.829879 
15.642838 
15.777442 
15.690525 
15.856844 
15.873228 
15.703356 
15.709721 
15.848510 
15.568596 
15.634582 
16.027268 
15.781278 
15.504690 
15.784136 
15.699987 
15.844829 
15.512667 
15.930926 
15.679056 
15.557982 
15.637373 
15.474925 
15.816775 
15.636922 
15.813881 
15.834450 
15.777495 
16.088250 
16.080005 
15.894656 
15.877214 
15.782149 
15.528727 
15.446366 
15.881944 
15.935393 
15.798597 
15.646744 
15.840072 
15.732677 
15.791032 
15.688857 
15.492156 
15.617683 
15.580603 
15.684834 
15.570541 
15.758704 
15.515011 
15.392756 
15.366754 
15.542912 
15.871859 
15.801899 
15.821383 
15.844086 
16.041902 
15.936282 
15.713150 
15.868108 
15.795255 
15.865361 
15.824564 
15.804765 
15.638535 
15.736907 
15.313871 
15.720041 
15.803524 
15.814230 
15.736652 
15.651166 
15.632997 
15.702006 
15.585344 
15.589592 
15.827635 
15.739875 
15.611141 
15.870462 
15.697099 
15.679018 
15.702499 
15.924568 
15.812292 
15.912488 
15.529168 
15.554973 
15.705338 
15.778385 
15.977895 
15.682832 
15.594182 
15.595739 
15.682324 
15.745147 
15.530177 
15.717248 
15.685128 
15.771250 
16.027092 
15.860136 
15.866665 
15.782671 
15.620805 
16.094580 
15.887937 
15.579726 
15.683707 
15.899725 
15.942184 
15.864548 
15.935544 
15.995538 
15.783542 
16.025803 
15.949357 
15.571768 
15.851945 
15.752274 
15.569430 
15.651650 
16.120198 
15.862318 
15.686380 
15.690966 
15.513511 
15.724973 
15.757954 
15.915852 
15.549488 
15.635931 
15.625429 
15.767462 
15.713714 
15.668462 
15.583156 
15.578040 
15.953587 
15.775232 
15.643913 
15.886510 
16.011843 
15.942211 
15.900559 
15.860884 
15.588861 
15.501481 
15.605488 
15.323759 
15.575167 
15.716666 
15.691571 
15.818375 
15.869458 
16.095534 
15.511822 
15.691455 
15.913177 
15.795142 
15.635565 
15.666130 
15.704743 
15.578703 
16.097751 
15.838786 
15.604271 
15.766996 
15.737876 
15.711499 
15.827707 
15.821080 
15.753771 
15.889085 
15.797180 
15.929230 
15.810665 
16.192448 
15.753783 
15.812393 
15.599736 
15.917927 
15.897728 
15.690668 
15.950203 
15.858864 
15.654404 
15.876502 
15.752744 
15.761250 
15.713787 
15.707145 
15.574584 
15.703818 
15.663370 
15.873079 
15.715984 
15.710659 
15.719623 
15.726685 
15.871852 
16.065448 
15.866260 
15.661039 
15.684519 
15.908330 
15.637820 
15.800887 
15.889846 
15.661032 
15.831575 
15.580024 
15.681951 
15.955996 
15.864296 
15.703566 
15.642313 
15.570983 
15.575147 
15.652818 
15.730786 
15.916600 
15.707248 
15.850249 
15.787230 
15.884154 
15.623553 
15.652581 
15.788754 
15.699701 
15.859397 
15.639066 
15.630022 
15.756769 
15.876018 
15.789287 
15.610092 
15.850850 
15.748977 
15.737869 
15.563858 
15.729516 
15.709088 
15.816370 
15.680982 
15.772004 
15.924186 
16.118676 
15.953574 
15.609485 
15.557711 
15.616141 
15.736155 
15.954593 
15.822827 
15.966295 
16.115622 
15.899099 
16.048993 
15.625417 
15.552893 
15.865400 
15.640902 
15.662890 
15.913463 
15.773608 
15.806409 
15.834930 
15.883625 
15.996018 
15.658432 
15.619086 
15.924250 
15.609599 
15.633723 
15.824758 
15.721868 
16.118741 
15.701178 
15.662523 
15.828704 
15.746597 
15.674276 
15.938130 
15.412282 
15.548086 
15.502123 
16.009860 
15.496367 
15.918409 
16.121041 
15.703196 
15.822252 
15.873421 
15.686689 
15.553938 
15.902208 
15.818818 
15.760791 
15.840263 
15.822061 
15.769823 
15.896110 
15.981069 
15.832727 
15.549556 
15.933316 
15.726663 
15.502802 
15.817767 
15.951847 
15.537967 
15.420394 
15.374000 
15.714271 
15.890890 
15.810647 
15.574963 
15.573758 
15.719162 
15.733017 
15.725226 
15.575226 
15.525189 
15.840956 
15.872333 
16.083504 
15.894301 
15.919275 
16.049305 
15.828006 
15.867664 
15.949481 
15.618505 
15.815053 
15.919825 
15.988349 
15.778562 
15.646242 
15.758879 
15.815393 
15.669428 
15.858549 
15.725580 
15.747528 
15.956435 
15.609467 
15.524523 
15.749375 
15.842100 
15.841970 
15.813903 
15.651859 
15.769039 
15.693399 
15.803389 
15.804997 
15.510866 
15.466533 
15.926510 
15.867567 
15.677990 
15.880047 
15.815924 
15.935158 
15.704297 
15.779940 
15.765463 
15.773347 
15.865966 
15.670399 
15.743755 
15.916794 
15.783130 
16.010584 
15.797239 
15.747975 
15.821181 
15.684473 
15.749197 
15.794726 
15.960568 
15.648449 
15.890030 
15.493836 
15.588925 
15.928007 
15.903306 
15.827319 
15.764217 
16.000217 
15.844134 
15.849623 
15.927150 
15.825818 
15.690854 
15.655400 
15.733850 
15.822038 
15.616779 
15.651003 
15.619982 
15.771311 
15.757721 
15.653209 
15.759007 
16.052490 
15.890779 
15.972496 
15.975161 
15.710653 
15.776851 
15.480497 
15.645996 
15.921112 
15.772785 
15.666472 
15.949763 
15.743957 
15.809744 
15.802783 
15.595738 
15.813695 
15.573332 
15.660780 
15.642270 
15.676226 
15.758641 
15.918533 
15.761435 
15.991782 
16.019970 
15.841868 
15.912620 
15.722814 
15.611345 
15.555373 
15.855254 
15.480102 
15.776096 
15.593214 
15.805085 
15.815253 
15.917299 
15.777627 
16.015775 
15.823471 
15.651324 
15.860183 
15.854723 
15.686037 
15.404108 
15.583913 
16.034045 
15.822990 
15.843946 
15.979108 
15.996890 
16.059518 
15.619566 
16.005312 
15.696462 
15.685110 
15.469403 
15.774367 
15.748919 
15.835961 
15.817114 
15.684482 
15.860772 
16.095392 
15.697541 
15.581163 
15.678749 
16.001023 
15.899765 
15.793097 
15.674894 
15.759847 
15.958579 
15.992652 
15.870278 
15.859527 
15.851611 
15.717805 
15.642683 
15.660070 
15.680901 
15.982444 
15.931140 
15.988739 
15.919103 
15.539239 
15.973229 
15.954518 
15.943142 
15.626605 
15.755989 
15.679463 
15.909519 
15.611285 
15.665165 
15.707793 
15.860257 
15.974517 
15.778544 
15.969550 
16.093770 
15.979131 
15.794916 
15.767106 
16.019615 
15.845073 
16.070838 
15.903974 
16.002607 
15.918315 
15.856022 
15.581721 
15.659115 
16.128202 
15.996178 
15.744613 
16.061965 
15.782150 
15.759946 
16.090011 
15.801989 
16.115868 
15.666356 
15.893018 
15.901271 
16.223260 
15.998738 
15.896467 
15.831576 
15.828324 
15.851154 
15.727762 
15.855117 
15.769737 
15.820071 
15.627653 
15.844542 
15.368896 
15.577109 
15.743589 
15.935880 
15.707604 
15.757764 
15.575305 
15.522928 
15.829463 
15.989236 
15.879796 
15.974861 
15.996736 
16.078770 
15.457904 
15.870356 
15.750389 
15.787684 
15.719899 
15.871224 
15.750357 
15.767913 
15.637406 
15.597115 
15.744463 
15.800842 
15.691561 
15.811688 
15.739571 
15.670865 
15.811134 
15.732428 
15.934733 
15.930708 
15.817107 
16.096102 
16.044098 
15.649411 
15.972921 
15.737791 
15.930442 
15.645535 
15.651421 
15.857174 
15.870812 
15.785895 
15.620091 
15.958588 
16.205449 
15.999784 
15.817516 
15.922369 
16.069708 
15.924533 
15.768491 
15.750727 
15.832071 
15.589462 
15.766002 
15.933008 
15.948866 
16.110017 
16.095066 
15.763869 
15.835627 
15.556673 
15.401037 
15.830521 
15.795035 
15.810848 
15.688109 
15.686207 
15.732485 
15.858380 
15.865015 
15.798282 
15.935062 
15.643770 
15.716210 
15.896485 
16.002735 
15.715574 
15.777001 
15.668737 
15.821042 
15.780193 
15.756460 
16.028276 
15.824646 
15.793236 
16.032507 
15.925939 
15.749229 
15.908587 
15.820347 
16.023099 
15.920432 
15.594601 
15.763789 
15.821715 
15.945966 
15.650080 
15.770160 
15.641633 
15.658492 
15.785785 
15.965333 
15.853095 
15.656940 
15.898847 
15.701105 
15.875614 
16.049299 
15.810135 
15.906455 
15.967064 
16.073222 
15.892168 
16.002748 
15.846553 
15.623843 
15.552614 
15.325324 
15.592293 
15.722069 
15.594544 
15.916782 
15.663872 
15.559609 
15.728115 
15.900663 
15.860820 
15.589022 
15.889100 
15.700056 
15.856130 
15.732067 
15.660524 
15.663481 
16.002378 
15.688593 
15.575970 
15.835350 
15.549995 
15.761851 
15.720359 
15.592150 
16.034885 
15.804529 
15.675498 
15.717359 
15.395956 
15.767079 
15.978783 
15.933028 
15.821770 
15.708316 
15.615916 
15.656652 
15.788668 
15.719830 
15.839698 
16.051293 
15.857893 
15.647521 
15.710180 
15.816325 
15.904641 
15.908504 
15.620903 
15.844872 
15.530329 
15.874226 
15.750461 
15.650563 
15.784666 
15.995960 
15.786186 
15.615251 
15.724606 
15.781867 
15.765086 
15.525136 
15.756093 
15.714275 
15.783990 
15.917190 
15.792138 
15.784693 
15.938740 
15.956083 
15.861891 
15.623720 
15.925137 
15.807356 
15.969624 
15.839620 
15.878811 
15.719268 
15.826433 
15.858079 
15.679066 
15.881327 
15.925929 
16.106249 
15.890417 
15.955348 
15.760190 
15.917198 
16.093451 
15.817111 
15.800923 
15.927687 
15.523932 
15.723622 
15.751500 
15.788318 
15.780597 
15.587985 
15.448427 
15.794733 
15.887597 
15.647136 
15.683770 
15.671966 
16.105799 
16.102808 
15.879879 
15.749043 
15.709966 
15.732315 
15.705357 
15.623783 
15.782892 
16.107977 
15.717900 
15.841843 
15.493099 
15.766488 
15.323910 
15.702869 
15.800626 
15.783491 
16.018912 
15.910582 
16.146872 
15.912354 
15.868854 
15.762812 
15.714702 
15.758496 
15.732408 
15.696291 
15.673402 
15.819526 
15.675046 
15.619132 
15.698590 
15.743783 
15.652537 
16.024384 
16.006649 
15.588260 
15.638963 
15.768187 
15.807486 
15.717815 
15.715063 
15.572114 
15.501653 
15.719523 
15.583198 
15.574317 
15.739036 
15.947061 
15.697770 
15.558048 
15.832633 
15.807278 
15.733435 
15.600029 
15.706998 
15.672129 
15.856772 
15.439570 
15.735643 
15.893821 
15.631915 
15.790235 
15.878740 
15.835955 
15.786851 
15.599814 
15.868575 
15.721616 
15.893355 
15.853558 
15.757171 
15.955769 
15.686413 
15.664039 
15.674715 
15.668166 
15.782532 
15.696061 
16.072435 
15.778412 
15.579771 
15.854520 
15.910402 
15.706996 
15.813339 
15.814743 
15.667390 
15.745426 
15.935534 
15.815369 
15.914147 
15.884640 
15.630936 
15.695905 
15.343839 
15.813791 
15.832906 
15.949256 
15.745344 
15.513132 
15.452517 
15.635643 
15.746681 
15.914448 
15.927567 
15.550627 
15.840215 
15.675877 
15.986938 
16.017800 
15.807356 
15.711355 
15.785273 
15.820298 
15.617893 
15.829117 
16.048526 
15.650070 
15.791929 
15.785898 
15.890966 
15.704553 
15.851455 
15.869150 
15.847283 
15.965941 
15.853425 
15.936904 
15.779816 
15.633292 
15.512151 
15.470002 
15.501287 
15.571135 
15.997665 
15.699745 
15.431583 
16.033995 
15.958132 
15.856384 
15.782110 
16.116100 
16.038118 
15.995285 
15.728558 
15.840171 
15.896225 
15.742247 
15.796015 
15.943128 
15.815716 
15.602159 
15.919943 
15.822372 
15.984252 
15.834521 
15.811966 
15.770025 
15.997486 
15.911456 
15.963953 
16.132002 
15.559113 
15.753890 
15.819364 
15.715736 
15.740214 
15.689967 
15.596145 
15.596827 
15.956262 
15.824310 
15.598936 
15.730936 
16.000557 
15.824084 
15.739661 
15.644341 
15.861239 
15.629267 
15.704021 
15.651557 
15.841822 
15.652005 
15.909483 
15.790729 
15.974565 
15.682681 
16.072610 
16.094373 
15.806825 
16.062777 
15.670926 
15.711191 
15.940824 
15.731094 
15.806810 
15.835166 
15.828381 
15.480689 
15.643050 
15.785563 
15.754162 
15.801031 
15.759203 
15.919140 
16.059699 
15.973271 
15.492190 
15.405356 
15.535448 
15.716836 
15.646890 
15.586471 
15.845443 
15.788453 
15.601210 
15.625410 
15.572994 
15.813883 
15.719163 
15.727622 
15.613670 
15.789148 
15.519206 
15.714072 
15.992608 
15.709378 
15.784175 
15.588444 
15.681023 
15.697299 
15.747119 
16.096274 
15.629458 
15.542183 
15.850522 
15.756761 
15.686554 
15.730215 
16.108599 
16.004008 
15.969952 
15.688465 
15.639983 
15.744831 
15.734112 
15.987224 
15.917878 
15.892286 
16.160065 
15.818296 
15.764352 
16.149139 
15.939431 
15.862724 
15.939277 
15.945385 
15.913064 
15.848497 
15.781392 
15.930630 
15.723253 
15.773208 
15.757396 
15.902977 
15.984868 
15.734010 
15.545157 
15.445670 
15.663482 
15.992068 
15.757578 
15.675328 
15.736424 
15.979665 
15.911623 
15.745218 
16.125896 
15.735728 
15.924094 
16.054507 
15.866481 
15.745277 
15.763635 
15.869592 
15.747728 
15.935286 
16.040556 
15.724997 
15.450869 
15.652340 
15.977194 
15.649832 
15.581098 
15.831804 
16.052089 
15.721119 
15.703769 
15.928396 
15.759373 
15.681678 
15.615130 
16.029060 
15.881379 
15.732623 
15.998967 
15.766347 
15.618680 
15.657437 
15.790925 
15.808259 
15.687690 
15.579534 
15.605079 
15.496258 
15.872617 
15.987017 
15.803154 
15.950872 
15.980895 
15.683750 
15.606324 
16.021803 
15.782540 
15.729125 
16.057081 
15.807171 
15.447444 
15.662554 
15.760649 
15.668898 
16.180117 
15.907896 
15.951476 
15.935935 
16.072741 
15.949276 
15.869046 
15.702701 
15.897532 
16.058840 
15.794308 
15.947776 
15.934058 
15.690328 
15.623440 
15.755578 
15.692410 
15.669736 
15.662578 
15.821942 
15.875466 
15.946241 
15.811434 
15.710015 
15.854751 
15.933569 
15.912070 
15.771658 
15.713381 
15.613302 
15.868587 
15.794474 
15.707985 
15.800740 
15.779250 
15.743281 
15.836797 
15.827065 
15.662962 
15.859512 
15.937726 
15.791218 
15.825638 
15.675709 
16.231145 
15.635884 
15.773448 
15.647707 
15.686099 
15.626404 
15.700435 
15.681617 
15.866240 
15.972814 
15.818246 
16.009495 
15.933655 
15.912699 
15.972518 
15.757041 
15.827467 
16.039626 
15.942127 
15.755535 
15.846787 
15.947741 
15.915011 
15.662776 
15.717625 
15.756946 
15.965555 
15.743229 
15.731102 
15.977549 
15.716414 
15.798732 
15.845942 
15.913618 
15.751706 
15.797110 
15.821296 
16.071014 
15.866097 
15.726526 
15.897674 
15.916304 
15.875622 
16.071710 
15.794504 
15.665249 
15.752783 
15.835858 
15.554186 
15.846233 
15.581413 
15.812290 
15.902615 
15.985777 
15.879636 
16.010811 
15.765889 
16.107308 
15.836028 
15.461390 
15.538076 
15.630394 
15.672368 
15.504403 
15.900921 
15.668297 
15.590602 
15.522805 
15.867923 
15.879645 
15.669754 
15.690102 
15.608149 
15.648734 
15.677931 
15.704783 
15.975387 
16.069386 
15.747056 
15.751756 
15.730812 
15.981395 
15.805940 
15.830500 
15.715723 
15.755496 
15.743543 
15.839734 
15.534806 
15.875407 
15.965491 
15.971611 
15.944565 
16.004265 
15.833226 
15.596117 
15.507329 
15.674370 
15.696385 
15.860490 
16.011755 
15.814345 
15.545974 
15.813219 
16.025207 
15.870137 
15.932642 
16.008967 
15.570609 
15.930602 
15.587227 
15.615987 
15.866291 
16.010630 
15.947112 
15.872930 
15.910480 
15.704327 
15.844917 
15.571771 
15.623286 
15.466896 
15.615554 
15.734190 
15.739939 
15.897250 
15.824260 
15.776378 
15.687415 
15.664781 
15.623628 
15.640465 
15.794254 
16.051392 
15.898622 
15.878622 
15.965455 
15.804195 
15.803173 
15.972278 
15.695418 
15.819070 
15.643332 
16.105642 
15.837910 
15.930852 
15.984940 
16.094747 
16.051326 
15.704330 
15.515499 
15.544543 
15.255718 
15.839243 
15.838884 
15.547861 
15.613971 
15.701634 
15.755072 
15.838166 
15.559156 
15.651377 
15.832531 
15.812006 
15.906214 
15.906817 
15.918936 
15.960011 
16.066470 
15.889218 
16.098526 
15.978901 
15.852958 
15.561554 
15.838560 
16.082615 
16.223657 
15.697545 
15.807154 
15.574765 
15.553649 
15.611760 
15.786367 
15.797714 
15.797407 
16.012640 
16.020931 
15.802682 
15.928165 
15.577025 
16.078817 
15.867955 
15.948840 
15.484140 
15.463141 
15.804553 
16.132928 
16.199392 
16.065121 
15.964737 
15.841221 
15.589666 
15.687456 
15.739275 
15.727840 
15.853947 
15.637987 
15.646162 
15.783069 
15.628843 
15.832458 
16.108123 
15.788213 
15.711644 
15.716706 
15.888056 
15.827045 
15.964243 
15.918142 
15.814866 
15.860432 
15.608734 
15.707768 
15.829166 
15.814494 
15.694016 
15.882479 
15.846574 
15.763841 
15.910479 
15.809111 
15.836098 
15.772155 
15.820140 
15.693346 
15.882457 
15.981485 
16.239001 
16.187724 
15.969447 
16.019974 
16.155568 
15.793400 
15.812463 
15.874393 
15.685025 
15.783670 
15.805513 
15.832795 
15.826176 
16.063999 
15.881082 
15.925925 
16.151650 
15.813957 
15.654898 
15.713972 
15.608236 
15.740199 
15.616285 
15.657801 
15.505188 
15.596973 
15.729909 
15.930129 
15.726897 
15.912506 
15.727810 
16.225026 
15.912242 
16.060263 
15.743442 
15.738944 
15.606118 
15.586576 
15.665220 
15.759406 
15.727147 
15.732137 
16.027991 
15.776985 
16.104042 
15.970877 
16.053816 
16.042154 
16.259240 
15.914269 
15.872347 
15.869371 
15.805214 
15.582434 
15.548683 
15.703661 
15.824830 
15.876522 
16.107647 
15.664025 
15.848789 
15.463132 
15.788512 
16.099226 
16.367507 
16.022823 
15.732848 
16.101500 
16.097886 
15.853132 
15.835149 
15.888295 
15.742944 
15.663666 
15.851505 
15.681306 
15.951715 
15.779524 
15.755910 
15.963517 
15.973631 
16.073732 
15.931028 
15.740909 
15.724765 
15.898817 
16.016429 
15.961665 
15.820895 
15.879451 
15.967368 
16.024727 
15.806330 
15.681871 
15.662453 
15.747233 
15.564381 
15.869981 
15.918314 
15.866791 
15.873017 
15.525346 
15.693839 
16.070194 
16.024925 
15.856140 
15.593548 
15.604685 
15.953887 
15.817696 
15.697163 
15.889496 
15.689509 
16.073165 
15.720897 
15.859755 
15.988795 
15.737317 
15.710351 
15.922511 
15.788296 
15.811084 
15.595998 
15.365912 
15.626519 
15.750742 
15.847138 
15.595624 
15.857819 
16.027225 
15.909684 
15.798670 
15.622912 
15.871036 
16.144513 
15.827223 
15.889100 
16.063432 
15.848608 
15.702014 
15.872131 
16.098145 
15.806597 
16.051356 
16.395688 
15.859304 
15.796757 
15.646401 
15.614783 
15.791405 
15.812212 
15.752252 
15.786319 
16.032606 
16.022738 
15.923158 
15.902580 
15.943064 
15.773517 
15.842688 
15.709753 
15.965594 
15.757272 
15.840399 
15.754629 
15.826054 
15.585372 
15.647469 
15.989828 
15.864094 
15.797490 
15.835139 
15.723491 
15.963417 
15.800363 
15.665313 
15.658520 
15.849783 
16.043233 
16.010300 
15.963866 
15.770924 
15.776010 
15.777490 
15.849615 
15.727568 
15.770712 
15.647279 
15.821909 
15.690821 
15.799801 
15.858090 
15.782881 
15.663856 
15.827843 
15.715929 
15.546760 
15.717873 
15.797074 
16.039668 
15.948658 
15.862684 
16.104320 
15.797369 
15.598254 
15.504636 
15.863388 
15.937005 
15.913013 
15.820690 
15.919496 
15.670417 
15.721017 
15.661810 
15.652551 
15.677083 
15.893003 
15.514141 
15.401405 
15.572846 
15.814508 
16.009042 
15.960253 
15.990948 
15.873617 
16.018280 
15.890404 
15.455415 
15.760382 
15.686139 
15.726545 
15.728143 
15.467929 
15.713936 
15.922991 
15.849691 
15.739268 
15.762235 
15.614312 
15.681747 
15.816371 
15.908487 
15.867195 
15.807763 
15.765143 
15.977205 
15.847541 
15.715093 
15.823378 
15.870214 
15.836561 
15.705834 
15.640847 
15.803907 
15.659803 
15.909164 
15.802289 
16.101099 
15.887440 
15.923956 
15.665584 
15.872538 
15.946168 
15.736962 
15.890592 
16.082547 
15.987980 
15.934477 
15.868908 
15.859853 
15.744129 
15.694859 
15.889293 
15.929969 
15.916064 
15.960580 
15.636359 
15.933167 
15.674662 
16.005219 
15.673612 
15.894317 
15.686990 
15.621167 
15.690701 
15.834563 
15.909438 
15.740329 
15.669729 
15.669135 
15.636722 
15.845574 
15.653511 
15.645218 
15.657635 
15.684724 
15.700568 
15.624445 
15.440769 
15.766102 
15.857486 
15.714878 
15.610395 
15.923046 
15.933206 
15.681183 
15.904000 
15.646227 
15.510176 
15.826116 
15.526384 
15.670069 
15.762859 
15.811122 
15.917640 
15.845670 
15.811113 
15.569809 
15.727624 
15.784201 
15.637164 
15.522925 
15.733231 
16.046518 
15.718387 
15.826009 
15.963993 
15.718251 
15.888119 
15.767401 
15.824708 
15.908986 
15.934192 
16.045852 
15.898886 
15.905401 
15.914036 
15.767678 
15.580807 
15.812759 
15.777050 
15.763070 
15.552140 
15.491228 
15.705314 
15.642829 
15.685627 
15.938325 
15.826015 
15.791212 
15.743598 
15.564007 
15.739375 
15.851893 
15.895066 
15.807689 
16.149798 
15.695813 
15.875953 
15.810980 
15.966790 
15.879194 
15.884911 
15.838609 
15.836188 
15.801702 
15.824162 
15.921013 
15.877132 
15.921901 
15.830153 
15.911677 
15.907519 
15.893459 
15.773178 
15.920023 
15.828500 
15.791496 
15.973640 
15.854621 
16.099506 
15.943349 
15.412994 
15.587025 
15.750169 
16.044045 
15.865886 
15.642580 
15.838932 
15.925732 
15.694699 
15.772622 
15.690392 
15.872421 
15.655273 
15.555221 
15.397914 
15.865855 
15.684645 
15.544168 
15.773121 
15.726072 
15.903594 
15.602668 
16.281752 
15.848080 
15.847403 
15.734714 
15.740132 
15.494439 
15.811176 
15.781670 
15.528447 
15.899264 
15.931413 
15.459193 
15.835664 
16.113558 
16.002039 
16.030067 
16.006628 
16.029511 
15.903220 
16.085702 
15.878536 
16.077049 
16.180719 
15.859435 
15.859891 
15.859895 
15.664593 
15.636435 
15.548536 
15.695547 
15.941368 
15.871645 
15.802691 
16.003357 
15.773087 
15.659629 
15.796666 
15.695395 
15.793579 
15.763702 
15.809526 
15.632711 
15.720026 
15.702765 
16.076540 
15.677279 
15.653899 
15.849403 
15.819177 
15.616944 
15.783526 
15.865364 
15.835127 
15.924833 
15.534813 
15.839658 
15.811915 
15.665187 
15.921675 
15.836490 
15.840826 
15.843673 
15.809313 
15.568920 
15.864036 
15.977305 
15.739942 
15.751440 
15.700825 
15.623138 
15.589531 
15.709105 
15.604936 
15.709784 
15.817237 
15.989073 
15.997091 
15.980459 
15.979989 
15.702838 
15.904997 
15.842709 
15.828924 
15.691149 
15.745183 
15.797381 
15.653666 
15.445266 
15.623396 
16.090126 
15.790142 
16.062603 
15.737531 
15.763380 
15.836707 
15.801852 
15.494896 
15.658984 
15.758252 
15.712103 
15.633355 
15.586999 
15.819886 
15.783126 
15.840713 
16.041761 
15.773254 
15.440121 
15.784446 
15.872073 
15.916480 
15.870862 
15.511521 
15.722258 
15.608386 
15.782829 
15.909888 
15.984200 
15.834897 
15.941821 
15.837610 
15.974901 
15.765390 
15.863749 
15.759238 
16.029149 
15.805833 
16.117418 
15.714320 
15.749422 
15.643779 
15.604423 
15.732222 
15.649138 
15.922436 
15.804085 
15.919225 
15.815428 
15.830095 
15.979599 
15.793211 
15.698240 
15.737593 
15.675939 
15.549960 
15.518170 
15.646949 
15.607550 
15.571111 
15.864188 
15.871573 
15.824540 
15.500029 
15.489488 
15.805340 
15.742066 
15.547137 
15.583659 
15.828804 
15.640388 
15.831215 
15.896044 
15.994481 
15.815493 
15.805027 
15.702964 
15.566093 
15.591012 
15.966729 
15.948091 
15.990800 
15.650041 
15.665020 
15.833526 
15.611372 
15.650778 
15.444478 
15.611328 
15.623624 
15.742752 
15.732623 
15.691511 
15.656998 
15.999157 
16.150939 
15.971255 
15.779780 
15.583233 
15.832376 
15.933837 
15.445715 
15.802779 
15.693933 
15.937313 
16.016360 
15.611918 
15.608975 
15.667664 
15.711525 
15.858279 
15.593061 
15.750453 
15.658406 
15.859102 
15.724365 
15.811361 
15.908350 
15.804463 
15.807575 
15.856105 
15.775655 
15.871906 
15.789309 
15.513383 
15.698169 
16.055662 
15.565805 
15.785022 
15.643894 
15.617734 
15.750057 
15.616676 
15.918518 
15.954298 
15.920302 
15.564444 
15.570771 
15.568741 
15.582501 
15.836900 
15.783551 
15.845972 
15.548753 
15.919151 
16.034130 
15.928178 
15.809239 
15.874653 
15.642040 
15.706364 
15.652397 
15.857600 
15.686441 
15.844017 
15.661669 
15.726510 
15.435669 
15.602971 
15.578390 
16.093998 
15.695390 
15.732591 
15.832197 
15.901062 
15.897201 
16.339224 
15.790562 
15.728804 
15.765090 
15.672515 
15.746084 
15.960288 
16.082908 
15.896821 
15.723738 
15.588792 
15.942250 
15.875974 
15.861384 
15.623568 
15.702521 
15.828221 
15.867831 
15.674084 
15.753347 
15.702427 
15.683675 
16.066271 
15.769685 
15.674224 
15.808383 
15.848354 
15.859222 
15.989248 
15.981031 
15.752335 
16.073916 
15.805898 
15.471777 
15.610357 
15.535916 
15.974190 
15.651626 
15.746165 
15.978951 
15.898525 
15.813100 
15.595006 
15.540183 
15.743410 
15.772509 
15.639933 
15.748935 
15.720915 
15.997132 
15.679886 
15.658384 
15.917664 
15.878607 
15.827848 
15.849895 
15.851674 
16.055549 
15.823651 
15.683403 
15.733222 
15.752258 
15.737671 
15.902518 
15.784345 
15.781096 
15.736529 
16.042966 
15.946476 
15.643959 
15.610505 
15.810152 
15.875886 
15.590947 
16.072615 
15.912544 
15.763096 
15.461762 
15.981356 
15.899428 
15.903109 
15.964282 
15.817451 
16.040927 
15.885136 
15.679704 
15.674095 
15.609785 
15.820888 
15.644203 
15.860512 
15.791125 
15.615638 
15.490639 
15.724565 
16.016441 
15.739245 
15.818433 
15.835896 
15.868075 
15.861388 
15.859004 
15.662152 
15.728089 
15.743718 
15.847690 
15.943605 
15.666032 
15.729145 
16.077367 
15.968562 
15.724956 
16.037754 
16.139361 
15.935159 
15.660640 
15.972371 
15.968168 
15.916345 
15.700489 
15.609707 
15.845957 
15.841538 
16.107965 
15.861326 
16.028108 
15.637224 
15.682366 
15.698863 
15.849266 
15.700086 
15.598457 
15.974065 
15.577388 
15.918090 
15.648041 
15.753568 
15.405143 
15.576603 
15.757556 
15.970409 
15.524758 
15.761993 
15.691019 
15.918244 
15.814215 
15.844224 
15.925574 
16.092952 
16.048950 
15.736639 
15.716843 
15.576261 
15.698357 
15.676023 
15.828492 
15.843057 
15.672987 
15.678079 
15.705205 
15.664335 
15.547273 
15.555214 
15.950685 
15.706273 
15.935552 
15.925870 
15.787350 
15.603898 
15.599846 
15.671604 
15.770455 
15.609379 
15.654316 
15.810431 
15.974334 
15.753290 
15.812355 
15.787840 
15.908539 
15.804177 
15.607293 
15.769500 
15.732122 
15.722430 
15.447460 
15.770988 
15.512089 
15.549438 
15.712932 
15.907307 
15.707424 
15.615061 
15.393773 
15.582067 
15.795065 
15.933744 
15.830883 
15.995781 
16.088721 
16.195376 
15.924265 
15.851807 
15.980175 
15.800164 
15.836194 
15.931410 
15.812209 
15.707435 
15.675541 
15.486747 
15.642427 
15.852599 
15.775598 
15.705865 
15.737909 
15.973590 
16.173540 
15.920621 
15.972000 
15.321287 
15.646815 
15.665326 
15.695995 
15.953116 
15.837258 
15.925305 
15.651663 
15.884665 
16.055882 
15.679042 
15.814388 
15.993005 
16.014894 
15.986264 
15.928669 
15.829205 
15.782534 
15.481276 
15.618480 
15.736183 
15.904604 
15.890782 
16.112312 
15.416012 
15.777954 
15.509629 
15.943720 
15.922070 
16.006239 
15.870621 
15.879307 
15.839304 
15.794347 
15.765392 
15.724714 
15.467384 
15.918322 
15.657937 
15.960014 
15.761478 
15.527950 
15.733563 
15.865347 
15.958485 
15.947713 
15.912056 
15.849934 
15.819488 
15.685593 
15.746151 
15.565703 
15.759121 
15.883888 
15.907616 
15.899091 
15.776615 
16.054750 
15.744390 
15.712814 
15.571739 
15.525410 
15.635179 
15.639433 
15.704999 
15.674495 
15.679884 
15.680152 
15.483852 
15.665085 
15.692398 
15.904213 
15.884492 
15.857282 
15.819316 
15.939538 
15.604648 
15.557119 
15.462252 
15.648367 
15.739623 
15.603892 
15.623581 
15.778726 
15.670261 
15.795547 
15.695662 
15.673413 
15.686445 
15.647970 
15.874615 
15.996608 
15.983224 
15.981103 
15.816865 
15.678193 
15.558672 
15.496682 
15.801948 
15.866973 
15.817199 
15.775879 
15.849812 
15.792172 
15.649210 
15.569743 
15.600935 
15.616669 
15.925744 
15.661547 
15.842952 
15.827985 
15.825207 
15.558825 
15.800400 
15.935764 
15.759851 
15.650053 
16.105757 
16.059598 
16.215016 
15.979308 
15.745793 
15.683438 
15.945566 
15.930820 
15.991129 
15.969629 
15.759037 
15.922066 
15.908206 
15.957468 
15.730767 
15.813846 
15.995183 
15.491348 
15.546971 
15.794672 
15.967741 
16.078209 
15.825601 
16.021033 
15.895230 
15.863195 
15.889102 
15.961358 
15.686353 
15.636688 
15.634443 
15.627084 
15.956938 
15.844779 
15.869929 
15.594832 
15.649410 
15.675387 
16.019805 
15.807347 
15.768614 
15.710071 
15.606885 
15.838594 
15.602766 
15.750762 
15.867667 
15.489583 
15.591175 
15.978959 
15.367641 
15.527980 
15.425736 
15.809198 
15.747543 
15.491845 
15.445266 
15.600470 
15.672219 
15.919081 
15.907682 
15.612174 
15.808539 
15.640663 
15.514103 
15.518448 
15.616823 
15.635355 
15.681290 
15.685490 
15.562795 
15.380546 
15.427589 
15.699160 
15.842205 
15.773039 
16.001613 
15.907664 
15.680904 
15.768745 
15.731349 
15.765951 
15.735695 
15.741476 
15.834718 
15.964239 
16.003020 
16.010905 
16.125149 
15.771229 
15.616195 
15.711426 
15.604942 
15.721860 
15.679373 
15.918453 
15.611837 
15.756969 
15.812825 
15.779366 
15.809370 
15.711999 
15.689494 
15.760783 
15.574256 
15.741292 
15.660961 
15.703849 
15.729060 
15.975329 
15.807056 
15.735917 
15.706707 
15.739329 
15.609916 
15.503017 
15.631830 
15.516248 
15.763089 
15.733540 
15.707368 
15.687912 
15.756204 
15.699467 
15.819710 
15.937274 
15.674109 
15.683364 
15.840542 
15.891844 
15.616871 
15.624817 
15.837623 
15.585130 
15.543114 
15.756706 
15.784516 
15.927398 
15.773588 
15.505768 
15.611154 
15.668130 
15.774730 
15.756139 
15.573843 
15.459775 
16.022577 
15.788257 
15.953122 
15.884653 
15.852149 
15.978765 
15.879562 
15.584544 
15.661110 
15.668973 
15.876101 
15.685381 
15.898276 
15.843394 
15.899544 
15.819457 
15.729017 
15.845664 
15.949606 
15.933327 
15.956284 
15.619205 
15.716680 
15.737774 
15.789392 
15.814996 
16.005794 
15.883611 
15.731441 
15.529643 
15.810706 
15.762769 
15.902025 
15.968830 
15.568928 
15.591722 
15.936577 
16.319514 
15.952748 
16.058159 
15.869733 
16.018971 
15.661484 
15.923935 
15.598280 
15.840906 
15.719153 
16.049122 
16.036453 
15.649017 
15.750780 
15.875056 
15.714809 
15.830371 
15.634833 
15.682221 
15.684934 
15.682924 
15.823427 
15.712266 
16.010627 
15.908948 
15.673272 
15.948301 
15.951795 
15.753709 
15.671173 
15.666219 
15.609521 
15.696375 
15.731741 
15.747930 
15.619801 
15.636262 
15.895951 
15.925703 
15.949259 
15.947939 
15.757917 
15.824351 
15.804851 
15.808923 
15.584582 
15.824014 
15.978849 
15.685602 
15.924823 
15.587771 
15.780730 
15.687921 
15.725090 
15.933418 
15.784259 
15.845110 
15.964389 
15.811534 
15.732650 
15.644614 
15.683861 
15.720286 
15.752138 
15.697802 
16.016088 
15.814161 
15.876288 
15.743340 
15.861401 
15.648812 
15.990646 
15.762759 
16.032409 
16.183285 
15.819065 
16.040723 
15.734085 
15.951708 
15.962581 
15.817388 
15.593502 
15.693090 
15.742434 
15.804597 
15.895500 
15.815513 
15.631716 
15.851096 
15.929413 
15.829633 
15.704957 
15.853192 
15.803973 
15.906232 
15.852861 
15.761923 
15.849977 
15.788847 
15.863577 
15.702533 
15.545307 
15.783899 
15.918977 
15.899792 
16.139258 
15.706540 
15.864500 
15.763646 
15.812050 
15.950203 
15.865073 
15.735256 
15.792322 
15.579329 
15.757043 
15.693058 
15.853194 
15.818660 
15.734310 
15.686740 
15.845653 
15.837799 
15.948966 
15.604627 
15.524030 
15.784659 
15.939293 
15.895982 
15.934037 
15.612994 
15.792299 
15.462176 
15.832008 
15.710054 
15.568830 
16.040306 
15.845493 
15.579676 
15.707104 
15.812209 
15.846348 
15.748525 
15.709466 
15.790357 
15.772513 
15.633116 
15.996488 
15.830510 
16.041740 
15.710882 
15.762909 
15.720376 
15.741854 
15.774188 
15.470260 
15.766049 
16.060321 
15.867356 
15.896916 
15.786951 
15.645201 
15.736793 
15.801858 
15.833439 
15.846723 
15.863737 
15.769603 
15.630120 
15.542192 
15.784204 
15.936322 
15.810619 
15.937632 
15.867713 
16.019859 
15.838496 
15.806126 
15.652655 
15.869903 
15.797767 
15.818424 
15.874275 
15.939733 
15.873152 
16.043761 
15.738157 
15.821262 
15.709332 
15.896900 
15.903738 
15.867440 
15.863726 
15.831022 
15.692626 
15.353535 
15.695162 
15.930109 
15.828360 
15.663553 
15.795234 
15.648455 
15.781106 
15.903781 
15.552493 
16.179880 
16.030079 
16.204273 
15.794028 
15.630012 
15.862526 
16.003247 
15.876842 
15.849993 
15.686519 
15.662084 
15.576448 
15.959995 
15.737970 
15.567621 
15.792671 
15.618362 
15.679198 
15.870292 
15.877724 
15.688083 
15.795555 
15.879495 
15.803908 
15.492440 
15.547965 
15.732296 
15.686717 
15.874256 
15.990968 
15.900874 
15.809889 
15.795191 
15.908143 
15.774470 
15.908768 
15.771941 
15.839919 
16.057562 
15.664548 
15.550225 
15.983948 
15.793389 
15.679288 
15.827960 
15.770220 
15.754657 
15.860347 
15.908290 
15.846480 
15.686561 
15.962079 
15.771262 
15.452973 
15.842935 
15.735780 
16.182445 
15.813461 
15.873867 
15.529960 
15.843532 
15.940935 
15.581278 
15.737774 
15.612567 
15.990830 
15.590552 
16.044550 
16.037118 
15.982454 
15.778262 
15.784480 
15.836766 
15.793101 
15.820281 
16.139514 
15.865442 
15.798278 
15.661843 
15.585119 
15.683502 
15.747450 
16.007701 
15.971934 
15.943801 
15.755541 
15.818779 
15.697492 
15.595833 
16.012565 
15.682975 
15.798485 
15.879377 
15.705623 
15.842073 
15.607996 
15.595208 
16.064701 
16.059038 
16.019413 
15.783581 
15.683642 
15.870139 
15.594869 
15.566669 
15.590179 
15.971011 
15.936464 
15.744676 
15.789670 
15.857250 
15.901485 
15.784830 
15.937200 
15.673048 
15.737326 
15.560465 
15.640507 
15.957459 
15.694002 
15.690146 
15.735578 
16.050696 
16.095042 
15.969501 
15.896571 
16.044875 
15.891587 
16.024867 
15.872972 
15.672042 
15.717447 
15.602030 
15.854589 
15.825720 
15.667940 
15.781500 
15.581535 
15.732140 
15.907079 
15.757219 
15.816117 
15.591958 
15.837948 
15.902625 
15.827907 
15.709921 
15.684842 
15.758360 
15.914040 
15.828158 
15.809853 
15.805760 
15.835971 
15.908404 
15.858582 
15.969363 
15.754381 
15.739053 
15.695015 
16.129733 
15.992716 
15.764036 
15.741730 
15.691261 
15.959619 
16.149159 
15.899382 
15.665512 
15.683680 
15.606369 
16.075870 
15.760951 
15.711454 
15.467919 
15.957520 
15.585042 
15.913149 
15.702883 
15.556043 
15.546309 
15.750251 
15.854053 
15.932618 
15.749660 
15.709990 
15.662386 
15.955338 
15.927693 
15.793035 
15.917393 
15.643260 
15.887806 
15.801280 
15.900694 
15.985395 
15.736381 
16.016297 
15.860870 
15.922939 
15.718497 
15.605220 
15.937956 
15.957237 
15.855129 
15.573182 
15.796328 
15.976479 
15.514164 
16.071175 
15.848608 
15.995003 
15.939133 
15.874375 
15.952222 
15.992439 
15.790506 
15.689614 
15.767783 
15.652089 
15.924260 
15.969990 
15.872294 
15.855308 
16.026214 
16.180321 
15.834632 
15.884848 
15.913341 
15.534222 
15.855589 
15.641058 
15.787133 
15.804695 
15.736449 
16.051495 
15.971028 
16.074961 
15.908557 
15.725870 
15.646870 
15.750963 
15.722186 
15.706907 
15.810991 
15.982834 
15.938508 
16.031088 
15.571441 
15.710387 
15.649273 
15.527902 
15.613598 
15.623326 
15.618435 
15.680274 
15.794599 
15.931125 
15.880134 
16.022689 
15.923293 
15.747355 
15.555683 
15.481603 
15.845440 
15.748140 
15.675829 
15.723042 
15.748557 
15.628670 
15.945546 
15.968172 
15.936525 
15.789328 
15.931181 
15.871396 
15.870787 
15.813183 
15.876610 
15.789779 
15.974360 
15.829853 
15.720886 
15.605337 
15.749416 
15.894432 
15.855895 
15.864048 
15.802182 
15.699966 
15.838309 
15.653013 
15.806969 
15.488191 
15.885242 
15.764137 
15.757958 
15.892816 
15.847494 
15.905426 
15.990396 
15.609547 
15.922618 
15.875379 
15.790782 
15.802484 
16.238992 
15.945055 
15.755146 
15.747611 
15.576005 
15.801324 
15.533597 
15.584066 
15.715531 
15.842453 
15.803062 
15.904912 
15.842066 
15.743895 
15.851509 
15.559770 
15.547542 
15.760579 
15.788841 
16.073638 
15.699844 
15.679039 
15.748606 
15.731526 
15.770225 
16.003207 
15.662081 
15.651176 
15.744118 
15.791790 
15.592600 
15.697882 
15.725540 
15.858191 
15.929523 
15.807978 
15.941493 
16.019186 
15.538079 
15.629193 
15.591093 
15.757401 
15.881757 
15.928360 
16.014062 
15.903116 
15.928089 
15.645597 
15.639644 
15.822640 
15.787280 
15.509033 
15.857511 
15.748710 
15.944939 
15.699979 
15.611154 
15.646072 
15.784923 
15.893060 
15.982110 
15.723480 
15.749844 
16.092367 
16.014246 
15.914702 
15.696561 
15.784205 
15.693693 
15.970104 
15.963860 
16.175374 
15.640600 
15.926512 
16.123881 
15.840291 
16.007724 
15.657849 
15.736341 
15.782770 
15.986695 
15.695345 
15.871825 
15.821367 
15.273187 
15.639784 
15.666586 
15.611676 
15.551497 
15.640467 
15.741388 
15.684762 
15.597735 
15.671201 
15.748843 
15.789153 
15.855034 
15.747035 
15.682065 
15.546128 
15.993125 
15.713012 
15.591794 
15.802996 
15.581898 
15.910903 
16.035452 
15.912929 
15.899695 
15.653245 
15.702211 
15.331128 
15.810776 
15.913415 
15.711611 
15.879265 
15.993278 
15.756656 
15.746372 
15.837338 
15.896867 
15.943474 
15.721115 
15.621363 
15.622461 
15.888740 
15.653543 
15.873266 
15.785694 
15.879129 
15.853210 
15.898765 
16.048651 
15.951155 
15.958698 
15.962900 
15.773494 
15.704133 
15.934806 
15.740662 
15.643267 
15.781272 
15.822574 
15.534886 
15.755895 
15.831223 
15.921850 
15.586420 
15.595828 
15.648284 
15.925216 
15.880736 
15.785577 
15.792009 
15.889298 
15.778461 
15.825260 
15.863585 
16.080904 
15.536679 
15.583786 
15.578712 
15.631415 
15.442297 
15.553016 
16.018943 
16.003630 
15.643457 
15.688374 
15.945319 
15.830036 
15.846685 
15.930557 
15.971178 
15.876443 
16.136171 
16.035107 
15.921234 
15.884867 
15.561061 
15.690995 
15.722405 
15.708095 
15.800195 
15.699286 
15.894682 
16.056392 
15.966422 
16.084283 
16.073197 
16.065588 
15.765461 
15.798558 
15.684447 
15.513943 
15.584301 
15.756444 
15.628847 
15.611434 
15.855785 
15.791729 
15.751404 
15.978780 
15.849566 
15.864184 
16.061439 
15.887655 
15.908162 
15.743009 
15.617339 
15.396589 
15.698599 
15.743913 
15.603956 
15.737210 
15.685971 
15.735243 
15.701600 
15.835165 
15.567998 
15.660083 
15.965803 
15.636009 
15.850108 
15.691505 
15.944399 
15.662761 
15.780522 
15.738587 
15.650673 
16.036783 
16.035613 
16.073051 
15.695336 
15.683908 
15.619061 
15.815968 
15.729775 
15.959286 
15.757229 
15.684196 
15.564088 
15.975019 
15.745993 
15.978613 
15.663979 
15.782256 
15.846949 
15.748813 
15.677429 
15.537085 
15.285216 
15.542021 
15.530956 
15.706634 
15.995225 
16.013087 
15.926767 
16.009961 
15.843575 
15.688034 
15.840404 
15.978758 
15.961794 
15.878232 
15.890631 
15.731089 
15.748013 
15.826479 
15.593829 
15.483056 
15.582434 
15.877969 
15.953637 
15.785489 
15.935040 
15.970836 
15.926191 
16.018582 
15.696596 
15.725811 
15.698817 
15.772519 
15.737543 
15.738716 
15.737329 
15.728409 
15.623103 
15.409834 
15.934133 
16.070446 
15.881960 
15.840690 
15.731251 
15.917797 
15.806136 
15.424369 
15.814583 
15.812370 
15.631663 
15.563837 
15.641303 
15.628911 
15.635081 
15.753671 
15.768287 
15.726965 
15.800934 
15.754583 
15.675147 
15.528049 
15.570110 
15.684033 
16.084122 
15.866444 
15.597359 
15.785932 
15.718941 
15.809333 
15.423829 
15.971125 
15.926294 
15.627037 
15.907878 
15.674669 
16.001227 
15.796591 
15.819412 
15.978018 
15.978142 
15.870273 
15.835201 
15.445933 
15.815077 
15.974759 
15.941055 
15.652731 
15.709361 
15.661509 
15.574217 
15.534739 
15.703119 
15.733886 
15.484284 
15.704622 
15.431671 
15.703110 
15.899109 
15.803532 
15.835650 
15.669104 
15.731651 
15.581199 
15.670998 
15.690580 
15.902515 
15.808387 
15.856436 
15.905065 
16.128230 
15.822328 
15.712708 
15.871563 
15.722501 
15.700463 
15.498539 
15.671206 
15.702404 
15.751906 
15.583858 
15.980679 
15.869712 
15.902934 
16.149268 
15.926868 
15.683890 
15.967439 
15.700679 
15.653685 
15.688811 
15.788897 
15.886915 
15.815686 
15.894007 
15.974223 
15.898411 
15.755245 
15.786651 
15.409992 
15.323071 
15.620759 
15.646820 
16.286675 
15.850721 
15.687044 
15.729032 
15.895546 
15.791274 
15.723445 
15.761221 
15.946439 
15.830826 
15.817949 
15.582525 
15.873679 
16.023774 
15.919560 
15.927431 
15.631914 
15.613918 
15.584486 
15.728174 
15.732732 
15.697915 
15.955190 
15.781164 
15.767226 
15.693889 
15.894933 
15.751784 
16.025403 
15.914797 
15.680014 
15.789639 
15.798663 
15.831657 
15.875761 
15.605686 
15.579990 
16.049564 
15.637837 
15.888529 
15.746287 
15.855866 
15.815474 
15.849470 
15.515536 
15.605841 
15.756148 
15.532956 
15.782379 
15.636241 
15.491924 
15.666734 
15.850175 
15.832315 
16.011458 
15.759195 
16.022175 
15.821236 
15.810392 
15.925253 
15.689009 
15.680827 
15.817028 
15.882404 
15.803866 
15.630143 
15.766035 
15.783098 
15.832551 
15.676176 
15.948909 
15.741866 
15.834366 
16.132707 
16.014893 
15.741644 
15.961662 
15.800820 
15.996892 
15.768530 
15.737465 
15.833461 
15.724073 
15.537714 
15.839561 
15.943099 
15.769872 
15.716783 
16.018833 
16.069239 
16.088459 
15.931279 
15.847222 
15.636797 
16.042816 
15.908014 
15.716924 
15.850264 
15.728842 
16.075602 
16.067044 
16.011491 
15.923794 
15.938842 
15.941326 
15.617722 
15.814712 
15.501933 
15.685518 
15.463660 
15.600041 
15.588998 
15.536828 
15.933425 
15.597644 
15.626741 
15.819209 
15.616074 
15.887784 
15.779214 
15.465283 
15.884477 
15.848595 
15.931445 
15.961776 
15.912093 
15.970539 
16.008363 
15.896795 
15.838309 
15.673424 
15.575818 
15.756072 
15.881164 
15.912983 
16.043543 
15.776955 
15.531746 
15.544446 
15.862144 
15.632771 
15.684170 
15.859324 
15.646101 
15.778092 
15.750453 
15.784212 
15.795720 
15.641183 
15.660880 
15.658775 
15.699474 
15.630853 
15.936469 
15.843643 
16.012604 
15.752661 
15.634104 
15.913744 
15.840757 
15.734118 
15.844401 
15.718809 
15.722051 
15.830511 
16.088535 
15.670091 
16.147815 
15.710004 
15.671074 
15.761322 
16.006626 
16.083034 
15.892753 
15.984627 
15.943669 
15.891424 
15.833029 
15.693413 
15.722211 
15.856826 
16.029064 
16.055957 
15.673763 
15.889960 
15.913488 
15.881127 
16.021514 
15.528469 
15.720240 
15.774805 
15.794982 
15.905071 
15.829802 
15.836880 
15.872608 
15.782635 
15.792134 
15.802814 
15.468546 
15.698323 
15.899929 
15.642678 
15.750393 
15.755342 
15.595676 
15.849846 
15.690961 
15.695799 
15.935131 
16.015984 
16.011196 
15.865013 
15.883155 
16.080478 
15.798257 
15.812039 
15.819638 
15.979527 
15.680185 
15.874760 
15.903890 
15.901843 
16.095868 
15.817618 
15.800999 
15.926739 
15.872140 
15.731093 
15.654313 
15.634235 
15.845556 
16.061149 
16.079894 
15.607464 
15.493990 
16.023462 
15.738574 
15.736820 
15.810840 
15.901754 
15.772712 
15.902067 
15.956555 
15.927302 
16.023386 
15.911335 
16.089473 
15.954725 
15.760425 
15.833962 
15.876315 
15.592670 
15.643383 
15.993515 
15.872883 
15.658647 
15.816126 
15.830336 
15.714291 
16.051128 
16.019261 
15.851918 
15.641050 
15.754614 
15.591376 
15.884849 
15.929516 
15.858880 
15.814509 
15.924266 
15.954703 
15.689066 
15.546624 
15.618339 
16.005996 
15.774736 
15.875503 
15.780683 
15.815979 
15.949974 
15.984212 
16.089125 
16.235041 
16.432602 
15.929791 
15.630067 
15.656839 
15.876250 
15.880607 
15.899059 
15.761061 
15.975232 
15.898925 
15.844208 
15.640053 
15.509969 
15.923822 
15.732122 
15.668834 
15.560905 
15.750974 
15.905189 
15.617109 
15.651681 
15.572208 
15.525367 
15.660584 
15.768787 
15.704117 
15.634053 
15.659872 
15.852328 
15.749907 
15.680541 
15.718770 
15.552255 
15.666065 
15.605019 
15.793840 
15.876351 
15.877587 
16.057022 
16.156644 
15.695655 
15.624849 
15.608791 
15.658621 
15.695727 
15.819885 
15.763375 
15.818634 
15.862812 
15.671351 
15.947297 
15.822736 
15.617858 
15.637225 
15.756335 
15.837937 
15.746761 
15.935150 
15.933803 
15.945393 
15.760290 
15.693773 
16.172256 
15.919024 
15.825166 
15.764972 
15.837008 
15.788917 
15.938129 
15.733429 
15.837608 
15.813910 
15.749113 
15.621965 
15.761153 
15.907036 
15.765046 
15.689742 
15.961885 
15.698462 
15.770147 
15.772634 
15.701288 
15.762890 
15.655178 
15.781674 
15.853834 
15.680652 
15.890653 
15.897893 
15.905378 
15.775256 
15.852410 
15.675247 
15.918729 
15.653976 
15.652040 
16.136506 
15.493676 
15.475277 
15.930774 
15.762067 
15.783030 
15.630308 
15.537575 
15.915853 
15.900283 
15.821292 
15.892717 
15.951777 
15.766162 
15.809875 
15.831113 
15.770304 
15.647821 
15.493864 
15.606067 
15.603957 
15.490348 
15.499234 
15.589935 
15.983659 
15.881357 
15.770330 
15.723855 
15.942249 
15.952420 
15.962524 
15.644948 
15.616712 
16.151724 
15.937767 
15.962928 
15.839125 
15.637181 
15.764548 
15.543909 
15.794803 
15.726681 
15.840283 
15.952544 
15.856159 
15.731047 
15.637335 
15.760998 
15.772813 
15.765438 
15.530440 
15.653886 
15.763791 
15.710795 
16.053023 
15.986696 
15.902316 
16.015764 
15.774194 
15.606636 
15.953984 
15.824995 
15.729612 
15.759788 
15.774586 
15.845125 
16.018080 
16.008720 
15.958685 
16.147846 
15.853351 
15.668133 
15.594260 
15.706864 
15.523052 
15.421900 
15.795281 
15.449097 
15.745165 
16.041352 
15.847223 
16.078825 
15.494380 
15.692086 
15.672601 
15.640141 
15.815623 
15.723012 
15.598548 
15.651259 
15.647902 
15.592895 
15.649143 
15.537157 
15.704826 
15.498039 
15.830029 
15.711645 
15.818351 
16.004080 
15.887067 
16.061100 
15.639419 
15.616314 
15.847693 
15.536315 
15.876544 
16.003356 
15.905276 
15.927725 
15.773495 
15.944801 
16.024569 
15.811352 
16.020362 
15.849718 
15.788958 
15.819914 
15.777955 
15.735121 
15.740655 
15.645290 
15.731171 
15.770685 
16.046107 
15.748658 
16.067189 
15.945181 
15.726288 
15.723196 
15.896824 
15.707158 
15.979431 
15.792855 
15.528994 
15.835488 
15.894612 
15.914737 
15.715257 
16.044972 
15.807342 
15.742577 
15.950026 
15.829810 
16.085474 
15.702282 
15.864438 
15.998380 
15.696630 
15.899416 
15.901308 
15.938960 
15.769461 
15.858496 
15.737264 
15.957780 
15.995818 
16.020928 
15.728547 
15.800852 
15.581713 
15.568400 
15.701367 
15.784531 
15.876312 
16.018603 
15.916482 
15.752982 
15.752379 
15.726457 
15.852526 
15.977363 
15.924015 
15.993218 
15.652227 
15.929668 
15.989238 
15.522135 
15.716691 
15.858143 
15.878305 
16.008277 
15.712682 
15.892195 
15.877557 
15.822143 
15.734380 
15.714236 
15.527192 
15.635091 
15.677326 
15.541054 
15.444247 
15.704747 
15.491133 
15.811246 
15.657502 
15.762194 
15.647980 
15.517318 
15.456222 
15.734267 
15.851115 
15.910050 
15.934689 
15.844349 
15.770073 
15.888669 
15.802570 
15.534034 
15.925023 
15.475643 
15.518583 
15.810190 
15.850148 
15.873800 
15.790744 
15.736592 
16.113544 
15.827004 
15.888218 
15.660019 
15.849780 
15.885513 
15.876445 
15.712597 
15.703728 
15.563451 
15.831430 
15.786696 
15.784912 
16.027236 
16.023598 
16.065564 
15.817707 
15.828317 
15.802911 
15.593115 
16.116623 
15.966663 
15.828522 
15.750748 
15.896121 
15.753837 
15.762531 
15.877675 
16.342908 
15.867699 
15.754161 
15.701180 
15.629756 
15.790026 
15.919655 
16.011117 
15.558033 
15.780768 
15.687808 
15.709411 
15.781216 
15.733966 
15.718715 
16.032631 
15.746402 
15.816246 
15.596363 
15.964587 
15.772145 
16.235308 
15.660345 
15.659326 
15.766647 
15.827474 
15.723488 
15.963473 
15.753467 
15.721830 
15.706232 
15.745901 
15.701362 
15.568942 
15.708260 
15.701263 
15.900639 
15.872625 
15.700768 
15.903975 
15.806092 
15.804380 
16.078377 
15.704271 
15.758197 
15.906712 
15.781118 
15.848021 
15.951317 
16.045787 
15.910124 
16.086615 
15.620998 
15.880529 
15.775152 
15.560824 
15.596184 
15.742040 
15.688881 
15.762456 
15.510874 
15.845372 
16.060569 
16.014877 
16.035128 
15.704370 
15.677409 
15.701800 
15.748004 
15.532247 
15.927513 
15.939412 
15.812151 
15.578610 
15.714296 
15.549418 
15.765660 
15.494503 
15.882161 
16.204125 
16.027039 
15.701994 
15.791235 
15.945152 
16.152322 
15.882916 
15.950464 
15.907215 
15.815704 
15.504976 
15.752149 
15.877011 
15.700407 
15.835401 
15.932989 
15.674222 
15.703600 
15.606922 
15.542405 
15.933133 
15.891793 
15.758748 
15.850014 
15.711370 
15.718714 
15.824989 
15.841387 
15.657170 
15.795253 
15.641985 
15.718938 
15.619911 
15.616320 
15.482055 
16.038026 
15.655335 
15.659801 
15.697161 
15.764491 
15.736583 
15.840616 
15.794812 
15.654555 
15.540575 
15.933741 
15.916608 
15.953567 
15.796741 
15.514695 
15.776957 
15.823616 
15.847171 
15.730058 
15.748897 
15.539566 
15.562383 
15.835552 
15.772862 
15.852930 
15.722529 
15.749410 
15.955419 
15.969919 
15.900706 
15.808713 
15.741693 
15.779267 
15.813547 
15.833149 
15.717754 
15.670615 
15.976049 
15.881918 
15.650363 
15.751490 
15.925153 
15.699814 
15.996251 
15.925628 
15.718779 
15.895303 
15.857122 
15.545805 
15.734624 
16.151181 
15.913155 
15.950012 
15.655213 
15.781565 
15.988583 
16.016796 
15.867300 
15.779743 
15.819424 
15.699312 
15.518887 
15.649047 
15.621033 
15.669774 
15.736636 
15.739070 
15.658109 
15.769596 
15.852936 
15.827990 
15.912056 
16.000094 
15.669390 
15.861137 
15.843573 
15.771474 
15.997615 
15.906764 
15.897050 
15.798686 
15.777894 
15.601036 
15.764088 
15.657031 
15.645369 
15.565129 
15.750211 
15.571547 
15.898504 
15.812787 
15.673702 
16.037159 
15.874402 
16.127432 
15.740915 
15.887121 
15.724928 
15.984062 
15.835951 
15.861867 
15.795856 
15.847102 
15.828654 
15.581594 
15.728724 
15.774320 
16.011347 
15.862067 
15.744000 
15.962122 
15.683604 
15.806304 
15.935562 
15.852815 
15.717297 
15.647668 
15.829042 
15.836542 
15.663089 
15.569689 
15.614610 
15.748056 
15.765801 
15.612539 
15.594601 
15.547387 
15.667567 
15.697540 
15.931885 
16.120197 
15.736967 
15.775500 
15.785043 
15.695881 
15.721351 
15.857076 
15.621028 
15.559430 
15.529887 
15.554310 
15.648344 
15.912381 
15.823938 
16.007326 
15.845108 
15.725894 
15.916945 
15.928770 
15.783950 
16.006796 
15.534998 
15.754817 
15.988914 
15.918639 
16.178875 
15.817083 
15.846807 
15.729099 
15.798717 
15.583110 
15.429645 
15.617781 
16.006912 
15.770945 
15.860991 
15.768783 
15.807870 
15.880084 
15.750415 
15.927447 
16.097393 
15.891406 
16.003403 
15.705806 
15.652813 
15.818577 
15.725598 
15.969085 
16.063522 
15.714127 
15.896113 
15.670764 
15.705280 
15.680898 
15.833364 
15.802662 
15.788510 
15.800984 
15.958114 
15.813717 
15.844769 
15.658917 
15.619843 
15.971379 
16.125329 
15.940977 
15.938916 
15.933527 
15.819280 
15.834011 
15.975451 
15.595212 
15.709482 
15.766393 
15.624243 
15.653691 
15.671957 
15.449405 
15.862353 
15.681497 
15.770435 
15.724249 
15.867780 
16.052672 
15.971592 
15.906843 
15.989690 
15.791915 
15.890726 
15.936413 
15.741476 
15.837178 
15.804137 
15.822888 
15.918677 
15.799170 
15.836778 
15.981880 
15.790639 
15.673707 
16.084100 
15.950737 
15.556685 
15.599371 
15.768758 
15.756344 
15.957895 
15.843730 
16.123059 
16.029779 
15.826808 
15.743354 
15.779222 
15.839153 
15.670476 
15.851500 
15.640673 
15.973298 
15.975052 
15.840221 
15.948159 
15.832608 
15.900282 
15.928085 
15.813411 
15.806623 
15.704332 
15.808467 
15.743945 
15.699047 
15.728197 
15.714995 
15.789211 
15.878298 
15.779863 
15.860734 
15.810284 
15.834706 
15.777365 
15.487280 
15.632185 
15.865350 
15.696450 
15.889880 
15.682486 
15.738169 
15.604340 
15.887394 
15.740699 
15.793452 
15.699061 
15.472155 
15.729393 
15.627829 
15.741805 
15.793982 
15.852016 
15.877414 
15.816979 
15.788262 
15.841768 
15.729142 
15.616105 
15.732401 
15.736270 
15.868656 
15.741348 
15.756348 
15.891695 
15.593508 
15.831666 
15.859115 
15.531615 
15.946112 
15.785852 
15.723509 
15.698738 
15.867873 
15.681955 
15.891678 
15.874875 
15.954244 
16.123747 
15.717958 
15.657078 
15.841301 
15.859352 
15.907986 
15.878292 
15.892846 
15.705882 
15.878113 
15.787998 
15.933009 
15.714134 
15.611848 
15.775335 
15.961381 
15.867837 
15.755385 
15.618134 
16.013507 
15.784570 
15.810089 
15.737984 
15.910861 
15.705436 
15.801916 
15.861480 
15.984080 
15.964675 
15.895797 
15.778748 
15.923116 
15.847159 
15.851572 
15.803636 
15.716489 
15.934510 
15.936806 
15.915709 
15.805014 
15.722417 
15.797231 
15.768556 
15.937454 
15.493664 
15.700613 
15.993807 
15.588811 
15.643049 
15.710913 
15.872808 
15.769261 
15.662085 
15.793761 
15.900055 
15.909573 
15.708098 
15.853452 
15.702263 
15.606487 
15.818321 
15.675991 
15.912658 
16.065908 
16.074186 
15.892310 
15.843325 
15.741744 
15.536731 
15.754448 
15.853889 
15.631028 
15.582924 
15.764023 
15.887198 
15.725618 
15.802207 
15.706944 
15.760396 
15.801423 
15.890959 
15.957205 
16.019188 
15.856050 
15.934383 
15.919518 
15.697638 
15.837191 
15.826558 
15.794634 
15.938546 
15.847766 
16.028754 
15.820669 
15.793586 
15.634575 
15.787366 
16.002391 
15.973210 
15.776515 
15.967711 
15.782027 
15.720557 
15.617746 
15.400381 
15.417438 
15.701980 
15.746494 
15.985337 
15.849599 
15.910781 
15.715774 
15.812462 
15.837699 
15.699347 
16.016396 
15.964292 
16.042217 
15.950383 
15.731208 
15.790837 
15.882578 
15.639699 
15.832790 
15.656918 
15.519197 
15.933306 
15.611793 
15.938762 
15.951504 
15.865691 
15.904485 
15.768277 
15.319799 
15.810985 
15.763284 
15.747408 
15.751723 
15.505817 
15.608064 
15.865345 
15.956415 
15.936206 
15.664343 
15.664116 
15.926963 
15.890291 
15.879619 
16.136675 
15.690208 
15.866911 
15.994567 
15.717566 
15.707009 
15.787571 
15.781809 
15.841633 
15.622304 
15.501113 
15.697842 
15.712214 
15.870265 
15.651734 
15.628194 
15.753988 
15.902564 
16.008756 
16.195843 
15.707782 
15.707063 
16.088082 
15.869711 
15.878007 
15.770687 
15.857046 
16.140455 
15.615803 
15.750490 
15.619617 
15.709670 
16.045970 
15.756106 
15.756603 
15.682587 
16.067755 
15.830283 
15.835822 
16.270760 
15.558127 
15.857481 
15.730611 
15.665895 
15.840438 
15.936135 
15.943189 
15.920672 
15.787146 
15.635115 
15.697334 
15.867393 
15.803286 
16.049177 
15.988498 
15.878418 
15.786908 
15.871003 
15.824552 
15.767063 
15.614531 
15.766232 
15.604849 
15.731198 
15.796317 
16.036769 
15.913247 
15.938660 
15.944098 
15.872603 
15.649482 
15.779318 
15.889225 
15.483453 
15.898755 
15.540458 
15.750646 
15.896972 
15.926082 
15.490401 
15.947996 
15.576416 
15.750426 
15.839821 
15.752319 
15.923334 
15.716790 
15.912700 
15.794564 
15.730672 
15.842704 
15.621836 
15.591278 
15.595945 
15.795016 
15.652022 
15.467576 
15.711859 
15.472817 
15.907005 
15.915767 
15.700578 
15.943154 
15.612002 
15.896972 
15.676573 
15.759581 
15.848129 
15.794686 
15.701463 
15.663637 
15.784667 
15.912262 
15.628985 
15.577109 
15.309556 
15.522283 
15.644828 
15.534613 
15.647047 
15.861518 
15.676691 
15.799522 
16.132680 
15.833221 
15.578036 
15.805821 
15.828646 
15.715878 
15.720689 
15.646796 
15.697656 
15.710049 
15.687496 
15.957443 
15.702788 
15.776403 
15.612784 
16.006826 
15.684892 
15.754483 
15.991751 
15.658951 
15.686841 
15.543218 
15.903495 
15.848833 
15.881225 
16.016064 
15.810077 
15.975744 
15.798959 
16.008320 
15.993625 
15.790789 
16.030357 
15.894574 
15.628593 
15.933006 
15.943748 
15.966553 
15.709159 
15.811901 
15.920706 
15.872739 
15.906214 
15.878621 
15.999829 
15.848204 
15.805190 
16.042375 
15.900651 
15.789836 
15.718347 
15.811971 
16.090140 
15.839327 
15.628395 
15.856149 
15.712896 
15.771085 
15.568519 
15.951662 
15.594434 
16.073550 
16.006878 
15.914233 
15.892014 
16.125646 
16.062496 
15.832194 
15.667102 
15.631510 
15.811930 
15.577891 
15.579848 
15.730429 
15.596462 
15.649746 
15.786811 
15.768219 
15.868897 
15.975815 
16.030448 
15.588144 
15.708228 
16.062790 
15.635592 
16.001270 
15.833495 
15.776722 
15.764732 
15.768752 
15.722783 
15.868144 
15.689118 
15.721274 
15.838031 
15.888331 
15.754876 
15.719931 
15.608315 
15.790446 
15.842017 
15.882861 
16.200815 
15.789884 
15.631637 
15.954770 
16.020026 
15.714577 
15.993006 
15.954652 
15.898749 
15.858434 
16.012542 
16.087478 
15.896797 
15.840084 
15.619156 
15.746618 
15.790510 
15.683048 
15.667792 
15.812262 
15.797632 
15.669391 
15.769897 
15.772469 
15.927012 
16.009114 
15.825809 
15.868879 
15.806002 
15.723921 
15.727412 
15.695614 
15.849634 
15.983739 
15.700176 
15.491740 
15.524011 
15.887249 
15.833126 
15.634213 
15.823641 
16.016835 
15.873502 
15.952171 
15.611122 
15.541602 
15.646650 
15.854704 
15.942979 
15.968433 
15.838851 
15.601161 
15.872409 
16.126363 
15.910870 
15.512783 
15.783960 
15.858052 
15.667279 
15.645339 
15.846580 
15.872228 
15.975779 
15.770513 
15.814277 
15.906858 
15.809155 
15.790284 
15.425045 
15.871012 
15.555643 
15.868687 
15.488369 
15.510511 
15.636012 
15.749278 
15.819787 
15.849916 
16.066465 
15.949670 
16.057984 
15.852719 
15.660148 
15.733963 
15.893140 
15.725844 
15.827154 
15.604149 
15.592647 
15.672615 
15.911092 
15.975878 
15.682631 
15.799195 
15.683434 
15.497054 
15.587564 
15.607155 
15.713148 
15.525648 
15.664538 
15.649751 
15.726688 
15.790659 
16.090495 
16.200092 
15.849209 
15.941680 
15.778920 
15.833621 
15.723573 
15.739766 
15.635622 
15.663126 
15.503043 
15.379917 
15.692289 
15.638434 
15.520974 
16.025282 
16.071747 
15.876032 
15.846174 
15.678373 
15.845993 
15.866939 
15.928004 
15.805763 
15.554429 
15.590961 
15.798193 
15.712151 
15.807491 
15.897451 
15.663805 
15.799170 
15.789343 
15.954116 
15.875538 
15.869493 
16.043907 
15.920047 
15.644973 
15.780237 
15.872801 
15.712505 
15.711538 
15.727439 
15.766154 
15.721992 
15.879420 
15.817102 
15.838804 
16.182639 
15.755118 
15.746678 
15.864790 
15.691792 
15.794836 
15.888790 
15.762173 
16.028981 
15.845681 
15.662103 
15.802895 
15.453540 
15.588739 
15.757902 
15.877696 
15.785538 
15.546608 
15.729414 
15.695772 
15.601531 
15.717748 
15.634448 
15.728270 
15.679401 
15.616093 
15.546998 
16.000293 
15.770288 
16.015088 
15.991250 
15.825061 
15.771883 
15.802102 
15.794468 
15.714153 
15.974866 
15.833824 
15.911588 
15.903736 
15.954228 
15.782438 
15.798296 
15.697758 
15.678750 
15.726175 
15.750038 
15.672696 
15.852271 
16.118401 
15.942958 
15.863736 
15.929683 
15.736392 
15.711466 
16.021237 
15.914119 
16.018081 
15.923119 
15.690897 
15.682218 
15.863842 
16.090183 
15.840819 
15.990392 
15.884834 
15.956344 
15.769700 
15.723527 
15.724789 
15.696675 
15.592515 
15.975915 
15.706044 
15.826106 
15.629383 
15.696006 
15.729873 
15.745945 
15.686338 
15.730140 
15.686478 
16.203643 
15.884205 
15.734154 
15.532268 
15.766991 
15.945810 
15.934328 
15.572242 
15.483888 
15.426299 
15.594309 
15.745090 
15.822021 
15.523412 
15.741222 
15.655369 
15.653447 
15.822308 
15.916351 
15.816552 
15.688640 
15.706574 
15.535980 
15.804210 
15.958885 
16.087383 
15.824283 
16.076870 
16.188414 
16.051486 
15.954626 
16.022859 
15.816399 
16.012361 
15.720689 
15.873555 
15.918515 
15.833967 
15.728476 
15.890775 
15.751597 
15.746572 
15.757227 
15.664043 
15.865999 
15.639057 
15.824624 
15.798817 
15.536314 
15.643657 
15.713318 
15.587441 
15.668597 
15.721703 
15.663928 
15.890841 
15.601145 
15.750260 
16.038034 
15.867312 
15.772977 
15.760529 
15.673424 
15.628285 
15.888919 
16.212445 
15.767552 
15.638963 
15.803679 
15.740177 
15.692413 
15.962442 
16.196200 
16.175451 
15.790037 
15.736995 
15.722856 
15.811853 
15.496519 
15.744844 
15.690088 
15.602264 
15.768241 
15.730191 
15.846934 
15.600370 
15.669283 
15.810666 
15.823061 
15.858056 
15.930228 
15.713678 
16.117370 
15.781893 
15.675408 
15.635522 
15.776639 
15.954295 
15.953232 
15.728853 
15.633022 
15.786467 
15.840873 
15.657101 
15.859703 
15.813463 
15.771963 
15.733716 
15.912288 
15.774277 
15.667138 
15.734870 
15.681139 
15.425644 
15.864916 
15.848843 
15.936630 
15.899513 
15.791085 
15.616882 
15.528645 
15.808861 
15.693221 
15.366485 
15.846248 
15.908234 
15.804025 
15.763158 
15.838311 
15.746180 
15.968439 
15.882138 
15.837037 
15.945371 
15.956648 
16.023451 
16.053322 
15.933310 
15.918017 
15.874597 
15.678398 
15.607314 
15.847645 
15.782893 
15.665497 
15.846377 
16.177753 
15.830904 
15.707599 
15.662826 
15.537194 
15.982710 
15.923152 
15.657650 
15.826974 
15.351226 
15.736152 
15.878590 
16.146331 
15.976320 
16.086459 
16.179484 
15.644009 
15.546390 
15.615804 
15.726728 
15.551726 
15.813249 
15.889180 
15.823554 
15.774541 
15.992000 
15.850587 
15.989463 
15.749590 
15.961068 
16.032950 
15.857973 
15.946906 
15.561881 
15.686387 
15.893847 
15.680764 
15.607036 
15.635468 
15.910832 
15.605032 
15.888040 
15.789833 
15.640174 
15.709288 
15.766520 
15.643355 
15.749382 
15.664117 
15.713926 
15.607304 
15.985746 
15.933970 
15.864088 
15.851215 
15.595680 
15.940951 
15.664338 
15.756545 
15.595440 
15.665100 
16.029407 
15.989795 
15.897670 
15.894321 
15.885561 
15.763258 
15.613559 
15.651134 
15.651657 
15.866830 
15.603582 
15.875968 
15.969958 
15.789453 
15.851437 
15.948618 
15.994368 
15.778022 
15.666433 
15.561929 
15.565023 
15.279444 
15.714669 
15.811325 
15.632690 
15.823531 
15.825186 
15.718124 
15.562176 
15.538065 
15.739459 
15.687107 
15.582590 
15.665614 
15.852548 
15.998809 
15.862847 
16.018906 
15.853477 
15.960827 
15.969267 
16.074956 
15.917525 
15.896094 
15.837402 
15.848581 
15.978424 
15.888912 
15.742630 
15.500885 
15.739432 
15.730952 
15.811783 
15.896714 
15.879005 
16.019563 
15.772841 
15.722175 
15.796573 
16.127527 
15.994747 
15.702709 
15.380020 
15.554835 
15.864698 
15.663986 
15.610278 
15.848578 
15.691122 
15.687928 
15.840640 
15.767400 
15.831665 
15.823249 
15.617113 
15.727093 
15.680895 
15.586541 
15.666486 
15.782696 
15.836970 
15.635472 
15.622712 
15.765191 
15.949246 
16.183092 
15.996691 
15.761379 
15.734589 
15.953603 
15.689069 
15.830788 
15.536523 
15.620138 
15.602432 
15.596829 
15.807215 
16.025812 
15.718868 
15.765567 
15.698460 
15.838719 
15.581667 
15.720708 
15.873632 
15.843775 
15.823813 
15.609688 
15.713507 
15.683857 
15.750987 
15.814870 
15.673270 
15.837258 
16.150105 
15.655151 
15.756044 
15.425089 
15.757911 
15.939406 
15.873546 
15.860441 
15.919384 
15.830291 
15.666652 
15.599579 
15.688764 
15.991335 
15.890072 
15.831585 
15.994676 
15.985544 
15.856620 
15.779273 
15.683628 
15.751369 
15.729757 
15.690573 
15.650443 
15.560183 
16.145006 
16.027469 
15.799674 
15.712107 
15.655853 
15.772135 
15.908214 
15.820214 
15.579548 
15.922423 
15.844787 
15.839693 
15.878659 
15.993063 
16.073840 
15.837917 
15.684796 
15.766308 
15.858777 
15.659119 
15.822264 
15.896766 
15.954775 
15.762760 
15.812022 
15.911916 
15.940832 
15.534913 
15.874769 
15.628132 
15.732638 
16.042622 
15.856521 
15.633206 
15.730897 
15.686654 
16.119674 
15.822483 
15.770559 
15.701809 
15.804472 
16.196664 
15.690901 
15.922780 
15.679847 
16.162688 
15.946775 
15.772970 
15.934684 
16.097037 
15.925150 
15.532122 
15.678033 
15.796467 
15.726284 
15.942336 
15.531719 
15.714311 
15.598442 
15.621354 
15.743675 
15.752555 
15.706317 
16.093424 
15.772699 
15.722737 
15.737990 
15.776825 
15.923263 
15.803758 
15.621561 
15.562672 
15.751755 
15.851391 
15.746861 
15.862682 
15.680880 
15.560811 
15.719320 
15.705488 
15.871172 
15.749954 
15.935603 
15.972379 
15.705637 
15.559180 
15.435253 
15.767678 
15.717658 
15.913059 
15.828536 
15.906702 
15.941904 
15.849371 
15.880442 
15.861034 
15.804083 
15.770079 
15.759133 
16.037751 
15.967241 
15.924348 
15.889049 
15.755548 
15.892432 
16.067273 
15.835920 
15.868515 
15.850827 
16.020963 
15.769042 
15.955532 
15.686575 
15.696334 
15.692911 
16.029897 
16.017490 
16.001841 
15.854252 
15.817608 
15.884575 
15.384260 
15.581903 
15.627353 
15.513406 
15.842081 
15.727467 
15.692854 
15.804830 
15.854015 
16.021036 
15.872991 
15.815752 
15.731825 
15.990414 
15.934649 
15.769269 
15.979059 
15.844124 
15.756833 
15.796446 
15.684813 
15.705394 
15.688888 
15.775414 
15.815136 
15.711365 
15.670671 
15.709249 
15.942777 
15.606646 
15.732309 
15.714350 
15.621626 
15.741528 
15.764792 
15.711088 
15.706684 
15.584659 
15.756765 
15.863384 
15.679532 
15.631709 
15.505844 
15.658595 
15.975860 
16.068004 
15.992023 
16.094496 
15.791471 
15.512293 
15.458722 
15.569850 
15.551373 
15.729263 
15.754840 
15.618997 
15.369133 
15.917977 
15.837242 
15.776864 
15.658979 
15.725625 
15.711167 
15.860529 
15.815857 
15.901008 
15.814201 
15.900478 
16.147264 
16.093608 
15.961853 
15.663532 
15.761177 
15.707215 
16.043831 
15.943885 
15.763262 
15.757015 
15.864460 
16.025903 
15.745889 
15.821130 
15.861597 
15.872363 
15.885900 
15.846227 
15.850917 
15.681586 
15.675740 
15.728587 
15.737844 
15.687711 
15.813607 
15.895380 
15.890891 
15.602168 
15.906410 
15.665462 
15.618232 
15.814996 
15.851823 
15.851412 
15.949944 
15.868815 
15.675699 
16.024191 
15.834865 
15.736250 
15.848863 
15.951832 
15.461922 
15.659586 
