47.064451 
46.680696 
46.664268 
47.246966 
46.091387 
47.578098 
48.017505 
46.799976 
47.839178 
46.308602 
46.786538 
45.733019 
46.076090 
47.552203 
46.840012 
45.871632 
46.374191 
46.526356 
46.682035 
47.233031 
46.688848 
48.044125 
45.492780 
45.349315 
46.457401 
47.783342 
47.361192 
45.763151 
47.502594 
46.465279 
47.738638 
45.623913 
48.268449 
47.016370 
46.916617 
47.369353 
47.491438 
46.676139 
47.002556 
45.089184 
45.271824 
46.249196 
46.977499 
48.255417 
47.192104 
48.546716 
46.968608 
47.459815 
48.299231 
46.063250 
46.207226 
46.457919 
47.416400 
46.169657 
46.977520 
47.085643 
45.516620 
47.641082 
47.174385 
46.537797 
46.199624 
46.473148 
45.972467 
46.755566 
45.699682 
46.799030 
46.929303 
48.086074 
46.768340 
46.994241 
47.328563 
44.919569 
46.436205 
46.366454 
47.265560 
47.976773 
47.080545 
46.582846 
46.446391 
46.728898 
47.081097 
47.003052 
45.864442 
46.926530 
46.754620 
47.571258 
47.024509 
45.693077 
48.089412 
47.193816 
46.257151 
45.881119 
46.632606 
46.157722 
45.576218 
46.454596 
46.504974 
46.993796 
47.518859 
47.592004 
46.145241 
48.605485 
46.616789 
45.816656 
45.772436 
47.511278 
46.046246 
45.759244 
45.721365 
46.423224 
47.456141 
48.434960 
45.316678 
47.585537 
47.321896 
47.363959 
45.969148 
46.693260 
45.099234 
46.344770 
47.152947 
46.974234 
46.166399 
46.062742 
46.011077 
46.619701 
46.322374 
46.809270 
47.825164 
47.309391 
45.129393 
48.156921 
48.113160 
46.284833 
47.176478 
48.520259 
45.439358 
47.165160 
47.051107 
47.573691 
46.836524 
44.972090 
47.709254 
49.251076 
47.425300 
46.954973 
45.139362 
46.624597 
46.077088 
46.581389 
47.063165 
45.878608 
46.328225 
46.680851 
46.406169 
48.022667 
47.609609 
47.466137 
47.646648 
47.137506 
47.061728 
44.706191 
48.003187 
47.223400 
45.535387 
46.217291 
45.674869 
45.844138 
48.272701 
46.254976 
46.837305 
47.571123 
47.900700 
45.474368 
46.771909 
46.826409 
46.370266 
46.137222 
46.487841 
47.363119 
48.298731 
45.790477 
47.224850 
47.260380 
46.428878 
46.416973 
45.902555 
47.596969 
46.837070 
46.796296 
46.067723 
46.861225 
47.048677 
46.257243 
46.949842 
46.950402 
46.806331 
48.337990 
45.920905 
46.888095 
46.936592 
47.219086 
47.326316 
46.161557 
47.036232 
47.642972 
45.211306 
48.632710 
46.584265 
47.530729 
46.601602 
47.588127 
47.988970 
48.592500 
46.289492 
46.467101 
46.400585 
46.856659 
47.521430 
46.653599 
47.867229 
47.105911 
46.455539 
47.401388 
48.055508 
46.935660 
46.129530 
45.540685 
44.908731 
46.294960 
45.859381 
46.477249 
46.349976 
47.285767 
47.989384 
46.438344 
46.606873 
46.562139 
46.730655 
45.974906 
45.918984 
46.487796 
48.288266 
45.772097 
47.558209 
46.899686 
46.726672 
46.020389 
46.967162 
47.640423 
45.969096 
46.559096 
46.297806 
46.096664 
47.317008 
45.442990 
46.487693 
46.221859 
46.904321 
46.385804 
46.201526 
48.048399 
47.055223 
45.199487 
47.757219 
46.201646 
45.955778 
46.731955 
47.268961 
46.617091 
47.402723 
46.228732 
47.849508 
47.634590 
44.984583 
45.344131 
45.291441 
46.645665 
45.790916 
47.082505 
46.857731 
47.482923 
46.622071 
46.493857 
46.452825 
46.981428 
46.503209 
46.040118 
46.237451 
45.734943 
46.892273 
47.181235 
46.094092 
46.624635 
46.327568 
46.648023 
47.604329 
47.724940 
47.092835 
48.619364 
45.761183 
46.617113 
47.098114 
47.173815 
47.281053 
47.216396 
46.376139 
48.507905 
47.209110 
45.932049 
46.551274 
47.443930 
47.024494 
46.590324 
46.448186 
46.815038 
47.066231 
46.776518 
47.316767 
47.937766 
47.066098 
46.945610 
46.076763 
45.242778 
46.942559 
45.874068 
46.291543 
47.111246 
45.566542 
46.487432 
46.689109 
46.937372 
44.934610 
45.043674 
46.449695 
46.050741 
46.914173 
47.041266 
47.857622 
47.095934 
47.023676 
46.774663 
46.691829 
47.922335 
46.910132 
46.833026 
46.357523 
46.800711 
47.158913 
45.292892 
47.127449 
46.839927 
46.967625 
46.592879 
45.510830 
47.708271 
45.548172 
45.601420 
46.616580 
46.541157 
46.626722 
47.306894 
46.724230 
46.297397 
45.826221 
46.551780 
45.849495 
46.176750 
46.049492 
47.074689 
46.356968 
47.496963 
46.593981 
46.580115 
45.858287 
46.797723 
48.867981 
47.667262 
46.464050 
45.808626 
47.238817 
47.695186 
48.037219 
46.616005 
46.995655 
47.193048 
46.890057 
48.046458 
46.579493 
45.892798 
47.162280 
45.932588 
45.243712 
45.716724 
46.386399 
46.641751 
46.267778 
47.659297 
47.130680 
47.362557 
47.248250 
46.054286 
45.893472 
46.323305 
47.413476 
47.230327 
46.604779 
45.802824 
47.403575 
46.671899 
47.504983 
45.840577 
46.224338 
47.354366 
46.011802 
46.423064 
46.549967 
45.707464 
47.451825 
46.631459 
45.371074 
45.796611 
45.798841 
45.366398 
46.416211 
46.095805 
47.168919 
46.140066 
45.799171 
46.510132 
46.235750 
46.674023 
46.036068 
47.018224 
49.008516 
46.633964 
45.578981 
46.697936 
46.200784 
45.877850 
45.886681 
46.588231 
47.000902 
46.822867 
46.962008 
47.211622 
46.754064 
47.398015 
44.686551 
45.597957 
46.694998 
46.098407 
46.950332 
45.731623 
46.899150 
45.865358 
45.871169 
47.530219 
46.595208 
47.352401 
48.269054 
47.826593 
44.633032 
45.719641 
46.174060 
46.114775 
45.770075 
45.802747 
45.691315 
45.940818 
45.484650 
46.723307 
45.809203 
46.606404 
46.509247 
48.173402 
47.655277 
46.059637 
46.462702 
46.936435 
46.300936 
46.404111 
46.671518 
45.994445 
45.827401 
46.769337 
47.182905 
46.481604 
46.080943 
47.954316 
46.659682 
46.528588 
48.613176 
46.681031 
46.188163 
46.389827 
45.842005 
46.040853 
45.898207 
47.722773 
48.415105 
47.085202 
47.089335 
44.887849 
45.734723 
47.062145 
48.183983 
47.435418 
46.862783 
44.926808 
46.815282 
47.419117 
46.511184 
48.038196 
46.542668 
46.648244 
48.269485 
47.653915 
46.560118 
47.549930 
47.550243 
47.214056 
47.732129 
48.353616 
45.784545 
46.772435 
47.231447 
45.970845 
47.480073 
47.651921 
47.503628 
47.066405 
48.750198 
46.887141 
45.458220 
48.207046 
47.082800 
46.446918 
46.946795 
46.094504 
46.908868 
47.247465 
46.894767 
45.284106 
47.186447 
46.871784 
46.580269 
46.351040 
46.438435 
47.319820 
48.492537 
47.101123 
46.913800 
45.070141 
46.741678 
47.492776 
46.669831 
47.405439 
48.086538 
47.824931 
47.649040 
47.832581 
46.562606 
47.769163 
46.557207 
45.728446 
47.139328 
46.657440 
47.195476 
47.014775 
48.437106 
47.843584 
47.114963 
47.117897 
46.780474 
46.876684 
47.175387 
46.789561 
46.260195 
47.687678 
46.207989 
47.468030 
46.914837 
47.392226 
47.463302 
46.572145 
47.462542 
47.997185 
47.759604 
47.662653 
47.873560 
46.663770 
46.892384 
45.539605 
45.988155 
47.032833 
47.571968 
48.673866 
47.132246 
46.515231 
47.436561 
47.073568 
46.844326 
45.702169 
44.857741 
47.851180 
45.763843 
46.001221 
46.500411 
47.709748 
47.650986 
45.464348 
47.426438 
48.155279 
46.907592 
45.881210 
46.527717 
48.208060 
46.653994 
47.360421 
46.757530 
46.515384 
46.256631 
46.802435 
48.078607 
47.290699 
46.591038 
46.094538 
45.253338 
47.942269 
48.320184 
46.244356 
46.368440 
46.548648 
47.060973 
46.616290 
46.573145 
46.157153 
48.052729 
47.400843 
45.766656 
46.312784 
46.629413 
46.706543 
46.518963 
46.682487 
45.429075 
47.253182 
45.860237 
46.947837 
46.183914 
46.428112 
46.245847 
46.559726 
47.723820 
45.890535 
47.612077 
47.427164 
46.957800 
46.341731 
46.395336 
46.182049 
46.722615 
47.034039 
46.583183 
46.298573 
46.441312 
46.991505 
46.335973 
46.309286 
46.815842 
47.268025 
48.055099 
47.013148 
47.649052 
45.647604 
45.525241 
45.767722 
46.108249 
45.782409 
46.760714 
46.760053 
46.561540 
46.302329 
47.097421 
47.694528 
46.407289 
46.192623 
46.226303 
47.204442 
47.210802 
46.809132 
46.370605 
47.074004 
46.546323 
46.924368 
46.315338 
46.022315 
47.344344 
47.965438 
48.003586 
47.578674 
46.188523 
46.219649 
45.983128 
45.793933 
47.233320 
46.818804 
48.002889 
47.820255 
46.357788 
46.695588 
46.630099 
46.582795 
47.434938 
46.122845 
45.551493 
45.506011 
45.700954 
46.934739 
46.903733 
45.528122 
46.627874 
46.782966 
46.794323 
47.801345 
46.601681 
46.864816 
47.802862 
47.383337 
47.221051 
46.857296 
45.749120 
47.596111 
47.615537 
47.152993 
45.426283 
46.510583 
45.825255 
46.312335 
47.380127 
48.225862 
45.558195 
46.987246 
47.521369 
45.687808 
46.056577 
45.789333 
46.570346 
46.550869 
47.003148 
47.355750 
46.060291 
46.740519 
46.963194 
47.452589 
45.514196 
46.734156 
46.299381 
48.145740 
47.932377 
47.282689 
46.453846 
46.716556 
46.222516 
46.696785 
48.419076 
45.803824 
46.603975 
47.847402 
46.514098 
46.665782 
46.477671 
46.753170 
47.448705 
46.423082 
46.690814 
47.379370 
45.574981 
47.952506 
46.723419 
46.831552 
46.176505 
46.213722 
46.336433 
47.255717 
47.355086 
46.487316 
45.298154 
45.860359 
47.097028 
45.489021 
45.986819 
46.796596 
46.336703 
45.767259 
46.878432 
46.878722 
45.653413 
46.768784 
46.411093 
46.192068 
46.524683 
46.552686 
45.625982 
47.394109 
45.337394 
46.122561 
45.968312 
46.155597 
46.937526 
47.556414 
47.057163 
45.384103 
47.473422 
47.725213 
45.750110 
46.902979 
46.577996 
46.226409 
46.379880 
45.890725 
46.059239 
46.229299 
46.877851 
45.459186 
45.921263 
46.148795 
47.124073 
45.661023 
47.852563 
45.920567 
46.914562 
47.897533 
45.498180 
46.408013 
46.512294 
46.217154 
48.220708 
46.958438 
46.062386 
47.593839 
46.174500 
47.430736 
48.308674 
46.990580 
46.661395 
46.485609 
47.432684 
46.862125 
45.985673 
46.125820 
45.641527 
47.189461 
45.847070 
46.522367 
46.837287 
46.401854 
46.057778 
46.926695 
44.719859 
46.772221 
47.160684 
46.389327 
47.940482 
47.107617 
46.918374 
46.219853 
46.776728 
45.231450 
47.831408 
48.350323 
46.858008 
47.261485 
47.306502 
46.063870 
45.711006 
45.846615 
46.559591 
46.783262 
47.366432 
46.520806 
45.977574 
47.547828 
48.200595 
48.247167 
47.030025 
47.945143 
46.327524 
46.052287 
47.622602 
47.492982 
47.230438 
46.655184 
47.020410 
47.080271 
47.320619 
47.433605 
47.516563 
46.482943 
46.978537 
47.559009 
47.291294 
47.345617 
47.188746 
46.181225 
47.594550 
45.111365 
47.283846 
47.086853 
47.814521 
47.979097 
46.496288 
46.790353 
46.811758 
45.413415 
46.431406 
45.947656 
47.466620 
46.593167 
47.234992 
45.509376 
48.525563 
46.858964 
45.549862 
47.038153 
45.642011 
44.936371 
46.620399 
45.411888 
47.403205 
47.271807 
48.799003 
46.023582 
46.854357 
47.081149 
46.823212 
46.952790 
45.320996 
47.871973 
46.800139 
47.489339 
46.885571 
48.108550 
45.911201 
45.962169 
47.440473 
46.463066 
45.807641 
45.800700 
46.907022 
45.799927 
46.991574 
47.588719 
46.556336 
47.092656 
46.386038 
46.542535 
45.806831 
47.077244 
45.280168 
47.624586 
47.187146 
47.768333 
46.642387 
45.577493 
46.173979 
47.006056 
45.641415 
46.182532 
45.545239 
46.493049 
47.641109 
46.409651 
46.280398 
47.345939 
47.226969 
47.687254 
46.745127 
46.755589 
47.278508 
47.024110 
47.639674 
46.479883 
46.439907 
45.815905 
46.253033 
47.720648 
46.501280 
47.012110 
46.000550 
47.115614 
47.129330 
47.830348 
47.820946 
47.200731 
47.106539 
47.249578 
47.287720 
45.159233 
47.388168 
47.099282 
46.744958 
48.007221 
45.823908 
46.725485 
47.638602 
46.986221 
46.820061 
47.538451 
45.684391 
45.450880 
47.039624 
46.618377 
46.716497 
46.457180 
45.933886 
48.950216 
47.770751 
46.580984 
46.703759 
46.980418 
46.330930 
46.354778 
47.288811 
46.371337 
46.895883 
45.398525 
46.583017 
45.025973 
46.418397 
46.918549 
49.054148 
46.753608 
46.948074 
47.630098 
45.791715 
47.132041 
47.473607 
46.467042 
47.264799 
44.223093 
46.117976 
44.875174 
48.768375 
47.237991 
46.307363 
46.887475 
47.432565 
46.189910 
46.508518 
47.794533 
47.425196 
45.393855 
45.567364 
47.899166 
47.278849 
47.163970 
46.328366 
46.662968 
47.043375 
47.375019 
48.037647 
47.628633 
46.887311 
47.046822 
46.073493 
48.537487 
45.877731 
45.429050 
46.815729 
46.118564 
46.176938 
47.142548 
47.100314 
45.673986 
46.260776 
46.039514 
46.754678 
46.353259 
45.507903 
47.989171 
46.172131 
46.574421 
46.907121 
47.487663 
47.356058 
46.033726 
46.784286 
47.739584 
47.515002 
46.320173 
47.546552 
46.731885 
45.953991 
46.213743 
45.653908 
46.180332 
46.094604 
46.835244 
46.799681 
47.035494 
46.310072 
47.854425 
46.297718 
45.518962 
47.406529 
47.193321 
47.945692 
47.206881 
46.335269 
48.048957 
48.584517 
47.761256 
45.992024 
46.388149 
47.621200 
48.081750 
47.050411 
47.669695 
46.286383 
47.571670 
47.597387 
46.024013 
47.166321 
46.150323 
46.512713 
46.221330 
45.270090 
47.153703 
47.746389 
46.027136 
45.856609 
45.600316 
47.062641 
47.393271 
46.358223 
46.262416 
45.755506 
45.946328 
45.916645 
46.243077 
45.690142 
46.088838 
46.432742 
47.748125 
46.581576 
46.366365 
45.520681 
46.383461 
46.639159 
45.792492 
48.251951 
46.202039 
46.751876 
47.838741 
47.434287 
46.931571 
47.044423 
46.835193 
45.047794 
47.179386 
47.240542 
47.364838 
47.192486 
47.559641 
47.123016 
46.932174 
47.357168 
45.759856 
45.554559 
45.911278 
46.812063 
47.268240 
48.461828 
48.322449 
47.215138 
45.140546 
45.281052 
45.396207 
46.466720 
46.471256 
46.321134 
47.630325 
46.088417 
45.389651 
45.873099 
46.840733 
46.366998 
46.376303 
46.483481 
46.743515 
47.253332 
46.556761 
47.114389 
46.280203 
46.078620 
48.351808 
46.649738 
47.270459 
45.342169 
45.871268 
47.592807 
46.441997 
46.521979 
46.201845 
47.207791 
46.600310 
46.419357 
47.875908 
46.458741 
47.803267 
46.684481 
47.018366 
47.830436 
47.081929 
47.131969 
46.584413 
46.259544 
46.289627 
45.316233 
45.373131 
46.351634 
46.646727 
47.102846 
46.759278 
47.497097 
46.928278 
46.800221 
47.051887 
46.971567 
46.815337 
47.002949 
47.919794 
47.229668 
46.981897 
47.549185 
46.494178 
45.436555 
45.931374 
47.855097 
47.004921 
46.574146 
47.802672 
47.304316 
46.440463 
46.386491 
44.716319 
45.542338 
46.656338 
46.277307 
46.764159 
45.882595 
47.408414 
46.136074 
46.477120 
46.831816 
46.181982 
46.615441 
48.097002 
46.239336 
47.019477 
46.778668 
47.001662 
46.567741 
47.505867 
46.679121 
46.315800 
48.221238 
47.186872 
45.682433 
47.664559 
46.811187 
46.323389 
48.574707 
47.130292 
46.987352 
47.041002 
45.692944 
46.000072 
47.111288 
47.488738 
46.520400 
46.722459 
46.586416 
45.322107 
46.016583 
46.118101 
45.509326 
46.195901 
47.708187 
45.275644 
45.680071 
48.387544 
45.247458 
46.073316 
47.961344 
47.387890 
46.737532 
45.570826 
45.542213 
46.829349 
46.564611 
46.318260 
46.185435 
46.465045 
46.502190 
46.699272 
47.064295 
48.775658 
47.790034 
46.300752 
47.442600 
48.012186 
47.718020 
46.875670 
46.978103 
47.101715 
47.177959 
46.858258 
47.647736 
47.987996 
45.946952 
46.177725 
47.727316 
47.109823 
46.177950 
46.597747 
47.877508 
46.984770 
46.256301 
45.930833 
44.646508 
45.407961 
44.745498 
46.552829 
46.691634 
45.549839 
48.116954 
47.296454 
48.112796 
46.920745 
47.006070 
46.926880 
46.765555 
45.748177 
46.680396 
46.641081 
46.240056 
48.147515 
47.118983 
46.455037 
46.941965 
46.661316 
46.108848 
47.391715 
46.406748 
46.431786 
46.375525 
45.830872 
47.569882 
46.587418 
46.515532 
46.869393 
46.174954 
47.772656 
47.084963 
46.429670 
48.286361 
45.894949 
48.077584 
47.319114 
46.384731 
46.872263 
46.373134 
45.959617 
46.306619 
46.822799 
46.535615 
47.667950 
47.795609 
47.216595 
47.504541 
45.647196 
46.917156 
46.468162 
47.217150 
46.710037 
46.658686 
48.106852 
46.362747 
46.682766 
44.671014 
46.055971 
46.472033 
49.107357 
48.174787 
46.662825 
46.049099 
47.320488 
46.139731 
44.693581 
45.978412 
47.123191 
46.083428 
46.507911 
46.874387 
45.720602 
47.144211 
45.169006 
46.613312 
47.888702 
47.411833 
47.122014 
46.334206 
47.436042 
46.625138 
46.957361 
48.195009 
45.501758 
46.741612 
47.780213 
45.827168 
46.898471 
46.264883 
46.711898 
46.487418 
46.382423 
46.032905 
48.137967 
47.495875 
45.715284 
46.823357 
46.220447 
44.625620 
44.840859 
45.407737 
48.353467 
48.079293 
46.953321 
46.846053 
46.565099 
46.377626 
46.103963 
46.402838 
46.372034 
47.323709 
46.500568 
47.107221 
47.117209 
46.183933 
47.028675 
47.054253 
46.619930 
46.251098 
47.106691 
46.329568 
45.510317 
46.874657 
47.974014 
47.219089 
47.431785 
46.555915 
46.115269 
46.833137 
45.681039 
46.294220 
45.683999 
47.446338 
46.146216 
46.077322 
47.342895 
47.717765 
46.924166 
46.703613 
46.536601 
47.217181 
45.411747 
46.373355 
46.407910 
47.369897 
46.850153 
46.727250 
46.449530 
47.800922 
45.171989 
44.560592 
46.731270 
45.748071 
46.655763 
48.586565 
45.851442 
45.628541 
46.178647 
47.095053 
46.749681 
46.742318 
48.062793 
47.340394 
46.215244 
45.763295 
46.497037 
47.288894 
45.560432 
46.902668 
46.051674 
46.005788 
46.297644 
47.021159 
47.093350 
45.543672 
45.982530 
46.720871 
47.701234 
46.614352 
46.379967 
46.416993 
46.419512 
46.672233 
47.674520 
47.542148 
47.873880 
47.152590 
45.897314 
45.651496 
47.631823 
47.949765 
47.941365 
45.785304 
46.206508 
46.717025 
46.164406 
46.204100 
46.035650 
45.405442 
46.907989 
46.455022 
44.549916 
47.899819 
46.769623 
45.134545 
45.075781 
46.380352 
47.635541 
46.852239 
46.521755 
47.164632 
46.373740 
47.767297 
47.496689 
47.574122 
46.642365 
46.729685 
47.061815 
45.974911 
45.263490 
46.939587 
45.861815 
47.182319 
46.291899 
47.194449 
46.445016 
46.292542 
46.870390 
47.243564 
47.602996 
47.315391 
45.364300 
47.511998 
47.228182 
48.092855 
47.138895 
45.420446 
46.817932 
46.644038 
46.676053 
46.764139 
46.340048 
46.365535 
47.408817 
45.968566 
48.505781 
46.444400 
46.999053 
46.018414 
46.353825 
47.120309 
45.748378 
46.919165 
45.668455 
46.897681 
46.966996 
47.005973 
45.906956 
46.831884 
46.652902 
47.993570 
47.276441 
45.961172 
46.672286 
46.586984 
46.565465 
47.869702 
46.899129 
47.272763 
47.489541 
47.449723 
47.964737 
45.188599 
46.991180 
46.720807 
44.375793 
45.727855 
47.373234 
47.416215 
46.747244 
46.419029 
46.705974 
46.752233 
45.137600 
47.739667 
45.570426 
44.929228 
46.534583 
46.689874 
46.615168 
46.333459 
46.076220 
47.758318 
46.571388 
46.968267 
46.862547 
48.714287 
46.834852 
48.389195 
45.789642 
47.267729 
45.891473 
44.820440 
45.627520 
44.556631 
45.722176 
47.086483 
47.222513 
46.426370 
47.368307 
49.397337 
46.583340 
45.809675 
46.959357 
46.252033 
45.964403 
46.707938 
45.555068 
46.519275 
46.215853 
46.486686 
45.420233 
46.759322 
44.742603 
47.540357 
45.962996 
47.249717 
47.045867 
47.558039 
47.152081 
47.287382 
47.320773 
48.618472 
47.132215 
46.953779 
45.477058 
46.947080 
47.778977 
47.409828 
47.902565 
47.246236 
46.559782 
46.811891 
47.146417 
46.553593 
45.224352 
46.866968 
44.933131 
47.250056 
45.805881 
48.492639 
47.572369 
46.511264 
47.284869 
47.420462 
47.945987 
46.742018 
46.580285 
46.108348 
47.272599 
46.033118 
45.266288 
48.110720 
46.936313 
46.530691 
47.373536 
45.596121 
46.972538 
47.193209 
46.985621 
46.976106 
46.532006 
46.612363 
46.298432 
45.885815 
46.217447 
46.362599 
46.454332 
47.582473 
45.833542 
46.879242 
46.303312 
46.841984 
46.427311 
45.784725 
47.240690 
45.060329 
46.149020 
47.308501 
48.421581 
46.073584 
46.486075 
46.198855 
46.176906 
45.036706 
46.564384 
46.942035 
46.897486 
46.106430 
45.560599 
45.492058 
47.313896 
47.444402 
47.089804 
45.837478 
46.478115 
44.885744 
46.197981 
47.592544 
46.483237 
46.553253 
48.218724 
47.825674 
46.890421 
47.152912 
45.902823 
47.208014 
46.803175 
46.222472 
47.128384 
46.919829 
46.337760 
47.079259 
47.910184 
47.387752 
45.273432 
47.191028 
46.921591 
45.572948 
45.381020 
46.242030 
45.783368 
46.792077 
47.281058 
46.423678 
47.039257 
46.330099 
46.163274 
48.059366 
45.603251 
46.152614 
47.174170 
46.662443 
46.423526 
45.997984 
47.575066 
46.661425 
46.360323 
47.223537 
45.879271 
45.377001 
47.504528 
47.181300 
47.010584 
47.268532 
46.451040 
46.562015 
46.839987 
46.813598 
47.457594 
46.489425 
46.390338 
46.343362 
46.176154 
47.912296 
47.456330 
46.793550 
45.904965 
45.519077 
45.532093 
47.356374 
47.521624 
45.194947 
45.883410 
46.448095 
46.537688 
47.524371 
46.963555 
46.390865 
46.191813 
46.586327 
47.726848 
46.250528 
46.622853 
47.912217 
45.450734 
46.818288 
47.710022 
47.733483 
48.339380 
46.958775 
47.280863 
47.667146 
47.046728 
47.465747 
46.940041 
46.866762 
46.566167 
47.845764 
47.025377 
47.789847 
44.616009 
45.617522 
46.535837 
46.211987 
45.683941 
46.372050 
46.261877 
47.202106 
46.764318 
46.624133 
46.673209 
46.673854 
45.109018 
46.468852 
47.705783 
47.710757 
46.647943 
46.945103 
47.338438 
47.202579 
46.552381 
46.592381 
45.958612 
45.531776 
46.811914 
46.551296 
46.498648 
46.347401 
46.234095 
47.627569 
45.943051 
46.052632 
45.718979 
46.846498 
46.473690 
47.377901 
46.706794 
47.156469 
45.085537 
46.687501 
47.559276 
47.032913 
46.469296 
46.571426 
47.261416 
47.040057 
46.725052 
46.834145 
47.297889 
46.258403 
46.521264 
48.103789 
47.186899 
45.154977 
45.959017 
45.588821 
45.095906 
47.323291 
47.566409 
46.801543 
46.800301 
48.440991 
49.034710 
46.414708 
46.843041 
47.182292 
45.496449 
46.259117 
46.321090 
46.566075 
46.573952 
47.024665 
46.534740 
46.601555 
47.412076 
46.755135 
47.038022 
45.378300 
46.219433 
47.069332 
46.856559 
46.343133 
45.946803 
46.823792 
46.924146 
47.130840 
47.085963 
48.446366 
47.107262 
45.657955 
46.179445 
46.187969 
45.750796 
46.519861 
46.275368 
47.553491 
46.592040 
46.769884 
47.133054 
47.029294 
48.008715 
45.504135 
47.671014 
44.696719 
46.391481 
46.185361 
45.394941 
47.569209 
46.344310 
46.618554 
46.938709 
46.887858 
47.064007 
45.902933 
46.811088 
45.744124 
46.479862 
45.063341 
46.717692 
47.352730 
46.495573 
47.115232 
46.100359 
46.563294 
46.178704 
45.860426 
46.634957 
46.890239 
46.813741 
48.162277 
46.452482 
46.126985 
46.811369 
47.022468 
46.661307 
46.353768 
47.851085 
47.004588 
44.985456 
47.362521 
45.751231 
46.848142 
47.249217 
47.769695 
47.024878 
46.526400 
45.659572 
46.715261 
46.937554 
47.718746 
46.648549 
46.353726 
46.886664 
47.130297 
47.579288 
46.646743 
45.638259 
46.556497 
47.408184 
46.863145 
48.304710 
47.258290 
47.706497 
46.591867 
47.851030 
47.811313 
46.808637 
47.162506 
46.940838 
47.125608 
48.637914 
48.167057 
46.196414 
45.146700 
48.207557 
49.183729 
46.233722 
47.753524 
46.194495 
45.836142 
47.262730 
46.707389 
48.227595 
46.396670 
47.887505 
47.101769 
47.559210 
48.533264 
47.031946 
47.006071 
46.631958 
46.772493 
45.848162 
48.030183 
46.674881 
46.967739 
46.738742 
46.939212 
45.727517 
46.543914 
45.901219 
47.487679 
46.890979 
47.003694 
44.295436 
45.325183 
47.916177 
47.299952 
47.645968 
47.369672 
48.685440 
47.720008 
46.274591 
46.904834 
46.733925 
46.836064 
45.905635 
46.633550 
46.604056 
46.613164 
45.782983 
46.427168 
47.055226 
46.588933 
46.100982 
47.423621 
46.333198 
46.128607 
46.474271 
46.671493 
46.641240 
47.233193 
48.277466 
47.643289 
46.690460 
45.855029 
47.649374 
46.245433 
46.767936 
46.775520 
46.079872 
46.721267 
47.204070 
46.727422 
46.657470 
46.731848 
48.806176 
47.105178 
46.311578 
47.574548 
46.071222 
47.644449 
47.166299 
47.270455 
47.507014 
46.346225 
47.394723 
46.956858 
47.952968 
47.316972 
48.552243 
46.957563 
46.852156 
44.672780 
45.661522 
46.458797 
47.316398 
46.843437 
46.510587 
45.947409 
45.038417 
46.202982 
46.516305 
47.687718 
46.773250 
46.172032 
46.113579 
47.987390 
47.963145 
45.216217 
46.659518 
46.136401 
48.068319 
47.427440 
45.510338 
48.474610 
48.003490 
48.097371 
48.246343 
48.704984 
46.873468 
47.469406 
46.578802 
47.585472 
47.849369 
45.702925 
47.716032 
47.422988 
47.660130 
46.032759 
46.857093 
45.626578 
47.111299 
47.895022 
46.795163 
47.461449 
45.919609 
46.129014 
46.027292 
46.949240 
48.127870 
45.087110 
47.098448 
47.950285 
47.297445 
48.022116 
47.035264 
47.710717 
45.016936 
45.014178 
44.460184 
45.664963 
46.561713 
45.978911 
46.059966 
45.283950 
46.702758 
46.646299 
46.369988 
46.789483 
45.548562 
46.751238 
45.380572 
46.889091 
45.753839 
46.168714 
45.769909 
48.009126 
46.587292 
46.359300 
46.655141 
46.389607 
46.152189 
46.647512 
45.107413 
48.251186 
46.762955 
45.686857 
46.643216 
45.794061 
46.650834 
46.389738 
48.049293 
47.398226 
46.942238 
46.823754 
47.379110 
47.905255 
47.148179 
46.792042 
46.750473 
46.793996 
46.574342 
45.449639 
46.805095 
46.146766 
46.475319 
45.103803 
46.021915 
46.193974 
46.213079 
45.671924 
46.266635 
46.594556 
47.121143 
46.985666 
46.296997 
46.556312 
47.145457 
44.720963 
45.870377 
45.959604 
45.894330 
47.761931 
47.165384 
46.543148 
46.896467 
47.855475 
47.451783 
46.867815 
45.693011 
47.639774 
45.686850 
47.158204 
47.235070 
46.550465 
47.309089 
46.184591 
46.900564 
46.665157 
47.532566 
47.904839 
48.008482 
47.423434 
48.024379 
47.051150 
46.183542 
46.931358 
45.835514 
46.392921 
46.928719 
45.485528 
46.240160 
46.462004 
47.145119 
46.342016 
46.577185 
46.489260 
46.934003 
46.712855 
46.532535 
45.318617 
47.314412 
47.583676 
48.388490 
45.879715 
45.895327 
46.824916 
47.037824 
46.617011 
45.844326 
46.204369 
48.421970 
45.799451 
46.226820 
45.505017 
45.952422 
45.871695 
46.749332 
46.802977 
46.757307 
47.000350 
47.401671 
47.352028 
47.664287 
47.007838 
48.463001 
46.852257 
46.314031 
46.640042 
45.363944 
45.258675 
46.343381 
45.583393 
45.464645 
46.240434 
46.152305 
46.158677 
48.463784 
47.691412 
47.026450 
46.776737 
46.790985 
47.361415 
46.326500 
45.835589 
46.523870 
46.103975 
47.144972 
46.406914 
46.114921 
46.795456 
45.114338 
45.793621 
46.026489 
47.645146 
46.142545 
46.241066 
46.822387 
46.284651 
46.547195 
46.971000 
45.431263 
46.571893 
46.865272 
47.568039 
47.080588 
46.492116 
46.373367 
47.722486 
45.953044 
47.300347 
46.708495 
47.525624 
45.871436 
47.053083 
48.017411 
46.227392 
46.517257 
46.005780 
46.337136 
48.282847 
46.569845 
49.605888 
46.631120 
45.544990 
46.832369 
47.258710 
46.280994 
46.595086 
48.166237 
44.876137 
46.803484 
47.104167 
45.572339 
46.846550 
47.169992 
46.976571 
46.416314 
46.219851 
47.287935 
47.648063 
47.225710 
47.060983 
46.524461 
45.486743 
46.357179 
46.084766 
46.562947 
47.360206 
46.826882 
46.647856 
46.853147 
47.896293 
47.816212 
47.396744 
46.088696 
46.883438 
47.275269 
46.239061 
45.734298 
47.484131 
47.623347 
46.686847 
47.483154 
47.348997 
45.915913 
46.959818 
47.574747 
47.929330 
47.550172 
47.127314 
47.734676 
47.500625 
46.016566 
45.871130 
46.738229 
46.271659 
45.458379 
47.789460 
46.828428 
45.397038 
47.296305 
47.055626 
47.549141 
47.072276 
46.640195 
47.103280 
46.877432 
45.658818 
46.373288 
46.542104 
47.310866 
46.482067 
46.947939 
46.520067 
45.645714 
45.625024 
46.595688 
47.794209 
47.002075 
45.791918 
46.163077 
47.544711 
49.071191 
47.084306 
47.962208 
46.052908 
46.684654 
47.264506 
47.057896 
47.885808 
46.432467 
47.187950 
46.385353 
47.204783 
45.723096 
45.548553 
47.311404 
47.519723 
47.380239 
48.186396 
45.349101 
46.733956 
46.996230 
46.239393 
45.613824 
47.274805 
46.044442 
46.286183 
46.442096 
47.146532 
45.340042 
47.695189 
48.308858 
47.659381 
49.830086 
46.564830 
46.127632 
46.856638 
46.646552 
47.169226 
46.978307 
46.648995 
45.779668 
46.386262 
47.157376 
46.745958 
45.937865 
45.780087 
47.203394 
47.527423 
48.066642 
45.445826 
45.055661 
46.192279 
47.180248 
45.926852 
46.314878 
46.900521 
46.731679 
46.685978 
46.044841 
45.324298 
47.160575 
46.219205 
46.784595 
46.435949 
47.084437 
45.742168 
45.748424 
46.901960 
46.740376 
47.388426 
46.262304 
46.033960 
46.615078 
47.230047 
47.365276 
45.507549 
46.241959 
47.396033 
45.682459 
46.281622 
45.924627 
47.880368 
47.112892 
46.654964 
47.028405 
47.471745 
47.339911 
47.594349 
46.681944 
47.910844 
47.384162 
48.316486 
47.342215 
45.850564 
47.919053 
46.539748 
46.878911 
47.467666 
47.866426 
47.780553 
46.102277 
46.851384 
46.732968 
46.182148 
46.210072 
46.660683 
47.745507 
48.196735 
47.169576 
46.326995 
45.099776 
45.913581 
47.255530 
47.036352 
46.544487 
47.734110 
47.606329 
46.214878 
44.966544 
47.260414 
46.578920 
46.224604 
47.110687 
47.767616 
46.957748 
47.319108 
46.454694 
45.804128 
47.157303 
47.266790 
46.642992 
45.420420 
46.823411 
46.940600 
45.694263 
46.496582 
45.966828 
46.144436 
45.685764 
46.381936 
46.110924 
45.344233 
46.535214 
46.390304 
46.534494 
46.072521 
46.451283 
47.647484 
46.024535 
47.633351 
46.149586 
46.500380 
46.657500 
46.940348 
46.173252 
45.707858 
46.536000 
46.883282 
48.026106 
47.875455 
47.733750 
48.712646 
45.888836 
45.782589 
46.570680 
45.524864 
47.716388 
46.826937 
46.232998 
46.185444 
47.174856 
46.763707 
46.837925 
47.568331 
46.701975 
47.373523 
48.043814 
48.435043 
46.663850 
47.491822 
46.707201 
46.832245 
47.463906 
46.183344 
47.746213 
46.951470 
46.497824 
45.777141 
46.298296 
46.371687 
46.152184 
46.665996 
46.316806 
47.463621 
47.144686 
46.767636 
46.314674 
47.239955 
48.056642 
48.679387 
46.375402 
46.070671 
46.280942 
47.120675 
45.607589 
47.227379 
46.522803 
45.764688 
46.806279 
46.628395 
45.882101 
46.195390 
46.729284 
47.653023 
46.255649 
47.360369 
45.541854 
49.092992 
47.355108 
47.448325 
46.565073 
46.054567 
45.621184 
45.280270 
45.969021 
46.970373 
46.944477 
46.936373 
47.429232 
46.808945 
47.548160 
48.144641 
46.008648 
47.141444 
47.201455 
46.308384 
46.804717 
46.206405 
46.988594 
46.841167 
45.482536 
47.737605 
46.311439 
47.105514 
45.729373 
45.513677 
47.663807 
46.454773 
46.258949 
46.487908 
46.282460 
46.638532 
46.627365 
46.104273 
47.081981 
47.482123 
46.496092 
47.381059 
47.652337 
46.723306 
48.303488 
46.469473 
45.717626 
48.068494 
47.754635 
46.489856 
46.736058 
47.196040 
46.671700 
46.095474 
47.300874 
46.510997 
46.481797 
46.463620 
47.555945 
46.028473 
45.434935 
45.122355 
45.903655 
46.813314 
45.506744 
47.578559 
46.738562 
46.033075 
45.624174 
47.001364 
46.879488 
45.980796 
45.616270 
46.104268 
46.291716 
46.124408 
47.272111 
46.393969 
47.167876 
45.508867 
46.471177 
46.715526 
47.744535 
46.859824 
46.990499 
47.162300 
45.648097 
47.090601 
45.876156 
45.980617 
46.482101 
47.535914 
47.691800 
47.543556 
47.595501 
47.863548 
46.265137 
45.304615 
45.932704 
47.308962 
46.542663 
47.160606 
47.366101 
46.752541 
47.034614 
48.140921 
47.048030 
47.757158 
47.977155 
46.525637 
48.099358 
47.341222 
45.997869 
46.476371 
46.467776 
47.342105 
47.069079 
46.073301 
46.270681 
46.202694 
46.007302 
46.279744 
44.948870 
46.131829 
47.146935 
46.715346 
46.719528 
46.446896 
47.436720 
45.065135 
47.044570 
46.012347 
46.403734 
47.497423 
47.593622 
47.207219 
47.857593 
47.752007 
47.534370 
46.418816 
47.388767 
46.203005 
47.810746 
46.935186 
46.785328 
46.779106 
48.106861 
47.950135 
47.158148 
46.962905 
47.984047 
45.912207 
45.296135 
45.741891 
47.094742 
46.303273 
45.107308 
45.172227 
47.259772 
47.631257 
46.430284 
46.552866 
46.045468 
47.168990 
45.475647 
47.737949 
46.637833 
47.702374 
47.448286 
47.725461 
47.227972 
47.694935 
46.825415 
46.775861 
45.616946 
46.664753 
48.645745 
48.208571 
46.985334 
47.265994 
45.799508 
46.364001 
46.354966 
46.449230 
47.365029 
47.410607 
46.588748 
48.317134 
47.027307 
47.483984 
45.473025 
46.876912 
46.401163 
46.773391 
44.852483 
45.250460 
45.846023 
48.710161 
47.889221 
48.669310 
47.835297 
46.837604 
46.001825 
46.599006 
47.502297 
45.405343 
46.912577 
44.933397 
46.392123 
46.493745 
45.753556 
46.864620 
48.680716 
47.457727 
46.928219 
47.050340 
47.542826 
47.755747 
46.194869 
46.787000 
47.167993 
46.548009 
46.649367 
46.297811 
47.293043 
47.471591 
47.274322 
47.833271 
45.526130 
47.072261 
47.341644 
47.943257 
46.695952 
47.164810 
46.822119 
46.166296 
47.273848 
46.237449 
47.867215 
45.976446 
47.283776 
48.358137 
47.872799 
46.802339 
46.771985 
46.720548 
46.198729 
46.750543 
46.912978 
46.697413 
46.702467 
47.818771 
47.555892 
47.371234 
47.521524 
48.423189 
46.689046 
46.970135 
46.299916 
46.672307 
46.733493 
45.952013 
46.712320 
45.151375 
44.768981 
47.199740 
47.191114 
46.788319 
46.268213 
48.843846 
48.057438 
46.535104 
46.275630 
45.879827 
46.511706 
46.024891 
47.513162 
46.482736 
46.771175 
46.104756 
47.273126 
47.653875 
46.954609 
46.907256 
47.560082 
47.651272 
49.607040 
48.060216 
47.174668 
47.216599 
46.312113 
46.418495 
46.244855 
46.660915 
47.218457 
46.644145 
48.558018 
46.147070 
46.229081 
45.027489 
45.802696 
48.564874 
49.690907 
47.360073 
46.007858 
47.671441 
47.870076 
45.878187 
45.435553 
46.395303 
47.670992 
46.463716 
45.786448 
46.635305 
46.474978 
46.739516 
47.717562 
47.963016 
47.529993 
47.712692 
46.694519 
47.543556 
46.120328 
46.983301 
46.341944 
46.779241 
46.594264 
47.842470 
47.391046 
47.644227 
47.212878 
46.036844 
46.567020 
46.229995 
44.864557 
47.177639 
46.800707 
46.737221 
46.953997 
45.987789 
47.345391 
48.081228 
47.988138 
46.713983 
44.743195 
45.535842 
47.243059 
47.673139 
46.226173 
45.443555 
46.178897 
48.903607 
45.231652 
46.954834 
46.497685 
47.360215 
46.596971 
47.351026 
46.828933 
46.989986 
46.569597 
45.686524 
47.056526 
47.592246 
47.655739 
46.312510 
46.317155 
46.637196 
46.650012 
46.789935 
45.985748 
47.452934 
47.810239 
47.001699 
47.027905 
47.280392 
46.280183 
46.412163 
47.696795 
49.002434 
48.272008 
48.100576 
48.581442 
46.917834 
47.125307 
45.632638 
46.190617 
47.093126 
46.281463 
47.040265 
46.171854 
47.359522 
46.658861 
47.043410 
46.292822 
47.708082 
47.094617 
46.956076 
46.719310 
46.528458 
47.129071 
48.451273 
47.917271 
46.039346 
47.185238 
45.672301 
47.627423 
46.657162 
46.629053 
46.834714 
46.019418 
48.035328 
46.466929 
46.737979 
45.029558 
47.696680 
48.237166 
48.140558 
47.249690 
46.304654 
48.097641 
46.260498 
46.654377 
45.815877 
47.070989 
45.828621 
47.537946 
46.991794 
45.807250 
47.073325 
47.260719 
46.179636 
47.892475 
46.658918 
46.793125 
47.489826 
47.812759 
47.166622 
48.203217 
46.838612 
47.492713 
47.146067 
45.764579 
46.226188 
46.502379 
47.343011 
47.051521 
46.656709 
44.403167 
45.075931 
46.073123 
45.083605 
47.268169 
45.679459 
47.504847 
45.236941 
44.905818 
46.058804 
46.969917 
46.635600 
46.869379 
47.429283 
47.180256 
48.320058 
47.421395 
46.532584 
47.315936 
46.618793 
45.244918 
47.435713 
45.324598 
46.489791 
47.728153 
46.678905 
47.349696 
45.997016 
45.472664 
45.765237 
48.995810 
47.400687 
47.618584 
47.286069 
46.203956 
46.627440 
47.467509 
46.985082 
47.031047 
47.099658 
46.585432 
46.489215 
46.452261 
47.207337 
45.881484 
46.422986 
46.685428 
47.920268 
47.391703 
47.997586 
45.740432 
45.851580 
49.114310 
46.958580 
47.447007 
46.669106 
47.912255 
48.066522 
46.985677 
46.388318 
47.885560 
45.898768 
47.266356 
46.437307 
46.204325 
47.099379 
45.579470 
46.717038 
46.145080 
47.989115 
46.272443 
46.558616 
45.356011 
46.319179 
46.735270 
46.990445 
47.020054 
47.088274 
46.279037 
46.487228 
45.642907 
45.928583 
46.506981 
46.663258 
47.552248 
46.199452 
46.455380 
46.487564 
45.582465 
46.903799 
46.778460 
45.923327 
46.334314 
46.897710 
47.342783 
46.514962 
45.906920 
45.671412 
46.281120 
46.464937 
45.037788 
46.538942 
47.219526 
47.065061 
46.514028 
47.835775 
48.405828 
45.864658 
46.085304 
46.883724 
46.240926 
45.828923 
46.407791 
47.107440 
46.803416 
45.967254 
47.563541 
46.912663 
47.639664 
47.575460 
47.290341 
46.383348 
46.632812 
48.509181 
47.227663 
47.590776 
47.507934 
45.141387 
45.781864 
46.363883 
46.412855 
46.870356 
44.997810 
47.376956 
44.903955 
46.779690 
45.638363 
45.994795 
45.621543 
46.041672 
45.071551 
46.044873 
46.377541 
46.513197 
48.316485 
46.252152 
48.738175 
47.811564 
47.205955 
46.470275 
47.416328 
46.770875 
47.085988 
47.154752 
47.078071 
47.856759 
46.574787 
46.604884 
46.680821 
46.246691 
47.243303 
46.857988 
46.623205 
47.200882 
46.773370 
47.482426 
47.087696 
47.483952 
46.715811 
46.702729 
46.686243 
46.740697 
45.431700 
46.225467 
47.285419 
46.749957 
46.127506 
46.625543 
47.275886 
48.425658 
45.684960 
46.239508 
46.510037 
46.004409 
46.619924 
46.883173 
45.978764 
45.278015 
46.651770 
45.947644 
46.938592 
46.651131 
47.276689 
45.903425 
48.645674 
46.779225 
46.912471 
46.043066 
46.166429 
46.330706 
47.248633 
47.530273 
45.151324 
47.874712 
47.063156 
45.526367 
48.170285 
47.014238 
47.564187 
48.691246 
47.178840 
47.435042 
47.358249 
47.295485 
47.104659 
47.132331 
47.271249 
48.505194 
46.913392 
46.608097 
47.273282 
46.395258 
46.300234 
46.431997 
46.324844 
46.937119 
46.881605 
47.746366 
46.276050 
45.686227 
47.697038 
47.056932 
47.085181 
46.735015 
47.445653 
45.350317 
46.977535 
46.734418 
46.057725 
46.801187 
45.122104 
47.094024 
46.431753 
45.406659 
46.600390 
47.312146 
46.435145 
46.850379 
45.457020 
45.891007 
46.267827 
45.465569 
46.861930 
46.732561 
47.436058 
46.887677 
46.438648 
45.297621 
46.973461 
46.786606 
46.255677 
46.243719 
47.053279 
46.011174 
46.405586 
47.448230 
46.006731 
46.764950 
48.201410 
46.409580 
46.749795 
47.765748 
47.641744 
45.842489 
46.477816 
46.375221 
47.493247 
47.305062 
46.894382 
46.846071 
46.095490 
45.714226 
45.614503 
48.317669 
46.783740 
46.401253 
46.716788 
46.887335 
47.053334 
47.970745 
46.014229 
47.281695 
46.527701 
46.247664 
46.203360 
45.759679 
45.895751 
47.219716 
45.728540 
46.497374 
47.496102 
45.216909 
46.317918 
47.871029 
47.424361 
46.369042 
46.919617 
46.616858 
45.580361 
46.914978 
45.670764 
47.842795 
46.466663 
47.551768 
46.774931 
47.650591 
46.017893 
47.237616 
46.954616 
47.122105 
46.325364 
48.154699 
46.442284 
46.120980 
45.605046 
46.034390 
46.811929 
46.031262 
47.188372 
46.516110 
47.462901 
46.669115 
46.258565 
47.237737 
47.134887 
46.797727 
47.299049 
45.749272 
47.916796 
46.906850 
45.558602 
45.777198 
47.346580 
46.605040 
46.538328 
47.204643 
46.302072 
46.345377 
48.115675 
47.167722 
45.222825 
45.957682 
47.091166 
45.654203 
45.866185 
47.476332 
47.174103 
46.192879 
46.426418 
46.260748 
45.462055 
46.501803 
46.935602 
48.439541 
47.171999 
46.583341 
46.821446 
46.530620 
45.582663 
45.570850 
46.691056 
45.695818 
47.354077 
46.183798 
46.428013 
47.231472 
46.291157 
47.451217 
47.288113 
48.543787 
46.543703 
45.014782 
47.649604 
48.065578 
45.669574 
47.137236 
47.330505 
46.728326 
47.453291 
46.148750 
46.581387 
46.577659 
46.304138 
47.580925 
45.899077 
47.690534 
46.259459 
47.125609 
47.160500 
46.880270 
47.938856 
46.647966 
46.110437 
47.240867 
47.019314 
47.625833 
46.501828 
45.207569 
46.823207 
48.433123 
46.362657 
46.310900 
46.763633 
45.849435 
45.282511 
46.070579 
46.209976 
46.435722 
47.101149 
45.888731 
46.452578 
46.300758 
45.247510 
46.897314 
46.208597 
47.042241 
45.421331 
46.679369 
47.520683 
47.490140 
47.287075 
47.105013 
45.834905 
46.320640 
46.300656 
47.091203 
45.563171 
47.111677 
46.034751 
47.095455 
45.262712 
46.589316 
46.775156 
48.649396 
47.064105 
45.738026 
47.061998 
47.272949 
46.588517 
48.946312 
45.842453 
46.420543 
47.392328 
45.600102 
46.405327 
46.679958 
47.124917 
46.900455 
46.244257 
46.285658 
47.003034 
46.654828 
47.535121 
46.091139 
46.947303 
47.198113 
47.687893 
46.381744 
45.964802 
46.757869 
46.966731 
48.511359 
46.446225 
46.590373 
46.475125 
47.547954 
47.069642 
47.842033 
47.660428 
46.451829 
47.359797 
47.240520 
46.439051 
45.204638 
46.409609 
47.066592 
45.568233 
45.827451 
48.175673 
48.207800 
46.226503 
45.823507 
46.248507 
45.499441 
46.428214 
46.488209 
46.321144 
45.715344 
47.090565 
47.542648 
48.139027 
45.872385 
47.530135 
45.990188 
47.795259 
46.917242 
48.783847 
46.890399 
46.369299 
46.329630 
47.018982 
48.427175 
47.988703 
46.510353 
46.490107 
46.576165 
47.274765 
47.289752 
45.673272 
47.341381 
46.771549 
45.453975 
45.812393 
46.386874 
46.050603 
47.034104 
45.625556 
47.547622 
47.868481 
46.370335 
46.787646 
45.802735 
47.289698 
47.229682 
46.300414 
45.029879 
45.468564 
47.063184 
46.166496 
47.265636 
46.796973 
47.518778 
47.007418 
46.164211 
47.580818 
46.910247 
47.553758 
46.745026 
47.277376 
46.160565 
46.174491 
45.309562 
45.724539 
45.454758 
47.674362 
47.440295 
46.283235 
46.541454 
46.909293 
47.036181 
45.375587 
48.179939 
47.755823 
47.055524 
45.354489 
47.256966 
47.331876 
47.523260 
46.056443 
46.810574 
47.284505 
47.576974 
46.939287 
46.947002 
48.108718 
46.550572 
46.058380 
46.657753 
46.859280 
47.144041 
45.041182 
47.820573 
45.978582 
46.625611 
45.846522 
46.893987 
45.038263 
45.743703 
46.271104 
46.941774 
45.537688 
47.059830 
45.935467 
47.020989 
45.538403 
47.134341 
48.263970 
48.757428 
46.893256 
46.029425 
45.607352 
46.354874 
46.080367 
46.110092 
46.722957 
47.369651 
47.278233 
47.056698 
46.227152 
47.181048 
46.674178 
45.380371 
47.597710 
46.105257 
46.182333 
45.795894 
46.788157 
46.839808 
45.918180 
46.040620 
46.177274 
46.685222 
46.948815 
46.347977 
48.035871 
45.986516 
47.491413 
47.275778 
47.293265 
46.482853 
46.460242 
45.470046 
46.414771 
46.943270 
45.211279 
45.694950 
46.044682 
47.661034 
45.811261 
45.919407 
45.864200 
46.443694 
46.205348 
46.104902 
46.921915 
48.119642 
46.018158 
46.154957 
48.061960 
46.783796 
47.019070 
47.478948 
47.939834 
47.154270 
47.816559 
47.035624 
46.645824 
47.546688 
47.562884 
44.761663 
46.693616 
47.260638 
46.011543 
45.618861 
45.564253 
46.882864 
46.636560 
46.451267 
48.739563 
44.779627 
46.669849 
46.433474 
46.169045 
47.074448 
46.032928 
46.581990 
44.845714 
46.802309 
48.414100 
47.312542 
47.311524 
47.562648 
47.841483 
47.383675 
48.291668 
46.162251 
47.065664 
46.571577 
46.226639 
45.858942 
46.977016 
46.315520 
47.926433 
46.033098 
46.064775 
45.783715 
46.730967 
46.814108 
47.094761 
47.455186 
45.961690 
47.895865 
46.661712 
46.051243 
45.959523 
46.152461 
47.773095 
46.480754 
47.229144 
45.875036 
45.561121 
46.777712 
47.959390 
47.858262 
47.868264 
47.091372 
46.240830 
47.841490 
45.339116 
46.697795 
46.216420 
46.532174 
47.614384 
47.062767 
47.696247 
46.991890 
48.915765 
45.278006 
46.014593 
46.839334 
46.207546 
47.214683 
46.399264 
46.057612 
45.978624 
47.180899 
47.216287 
45.862716 
46.998937 
46.349955 
46.131443 
46.683664 
45.708648 
46.502904 
46.892224 
46.022364 
46.432974 
45.218016 
46.827684 
46.168879 
46.639714 
46.206286 
47.612417 
46.874862 
46.672637 
46.957728 
46.596994 
46.862072 
45.357049 
46.330938 
45.693885 
46.823933 
46.632479 
47.101690 
46.645018 
45.964821 
45.610269 
46.293895 
47.439589 
47.275607 
46.026178 
46.688919 
46.981085 
46.377533 
46.312732 
45.318827 
45.310552 
46.554677 
46.043956 
47.333363 
46.148825 
47.116241 
46.274623 
45.902030 
47.733339 
46.627974 
46.505230 
47.076656 
47.211477 
48.177416 
47.583890 
46.286783 
46.508166 
47.467874 
46.059992 
47.926200 
47.125729 
46.573189 
47.322611 
47.939392 
46.122102 
47.507334 
47.103659 
47.190181 
47.610144 
46.395363 
46.884048 
47.457017 
47.789743 
46.428762 
47.327551 
47.484210 
47.092599 
47.932438 
46.863319 
46.118540 
46.268028 
46.692529 
45.737939 
47.608624 
46.317570 
46.216557 
46.079233 
45.892196 
47.464672 
48.350657 
47.838313 
47.012056 
46.447239 
46.149545 
46.525981 
47.003134 
47.274983 
47.420758 
45.793324 
46.356003 
46.784867 
45.000430 
45.198498 
44.964903 
46.004722 
46.858124 
45.648572 
45.506335 
45.862812 
47.386537 
47.299384 
47.805763 
46.080308 
46.891346 
46.978546 
45.762339 
44.763761 
45.911607 
46.241362 
47.849410 
46.203174 
46.385098 
44.637214 
46.135531 
46.551943 
46.314609 
46.980011 
47.754944 
46.435311 
46.287997 
48.095602 
46.652426 
48.778746 
46.812486 
46.699362 
47.366118 
46.685958 
47.475094 
47.420426 
47.529409 
46.618695 
45.262876 
46.769003 
45.996312 
46.475320 
45.682821 
48.674657 
46.798595 
47.111343 
47.869662 
46.091724 
48.084274 
46.304225 
47.132222 
46.405450 
45.163647 
45.899312 
46.339940 
46.383733 
45.902038 
47.174464 
45.057110 
47.210175 
46.716988 
46.117511 
46.400949 
46.703887 
46.771773 
45.287949 
45.895634 
47.217225 
45.805216 
45.553059 
47.591666 
47.180232 
47.732969 
46.394214 
47.411174 
46.845508 
46.441909 
48.048063 
47.041631 
47.189283 
45.773109 
46.145679 
46.611567 
46.574352 
46.446157 
46.662484 
46.804066 
45.100031 
47.089455 
47.478676 
48.184396 
46.184615 
46.943336 
44.721650 
48.382899 
46.500062 
47.769343 
46.627784 
46.822689 
49.332022 
46.934402 
47.189962 
46.243123 
45.406507 
45.990135 
45.765898 
46.878187 
47.907818 
47.460659 
47.398328 
47.619503 
47.173373 
47.148615 
46.619277 
47.251891 
46.997618 
45.637221 
45.749944 
48.390007 
47.747242 
47.611995 
46.323628 
47.381610 
45.754059 
46.076075 
46.855312 
47.058352 
47.891068 
46.448167 
45.872918 
47.741801 
47.224898 
46.692302 
48.272620 
46.888391 
48.352411 
45.940901 
47.350231 
47.068611 
46.906325 
46.397168 
47.118776 
48.098673 
46.012381 
45.591102 
47.401386 
46.394222 
47.515114 
45.814770 
46.391260 
46.307615 
49.010060 
45.887404 
45.706181 
48.011432 
46.199441 
46.134602 
48.236479 
46.369465 
46.362102 
47.043573 
46.700102 
45.886923 
46.650363 
46.912414 
46.276885 
45.813439 
45.986685 
46.022484 
46.432551 
48.114293 
46.948408 
46.482225 
46.901872 
46.336047 
46.796673 
45.046311 
46.894267 
46.839284 
46.329926 
46.626313 
46.606814 
46.783422 
46.461925 
46.926076 
46.368721 
47.580212 
46.411646 
46.963638 
47.262488 
46.006886 
47.479048 
45.870876 
46.220385 
47.216327 
46.803522 
47.401288 
45.418202 
46.430535 
47.158358 
47.048945 
46.170007 
48.683180 
47.103759 
48.249380 
48.009487 
48.228130 
47.529880 
46.945072 
47.749652 
46.929403 
46.188647 
45.424082 
45.106936 
46.250898 
46.936871 
46.831664 
47.005704 
46.447394 
46.223389 
48.363857 
47.352147 
45.934419 
45.299409 
46.199844 
45.987168 
47.161208 
46.862927 
46.688464 
47.330530 
46.808049 
47.256673 
44.638887 
46.199078 
46.105490 
47.706723 
47.265781 
46.985421 
48.465563 
47.514725 
46.225661 
45.969561 
46.737588 
46.870058 
45.824652 
45.460207 
47.235065 
46.961326 
47.572403 
46.778749 
46.753845 
47.187632 
46.312262 
46.715713 
48.199496 
46.184459 
45.169812 
46.550307 
46.372016 
47.134649 
46.920602 
47.139141 
47.227488 
45.015498 
46.987301 
47.549227 
45.849422 
48.081726 
47.063035 
45.357334 
46.576890 
47.977512 
45.778030 
48.018716 
46.668065 
47.412443 
46.428121 
47.781271 
47.004791 
47.613392 
48.029217 
45.424155 
46.755130 
46.004172 
46.069799 
47.971842 
45.101358 
47.336461 
46.937951 
46.961409 
47.691128 
46.841705 
45.719451 
47.163365 
46.501797 
45.948558 
46.532858 
47.443870 
46.047162 
46.976555 
44.844221 
46.776817 
46.919522 
46.887137 
46.393943 
47.316294 
48.022071 
46.888978 
46.438479 
46.505350 
45.769129 
45.244805 
47.514803 
47.890584 
47.353853 
47.582173 
48.720164 
46.442403 
47.013946 
46.048200 
47.510727 
48.691732 
46.969388 
47.184163 
46.793098 
46.214694 
45.631594 
47.003196 
47.776411 
47.060699 
46.268981 
46.233539 
45.407495 
46.892291 
47.753688 
45.868521 
48.328784 
47.008056 
47.668714 
46.384741 
46.521837 
45.943702 
47.806746 
47.816892 
47.195555 
46.608387 
47.343434 
45.197323 
47.321045 
46.166321 
45.807265 
45.307702 
47.081650 
45.957469 
47.287376 
47.554358 
46.128697 
46.756649 
46.231095 
46.520636 
46.622514 
45.169706 
46.742145 
46.691206 
47.210453 
46.969467 
47.386738 
45.425298 
48.642697 
46.889908 
44.815514 
47.378321 
47.621328 
46.683882 
47.947358 
45.053877 
46.041674 
48.363728 
46.385239 
47.113020 
46.409713 
47.830954 
46.679786 
48.017791 
47.849875 
47.241886 
46.166453 
48.618781 
46.910229 
45.680249 
47.833192 
47.035641 
48.142937 
45.811731 
45.885810 
45.844849 
47.319754 
47.481255 
45.897859 
46.808595 
46.847568 
46.805850 
46.160029 
48.260385 
47.243624 
46.822962 
46.500163 
46.498049 
48.001372 
47.660882 
47.140891 
47.826310 
46.608845 
47.304516 
46.619175 
45.874759 
46.254975 
47.491582 
47.589440 
46.827608 
46.574886 
47.060590 
47.109956 
46.946765 
46.247174 
47.762106 
44.977908 
47.299119 
46.705210 
46.146597 
47.205620 
46.819927 
45.757967 
47.107131 
48.844378 
48.078709 
47.157891 
46.273820 
46.714000 
45.511189 
46.812193 
45.747528 
46.374925 
47.176528 
47.879993 
45.841996 
45.887419 
46.894892 
46.593378 
48.712499 
47.079080 
46.379116 
45.073865 
46.109816 
46.686098 
46.779552 
46.251859 
46.179625 
47.133778 
47.550204 
46.060317 
46.913614 
46.864205 
46.885473 
47.895317 
45.375516 
46.717192 
47.100083 
47.126511 
46.708822 
46.888158 
45.988289 
47.976402 
46.428959 
46.212058 
46.453489 
46.037283 
47.502010 
45.175815 
46.996353 
45.786624 
47.064730 
47.608283 
45.411911 
46.579085 
45.547755 
46.583124 
47.270211 
45.872067 
45.620326 
46.766143 
47.465953 
46.883185 
46.142212 
47.156606 
46.809407 
48.386566 
47.855527 
46.224654 
45.449576 
46.592781 
46.441526 
46.361527 
47.446632 
46.219031 
46.766332 
46.783036 
47.095035 
45.931348 
45.904414 
45.818693 
47.699814 
47.051369 
47.589812 
46.422680 
44.760477 
45.921226 
45.223580 
46.794449 
47.164512 
47.932424 
46.809109 
45.797109 
47.235174 
47.522630 
46.505195 
48.194209 
46.914835 
47.843293 
46.567705 
46.001061 
47.491903 
47.029514 
46.391589 
47.037183 
47.684366 
46.777749 
45.658992 
46.812840 
47.556061 
47.023307 
46.079108 
46.910928 
47.203627 
45.209900 
48.165252 
47.419841 
47.808636 
45.727479 
47.914103 
47.319580 
47.465868 
47.252864 
46.043070 
47.095027 
46.748544 
46.688472 
47.250896 
45.846533 
46.394882 
46.843257 
47.454603 
47.297976 
46.383020 
46.363401 
47.909364 
47.868164 
47.485866 
45.698697 
45.947583 
46.232611 
46.893699 
47.258362 
47.829390 
45.777204 
46.928077 
46.846657 
47.052244 
44.972179 
47.372810 
48.564330 
47.733075 
46.487361 
47.946437 
45.970360 
46.947838 
46.809928 
45.188475 
45.423159 
46.426955 
47.174622 
45.824637 
45.482394 
46.804474 
46.919244 
47.503856 
47.230999 
46.575676 
46.418964 
45.665829 
46.775080 
47.084238 
46.793644 
45.778389 
47.632231 
46.829439 
46.742470 
48.070018 
47.524824 
47.024640 
48.664212 
47.932199 
47.862473 
47.009388 
46.899399 
47.473246 
48.280132 
47.113726 
46.632122 
46.171537 
47.383509 
47.918503 
46.911382 
47.578749 
46.951056 
46.251641 
46.894301 
45.760680 
45.890063 
45.592189 
47.533005 
47.452526 
45.912417 
48.071007 
46.761818 
46.520006 
47.296715 
45.747632 
46.598862 
46.392018 
47.248583 
47.210740 
47.189692 
47.314937 
47.045433 
47.085122 
46.478638 
47.737450 
45.490188 
45.936720 
46.872759 
47.180415 
46.301841 
46.546539 
47.240960 
44.681879 
47.687397 
44.724382 
45.859933 
46.467398 
46.774068 
47.381944 
47.464198 
45.354649 
46.186818 
45.401268 
47.670405 
48.626137 
46.619561 
46.699110 
46.971797 
45.200977 
46.077090 
46.320459 
46.354301 
45.982510 
47.939513 
46.260029 
47.337452 
48.064565 
46.054097 
46.518672 
46.423147 
46.836747 
46.104363 
47.543596 
46.742673 
47.490886 
47.102541 
45.261739 
46.390666 
46.489674 
47.047085 
45.224476 
47.554251 
47.569923 
47.740775 
46.599040 
46.760117 
45.767418 
46.631688 
47.827201 
46.910414 
47.131710 
46.589145 
48.254427 
47.753455 
47.517558 
47.393697 
46.469089 
46.892755 
47.353156 
47.639915 
47.739203 
46.814075 
47.457418 
47.579116 
46.906220 
46.662180 
46.653892 
47.928644 
46.839709 
48.332244 
46.186501 
47.147119 
46.976503 
43.991722 
46.436619 
45.690495 
45.767573 
45.770971 
46.294052 
45.615132 
46.524641 
45.817843 
46.010346 
46.795721 
46.374720 
45.970054 
46.638512 
46.608524 
45.955037 
46.465913 
46.207546 
45.835264 
47.856155 
45.832697 
47.145571 
47.789319 
46.861742 
46.554758 
46.567591 
46.680845 
45.747124 
46.890776 
48.564185 
46.056125 
48.765105 
46.938683 
45.943374 
46.439902 
47.053139 
46.589762 
47.106437 
47.104419 
45.994578 
45.678258 
45.821212 
46.423742 
47.541279 
46.671202 
47.769609 
47.303040 
46.852249 
47.347000 
45.778152 
48.257894 
47.495395 
46.185957 
47.062055 
47.316623 
45.810499 
46.342267 
47.577960 
46.149859 
45.087903 
47.422813 
47.412889 
46.253822 
46.111891 
45.936905 
46.626623 
47.190836 
46.837655 
46.272539 
47.792187 
46.508434 
47.461688 
47.610712 
47.136047 
47.687845 
45.851831 
46.326186 
45.623507 
46.540026 
45.865850 
45.921628 
47.314592 
46.425700 
46.209569 
46.599536 
47.202408 
47.380245 
45.824064 
46.183527 
46.186852 
47.058253 
48.763788 
47.511015 
47.495494 
46.610773 
46.156973 
47.177956 
45.461252 
46.595057 
46.424207 
45.746330 
46.842262 
48.069136 
45.457091 
47.942357 
47.185569 
47.391670 
46.839922 
47.455409 
45.492061 
46.533170 
45.145106 
47.800269 
47.081624 
45.485435 
46.652221 
46.985935 
46.293422 
46.571188 
46.969217 
47.359250 
47.947802 
47.123340 
46.364817 
47.040717 
45.854290 
45.906499 
47.113384 
46.802810 
44.933530 
46.469103 
46.389087 
45.637666 
44.787373 
46.607628 
46.378828 
47.079029 
47.376949 
45.290610 
47.489462 
46.604949 
46.696247 
46.395021 
47.222515 
45.464345 
45.238148 
48.117561 
47.449019 
47.850130 
46.559892 
47.988891 
46.475740 
47.832827 
45.745785 
48.165700 
45.420311 
46.470946 
45.887480 
46.106121 
45.256516 
46.919495 
47.183336 
46.116255 
47.433105 
46.625911 
46.423785 
45.781541 
44.608357 
46.030569 
46.161014 
46.193081 
47.799427 
47.137599 
47.274223 
48.151882 
46.891398 
46.085995 
46.340297 
47.069949 
47.860999 
47.058108 
48.227137 
46.959016 
47.201146 
46.712244 
46.038290 
47.426383 
46.042048 
46.597022 
46.991854 
47.135547 
47.761861 
47.447192 
46.452965 
47.350527 
46.842640 
46.447808 
47.191442 
48.052180 
47.586653 
46.413564 
47.615965 
46.528696 
46.254451 
44.754024 
47.160459 
47.022200 
46.853671 
46.322437 
46.268909 
45.620162 
46.730962 
45.585858 
46.986456 
45.067009 
45.217471 
46.551702 
46.283744 
46.602122 
46.098556 
46.024401 
46.826932 
46.010969 
47.039320 
46.355438 
45.574235 
46.406713 
45.233964 
46.205227 
47.870983 
45.823557 
46.222347 
47.036455 
45.492352 
46.392961 
45.808643 
46.312131 
47.226915 
45.626367 
46.281927 
45.956721 
46.934389 
47.465088 
45.840483 
46.225973 
47.237668 
46.746286 
46.125417 
46.541043 
45.806833 
48.636627 
46.269855 
46.102518 
47.218792 
46.901072 
46.422099 
45.744559 
46.556675 
46.691455 
45.492259 
47.283524 
46.265677 
46.995813 
46.928495 
46.696678 
46.483560 
46.324096 
45.977316 
46.448944 
45.922545 
46.171953 
47.124480 
47.941142 
47.208126 
48.139801 
48.669406 
47.307347 
46.635077 
46.603846 
46.482211 
45.836855 
45.841735 
46.053773 
47.471973 
48.137073 
46.722730 
46.609444 
47.196570 
46.724187 
46.717801 
47.840749 
46.605404 
46.327285 
47.035871 
47.275269 
45.814734 
45.558926 
46.696195 
46.746457 
46.993181 
47.507138 
47.510377 
46.686626 
47.486342 
46.797305 
44.862662 
46.492858 
47.331070 
47.358323 
47.543608 
46.462829 
46.216077 
47.465011 
47.179149 
47.004550 
47.100054 
46.992589 
45.681981 
46.883512 
47.137287 
46.970622 
47.023855 
47.501419 
47.882667 
46.288878 
45.345378 
46.114678 
45.870629 
45.963461 
47.068754 
47.772498 
47.232608 
46.593935 
46.555293 
47.924726 
46.755847 
47.000782 
45.671125 
45.777888 
46.490736 
47.345392 
46.778451 
46.541974 
46.461347 
46.935036 
48.570155 
46.657428 
47.030222 
46.503267 
47.396959 
47.122656 
47.276663 
46.914926 
45.733497 
46.285406 
45.278571 
46.385701 
45.370553 
46.540872 
46.039886 
45.764619 
46.261652 
46.862775 
46.356734 
48.178868 
46.789023 
45.622115 
47.682484 
45.650033 
47.449308 
46.176534 
46.332394 
46.505685 
46.430448 
47.493436 
47.596917 
47.021191 
46.287606 
46.266552 
46.503824 
48.239765 
46.811788 
47.150700 
46.857786 
47.453651 
46.193789 
47.412981 
46.413522 
45.887071 
46.144203 
47.029522 
46.369938 
47.460993 
48.214661 
46.535321 
45.726225 
46.984015 
48.614141 
49.035736 
47.270115 
47.443755 
46.334527 
48.337120 
46.094817 
47.061973 
46.415795 
47.205303 
47.782839 
47.073786 
46.660983 
47.790493 
45.852536 
47.843936 
46.292115 
47.349272 
46.499653 
46.057236 
45.362091 
46.839842 
46.431728 
46.360371 
47.910802 
48.137042 
47.253008 
47.402801 
46.269552 
46.022616 
46.106538 
46.594776 
47.405632 
45.939426 
48.085369 
46.887267 
47.826209 
46.328522 
46.441056 
47.164931 
47.221112 
46.509312 
46.524413 
46.038768 
47.062924 
47.324647 
46.316447 
46.213720 
46.269998 
47.225694 
47.171243 
46.503249 
47.176169 
47.185162 
45.746076 
46.440114 
47.344901 
46.027053 
46.895853 
45.798884 
46.463452 
46.775873 
46.007731 
46.634588 
46.922538 
45.868051 
47.711662 
47.076746 
46.972741 
47.176375 
46.542418 
45.946267 
47.158225 
46.825373 
46.589163 
46.851863 
48.987420 
46.915473 
48.954462 
45.825307 
47.887524 
46.289015 
47.670672 
46.560035 
47.513940 
47.398343 
47.138949 
46.069736 
46.175229 
47.098133 
47.387133 
47.924575 
46.197674 
48.288677 
46.121390 
47.336847 
48.133511 
45.897640 
46.157240 
46.011076 
46.476034 
46.967202 
46.650121 
47.045615 
46.740923 
45.968789 
47.651695 
46.513293 
47.597714 
47.226626 
46.212481 
46.307294 
46.950647 
47.026540 
46.953299 
46.339880 
46.840584 
47.477763 
46.793617 
47.258213 
47.554453 
46.645722 
46.386240 
46.155901 
47.764260 
47.018392 
46.457610 
47.048883 
46.435964 
47.470717 
46.581772 
47.218405 
46.829309 
48.917914 
46.954560 
46.366879 
46.096343 
48.040643 
46.390513 
44.925122 
46.875261 
45.803212 
47.700504 
48.228932 
46.998442 
47.507445 
46.032575 
47.771112 
45.815737 
46.934961 
46.696000 
46.473853 
46.618284 
47.157200 
47.095361 
47.096411 
46.997920 
49.173729 
47.534246 
47.819725 
45.655789 
46.512937 
46.433303 
46.183599 
47.025583 
47.046095 
47.326444 
46.059776 
47.467818 
46.616614 
47.243057 
47.174661 
47.822013 
47.883763 
45.113685 
45.937192 
45.857335 
47.151686 
47.567353 
46.319051 
46.149837 
47.446671 
47.676065 
47.294597 
46.340793 
45.971663 
46.242532 
46.681118 
48.290701 
46.566491 
47.409776 
47.318305 
46.506262 
47.443825 
47.933411 
49.123437 
48.430880 
47.138543 
44.914455 
45.949831 
47.233687 
46.401519 
46.633347 
46.865294 
45.679361 
47.804485 
47.182940 
46.526238 
46.464881 
47.118979 
45.691264 
46.600753 
46.948576 
45.740521 
46.222484 
46.321639 
46.022039 
47.266769 
46.654828 
47.433924 
46.784393 
47.165431 
47.068361 
46.775424 
47.408284 
46.386373 
46.882630 
44.954332 
45.862616 
46.625647 
46.751054 
49.777483 
47.422641 
47.226060 
47.386538 
46.572098 
46.063874 
45.259785 
46.291210 
44.893856 
45.774338 
47.533108 
46.083169 
46.603578 
46.135118 
47.599521 
45.826247 
46.621714 
45.957308 
45.970676 
47.523364 
46.501604 
47.207793 
47.380739 
46.858309 
46.493239 
46.324439 
48.219444 
47.828846 
46.450091 
45.899026 
47.864884 
46.310904 
46.332253 
47.183027 
46.214751 
45.737193 
46.500934 
46.301755 
46.381959 
47.456270 
47.028858 
46.328859 
47.058053 
46.797177 
47.195238 
47.157624 
47.306549 
45.660953 
45.411281 
46.532854 
47.239342 
46.363215 
46.953110 
47.253277 
45.839840 
47.596978 
46.885356 
45.462317 
47.609647 
46.565167 
46.413400 
46.684837 
46.483659 
45.684688 
45.882450 
45.760210 
46.523500 
47.279696 
45.682363 
46.804291 
48.852272 
47.533958 
47.304507 
47.618713 
46.230772 
46.283995 
47.698900 
46.894473 
46.421060 
45.820290 
46.299987 
47.654921 
45.604874 
46.073474 
46.230267 
47.091072 
45.804335 
45.879232 
46.426509 
47.316130 
47.070067 
46.392975 
46.649734 
45.307277 
49.456566 
46.991579 
47.255298 
46.225916 
45.117694 
46.061441 
45.214184 
47.612062 
45.859601 
46.982415 
46.394626 
47.544519 
47.203341 
46.402720 
46.546684 
46.294358 
47.039132 
45.075968 
46.299738 
45.360925 
46.487470 
48.021479 
47.471692 
47.639489 
47.438345 
46.796676 
46.003873 
46.967899 
46.987465 
47.110044 
46.832915 
46.677349 
46.577672 
47.655302 
47.217997 
47.386585 
48.748034 
47.807225 
46.863799 
45.811513 
45.148809 
45.283144 
45.543116 
47.115206 
46.305740 
47.358608 
46.673267 
48.055566 
49.297789 
45.261352 
46.936734 
46.410228 
47.148914 
45.356454 
45.848306 
46.653091 
46.504765 
45.727090 
46.329501 
45.320980 
45.833987 
46.188767 
46.829406 
47.061334 
46.244452 
46.988341 
47.008445 
46.925977 
47.589855 
45.785356 
45.430247 
46.505806 
45.713061 
46.785532 
47.645359 
47.647473 
46.912100 
45.069667 
46.847585 
46.484769 
46.738181 
47.741686 
47.283638 
45.438825 
47.522930 
47.107247 
47.327169 
46.026039 
45.197750 
45.628354 
46.362383 
47.906551 
47.642278 
47.528269 
47.968329 
46.273935 
46.437598 
46.631169 
46.991837 
47.073368 
47.254607 
44.862308 
48.269498 
46.718888 
46.485202 
46.461887 
47.928231 
45.692191 
46.508774 
47.249634 
47.296385 
47.632600 
46.875801 
47.781425 
47.488885 
45.676608 
47.219220 
46.665620 
46.442284 
46.761492 
46.218923 
47.885276 
46.935678 
47.791242 
48.338209 
46.172658 
47.217623 
46.420390 
45.322093 
46.470873 
46.701973 
47.704756 
47.141477 
47.378448 
46.607468 
46.430628 
45.855587 
46.882999 
47.575890 
46.064053 
46.966468 
46.357709 
46.852934 
47.129366 
46.109813 
47.600820 
47.465928 
47.310521 
47.687336 
46.797720 
47.993097 
47.706250 
46.708404 
45.419909 
46.583227 
45.838878 
47.107215 
46.285251 
45.017811 
45.923334 
46.841064 
45.648420 
46.545687 
46.995462 
45.693941 
45.121172 
46.769959 
44.782335 
45.662350 
46.839940 
45.434097 
47.320282 
47.663072 
46.976305 
46.582078 
47.197900 
46.227178 
46.350467 
45.294772 
44.828087 
46.792768 
45.144279 
47.282756 
46.064264 
47.832342 
47.906726 
46.780757 
47.702936 
45.850206 
47.380083 
47.773633 
47.470376 
47.507403 
46.202030 
45.818025 
46.285155 
46.377099 
47.500761 
47.482650 
47.256338 
48.769102 
45.906549 
46.736796 
46.897846 
46.582846 
47.188477 
47.677064 
47.086384 
46.016714 
46.551790 
46.690072 
46.841552 
47.461211 
47.279834 
48.060502 
46.761348 
46.388901 
45.988810 
46.125198 
46.243016 
47.106775 
45.417566 
46.507980 
47.685283 
45.425879 
46.849199 
47.150326 
46.298541 
47.069256 
47.338789 
47.533764 
45.966098 
47.675783 
46.501320 
50.158189 
46.404876 
45.083222 
47.830207 
46.850913 
46.025920 
47.689530 
46.496872 
47.070055 
46.112558 
45.988864 
45.328233 
46.215119 
45.949408 
46.905926 
48.057808 
46.011171 
48.327566 
49.001234 
46.746329 
46.443068 
47.152392 
45.247632 
46.394837 
46.400211 
46.577044 
46.630578 
45.912153 
46.727993 
46.487529 
46.776461 
46.202987 
46.532571 
47.039657 
45.626856 
45.623966 
46.590672 
46.019889 
47.177990 
46.699442 
46.957851 
48.126032 
46.987521 
46.678032 
45.731334 
47.210293 
45.514849 
46.007910 
44.549219 
46.916563 
47.388329 
46.680443 
46.789222 
47.365519 
45.409463 
47.441334 
46.206968 
46.340545 
48.633706 
47.093670 
46.991945 
47.258821 
46.526769 
47.763497 
46.769771 
47.570084 
45.877665 
46.126198 
44.730959 
46.114589 
47.154745 
45.775858 
46.729840 
46.691934 
45.687290 
46.041196 
45.293170 
44.992611 
46.260882 
47.706256 
46.178680 
46.694014 
46.799022 
47.360193 
46.480994 
46.036021 
46.124468 
45.834203 
46.837589 
46.574617 
46.413787 
45.743547 
44.600698 
47.882383 
46.800052 
45.514918 
45.702081 
45.988210 
46.263012 
47.735811 
47.814621 
45.801050 
46.161302 
47.540275 
47.284550 
47.090965 
45.629590 
46.031305 
47.427074 
48.331714 
47.424979 
47.334181 
46.674272 
46.018696 
46.078051 
47.664357 
46.505162 
48.220771 
45.969216 
46.036785 
46.789106 
46.575163 
47.856850 
47.431573 
46.473366 
45.692678 
46.624068 
46.650688 
46.186985 
46.749874 
48.015408 
47.510785 
44.498209 
45.603011 
48.220141 
46.613129 
46.758562 
48.304163 
46.978180 
47.155246 
45.335309 
45.467013 
47.127208 
48.200568 
47.028682 
46.908577 
47.697512 
46.787604 
48.929881 
48.553227 
45.720397 
46.888486 
46.809876 
46.762175 
46.447834 
46.023030 
46.147222 
47.308558 
45.973931 
46.100627 
46.930564 
46.461615 
47.370668 
46.353889 
47.672902 
47.688713 
45.918882 
45.936497 
47.168986 
45.261630 
47.052626 
46.781184 
46.392264 
47.841014 
46.225337 
46.507658 
47.496839 
46.549145 
45.757767 
46.329908 
47.530505 
47.193491 
47.505709 
47.106795 
46.505920 
47.857638 
46.129830 
47.073939 
46.993940 
46.960899 
47.383927 
47.309248 
46.936949 
46.678977 
47.161675 
47.708217 
46.938151 
47.020246 
48.038348 
47.825888 
47.116969 
47.172523 
45.986982 
49.360489 
47.569674 
46.011512 
46.476509 
47.203388 
47.776565 
47.134439 
46.631855 
47.264042 
47.442583 
46.474727 
46.691277 
46.643551 
45.362377 
46.362936 
46.688781 
46.386441 
46.710857 
45.724301 
48.193173 
48.141874 
46.495861 
46.981899 
45.384231 
47.280181 
46.612229 
47.347565 
45.830965 
46.288596 
46.583818 
46.598100 
46.727924 
46.763356 
45.863519 
47.122707 
47.025246 
45.880589 
46.761072 
45.071802 
46.688735 
47.557648 
45.693126 
46.955685 
46.933240 
47.140132 
49.007090 
46.330021 
47.425670 
46.802923 
46.609434 
46.363099 
45.815165 
46.434803 
48.043029 
46.562220 
47.001788 
46.989882 
47.594602 
47.107453 
47.879212 
47.050987 
46.596654 
46.525962 
47.907469 
46.738369 
46.548592 
45.751179 
47.000933 
48.014931 
47.308215 
46.953641 
46.942583 
45.676665 
46.312142 
46.488685 
46.848638 
45.782755 
46.878654 
46.055269 
46.417184 
46.017088 
47.010803 
46.551682 
46.036345 
48.109995 
47.764410 
47.629447 
46.673652 
47.403518 
45.644409 
46.664212 
47.064081 
45.936257 
46.465768 
46.845038 
46.691582 
46.634657 
46.478138 
45.454176 
46.711872 
47.090198 
46.289791 
46.428494 
48.934358 
47.313144 
46.647507 
48.207373 
47.343425 
47.515240 
46.996789 
47.579114 
46.050573 
45.679634 
46.325269 
46.656653 
46.881354 
47.164019 
46.342287 
47.282904 
47.140774 
47.416084 
46.817502 
47.453059 
45.894897 
44.820421 
46.230661 
46.743897 
46.829030 
47.277693 
47.896065 
45.791335 
46.822665 
46.749608 
46.249197 
46.463615 
46.123524 
46.023820 
47.195134 
48.854013 
47.005299 
46.322413 
47.156090 
47.071197 
46.760310 
47.504748 
46.892247 
45.712732 
47.047901 
46.388848 
46.596127 
46.213603 
45.602956 
47.393039 
46.984942 
46.610332 
46.028025 
47.209417 
45.908220 
46.101316 
47.402487 
46.035998 
46.585936 
46.108714 
45.565260 
47.398475 
46.484375 
47.164594 
46.876805 
46.974367 
47.372710 
47.295660 
47.098064 
45.533480 
46.665080 
45.304628 
46.546858 
46.568652 
46.309574 
47.452962 
46.304474 
46.265610 
46.159306 
46.232476 
45.911992 
47.600394 
46.631334 
47.294420 
46.881203 
47.400857 
46.790697 
45.650961 
47.025657 
46.214201 
45.279542 
48.607125 
46.702461 
46.642554 
46.910647 
48.693494 
45.324212 
46.660895 
46.701688 
47.619177 
48.319919 
46.508740 
47.183861 
47.182347 
46.998203 
48.051316 
46.582280 
47.390906 
46.394235 
46.350434 
45.690963 
47.009945 
47.361377 
46.141231 
44.798427 
46.404581 
46.972481 
45.813530 
46.819576 
47.303828 
46.852490 
46.849199 
46.552151 
46.297245 
46.043511 
46.339792 
45.935867 
47.470317 
45.932709 
47.019243 
46.293651 
46.606569 
47.017927 
47.284846 
46.828403 
45.689270 
46.514456 
46.841408 
46.669107 
47.228253 
46.276538 
47.365457 
46.510640 
45.900030 
45.987566 
46.105764 
47.605267 
47.235884 
45.655556 
46.817491 
46.684064 
45.718016 
46.176772 
46.867650 
48.053700 
46.651996 
45.588343 
48.171087 
47.686632 
45.386421 
46.943349 
46.300826 
48.245900 
47.361883 
46.991934 
48.841324 
48.274424 
45.981871 
46.090162 
46.614172 
47.010511 
46.444375 
46.223326 
46.234418 
47.082695 
46.325551 
47.322056 
45.827933 
46.529480 
47.214531 
47.504677 
45.921533 
48.656556 
47.083867 
47.531425 
46.626014 
45.482674 
46.604065 
47.202595 
46.119944 
47.179254 
47.332684 
47.939455 
46.948168 
46.025863 
45.196432 
46.461043 
47.499970 
48.054563 
47.308327 
47.208697 
47.405216 
47.099630 
46.819907 
45.026299 
45.574070 
47.294525 
45.859953 
47.363447 
46.437980 
46.502744 
46.888807 
46.687068 
46.928229 
46.731460 
48.126696 
46.424244 
47.580527 
47.438059 
46.873891 
46.736331 
47.484772 
45.821678 
46.849288 
46.590373 
45.881157 
47.237972 
45.894817 
47.014810 
47.776334 
47.195529 
47.142937 
45.798435 
44.333688 
47.871202 
47.121524 
45.982198 
46.853172 
46.921368 
46.116233 
47.794722 
47.010690 
47.132677 
46.194761 
45.965861 
46.100913 
47.228572 
47.087527 
47.348536 
46.385132 
47.498549 
47.853825 
47.325844 
46.480002 
46.326574 
46.667563 
47.356395 
46.490573 
45.780584 
46.420889 
47.085751 
45.819099 
45.946705 
46.514406 
46.264943 
46.113775 
46.593120 
48.170778 
46.622270 
46.008805 
47.971211 
46.118880 
47.522102 
46.153283 
47.011985 
48.178683 
47.949576 
46.234332 
45.259774 
45.813343 
47.857233 
46.416821 
46.584578 
46.416742 
48.858818 
47.276534 
46.503740 
48.835798 
46.084564 
47.078810 
47.093514 
45.973552 
47.252678 
47.315223 
46.759591 
47.109614 
47.681607 
45.566430 
45.734109 
46.725922 
45.872441 
47.552247 
47.149172 
46.166860 
45.933017 
46.953599 
47.250350 
47.199379 
45.827804 
47.342628 
46.511951 
46.058460 
46.164369 
47.916842 
47.857379 
46.186710 
46.945786 
46.828128 
45.270477 
45.841428 
47.817387 
45.852708 
47.711028 
45.706227 
47.173312 
46.867933 
47.092748 
46.378005 
48.119770 
45.262689 
47.475526 
47.647257 
47.547994 
46.680281 
46.272001 
47.250359 
48.474903 
47.885751 
46.687102 
47.033200 
45.682077 
46.019005 
46.751024 
46.701151 
46.196108 
45.581454 
45.623109 
47.502893 
47.536498 
46.744872 
47.534745 
46.984802 
46.789352 
47.362509 
46.395929 
47.572660 
45.444719 
46.802271 
46.661348 
45.466159 
47.359627 
47.789749 
46.635772 
44.934073 
45.000448 
46.091851 
45.258595 
45.229072 
46.659092 
45.468026 
46.528634 
47.269199 
45.883636 
45.798329 
47.290374 
47.158880 
47.142820 
46.294160 
46.979517 
47.205852 
46.640850 
46.885835 
47.472650 
46.481148 
47.776199 
45.713837 
47.079900 
47.313700 
47.257338 
47.800303 
44.554506 
46.074664 
46.488304 
46.861828 
47.661722 
47.524881 
46.949871 
47.475273 
46.632952 
47.218724 
47.800328 
47.075340 
47.506588 
46.500754 
47.256169 
45.304414 
48.091306 
45.910589 
46.701715 
46.098892 
46.779713 
46.491593 
47.766844 
46.532858 
47.095069 
46.722277 
46.712132 
46.821288 
46.677264 
47.358488 
46.439282 
46.382221 
46.180965 
47.234991 
46.790711 
45.362382 
47.938512 
46.494470 
45.895836 
46.458407 
47.063421 
46.677741 
46.398368 
47.675355 
46.560344 
47.378940 
47.821784 
46.622139 
47.673631 
46.800879 
45.113818 
46.609660 
46.433330 
46.456390 
46.173600 
45.521604 
47.443770 
46.859477 
47.107805 
46.924479 
47.417851 
48.403247 
45.927577 
45.570263 
47.806212 
46.197752 
46.227929 
47.037913 
46.349160 
46.277872 
46.448516 
45.816934 
46.260410 
46.323744 
45.652917 
47.102345 
47.112645 
46.755861 
46.938615 
46.189289 
47.005079 
46.324565 
46.712496 
47.669322 
46.620584 
45.532217 
48.586648 
47.281964 
46.564130 
46.529233 
46.718023 
47.090735 
46.548753 
48.164430 
47.251409 
48.431635 
47.243226 
46.897496 
46.417030 
45.917428 
47.419566 
46.604057 
48.537934 
47.067840 
45.391610 
45.618604 
47.226159 
46.871716 
45.929543 
47.101625 
46.321370 
46.793174 
46.456114 
45.601962 
44.911848 
46.961403 
47.205716 
46.354062 
45.310093 
45.627611 
47.127211 
46.336973 
46.287683 
46.991689 
47.091449 
46.620096 
48.298322 
45.931794 
45.463621 
44.698763 
48.136328 
46.853838 
45.890760 
46.228505 
45.911845 
47.858054 
48.997939 
46.254258 
45.464940 
46.594732 
46.067662 
45.767622 
45.911656 
47.799559 
45.952054 
48.088132 
45.714024 
47.108120 
47.935971 
46.933752 
46.583896 
44.706046 
46.024298 
45.273455 
46.973314 
45.693893 
45.006003 
46.439153 
46.171149 
47.131740 
46.819676 
48.537431 
48.125406 
46.583288 
47.521603 
45.810995 
47.605738 
46.921463 
47.317060 
46.583770 
47.064226 
45.762881 
45.852452 
46.515811 
47.270005 
46.195055 
47.534286 
47.325080 
45.949905 
45.698997 
46.482715 
45.728126 
45.803442 
45.938044 
47.246024 
46.538367 
46.574391 
46.935295 
47.684645 
47.642526 
46.564743 
46.225666 
46.077578 
47.143843 
46.886816 
46.630333 
46.792913 
46.182805 
44.661553 
46.001662 
46.466284 
45.452339 
47.206719 
47.772559 
46.568639 
45.971577 
46.222170 
46.719483 
45.701003 
47.623564 
47.373236 
45.439099 
46.869219 
47.201636 
46.062572 
47.050695 
47.478270 
45.716351 
46.319777 
46.130291 
46.928735 
46.621235 
45.950932 
47.563162 
48.009138 
46.489452 
47.001055 
45.999647 
47.116110 
47.597309 
47.387340 
46.657091 
45.341706 
48.355075 
47.597243 
47.043069 
48.433255 
46.646365 
46.536852 
46.055261 
46.192769 
45.858316 
46.298910 
46.627253 
48.607962 
46.473618 
45.694512 
46.991461 
45.329101 
46.242839 
46.038916 
47.958999 
47.027693 
45.934032 
47.044043 
46.791910 
46.973428 
45.992974 
46.099864 
46.660443 
46.314891 
46.443123 
46.513510 
46.970842 
46.157109 
48.532020 
46.095766 
46.168193 
46.129248 
46.770801 
46.941812 
46.969935 
47.373794 
46.851788 
46.313413 
48.058524 
46.434644 
46.432597 
46.686249 
47.579514 
47.018382 
46.288912 
46.156554 
46.789310 
47.789259 
48.267750 
46.708506 
45.955817 
47.798457 
47.244770 
47.152168 
47.581709 
46.466884 
48.039133 
46.026260 
46.641926 
45.526402 
46.438564 
47.033487 
46.944434 
47.263597 
47.494388 
47.440158 
46.938902 
46.372408 
46.920022 
46.342999 
45.522741 
47.485962 
46.465243 
46.137206 
46.306736 
46.616892 
47.513189 
46.646850 
46.947586 
48.294494 
45.296100 
48.168584 
46.665828 
46.082519 
45.327214 
46.602666 
46.282069 
47.664570 
46.197060 
45.073524 
44.524458 
45.622306 
46.426999 
46.897247 
46.145354 
46.021231 
44.942782 
45.747623 
46.730910 
47.218834 
47.534513 
46.841350 
46.340739 
46.470093 
46.611043 
47.063445 
47.065238 
46.478795 
46.673071 
47.318693 
47.240721 
47.420045 
48.430266 
46.673207 
47.644987 
47.228691 
46.075023 
47.721257 
46.928945 
46.970522 
48.163201 
46.968109 
45.951549 
45.985930 
46.352786 
47.153807 
46.001408 
47.359386 
48.019618 
46.565860 
47.135391 
45.871811 
45.851584 
47.341662 
45.870034 
45.496003 
46.950217 
46.515951 
46.627595 
47.989753 
47.686198 
46.304811 
47.395250 
45.910593 
45.913747 
45.682632 
47.477338 
46.884177 
45.104190 
46.782377 
46.502480 
46.959937 
48.235580 
48.180732 
46.967880 
47.131128 
45.870925 
46.593037 
48.131680 
45.929664 
46.685359 
46.109567 
45.414958 
47.563450 
46.450151 
47.148974 
47.261134 
46.005043 
46.506211 
46.136285 
46.195953 
45.968420 
46.088033 
47.046209 
46.366978 
45.060405 
44.407695 
46.409519 
47.068720 
47.507780 
47.783322 
46.359824 
46.958051 
46.686781 
46.361174 
46.529989 
47.231283 
47.390177 
45.816847 
47.474361 
46.859212 
46.201939 
46.546573 
46.411410 
45.198902 
46.803490 
45.841345 
46.167344 
46.877885 
47.046022 
46.484529 
45.441037 
46.143314 
45.937312 
45.718228 
47.564136 
47.439833 
45.678080 
46.039736 
47.143783 
47.254219 
47.334099 
45.607289 
48.508468 
46.805040 
47.601482 
45.606583 
48.526108 
47.994365 
47.206127 
46.543738 
45.842657 
46.739499 
47.370238 
47.807969 
46.633393 
46.394534 
47.517408 
47.431611 
46.538884 
48.049504 
45.620359 
46.559596 
47.000327 
45.587762 
46.898440 
45.908713 
47.162228 
46.417481 
47.703519 
47.434680 
46.930652 
46.768678 
46.065015 
46.789375 
45.745482 
46.443507 
45.139593 
47.075919 
45.817806 
47.353264 
47.645015 
46.545284 
47.880419 
46.825861 
46.395020 
47.242737 
47.055558 
46.118685 
46.116462 
46.304932 
47.104459 
46.894199 
46.556827 
45.600086 
45.888784 
47.166291 
46.067940 
47.007980 
46.405312 
46.853711 
46.350109 
47.361454 
46.730516 
47.070637 
45.413738 
46.363984 
47.498250 
46.000952 
47.816354 
47.566527 
46.506363 
47.231441 
47.115964 
46.853702 
45.238200 
46.953176 
46.197062 
47.725673 
46.683287 
46.966140 
46.067663 
47.694498 
46.650984 
46.034930 
45.956966 
46.416685 
47.336937 
46.364726 
46.897155 
47.389834 
46.250058 
47.691872 
48.894755 
47.612842 
47.081606 
47.095091 
46.246621 
46.406660 
46.037135 
45.589248 
46.158313 
45.960444 
47.670544 
45.877460 
46.707066 
46.343534 
45.831313 
46.928727 
46.234417 
45.867046 
46.129130 
46.131049 
47.504975 
47.771646 
46.330761 
47.304093 
47.571942 
47.949986 
47.740801 
48.442774 
47.773956 
48.092002 
47.126537 
47.849353 
47.492365 
46.594739 
45.907486 
46.084666 
47.237318 
46.459479 
46.567991 
46.687960 
47.748431 
44.561626 
46.467187 
47.165790 
46.815860 
48.474373 
47.527901 
46.216394 
45.170641 
47.869015 
46.300681 
46.218609 
47.201670 
46.530263 
45.808994 
46.906734 
47.327133 
45.903416 
46.247609 
47.281882 
46.660419 
45.905846 
46.365842 
45.203515 
45.749278 
46.535859 
46.571648 
45.335335 
47.486967 
47.424314 
49.148610 
47.556683 
46.466990 
46.786065 
46.331562 
46.535363 
46.786808 
45.679836 
45.385956 
46.075054 
46.060882 
47.085112 
47.906233 
46.201639 
47.693484 
46.072079 
46.961718 
45.926628 
45.661698 
47.436605 
47.263730 
46.547306 
46.542699 
45.965431 
46.711841 
46.044649 
46.841941 
45.895721 
46.102932 
48.505343 
45.928156 
47.109198 
44.928367 
47.253550 
47.282808 
46.418743 
46.875098 
47.081154 
46.881325 
44.953061 
45.376267 
46.443305 
47.688927 
46.116919 
47.735448 
47.512760 
47.367873 
47.030878 
46.193349 
46.469617 
47.510067 
46.483768 
46.316184 
45.317499 
45.886734 
47.444047 
47.049851 
46.051038 
45.189927 
45.752256 
45.799810 
46.691227 
47.094999 
48.067810 
47.654396 
46.626034 
47.085842 
46.398667 
47.873461 
48.316485 
46.796975 
46.290348 
47.357195 
46.473596 
47.025738 
46.689201 
47.350371 
48.343315 
46.398615 
46.271937 
46.449286 
47.595110 
45.665542 
47.468589 
46.229496 
46.737337 
46.458603 
46.877494 
46.683260 
46.283154 
46.959230 
47.547409 
47.624537 
45.731839 
47.524890 
46.417920 
46.681292 
46.984356 
47.041463 
46.023294 
48.260717 
47.067354 
45.547433 
46.369586 
48.200910 
47.612460 
46.317696 
46.034204 
47.213897 
46.478653 
46.951804 
45.949535 
46.285555 
47.221481 
46.766186 
47.311817 
46.429359 
45.420352 
47.822611 
46.769574 
45.780554 
46.022251 
46.672506 
47.405028 
45.936780 
45.898278 
45.210376 
46.978134 
46.688840 
46.300334 
47.879555 
46.289310 
46.331661 
47.163621 
46.500920 
46.120904 
45.856576 
47.748168 
46.845385 
45.964123 
46.502281 
46.637001 
46.996521 
46.023891 
46.904278 
48.412045 
46.891699 
46.647875 
46.142448 
46.600292 
47.317027 
46.529964 
46.596601 
46.468229 
47.358519 
46.455043 
47.192623 
47.868576 
47.095347 
46.302373 
47.723177 
46.112874 
48.207018 
47.431989 
47.094418 
46.811486 
47.548814 
46.810728 
45.967394 
46.442578 
47.375829 
47.452703 
47.311521 
47.699166 
46.860361 
47.678691 
45.653089 
46.657776 
46.475256 
45.611810 
47.046638 
45.840176 
46.501024 
46.506293 
46.779931 
47.756990 
47.293631 
47.034128 
46.446436 
47.703930 
46.444939 
46.853455 
46.452254 
47.588194 
46.010801 
47.016409 
46.707553 
46.251532 
46.762034 
46.626265 
45.143555 
46.780410 
46.642202 
46.502895 
46.446839 
45.695360 
46.091121 
46.717741 
46.455407 
46.241486 
46.337118 
47.616438 
46.262374 
45.824406 
46.923347 
46.437913 
46.235620 
47.243282 
46.301823 
47.284715 
46.573597 
48.135721 
46.353337 
47.562690 
46.809531 
45.948702 
46.240911 
46.214666 
45.350119 
46.066672 
46.304878 
47.337783 
46.284207 
46.873254 
47.286452 
46.586640 
47.047173 
46.238584 
45.994803 
46.968310 
45.864220 
47.007801 
46.973319 
47.422348 
47.431950 
47.903870 
46.485174 
46.911052 
47.174484 
46.913392 
47.278136 
46.863560 
47.545097 
47.202424 
47.438171 
46.788221 
45.313753 
47.092992 
47.102519 
47.035847 
48.970341 
46.896766 
46.023803 
46.027587 
46.068365 
47.199158 
47.087017 
45.827409 
46.446160 
47.326622 
47.804789 
46.080549 
47.388516 
47.547624 
46.259494 
47.196736 
46.901390 
47.155194 
46.933325 
47.530261 
45.804945 
47.245721 
48.287448 
47.349239 
47.105844 
47.609988 
46.293508 
45.336384 
