0.148051 
0.146844 
0.146792 
0.148625 
0.144990 
0.149666 
0.151049 
0.147219 
0.150488 
0.145673 
0.147176 
0.143862 
0.144942 
0.149585 
0.147345 
0.144298 
0.145879 
0.146358 
0.146848 
0.148581 
0.146869 
0.151132 
0.143107 
0.142655 
0.146141 
0.150312 
0.148984 
0.143957 
0.149429 
0.146166 
0.150171 
0.143519 
0.151838 
0.147899 
0.147586 
0.149010 
0.149394 
0.146829 
0.147856 
0.141837 
0.142412 
0.145486 
0.147777 
0.151797 
0.148452 
0.152713 
0.147749 
0.149294 
0.151935 
0.144901 
0.145354 
0.146143 
0.149158 
0.145236 
0.147777 
0.148117 
0.143182 
0.149865 
0.148397 
0.146394 
0.145330 
0.146191 
0.144616 
0.147079 
0.143758 
0.147216 
0.147626 
0.151264 
0.147119 
0.147830 
0.148881 
0.141304 
0.146074 
0.145855 
0.148683 
0.150921 
0.148101 
0.146536 
0.146106 
0.146995 
0.148103 
0.147858 
0.144276 
0.147617 
0.147076 
0.149645 
0.147925 
0.143737 
0.151275 
0.148458 
0.145511 
0.144328 
0.146692 
0.145198 
0.143369 
0.146132 
0.146291 
0.147828 
0.149480 
0.149710 
0.145159 
0.152898 
0.146642 
0.144125 
0.143986 
0.149456 
0.144848 
0.143945 
0.143826 
0.146034 
0.149283 
0.152362 
0.142553 
0.149690 
0.148861 
0.148993 
0.144605 
0.146883 
0.141869 
0.145787 
0.148329 
0.147767 
0.145226 
0.144900 
0.144737 
0.146652 
0.145716 
0.147248 
0.150444 
0.148821 
0.141964 
0.151487 
0.151350 
0.145598 
0.148403 
0.152630 
0.142939 
0.148367 
0.148009 
0.149653 
0.147334 
0.141469 
0.150079 
0.154929 
0.149186 
0.147706 
0.141995 
0.146667 
0.144945 
0.146531 
0.148047 
0.144320 
0.145735 
0.146844 
0.145980 
0.151065 
0.149766 
0.149314 
0.149882 
0.148280 
0.148042 
0.140632 
0.151004 
0.148551 
0.143241 
0.145386 
0.143679 
0.144212 
0.151851 
0.145504 
0.147336 
0.149645 
0.150681 
0.143049 
0.147130 
0.147302 
0.145867 
0.145134 
0.146237 
0.148990 
0.151933 
0.144043 
0.148555 
0.148667 
0.146051 
0.146014 
0.144396 
0.149726 
0.147335 
0.147207 
0.144915 
0.147411 
0.148001 
0.145511 
0.147690 
0.147692 
0.147239 
0.152057 
0.144453 
0.147496 
0.147648 
0.148537 
0.148874 
0.145210 
0.147962 
0.149871 
0.142221 
0.152984 
0.146540 
0.149517 
0.146595 
0.149698 
0.150959 
0.152857 
0.145613 
0.146172 
0.145962 
0.147397 
0.149488 
0.146758 
0.150576 
0.148181 
0.146135 
0.149111 
0.151168 
0.147646 
0.145110 
0.143257 
0.141269 
0.145630 
0.144260 
0.146204 
0.145803 
0.148747 
0.150960 
0.146081 
0.146611 
0.146471 
0.147001 
0.144623 
0.144447 
0.146237 
0.151900 
0.143985 
0.149604 
0.147532 
0.146988 
0.144766 
0.147745 
0.149863 
0.144605 
0.146461 
0.145639 
0.145006 
0.148845 
0.142950 
0.146236 
0.145400 
0.147547 
0.145916 
0.145336 
0.151146 
0.148022 
0.142184 
0.150230 
0.145337 
0.144563 
0.147005 
0.148694 
0.146643 
0.149115 
0.145422 
0.150520 
0.149844 
0.141508 
0.142639 
0.142473 
0.146733 
0.144045 
0.148107 
0.147400 
0.149367 
0.146659 
0.146256 
0.146127 
0.147790 
0.146285 
0.144828 
0.145449 
0.143868 
0.147509 
0.148418 
0.144998 
0.146667 
0.145733 
0.146741 
0.149749 
0.150128 
0.148140 
0.152942 
0.143951 
0.146643 
0.148157 
0.148395 
0.148732 
0.148529 
0.145885 
0.152591 
0.148506 
0.144488 
0.146436 
0.149244 
0.147925 
0.146559 
0.146112 
0.147266 
0.148056 
0.147145 
0.148844 
0.150798 
0.148056 
0.147677 
0.144944 
0.142320 
0.147667 
0.144306 
0.145619 
0.148198 
0.143339 
0.146236 
0.146870 
0.147651 
0.141351 
0.141694 
0.146117 
0.144862 
0.147578 
0.147978 
0.150546 
0.148150 
0.147922 
0.147139 
0.146879 
0.150749 
0.147565 
0.147323 
0.145827 
0.147221 
0.148348 
0.142478 
0.148249 
0.147344 
0.147746 
0.146567 
0.143163 
0.150076 
0.143281 
0.143448 
0.146642 
0.146405 
0.146674 
0.148813 
0.146980 
0.145638 
0.144156 
0.146438 
0.144229 
0.145258 
0.144858 
0.148083 
0.145825 
0.149411 
0.146571 
0.146527 
0.144256 
0.147212 
0.153724 
0.149947 
0.146162 
0.144100 
0.148599 
0.150035 
0.151111 
0.146640 
0.147834 
0.148455 
0.147502 
0.151140 
0.146525 
0.144365 
0.148358 
0.144490 
0.142323 
0.143811 
0.145918 
0.146721 
0.145545 
0.149922 
0.148259 
0.148988 
0.148629 
0.144873 
0.144367 
0.145719 
0.149149 
0.148572 
0.146605 
0.144082 
0.149117 
0.146816 
0.149436 
0.144201 
0.145408 
0.148963 
0.144739 
0.146033 
0.146432 
0.143782 
0.149269 
0.146689 
0.142724 
0.144062 
0.144069 
0.142709 
0.146012 
0.145004 
0.148379 
0.145143 
0.144070 
0.146307 
0.145444 
0.146823 
0.144816 
0.147905 
0.154166 
0.146696 
0.143378 
0.146898 
0.145334 
0.144318 
0.144346 
0.146553 
0.147851 
0.147291 
0.147728 
0.148514 
0.147074 
0.149100 
0.140571 
0.143438 
0.146888 
0.145012 
0.147692 
0.143858 
0.147531 
0.144279 
0.144297 
0.149516 
0.146575 
0.148956 
0.151840 
0.150448 
0.140402 
0.143820 
0.145250 
0.145063 
0.143979 
0.144082 
0.143731 
0.144516 
0.143081 
0.146978 
0.144102 
0.146610 
0.146304 
0.151539 
0.149909 
0.144890 
0.146158 
0.147648 
0.145649 
0.145973 
0.146815 
0.144685 
0.144159 
0.147122 
0.148423 
0.146217 
0.144957 
0.150850 
0.146777 
0.146365 
0.152923 
0.146845 
0.145294 
0.145929 
0.144205 
0.144831 
0.144382 
0.150122 
0.152299 
0.148116 
0.148129 
0.141204 
0.143868 
0.148043 
0.151572 
0.149218 
0.147416 
0.141326 
0.147267 
0.149166 
0.146310 
0.151114 
0.146409 
0.146741 
0.151841 
0.149905 
0.146464 
0.149578 
0.149579 
0.148521 
0.150151 
0.152106 
0.144024 
0.147132 
0.148576 
0.144611 
0.149358 
0.149899 
0.149432 
0.148057 
0.153354 
0.147493 
0.142998 
0.151645 
0.148108 
0.146108 
0.147681 
0.145000 
0.147561 
0.148626 
0.147517 
0.142450 
0.148434 
0.147445 
0.146528 
0.145807 
0.146081 
0.148854 
0.152543 
0.148166 
0.147577 
0.141777 
0.147035 
0.149398 
0.146809 
0.149123 
0.151266 
0.150443 
0.149890 
0.150467 
0.146472 
0.150267 
0.146455 
0.143848 
0.148286 
0.146770 
0.148463 
0.147894 
0.152369 
0.150502 
0.148210 
0.148219 
0.147157 
0.147460 
0.148400 
0.147186 
0.145521 
0.150011 
0.145357 
0.149320 
0.147580 
0.149082 
0.149305 
0.146502 
0.149303 
0.150985 
0.150237 
0.149932 
0.150596 
0.146790 
0.147509 
0.143254 
0.144665 
0.147951 
0.149647 
0.153113 
0.148264 
0.146323 
0.149221 
0.148079 
0.147358 
0.143765 
0.141109 
0.150525 
0.143959 
0.144706 
0.146276 
0.150081 
0.149896 
0.143017 
0.149189 
0.151482 
0.147557 
0.144329 
0.146362 
0.151648 
0.146760 
0.148982 
0.147085 
0.146323 
0.145510 
0.147226 
0.151241 
0.148762 
0.146561 
0.145000 
0.142353 
0.150812 
0.152001 
0.145471 
0.145861 
0.146428 
0.148040 
0.146641 
0.146505 
0.145197 
0.151160 
0.149109 
0.143968 
0.145686 
0.146682 
0.146925 
0.146335 
0.146849 
0.142906 
0.148644 
0.144263 
0.147684 
0.145281 
0.146049 
0.145476 
0.146463 
0.150125 
0.144358 
0.149773 
0.149192 
0.147715 
0.145777 
0.145946 
0.145275 
0.146975 
0.147955 
0.146537 
0.145641 
0.146090 
0.147821 
0.145759 
0.145675 
0.147269 
0.148691 
0.151167 
0.147889 
0.149890 
0.143594 
0.143209 
0.143972 
0.145043 
0.144018 
0.147095 
0.147093 
0.146469 
0.145653 
0.148154 
0.150033 
0.145983 
0.145308 
0.145414 
0.148491 
0.148511 
0.147248 
0.145868 
0.148081 
0.146421 
0.147610 
0.145694 
0.144772 
0.148931 
0.150885 
0.151005 
0.149668 
0.145295 
0.145393 
0.144649 
0.144054 
0.148582 
0.147278 
0.151003 
0.150428 
0.145828 
0.146890 
0.146684 
0.146536 
0.149216 
0.145089 
0.143291 
0.143148 
0.143762 
0.147643 
0.147545 
0.143218 
0.146677 
0.147165 
0.147201 
0.150369 
0.146595 
0.147423 
0.150374 
0.149054 
0.148543 
0.147399 
0.143913 
0.149723 
0.149784 
0.148329 
0.142897 
0.146308 
0.144153 
0.145685 
0.149044 
0.151704 
0.143312 
0.147808 
0.149488 
0.143720 
0.144880 
0.144040 
0.146496 
0.146435 
0.147858 
0.148967 
0.144892 
0.147032 
0.147732 
0.149272 
0.143174 
0.147012 
0.145644 
0.151452 
0.150781 
0.148737 
0.146130 
0.146956 
0.145402 
0.146894 
0.152312 
0.144085 
0.146602 
0.150514 
0.146319 
0.146797 
0.146205 
0.147071 
0.149259 
0.146033 
0.146875 
0.149041 
0.143365 
0.150844 
0.146978 
0.147318 
0.145257 
0.145375 
0.145761 
0.148652 
0.148965 
0.146235 
0.142494 
0.144263 
0.148153 
0.143095 
0.144661 
0.147208 
0.145761 
0.143970 
0.147466 
0.147466 
0.143612 
0.147121 
0.145995 
0.145306 
0.146353 
0.146441 
0.143526 
0.149088 
0.142618 
0.145088 
0.144603 
0.145192 
0.147651 
0.149598 
0.148028 
0.142765 
0.149337 
0.150129 
0.143916 
0.147543 
0.146520 
0.145414 
0.145897 
0.144358 
0.144889 
0.145424 
0.147464 
0.143001 
0.144455 
0.145170 
0.148238 
0.143636 
0.150530 
0.144452 
0.147579 
0.150671 
0.143124 
0.145986 
0.146314 
0.145385 
0.151688 
0.147717 
0.144898 
0.149716 
0.145251 
0.149203 
0.151965 
0.147818 
0.146783 
0.146230 
0.149209 
0.147414 
0.144657 
0.145098 
0.143575 
0.148444 
0.144221 
0.146345 
0.147336 
0.145966 
0.144884 
0.147617 
0.140675 
0.147131 
0.148353 
0.145927 
0.150806 
0.148186 
0.147591 
0.145394 
0.147146 
0.142285 
0.150463 
0.152096 
0.147401 
0.148670 
0.148812 
0.144903 
0.143793 
0.144220 
0.146463 
0.147166 
0.149001 
0.146341 
0.144632 
0.149571 
0.151625 
0.151771 
0.147942 
0.150821 
0.145733 
0.144867 
0.149806 
0.149399 
0.148573 
0.146763 
0.147912 
0.148100 
0.148857 
0.149212 
0.149473 
0.146221 
0.147780 
0.149606 
0.148764 
0.148935 
0.148442 
0.145272 
0.149718 
0.141907 
0.148741 
0.148121 
0.150410 
0.150928 
0.146263 
0.147188 
0.147256 
0.142857 
0.146059 
0.144538 
0.149316 
0.146568 
0.148587 
0.143159 
0.152647 
0.147404 
0.143286 
0.147968 
0.143576 
0.141356 
0.146654 
0.142852 
0.149116 
0.148703 
0.153507 
0.144776 
0.147390 
0.148103 
0.147292 
0.147699 
0.142566 
0.150591 
0.147219 
0.149387 
0.147488 
0.151335 
0.144423 
0.144583 
0.149234 
0.146159 
0.144097 
0.144075 
0.147555 
0.144073 
0.147821 
0.149700 
0.146452 
0.148139 
0.145917 
0.146409 
0.144095 
0.148091 
0.142438 
0.149813 
0.148437 
0.150265 
0.146723 
0.143373 
0.145250 
0.147867 
0.143574 
0.145276 
0.143272 
0.146253 
0.149865 
0.145991 
0.145584 
0.148936 
0.148562 
0.150010 
0.147046 
0.147079 
0.148724 
0.147924 
0.149860 
0.146212 
0.146086 
0.144123 
0.145498 
0.150115 
0.146279 
0.147886 
0.144704 
0.148212 
0.148255 
0.150460 
0.150430 
0.148479 
0.148183 
0.148633 
0.148753 
0.142057 
0.149069 
0.148160 
0.147046 
0.151016 
0.144148 
0.146984 
0.149857 
0.147805 
0.147282 
0.149542 
0.143709 
0.142975 
0.147973 
0.146647 
0.146956 
0.146140 
0.144494 
0.153983 
0.150272 
0.146530 
0.146916 
0.147786 
0.145743 
0.145818 
0.148756 
0.145870 
0.147520 
0.142810 
0.146536 
0.141638 
0.146018 
0.147592 
0.154310 
0.147073 
0.147685 
0.149830 
0.144047 
0.148263 
0.149338 
0.146171 
0.148681 
0.139113 
0.145073 
0.141164 
0.153411 
0.148597 
0.145669 
0.147494 
0.149209 
0.145300 
0.146302 
0.150347 
0.149185 
0.142795 
0.143341 
0.150676 
0.148725 
0.148364 
0.145735 
0.146788 
0.147984 
0.149028 
0.151112 
0.149825 
0.147493 
0.147995 
0.144933 
0.152684 
0.144318 
0.142906 
0.147268 
0.145075 
0.145259 
0.148296 
0.148163 
0.143677 
0.145523 
0.144827 
0.147076 
0.145813 
0.143154 
0.150960 
0.145244 
0.146509 
0.147556 
0.149382 
0.148968 
0.144808 
0.147169 
0.150174 
0.149468 
0.145709 
0.149567 
0.147005 
0.144558 
0.145375 
0.143614 
0.145270 
0.145000 
0.147330 
0.147218 
0.147960 
0.145678 
0.150536 
0.145639 
0.143189 
0.149127 
0.148456 
0.150823 
0.148499 
0.145757 
0.151148 
0.152832 
0.150243 
0.144677 
0.145923 
0.149802 
0.151251 
0.148007 
0.149955 
0.145603 
0.149646 
0.149727 
0.144778 
0.148371 
0.145175 
0.146315 
0.145398 
0.142406 
0.148331 
0.150196 
0.144788 
0.144251 
0.143445 
0.148045 
0.149085 
0.145829 
0.145528 
0.143933 
0.144533 
0.144440 
0.145467 
0.143728 
0.144982 
0.146064 
0.150201 
0.146532 
0.145855 
0.143194 
0.145908 
0.146713 
0.144049 
0.151786 
0.145338 
0.147067 
0.150486 
0.149214 
0.147633 
0.147988 
0.147330 
0.141707 
0.148412 
0.148605 
0.148996 
0.148453 
0.149608 
0.148235 
0.147635 
0.148971 
0.143947 
0.143301 
0.144423 
0.147257 
0.148692 
0.152446 
0.152008 
0.148525 
0.141999 
0.142441 
0.142803 
0.146170 
0.146185 
0.145712 
0.149831 
0.144980 
0.142782 
0.144303 
0.147347 
0.145857 
0.145886 
0.146223 
0.147041 
0.148645 
0.146454 
0.148208 
0.145584 
0.144950 
0.152100 
0.146746 
0.148699 
0.142633 
0.144297 
0.149713 
0.146093 
0.146344 
0.145337 
0.148502 
0.146591 
0.146021 
0.150603 
0.146145 
0.150375 
0.146855 
0.147906 
0.150460 
0.148106 
0.148263 
0.146541 
0.145519 
0.145613 
0.142551 
0.142730 
0.145808 
0.146737 
0.148171 
0.147091 
0.149412 
0.147622 
0.147219 
0.148011 
0.147758 
0.147267 
0.147857 
0.150741 
0.148570 
0.147791 
0.149576 
0.146257 
0.142930 
0.144486 
0.150538 
0.147863 
0.146508 
0.150373 
0.148805 
0.146088 
0.145918 
0.140664 
0.143263 
0.146767 
0.145575 
0.147106 
0.144333 
0.149133 
0.145130 
0.146203 
0.147319 
0.145275 
0.146638 
0.151299 
0.145455 
0.147909 
0.147152 
0.147853 
0.146488 
0.149439 
0.146839 
0.145696 
0.151690 
0.148436 
0.143703 
0.149938 
0.147254 
0.145720 
0.152801 
0.148258 
0.147808 
0.147977 
0.143736 
0.144702 
0.148198 
0.149385 
0.146339 
0.146975 
0.146547 
0.142570 
0.144754 
0.145074 
0.143159 
0.145318 
0.150076 
0.142424 
0.143696 
0.152213 
0.142335 
0.144933 
0.150872 
0.149068 
0.147022 
0.143352 
0.143262 
0.147311 
0.146478 
0.145703 
0.145286 
0.146165 
0.146282 
0.146902 
0.148050 
0.153434 
0.150333 
0.145648 
0.149240 
0.151032 
0.150107 
0.147457 
0.147779 
0.148168 
0.148408 
0.147402 
0.149886 
0.150956 
0.144535 
0.145261 
0.150136 
0.148193 
0.145262 
0.146583 
0.150608 
0.147800 
0.145508 
0.144485 
0.140445 
0.142840 
0.140756 
0.146441 
0.146878 
0.143286 
0.151362 
0.148780 
0.151348 
0.147599 
0.147867 
0.147618 
0.147110 
0.143910 
0.146843 
0.146719 
0.145457 
0.151458 
0.148222 
0.146134 
0.147665 
0.146783 
0.145045 
0.149080 
0.145982 
0.146061 
0.145884 
0.144170 
0.149641 
0.146550 
0.146324 
0.147437 
0.145253 
0.150278 
0.148115 
0.146054 
0.151894 
0.144372 
0.151238 
0.148852 
0.145912 
0.147446 
0.145876 
0.144575 
0.145667 
0.147291 
0.146387 
0.149949 
0.150351 
0.148529 
0.149435 
0.143592 
0.147587 
0.146175 
0.148531 
0.146936 
0.146774 
0.151330 
0.145843 
0.146850 
0.140522 
0.144878 
0.146187 
0.154477 
0.151543 
0.146787 
0.144857 
0.148856 
0.145142 
0.140593 
0.144634 
0.148235 
0.144965 
0.146300 
0.147453 
0.143823 
0.148302 
0.142088 
0.146632 
0.150644 
0.149143 
0.148232 
0.145754 
0.149220 
0.146669 
0.147714 
0.151607 
0.143135 
0.147035 
0.150302 
0.144159 
0.147529 
0.145535 
0.146942 
0.146236 
0.145905 
0.144806 
0.151428 
0.149408 
0.143807 
0.147292 
0.145396 
0.140379 
0.141056 
0.142839 
0.152106 
0.151243 
0.147701 
0.147364 
0.146480 
0.145890 
0.145029 
0.145969 
0.145873 
0.148866 
0.146277 
0.148185 
0.148217 
0.145281 
0.147938 
0.148019 
0.146652 
0.145492 
0.148184 
0.145739 
0.143162 
0.147454 
0.150912 
0.148537 
0.149206 
0.146451 
0.145065 
0.147323 
0.143699 
0.145628 
0.143708 
0.149252 
0.145162 
0.144945 
0.148927 
0.150106 
0.147609 
0.146916 
0.146390 
0.148531 
0.142852 
0.145877 
0.145985 
0.149012 
0.147377 
0.146990 
0.146116 
0.150367 
0.142098 
0.140174 
0.147003 
0.143910 
0.146765 
0.152839 
0.144235 
0.143534 
0.145264 
0.148147 
0.147061 
0.147037 
0.151191 
0.148919 
0.145379 
0.143958 
0.146266 
0.148757 
0.143319 
0.147542 
0.144865 
0.144720 
0.145639 
0.147914 
0.148142 
0.143267 
0.144647 
0.146970 
0.150054 
0.146635 
0.145897 
0.146014 
0.146022 
0.146817 
0.149970 
0.149553 
0.150597 
0.148328 
0.144379 
0.143606 
0.149835 
0.150836 
0.150809 
0.144027 
0.145352 
0.146958 
0.145219 
0.145344 
0.144814 
0.142832 
0.147558 
0.146134 
0.140141 
0.150678 
0.147123 
0.141980 
0.141795 
0.145899 
0.149847 
0.147383 
0.146344 
0.148366 
0.145878 
0.150262 
0.149410 
0.149654 
0.146723 
0.146998 
0.148042 
0.144623 
0.142385 
0.147658 
0.144268 
0.148421 
0.145620 
0.148460 
0.146102 
0.145622 
0.147440 
0.148614 
0.149745 
0.148840 
0.142703 
0.149459 
0.148566 
0.151286 
0.148285 
0.142879 
0.147275 
0.146728 
0.146829 
0.147106 
0.145772 
0.145852 
0.149134 
0.144603 
0.152585 
0.146100 
0.147845 
0.144760 
0.145815 
0.148226 
0.143911 
0.147594 
0.143659 
0.147526 
0.147744 
0.147867 
0.144410 
0.147319 
0.146756 
0.150973 
0.148718 
0.144580 
0.146817 
0.146549 
0.146481 
0.150584 
0.147531 
0.148706 
0.149388 
0.149263 
0.150883 
0.142150 
0.147820 
0.146970 
0.139593 
0.143846 
0.149022 
0.149157 
0.147053 
0.146020 
0.146923 
0.147069 
0.141989 
0.150175 
0.143351 
0.141334 
0.146384 
0.146872 
0.146637 
0.145751 
0.144942 
0.150233 
0.146500 
0.147748 
0.147416 
0.153241 
0.147328 
0.152218 
0.144041 
0.148690 
0.144361 
0.140992 
0.143531 
0.140162 
0.143828 
0.148120 
0.148548 
0.146043 
0.149007 
0.155389 
0.146537 
0.144104 
0.147720 
0.145495 
0.144590 
0.146929 
0.143303 
0.146336 
0.145381 
0.146233 
0.142878 
0.147091 
0.140747 
0.149548 
0.144586 
0.148633 
0.147992 
0.149603 
0.148326 
0.148752 
0.148857 
0.152939 
0.148264 
0.147703 
0.143057 
0.147681 
0.150298 
0.149137 
0.150687 
0.148623 
0.146463 
0.147256 
0.148309 
0.146444 
0.142262 
0.147429 
0.141346 
0.148635 
0.144092 
0.152543 
0.149648 
0.146311 
0.148744 
0.149171 
0.150824 
0.147036 
0.146528 
0.145043 
0.148705 
0.144806 
0.142394 
0.151342 
0.147648 
0.146372 
0.149023 
0.143432 
0.147762 
0.148456 
0.147803 
0.147773 
0.146376 
0.146629 
0.145641 
0.144343 
0.145386 
0.145843 
0.146131 
0.149680 
0.144179 
0.147468 
0.145656 
0.147351 
0.146046 
0.144025 
0.148605 
0.141746 
0.145171 
0.148818 
0.152320 
0.144934 
0.146231 
0.145328 
0.145259 
0.141672 
0.146478 
0.147666 
0.147525 
0.145037 
0.143320 
0.143104 
0.148835 
0.149246 
0.148130 
0.144191 
0.146206 
0.141197 
0.145325 
0.149712 
0.146222 
0.146443 
0.151682 
0.150445 
0.147503 
0.148329 
0.144397 
0.148502 
0.147229 
0.145402 
0.148252 
0.147596 
0.145765 
0.148097 
0.150711 
0.149068 
0.142417 
0.148449 
0.147601 
0.143359 
0.142755 
0.145464 
0.144021 
0.147194 
0.148732 
0.146035 
0.147971 
0.145741 
0.145216 
0.151180 
0.143454 
0.145182 
0.148396 
0.146786 
0.146035 
0.144696 
0.149657 
0.146783 
0.145836 
0.148551 
0.144322 
0.142742 
0.149435 
0.148418 
0.147881 
0.148693 
0.146121 
0.146470 
0.147345 
0.147262 
0.149287 
0.146242 
0.145930 
0.145782 
0.145256 
0.150718 
0.149283 
0.147199 
0.144403 
0.143189 
0.143230 
0.148969 
0.149489 
0.142170 
0.144335 
0.146112 
0.146394 
0.149497 
0.147733 
0.145932 
0.145306 
0.146547 
0.150134 
0.145490 
0.146662 
0.150717 
0.142974 
0.147276 
0.150081 
0.150155 
0.152061 
0.147718 
0.148731 
0.149947 
0.147995 
0.149313 
0.147659 
0.147429 
0.146483 
0.150508 
0.147928 
0.150333 
0.140349 
0.143499 
0.146388 
0.145369 
0.143708 
0.145873 
0.145526 
0.148484 
0.147107 
0.146666 
0.146820 
0.146822 
0.141899 
0.146177 
0.150068 
0.150084 
0.146740 
0.147675 
0.148913 
0.148485 
0.146440 
0.146566 
0.144572 
0.143229 
0.147256 
0.146436 
0.146271 
0.145795 
0.145439 
0.149822 
0.144523 
0.144868 
0.143818 
0.147365 
0.146192 
0.149037 
0.146926 
0.148340 
0.141826 
0.146865 
0.149607 
0.147951 
0.146179 
0.146500 
0.148670 
0.147974 
0.146983 
0.147326 
0.148785 
0.145515 
0.146342 
0.151320 
0.148436 
0.142044 
0.144573 
0.143409 
0.141858 
0.148865 
0.149630 
0.147224 
0.147220 
0.152381 
0.154249 
0.146007 
0.147354 
0.148421 
0.143118 
0.145517 
0.145712 
0.146483 
0.146508 
0.147926 
0.146384 
0.146595 
0.149144 
0.147078 
0.147968 
0.142747 
0.145393 
0.148066 
0.147397 
0.145782 
0.144535 
0.147294 
0.147609 
0.148260 
0.148118 
0.152398 
0.148185 
0.143626 
0.145267 
0.145294 
0.143918 
0.146338 
0.145568 
0.149589 
0.146565 
0.147124 
0.148266 
0.147940 
0.151021 
0.143142 
0.149959 
0.140603 
0.145934 
0.145285 
0.142799 
0.149638 
0.145785 
0.146648 
0.147655 
0.147495 
0.148049 
0.144397 
0.147254 
0.143897 
0.146212 
0.141756 
0.146960 
0.148958 
0.146261 
0.148210 
0.145018 
0.146474 
0.145264 
0.144263 
0.146700 
0.147503 
0.147262 
0.151504 
0.146126 
0.145102 
0.147255 
0.147919 
0.146783 
0.145815 
0.150525 
0.147862 
0.141511 
0.148988 
0.143920 
0.147370 
0.148632 
0.150269 
0.147926 
0.146358 
0.143631 
0.146952 
0.147652 
0.150109 
0.146742 
0.145815 
0.147491 
0.148258 
0.149670 
0.146737 
0.143564 
0.146453 
0.149132 
0.147417 
0.151952 
0.148660 
0.150070 
0.146564 
0.150525 
0.150400 
0.147246 
0.148359 
0.147662 
0.148243 
0.153000 
0.151519 
0.145320 
0.142018 
0.151647 
0.154717 
0.145437 
0.150218 
0.145314 
0.144187 
0.148674 
0.146927 
0.151710 
0.145950 
0.150640 
0.148168 
0.149607 
0.152671 
0.147948 
0.147867 
0.146690 
0.147132 
0.144225 
0.151089 
0.146825 
0.147746 
0.147026 
0.147657 
0.143845 
0.146413 
0.144392 
0.149382 
0.147505 
0.147860 
0.139340 
0.142579 
0.150730 
0.148791 
0.149880 
0.149011 
0.153150 
0.150113 
0.145566 
0.147549 
0.147011 
0.147332 
0.144405 
0.146695 
0.146602 
0.146631 
0.144020 
0.146046 
0.148022 
0.146555 
0.145020 
0.149181 
0.145750 
0.145107 
0.146194 
0.146815 
0.146719 
0.148581 
0.151866 
0.149872 
0.146874 
0.144246 
0.149891 
0.145474 
0.147118 
0.147142 
0.144953 
0.146971 
0.148490 
0.146990 
0.146770 
0.147004 
0.153530 
0.148179 
0.145682 
0.149655 
0.144926 
0.149875 
0.148371 
0.148699 
0.149443 
0.145791 
0.149090 
0.147712 
0.150846 
0.148845 
0.152731 
0.147714 
0.147383 
0.140527 
0.143637 
0.146145 
0.148843 
0.147355 
0.146308 
0.144537 
0.141677 
0.145341 
0.146326 
0.150011 
0.147135 
0.145243 
0.145060 
0.150954 
0.150878 
0.142237 
0.146777 
0.145131 
0.151209 
0.149193 
0.143162 
0.152487 
0.151005 
0.151300 
0.151769 
0.153211 
0.147450 
0.149325 
0.146523 
0.149690 
0.150520 
0.143768 
0.150100 
0.149179 
0.149925 
0.144805 
0.147398 
0.143528 
0.148198 
0.150663 
0.147204 
0.149300 
0.144449 
0.145108 
0.144788 
0.147688 
0.151396 
0.141831 
0.148158 
0.150837 
0.148784 
0.151063 
0.147959 
0.150084 
0.141610 
0.141601 
0.139858 
0.143648 
0.146469 
0.144636 
0.144891 
0.142450 
0.146913 
0.146735 
0.145866 
0.147186 
0.143282 
0.147065 
0.142754 
0.147499 
0.143928 
0.145233 
0.143978 
0.151022 
0.146550 
0.145832 
0.146763 
0.145928 
0.145181 
0.146739 
0.141894 
0.151784 
0.147102 
0.143717 
0.146726 
0.144054 
0.146750 
0.145928 
0.151149 
0.149101 
0.147666 
0.147294 
0.149041 
0.150696 
0.148314 
0.147194 
0.147063 
0.147200 
0.146509 
0.142971 
0.147235 
0.145164 
0.146197 
0.141883 
0.144771 
0.145312 
0.145373 
0.143670 
0.145541 
0.146573 
0.148229 
0.147803 
0.145637 
0.146452 
0.148306 
0.140679 
0.144294 
0.144575 
0.144370 
0.150245 
0.148368 
0.146411 
0.147522 
0.150539 
0.149269 
0.147432 
0.143737 
0.149860 
0.143717 
0.148346 
0.148587 
0.146434 
0.148820 
0.145283 
0.147535 
0.146795 
0.149523 
0.150694 
0.151020 
0.149180 
0.151070 
0.148009 
0.145280 
0.147632 
0.144185 
0.145938 
0.147624 
0.143084 
0.145458 
0.146156 
0.148304 
0.145778 
0.146518 
0.146241 
0.147640 
0.146945 
0.146377 
0.142559 
0.148837 
0.149684 
0.152216 
0.144324 
0.144373 
0.147297 
0.147967 
0.146643 
0.144213 
0.145345 
0.152321 
0.144071 
0.145416 
0.143145 
0.144553 
0.144299 
0.147059 
0.147228 
0.147084 
0.147849 
0.149111 
0.148955 
0.149938 
0.147873 
0.152450 
0.147383 
0.145690 
0.146716 
0.142701 
0.142370 
0.145782 
0.143392 
0.143018 
0.145459 
0.145181 
0.145201 
0.152453 
0.150023 
0.147931 
0.147146 
0.147190 
0.148985 
0.145729 
0.144185 
0.146350 
0.145029 
0.148304 
0.145982 
0.145064 
0.147205 
0.141916 
0.144053 
0.144786 
0.149877 
0.145151 
0.145461 
0.147289 
0.145598 
0.146424 
0.147757 
0.142913 
0.146501 
0.147424 
0.149635 
0.148101 
0.146250 
0.145877 
0.150121 
0.144555 
0.148793 
0.146931 
0.149501 
0.144298 
0.148015 
0.151048 
0.145418 
0.146329 
0.144720 
0.145763 
0.151883 
0.146495 
0.156045 
0.146688 
0.143271 
0.147321 
0.148662 
0.145586 
0.146574 
0.151517 
0.141167 
0.147230 
0.148176 
0.143357 
0.147365 
0.148383 
0.147774 
0.146012 
0.145394 
0.148754 
0.149887 
0.148558 
0.148040 
0.146352 
0.143088 
0.145826 
0.144969 
0.146473 
0.148981 
0.147303 
0.146740 
0.147386 
0.150667 
0.150415 
0.149096 
0.144981 
0.147481 
0.148714 
0.145454 
0.143866 
0.149371 
0.149809 
0.146863 
0.149368 
0.148946 
0.144438 
0.147722 
0.149656 
0.150771 
0.149579 
0.148248 
0.150159 
0.149423 
0.144754 
0.144297 
0.147024 
0.145557 
0.142998 
0.150331 
0.147308 
0.142805 
0.148780 
0.148023 
0.149575 
0.148075 
0.146716 
0.148173 
0.147462 
0.143629 
0.145876 
0.146408 
0.148826 
0.146219 
0.147684 
0.146338 
0.143588 
0.143523 
0.146576 
0.150346 
0.147854 
0.144048 
0.145215 
0.149561 
0.154363 
0.148113 
0.150875 
0.144869 
0.146856 
0.148680 
0.148030 
0.150634 
0.146063 
0.148439 
0.145914 
0.148492 
0.143831 
0.143282 
0.148828 
0.149483 
0.149044 
0.151580 
0.142655 
0.147011 
0.147836 
0.145455 
0.143487 
0.148712 
0.144842 
0.145602 
0.146093 
0.148309 
0.142626 
0.150035 
0.151965 
0.149922 
0.156751 
0.146479 
0.145104 
0.147397 
0.146736 
0.148380 
0.147780 
0.146744 
0.144009 
0.145917 
0.148343 
0.147049 
0.144507 
0.144010 
0.148488 
0.149507 
0.151203 
0.142959 
0.141732 
0.145307 
0.148415 
0.144472 
0.145693 
0.147535 
0.147004 
0.146860 
0.144843 
0.142577 
0.148353 
0.145392 
0.147170 
0.146074 
0.148114 
0.143891 
0.143911 
0.147540 
0.147031 
0.149070 
0.145527 
0.144809 
0.146637 
0.148572 
0.148997 
0.143153 
0.145463 
0.149094 
0.143703 
0.145588 
0.144465 
0.150617 
0.148203 
0.146763 
0.147937 
0.149332 
0.148917 
0.149718 
0.146847 
0.150713 
0.149056 
0.151989 
0.148924 
0.144232 
0.150739 
0.146400 
0.147467 
0.149319 
0.150573 
0.150303 
0.145024 
0.147380 
0.147008 
0.145275 
0.145363 
0.146781 
0.150193 
0.151613 
0.148381 
0.145731 
0.141870 
0.144430 
0.148652 
0.147962 
0.146415 
0.150157 
0.149755 
0.145378 
0.141451 
0.148667 
0.146523 
0.145409 
0.148196 
0.150263 
0.147715 
0.148852 
0.146133 
0.144086 
0.148343 
0.148687 
0.146725 
0.142879 
0.147292 
0.147661 
0.143740 
0.146264 
0.144598 
0.145157 
0.143714 
0.145904 
0.145051 
0.142639 
0.146386 
0.145930 
0.146384 
0.144930 
0.146122 
0.149885 
0.144779 
0.149840 
0.145173 
0.146276 
0.146771 
0.147660 
0.145247 
0.143783 
0.146388 
0.147481 
0.151076 
0.150602 
0.150156 
0.153235 
0.144353 
0.144018 
0.146497 
0.143208 
0.150101 
0.147304 
0.145435 
0.145286 
0.148398 
0.147105 
0.147338 
0.149636 
0.146910 
0.149023 
0.151131 
0.152362 
0.146791 
0.149395 
0.146927 
0.147320 
0.149307 
0.145279 
0.150195 
0.147695 
0.146268 
0.144001 
0.145641 
0.145871 
0.145181 
0.146797 
0.145699 
0.149306 
0.148303 
0.147117 
0.145692 
0.148603 
0.151172 
0.153131 
0.145883 
0.144925 
0.145586 
0.148228 
0.143468 
0.148563 
0.146347 
0.143962 
0.147239 
0.146679 
0.144331 
0.145317 
0.146996 
0.149902 
0.145506 
0.148982 
0.143261 
0.154432 
0.148965 
0.149258 
0.146480 
0.144874 
0.143511 
0.142438 
0.144605 
0.147755 
0.147673 
0.147648 
0.149198 
0.147247 
0.149572 
0.151449 
0.144729 
0.148293 
0.148482 
0.145672 
0.147234 
0.145352 
0.147812 
0.147348 
0.143074 
0.150168 
0.145682 
0.148180 
0.143851 
0.143172 
0.149936 
0.146133 
0.145517 
0.146237 
0.145591 
0.146711 
0.146676 
0.145030 
0.148106 
0.149365 
0.146263 
0.149047 
0.149900 
0.146978 
0.151948 
0.146179 
0.143814 
0.151209 
0.150222 
0.146243 
0.147018 
0.148465 
0.146815 
0.145003 
0.148794 
0.146310 
0.146218 
0.146161 
0.149597 
0.144792 
0.142925 
0.141941 
0.144399 
0.147261 
0.143151 
0.149668 
0.147026 
0.144806 
0.143520 
0.147852 
0.147469 
0.144642 
0.143495 
0.145030 
0.145620 
0.145094 
0.148704 
0.145942 
0.148376 
0.143157 
0.146184 
0.146953 
0.150190 
0.147407 
0.147818 
0.148358 
0.143595 
0.148133 
0.144313 
0.144641 
0.146219 
0.149534 
0.150024 
0.149558 
0.149721 
0.150564 
0.145536 
0.142515 
0.144491 
0.148820 
0.146409 
0.148353 
0.149000 
0.147070 
0.147957 
0.151437 
0.147999 
0.150230 
0.150922 
0.146356 
0.151306 
0.148921 
0.144696 
0.146201 
0.146174 
0.148924 
0.148065 
0.144933 
0.145554 
0.145340 
0.144725 
0.145582 
0.141396 
0.145117 
0.148310 
0.146953 
0.146966 
0.146108 
0.149222 
0.141761 
0.147988 
0.144741 
0.145972 
0.149413 
0.149715 
0.148500 
0.150546 
0.150214 
0.149529 
0.146020 
0.149071 
0.145341 
0.150398 
0.147644 
0.147173 
0.147153 
0.151330 
0.150837 
0.148345 
0.147731 
0.150943 
0.144426 
0.142488 
0.143890 
0.148146 
0.145656 
0.141894 
0.142098 
0.148665 
0.149834 
0.146056 
0.146441 
0.144845 
0.148380 
0.143053 
0.150169 
0.146709 
0.150057 
0.149258 
0.150130 
0.148565 
0.150034 
0.147299 
0.147143 
0.143497 
0.146793 
0.153025 
0.151650 
0.147802 
0.148685 
0.144072 
0.145847 
0.145819 
0.146115 
0.148996 
0.149140 
0.146554 
0.151991 
0.147934 
0.149370 
0.143045 
0.147461 
0.145964 
0.147135 
0.141092 
0.142344 
0.144218 
0.153228 
0.150645 
0.153099 
0.150476 
0.147337 
0.144708 
0.146587 
0.149428 
0.142832 
0.147573 
0.141347 
0.145936 
0.146255 
0.143927 
0.147422 
0.153135 
0.149288 
0.147622 
0.148006 
0.149556 
0.150225 
0.145315 
0.147178 
0.148376 
0.146426 
0.146745 
0.145639 
0.148770 
0.149331 
0.148711 
0.150469 
0.143212 
0.148075 
0.148923 
0.150815 
0.146891 
0.148366 
0.147288 
0.145225 
0.148709 
0.145449 
0.150576 
0.144628 
0.148741 
0.152120 
0.150594 
0.147226 
0.147131 
0.146969 
0.145327 
0.147063 
0.147574 
0.146896 
0.146912 
0.150424 
0.149597 
0.149016 
0.149488 
0.152325 
0.146870 
0.147754 
0.145646 
0.146817 
0.147010 
0.144551 
0.146943 
0.142033 
0.140830 
0.148476 
0.148449 
0.147182 
0.145546 
0.153648 
0.151174 
0.146386 
0.145569 
0.144324 
0.146312 
0.144781 
0.149462 
0.146221 
0.147128 
0.145032 
0.148707 
0.149905 
0.147705 
0.147556 
0.149610 
0.149897 
0.156049 
0.151183 
0.148397 
0.148529 
0.145684 
0.146019 
0.145472 
0.146781 
0.148535 
0.146729 
0.152749 
0.145165 
0.145423 
0.141643 
0.144082 
0.152771 
0.156313 
0.148981 
0.144727 
0.149960 
0.150585 
0.144319 
0.142927 
0.145946 
0.149959 
0.146161 
0.144030 
0.146701 
0.146196 
0.147029 
0.150105 
0.150877 
0.149515 
0.150090 
0.146887 
0.149558 
0.145081 
0.147795 
0.145778 
0.147153 
0.146572 
0.150498 
0.149078 
0.149874 
0.148518 
0.144818 
0.146486 
0.145426 
0.141130 
0.148407 
0.147221 
0.147021 
0.147703 
0.144664 
0.148934 
0.151249 
0.150956 
0.146948 
0.140749 
0.143242 
0.148613 
0.149965 
0.145414 
0.142952 
0.145265 
0.153836 
0.142285 
0.147706 
0.146268 
0.148981 
0.146580 
0.148952 
0.147310 
0.147816 
0.146494 
0.143716 
0.148026 
0.149711 
0.149911 
0.145685 
0.145700 
0.146707 
0.146747 
0.147187 
0.144657 
0.149273 
0.150397 
0.147853 
0.147936 
0.148730 
0.145584 
0.145999 
0.150040 
0.154147 
0.151849 
0.151310 
0.152823 
0.147589 
0.148242 
0.143547 
0.145302 
0.148141 
0.145588 
0.147975 
0.145243 
0.148979 
0.146775 
0.147984 
0.145623 
0.150075 
0.148146 
0.147710 
0.146965 
0.146365 
0.148254 
0.152413 
0.150733 
0.144826 
0.148431 
0.143671 
0.149822 
0.146769 
0.146681 
0.147328 
0.144763 
0.151105 
0.146171 
0.147024 
0.141650 
0.150039 
0.151740 
0.151436 
0.148633 
0.145661 
0.151301 
0.145522 
0.146761 
0.144123 
0.148071 
0.144163 
0.149540 
0.147822 
0.144096 
0.148079 
0.148668 
0.145267 
0.150655 
0.146775 
0.147197 
0.149389 
0.150405 
0.148372 
0.151633 
0.147340 
0.149398 
0.148307 
0.143962 
0.145414 
0.146283 
0.148927 
0.148010 
0.146768 
0.139679 
0.141795 
0.144932 
0.141820 
0.148692 
0.143694 
0.149436 
0.142302 
0.141260 
0.144887 
0.147753 
0.146702 
0.147437 
0.149198 
0.148415 
0.152000 
0.149174 
0.146378 
0.148842 
0.146649 
0.142327 
0.149219 
0.142578 
0.146243 
0.150138 
0.146838 
0.148948 
0.144693 
0.143043 
0.143964 
0.154126 
0.149108 
0.149794 
0.148748 
0.145344 
0.146676 
0.149319 
0.147801 
0.147946 
0.148161 
0.146544 
0.146241 
0.146125 
0.148500 
0.144329 
0.146033 
0.146858 
0.150743 
0.149080 
0.150986 
0.143886 
0.144235 
0.154499 
0.147718 
0.149254 
0.146807 
0.150718 
0.151203 
0.147803 
0.145924 
0.150634 
0.144384 
0.148686 
0.146078 
0.145345 
0.148161 
0.143379 
0.146958 
0.145159 
0.150959 
0.145559 
0.146459 
0.142676 
0.145706 
0.147015 
0.147818 
0.147911 
0.148126 
0.145580 
0.146235 
0.143579 
0.144478 
0.146297 
0.146789 
0.149585 
0.145330 
0.146135 
0.146236 
0.143389 
0.147545 
0.147151 
0.144461 
0.145754 
0.147526 
0.148926 
0.146322 
0.144409 
0.143669 
0.145587 
0.146165 
0.141675 
0.146398 
0.148538 
0.148053 
0.146319 
0.150477 
0.152270 
0.144276 
0.144971 
0.147482 
0.145460 
0.144164 
0.145985 
0.148186 
0.147230 
0.144599 
0.149621 
0.147573 
0.149860 
0.149658 
0.148761 
0.145908 
0.146693 
0.152595 
0.148564 
0.149706 
0.149446 
0.142001 
0.144016 
0.145847 
0.146001 
0.147440 
0.141550 
0.149034 
0.141254 
0.147155 
0.143565 
0.144686 
0.143512 
0.144833 
0.141782 
0.144843 
0.145890 
0.146317 
0.151989 
0.145495 
0.153316 
0.150401 
0.148496 
0.146182 
0.149158 
0.147127 
0.148118 
0.148335 
0.148094 
0.150543 
0.146510 
0.146605 
0.146844 
0.145478 
0.148613 
0.147401 
0.146663 
0.148480 
0.147135 
0.149366 
0.148124 
0.149370 
0.146954 
0.146913 
0.146861 
0.147032 
0.142915 
0.145411 
0.148746 
0.147061 
0.145103 
0.146670 
0.148716 
0.152333 
0.143711 
0.145456 
0.146307 
0.144716 
0.146652 
0.147480 
0.144635 
0.142431 
0.146753 
0.144538 
0.147655 
0.146750 
0.148718 
0.144398 
0.153025 
0.147153 
0.147573 
0.144838 
0.145226 
0.145743 
0.148630 
0.149516 
0.142033 
0.150600 
0.148047 
0.143212 
0.151529 
0.147893 
0.149623 
0.153168 
0.148411 
0.149216 
0.148975 
0.148777 
0.148177 
0.148264 
0.148701 
0.152583 
0.147575 
0.146615 
0.148708 
0.145946 
0.145647 
0.146061 
0.145724 
0.147650 
0.147476 
0.150196 
0.145571 
0.143715 
0.150041 
0.148027 
0.148116 
0.147014 
0.149250 
0.142659 
0.147777 
0.147012 
0.144884 
0.147223 
0.141941 
0.148144 
0.146060 
0.142836 
0.146591 
0.148830 
0.146071 
0.147377 
0.142994 
0.144359 
0.145545 
0.143021 
0.147414 
0.147007 
0.149220 
0.147495 
0.146082 
0.142493 
0.147764 
0.147177 
0.145507 
0.145469 
0.148016 
0.144737 
0.145978 
0.149258 
0.144723 
0.147109 
0.151627 
0.145991 
0.147061 
0.150257 
0.149867 
0.144207 
0.146205 
0.145883 
0.149400 
0.148808 
0.147516 
0.147364 
0.145003 
0.143803 
0.143490 
0.151993 
0.147168 
0.145964 
0.146957 
0.147494 
0.148016 
0.150902 
0.144747 
0.148734 
0.146362 
0.145481 
0.145342 
0.143946 
0.144374 
0.148539 
0.143848 
0.146267 
0.149409 
0.142239 
0.145702 
0.150588 
0.149183 
0.145863 
0.147595 
0.146643 
0.143382 
0.147580 
0.143667 
0.150499 
0.146170 
0.149584 
0.147140 
0.149895 
0.144759 
0.148595 
0.147705 
0.148232 
0.145726 
0.151480 
0.146094 
0.145083 
0.143460 
0.144810 
0.147256 
0.144801 
0.148440 
0.146326 
0.149304 
0.146807 
0.145516 
0.148596 
0.148272 
0.147212 
0.148789 
0.143914 
0.150732 
0.147555 
0.143314 
0.144001 
0.148938 
0.146606 
0.146396 
0.148492 
0.145652 
0.145789 
0.151358 
0.148376 
0.142257 
0.144569 
0.148135 
0.143614 
0.144281 
0.149346 
0.148396 
0.145309 
0.146044 
0.145522 
0.143010 
0.146281 
0.147645 
0.152376 
0.148389 
0.146537 
0.147286 
0.146371 
0.143389 
0.143352 
0.146876 
0.143745 
0.148962 
0.145280 
0.146049 
0.148576 
0.145618 
0.149267 
0.148754 
0.152704 
0.146413 
0.141603 
0.149891 
0.151200 
0.143663 
0.148280 
0.148888 
0.146993 
0.149274 
0.145170 
0.146531 
0.146519 
0.145659 
0.149675 
0.144385 
0.150020 
0.145518 
0.148243 
0.148353 
0.147471 
0.150801 
0.146741 
0.145050 
0.148606 
0.147909 
0.149817 
0.146281 
0.142209 
0.147292 
0.152356 
0.145843 
0.145680 
0.147104 
0.144229 
0.142445 
0.144924 
0.145363 
0.146073 
0.148166 
0.144352 
0.146126 
0.145648 
0.142335 
0.147525 
0.145358 
0.147981 
0.142882 
0.146839 
0.149486 
0.149390 
0.148751 
0.148178 
0.144183 
0.145711 
0.145648 
0.148135 
0.143328 
0.148199 
0.144812 
0.148148 
0.142383 
0.146556 
0.147141 
0.153036 
0.148050 
0.143878 
0.148043 
0.148707 
0.146554 
0.153970 
0.144207 
0.146025 
0.149082 
0.143444 
0.145977 
0.146841 
0.148241 
0.147535 
0.145471 
0.145601 
0.147857 
0.146762 
0.149531 
0.144989 
0.147682 
0.148471 
0.150012 
0.145903 
0.144592 
0.147086 
0.147743 
0.152602 
0.146106 
0.146559 
0.146197 
0.149572 
0.148067 
0.150497 
0.149925 
0.146124 
0.148980 
0.148605 
0.146083 
0.142200 
0.145991 
0.148057 
0.143344 
0.144159 
0.151546 
0.151647 
0.145415 
0.144147 
0.145484 
0.143128 
0.146049 
0.146238 
0.145712 
0.143807 
0.148133 
0.149555 
0.151431 
0.144301 
0.149516 
0.144671 
0.150350 
0.147588 
0.153459 
0.147503 
0.145864 
0.145739 
0.147908 
0.152337 
0.150958 
0.146308 
0.146244 
0.146515 
0.148712 
0.148759 
0.143674 
0.148922 
0.147129 
0.142985 
0.144112 
0.145919 
0.144861 
0.147955 
0.143524 
0.149571 
0.150580 
0.145867 
0.147180 
0.144082 
0.148759 
0.148570 
0.145647 
0.141651 
0.143030 
0.148047 
0.145226 
0.148684 
0.147209 
0.149480 
0.147871 
0.145219 
0.149675 
0.147566 
0.149590 
0.147046 
0.148720 
0.145207 
0.145251 
0.142530 
0.143836 
0.142987 
0.149969 
0.149233 
0.145593 
0.146405 
0.147563 
0.147962 
0.142738 
0.151560 
0.150226 
0.148023 
0.142672 
0.148656 
0.148892 
0.149494 
0.144880 
0.147252 
0.148743 
0.149663 
0.147657 
0.147681 
0.151336 
0.146434 
0.144886 
0.146771 
0.147405 
0.148301 
0.141686 
0.150429 
0.144635 
0.146670 
0.144219 
0.147514 
0.141677 
0.143896 
0.145555 
0.147665 
0.143248 
0.148036 
0.144499 
0.147914 
0.143250 
0.148271 
0.151824 
0.153376 
0.147512 
0.144795 
0.143467 
0.145819 
0.144955 
0.145049 
0.146976 
0.149011 
0.148723 
0.148026 
0.145417 
0.148417 
0.146823 
0.142753 
0.149728 
0.145033 
0.145276 
0.144060 
0.147182 
0.147344 
0.144445 
0.144830 
0.145260 
0.146858 
0.147687 
0.145797 
0.151106 
0.144660 
0.149394 
0.148715 
0.148770 
0.146221 
0.146150 
0.143035 
0.146007 
0.147669 
0.142221 
0.143743 
0.144843 
0.149927 
0.144109 
0.144449 
0.144275 
0.146098 
0.145348 
0.145032 
0.147602 
0.151370 
0.144759 
0.145190 
0.151189 
0.147168 
0.147908 
0.149355 
0.150804 
0.148333 
0.150417 
0.147960 
0.146734 
0.149568 
0.149619 
0.140807 
0.146884 
0.148668 
0.144739 
0.143503 
0.143332 
0.147479 
0.146705 
0.146122 
0.153320 
0.140863 
0.146809 
0.146066 
0.145234 
0.148082 
0.144806 
0.146533 
0.141071 
0.147226 
0.152296 
0.148831 
0.148828 
0.149618 
0.150495 
0.149055 
0.151911 
0.145213 
0.148054 
0.146500 
0.145415 
0.144259 
0.147776 
0.145695 
0.150762 
0.144806 
0.144906 
0.144022 
0.147002 
0.147263 
0.148146 
0.149280 
0.144582 
0.150666 
0.146784 
0.144863 
0.144575 
0.145182 
0.150280 
0.146215 
0.148569 
0.144309 
0.143322 
0.147149 
0.150866 
0.150548 
0.150579 
0.148135 
0.145460 
0.150495 
0.142623 
0.146897 
0.145383 
0.146376 
0.149781 
0.148045 
0.150038 
0.147822 
0.153874 
0.142431 
0.144748 
0.147343 
0.145355 
0.148523 
0.145958 
0.144883 
0.144635 
0.148417 
0.148528 
0.144270 
0.147845 
0.145803 
0.145116 
0.146853 
0.143786 
0.146284 
0.147509 
0.144773 
0.146064 
0.142242 
0.147306 
0.145233 
0.146715 
0.145351 
0.149774 
0.147454 
0.146818 
0.147715 
0.146580 
0.147414 
0.142680 
0.145743 
0.143739 
0.147294 
0.146692 
0.148168 
0.146731 
0.144592 
0.143476 
0.145627 
0.149231 
0.148715 
0.144785 
0.146869 
0.147788 
0.145890 
0.145686 
0.142559 
0.142533 
0.146447 
0.144841 
0.148897 
0.145170 
0.148214 
0.145566 
0.144394 
0.150155 
0.146678 
0.146292 
0.148089 
0.148513 
0.151552 
0.149685 
0.145604 
0.146301 
0.149320 
0.144891 
0.150761 
0.148243 
0.146505 
0.148863 
0.150803 
0.145086 
0.149444 
0.148174 
0.148446 
0.149767 
0.145946 
0.147483 
0.149286 
0.150332 
0.146051 
0.148878 
0.149371 
0.148139 
0.150781 
0.147418 
0.145075 
0.145545 
0.146881 
0.143878 
0.149762 
0.145701 
0.145383 
0.144951 
0.144363 
0.149310 
0.152097 
0.150485 
0.147886 
0.146109 
0.145173 
0.146357 
0.147858 
0.148713 
0.149172 
0.144052 
0.145822 
0.147171 
0.141558 
0.142181 
0.141446 
0.144717 
0.147402 
0.143597 
0.143149 
0.144271 
0.149064 
0.148790 
0.150383 
0.144955 
0.147506 
0.147780 
0.143955 
0.140813 
0.144424 
0.145461 
0.150520 
0.145341 
0.145914 
0.140415 
0.145129 
0.146438 
0.145692 
0.147785 
0.150223 
0.146072 
0.145608 
0.151294 
0.146755 
0.153443 
0.147258 
0.146902 
0.149000 
0.146860 
0.149342 
0.149170 
0.149513 
0.146648 
0.142383 
0.147121 
0.144691 
0.146197 
0.143704 
0.153116 
0.147214 
0.148198 
0.150584 
0.144991 
0.151259 
0.145659 
0.148264 
0.145978 
0.142071 
0.144386 
0.145772 
0.145909 
0.144394 
0.148397 
0.141736 
0.148509 
0.146958 
0.145072 
0.145964 
0.146916 
0.147130 
0.142462 
0.144374 
0.148531 
0.144090 
0.143296 
0.149709 
0.148415 
0.150154 
0.145942 
0.149141 
0.147362 
0.146092 
0.151145 
0.147979 
0.148443 
0.143989 
0.145160 
0.146626 
0.146509 
0.146106 
0.146786 
0.147232 
0.141871 
0.148129 
0.149354 
0.151574 
0.145283 
0.147670 
0.140681 
0.152198 
0.146275 
0.150268 
0.146677 
0.147290 
0.155184 
0.147642 
0.148446 
0.145467 
0.142835 
0.144671 
0.143966 
0.147465 
0.150704 
0.149297 
0.149101 
0.149797 
0.148393 
0.148315 
0.146650 
0.148640 
0.147840 
0.143561 
0.143916 
0.152220 
0.150199 
0.149773 
0.145720 
0.149048 
0.143929 
0.144942 
0.147393 
0.148031 
0.150651 
0.146112 
0.144302 
0.150181 
0.148555 
0.146880 
0.151851 
0.147497 
0.152102 
0.144516 
0.148950 
0.148064 
0.147553 
0.145952 
0.148222 
0.151304 
0.144741 
0.143416 
0.149111 
0.145942 
0.149468 
0.144120 
0.145933 
0.145670 
0.154171 
0.144348 
0.143778 
0.151030 
0.145330 
0.145126 
0.151738 
0.145864 
0.145841 
0.147985 
0.146905 
0.144347 
0.146748 
0.147572 
0.145573 
0.144115 
0.144660 
0.144773 
0.146063 
0.151353 
0.147686 
0.146219 
0.147539 
0.145759 
0.147208 
0.141702 
0.147515 
0.147342 
0.145740 
0.146672 
0.146611 
0.147167 
0.146155 
0.147615 
0.145862 
0.149673 
0.145997 
0.147734 
0.148674 
0.144724 
0.149355 
0.144296 
0.145396 
0.148528 
0.147230 
0.149110 
0.142872 
0.146057 
0.148346 
0.148002 
0.145237 
0.153143 
0.148174 
0.151778 
0.151023 
0.151711 
0.149515 
0.147675 
0.150206 
0.147626 
0.145296 
0.142891 
0.141893 
0.145491 
0.147649 
0.147318 
0.147866 
0.146110 
0.145405 
0.152138 
0.148956 
0.144496 
0.142498 
0.145331 
0.144662 
0.148355 
0.147417 
0.146868 
0.148888 
0.147244 
0.148655 
0.140421 
0.145328 
0.145034 
0.150071 
0.148684 
0.147802 
0.152458 
0.149467 
0.145412 
0.144606 
0.147022 
0.147439 
0.144151 
0.143004 
0.148587 
0.147726 
0.149649 
0.147152 
0.147074 
0.148438 
0.145685 
0.146954 
0.151621 
0.145282 
0.142091 
0.146433 
0.145872 
0.148272 
0.147598 
0.148286 
0.148564 
0.141605 
0.147808 
0.149576 
0.144229 
0.151251 
0.148046 
0.142681 
0.146517 
0.150923 
0.144004 
0.151053 
0.146804 
0.149145 
0.146049 
0.150306 
0.147863 
0.149777 
0.151086 
0.142891 
0.147078 
0.144715 
0.144922 
0.150905 
0.141875 
0.148906 
0.147653 
0.147727 
0.150022 
0.147350 
0.143820 
0.148362 
0.146281 
0.144540 
0.146378 
0.149244 
0.144851 
0.147774 
0.141067 
0.147146 
0.147595 
0.147493 
0.145941 
0.148843 
0.151063 
0.147499 
0.146082 
0.146292 
0.143976 
0.142327 
0.149467 
0.150649 
0.148961 
0.149679 
0.153259 
0.146094 
0.147892 
0.144854 
0.149455 
0.153170 
0.147752 
0.148427 
0.147197 
0.145378 
0.143543 
0.147858 
0.150290 
0.148039 
0.145548 
0.145437 
0.142838 
0.147509 
0.150219 
0.144289 
0.152028 
0.147873 
0.149952 
0.145913 
0.146344 
0.144525 
0.150386 
0.150418 
0.148463 
0.146616 
0.148928 
0.142177 
0.148858 
0.145225 
0.144096 
0.142524 
0.148105 
0.144568 
0.148752 
0.149592 
0.145107 
0.147082 
0.145429 
0.146340 
0.146660 
0.142090 
0.147037 
0.146877 
0.148510 
0.147752 
0.149064 
0.142894 
0.153015 
0.147502 
0.140976 
0.149038 
0.149802 
0.146854 
0.150828 
0.141726 
0.144833 
0.152138 
0.145914 
0.148203 
0.145991 
0.150462 
0.146841 
0.151050 
0.150521 
0.148609 
0.145226 
0.152940 
0.147566 
0.143696 
0.150469 
0.147960 
0.151443 
0.144110 
0.144343 
0.144214 
0.148854 
0.149362 
0.144381 
0.147246 
0.147368 
0.147237 
0.145206 
0.151813 
0.148614 
0.147291 
0.146276 
0.146269 
0.150998 
0.149927 
0.148291 
0.150447 
0.146617 
0.148806 
0.146650 
0.144308 
0.145504 
0.149394 
0.149702 
0.147306 
0.146511 
0.148039 
0.148194 
0.147680 
0.145480 
0.150245 
0.141487 
0.148789 
0.146921 
0.145163 
0.148495 
0.147281 
0.143941 
0.148185 
0.153650 
0.151241 
0.148345 
0.145564 
0.146948 
0.143165 
0.147257 
0.143908 
0.145882 
0.148403 
0.150616 
0.144205 
0.144348 
0.147517 
0.146569 
0.153235 
0.148097 
0.145895 
0.141789 
0.145048 
0.146860 
0.147154 
0.145495 
0.145267 
0.148269 
0.149579 
0.144892 
0.147576 
0.147421 
0.147488 
0.150664 
0.142738 
0.146958 
0.148163 
0.148246 
0.146932 
0.147496 
0.144665 
0.150919 
0.146052 
0.145369 
0.146129 
0.144820 
0.149427 
0.142110 
0.147836 
0.144031 
0.148052 
0.149761 
0.142852 
0.146524 
0.143280 
0.146537 
0.148698 
0.144300 
0.143508 
0.147112 
0.149314 
0.147480 
0.145150 
0.148341 
0.147248 
0.152210 
0.150539 
0.145409 
0.142971 
0.146567 
0.146091 
0.145839 
0.149253 
0.145391 
0.147113 
0.147165 
0.148147 
0.144486 
0.144402 
0.144132 
0.150049 
0.148010 
0.149703 
0.146032 
0.140803 
0.144454 
0.142260 
0.147201 
0.148365 
0.150781 
0.147247 
0.144064 
0.148588 
0.149492 
0.146291 
0.151605 
0.147580 
0.150501 
0.146488 
0.144706 
0.149395 
0.147941 
0.145934 
0.147965 
0.150001 
0.147149 
0.143630 
0.147259 
0.149597 
0.147921 
0.144951 
0.147568 
0.148488 
0.142217 
0.151513 
0.149169 
0.150392 
0.143845 
0.150723 
0.148853 
0.149313 
0.148643 
0.144838 
0.148147 
0.147057 
0.146868 
0.148637 
0.144219 
0.145944 
0.147355 
0.149278 
0.148785 
0.145907 
0.145845 
0.150709 
0.150579 
0.149376 
0.143754 
0.144537 
0.145434 
0.147514 
0.148661 
0.150457 
0.144001 
0.147622 
0.147366 
0.148012 
0.141469 
0.149021 
0.152769 
0.150154 
0.146235 
0.150825 
0.144609 
0.147684 
0.147250 
0.142149 
0.142888 
0.146045 
0.148397 
0.144151 
0.143074 
0.147233 
0.147594 
0.149433 
0.148575 
0.146513 
0.146020 
0.143651 
0.147140 
0.148113 
0.147199 
0.144005 
0.149837 
0.147311 
0.147038 
0.151214 
0.149499 
0.147925 
0.153083 
0.150780 
0.150561 
0.147877 
0.147531 
0.149337 
0.151875 
0.148206 
0.146691 
0.145242 
0.149054 
0.150737 
0.147569 
0.149669 
0.147694 
0.145494 
0.147515 
0.143949 
0.144356 
0.143419 
0.149525 
0.149271 
0.144427 
0.151217 
0.147099 
0.146338 
0.148781 
0.143908 
0.146586 
0.145935 
0.148630 
0.148511 
0.148445 
0.148839 
0.147991 
0.148116 
0.146208 
0.150168 
0.143099 
0.144503 
0.147448 
0.148415 
0.145652 
0.146421 
0.148606 
0.140556 
0.150010 
0.140690 
0.144262 
0.146173 
0.147137 
0.149049 
0.149308 
0.142672 
0.145290 
0.142819 
0.149957 
0.152963 
0.146651 
0.146901 
0.147759 
0.142189 
0.144945 
0.145710 
0.145817 
0.144647 
0.150803 
0.145520 
0.148909 
0.151197 
0.144872 
0.146334 
0.146033 
0.147334 
0.145031 
0.149558 
0.147038 
0.149392 
0.148171 
0.142380 
0.145931 
0.146243 
0.147996 
0.142263 
0.149591 
0.149641 
0.150178 
0.146587 
0.147093 
0.143971 
0.146689 
0.150450 
0.147566 
0.148262 
0.146556 
0.151794 
0.150218 
0.149476 
0.149086 
0.146178 
0.147511 
0.148959 
0.149861 
0.150173 
0.147263 
0.149287 
0.149670 
0.147553 
0.146785 
0.146759 
0.150769 
0.147344 
0.152039 
0.145289 
0.148311 
0.147774 
0.138385 
0.146076 
0.143729 
0.143971 
0.143982 
0.145627 
0.143492 
0.146353 
0.144129 
0.144735 
0.147205 
0.145881 
0.144608 
0.146711 
0.146616 
0.144561 
0.146168 
0.145355 
0.144184 
0.150541 
0.144176 
0.148306 
0.150331 
0.147413 
0.146447 
0.146488 
0.146844 
0.143907 
0.147504 
0.152768 
0.144879 
0.153400 
0.147655 
0.144524 
0.146086 
0.148015 
0.146557 
0.148183 
0.148176 
0.144685 
0.143690 
0.144140 
0.146035 
0.149551 
0.146814 
0.150269 
0.148801 
0.147383 
0.148939 
0.144004 
0.151805 
0.149406 
0.145287 
0.148043 
0.148844 
0.144106 
0.145779 
0.149666 
0.145174 
0.141833 
0.149178 
0.149147 
0.145501 
0.145054 
0.144504 
0.146673 
0.148448 
0.147337 
0.145560 
0.150340 
0.146302 
0.149300 
0.149769 
0.148276 
0.150012 
0.144236 
0.145728 
0.143518 
0.146401 
0.144280 
0.144456 
0.148838 
0.146041 
0.145361 
0.146588 
0.148485 
0.149044 
0.144149 
0.145280 
0.145290 
0.148031 
0.153396 
0.149455 
0.149407 
0.146624 
0.145196 
0.148408 
0.143007 
0.146574 
0.146037 
0.143904 
0.147352 
0.151211 
0.142994 
0.150812 
0.148432 
0.149080 
0.147344 
0.149281 
0.143104 
0.146379 
0.142013 
0.150365 
0.148105 
0.143084 
0.146754 
0.147804 
0.145625 
0.146499 
0.147751 
0.148978 
0.150829 
0.148236 
0.145850 
0.147976 
0.144244 
0.144408 
0.148205 
0.147228 
0.141347 
0.146178 
0.145926 
0.143562 
0.140888 
0.146614 
0.145894 
0.148097 
0.149034 
0.142471 
0.149388 
0.146605 
0.146892 
0.145945 
0.148548 
0.143017 
0.142306 
0.151363 
0.149260 
0.150522 
0.146463 
0.150959 
0.146199 
0.150468 
0.143903 
0.151515 
0.142879 
0.146184 
0.144348 
0.145036 
0.142363 
0.147595 
0.148425 
0.145068 
0.149210 
0.146671 
0.146035 
0.144015 
0.140325 
0.144798 
0.145209 
0.145310 
0.150363 
0.148281 
0.148711 
0.151471 
0.147506 
0.144973 
0.145773 
0.148068 
0.150556 
0.148031 
0.151708 
0.147719 
0.148481 
0.146943 
0.144823 
0.149189 
0.144835 
0.146580 
0.147822 
0.148274 
0.150245 
0.149255 
0.146127 
0.148951 
0.147353 
0.146111 
0.148450 
0.151158 
0.149693 
0.146003 
0.149786 
0.146365 
0.145503 
0.140783 
0.148353 
0.147918 
0.147388 
0.145717 
0.145548 
0.143507 
0.147002 
0.143399 
0.147805 
0.141767 
0.142241 
0.146438 
0.145595 
0.146596 
0.145012 
0.144779 
0.147304 
0.144737 
0.147972 
0.145820 
0.143363 
0.145982 
0.142293 
0.145348 
0.150588 
0.144147 
0.145402 
0.147963 
0.143105 
0.145938 
0.144100 
0.145684 
0.148562 
0.143527 
0.145589 
0.144566 
0.147642 
0.149311 
0.144200 
0.145413 
0.148596 
0.147050 
0.145097 
0.146404 
0.144095 
0.152996 
0.145551 
0.145025 
0.148536 
0.147537 
0.146030 
0.143899 
0.146453 
0.146877 
0.143105 
0.148740 
0.145538 
0.147835 
0.147623 
0.146894 
0.146223 
0.145722 
0.144631 
0.146114 
0.144459 
0.145243 
0.148240 
0.150808 
0.148503 
0.151433 
0.153099 
0.148815 
0.146700 
0.146602 
0.146219 
0.144189 
0.144204 
0.144871 
0.149333 
0.151425 
0.146976 
0.146619 
0.148466 
0.146980 
0.146960 
0.150493 
0.146607 
0.145732 
0.147961 
0.148714 
0.144119 
0.143315 
0.146892 
0.147050 
0.147826 
0.149443 
0.149453 
0.146862 
0.149378 
0.147210 
0.141125 
0.146253 
0.148889 
0.148975 
0.149558 
0.146158 
0.145382 
0.149311 
0.148411 
0.147862 
0.148163 
0.147825 
0.143702 
0.147481 
0.148280 
0.147756 
0.147923 
0.149425 
0.150625 
0.145611 
0.142643 
0.145063 
0.144295 
0.144587 
0.148064 
0.150278 
0.148580 
0.146571 
0.146449 
0.150757 
0.147080 
0.147850 
0.143668 
0.144004 
0.146246 
0.148934 
0.147151 
0.146407 
0.146153 
0.147644 
0.152787 
0.146770 
0.147943 
0.146285 
0.149097 
0.148234 
0.148718 
0.147580 
0.143864 
0.145600 
0.142433 
0.145916 
0.142722 
0.146404 
0.144828 
0.143962 
0.145525 
0.147416 
0.145824 
0.151556 
0.147184 
0.143514 
0.149995 
0.143601 
0.149261 
0.145258 
0.145748 
0.146293 
0.146056 
0.149400 
0.149726 
0.147915 
0.145607 
0.145541 
0.146287 
0.151748 
0.147256 
0.148322 
0.147401 
0.149275 
0.145312 
0.149147 
0.146003 
0.144347 
0.145156 
0.147941 
0.145866 
0.149298 
0.151669 
0.146386 
0.143841 
0.147798 
0.152926 
0.154252 
0.148698 
0.149244 
0.145755 
0.152054 
0.145001 
0.148043 
0.146010 
0.148494 
0.150311 
0.148080 
0.146781 
0.150335 
0.144238 
0.150503 
0.145621 
0.148947 
0.146274 
0.144882 
0.142696 
0.147344 
0.146060 
0.145836 
0.150713 
0.151425 
0.148644 
0.149115 
0.145550 
0.144773 
0.145037 
0.146573 
0.149124 
0.144512 
0.151262 
0.147493 
0.150447 
0.145736 
0.146090 
0.148367 
0.148543 
0.146304 
0.146352 
0.144824 
0.148046 
0.148869 
0.145698 
0.145375 
0.145552 
0.148558 
0.148387 
0.146285 
0.148402 
0.148430 
0.143903 
0.146087 
0.148933 
0.144787 
0.147520 
0.144070 
0.146160 
0.147143 
0.144727 
0.146698 
0.147604 
0.144287 
0.150087 
0.148089 
0.147762 
0.148403 
0.146409 
0.144533 
0.148346 
0.147299 
0.146556 
0.147382 
0.154100 
0.147582 
0.153996 
0.144153 
0.150640 
0.145611 
0.149958 
0.146464 
0.149465 
0.149101 
0.148285 
0.144922 
0.145253 
0.148157 
0.149066 
0.150756 
0.145324 
0.151902 
0.145084 
0.148908 
0.151414 
0.144380 
0.145197 
0.144737 
0.146200 
0.147745 
0.146747 
0.147991 
0.147033 
0.144604 
0.149898 
0.146317 
0.149728 
0.148561 
0.145371 
0.145669 
0.147693 
0.147931 
0.147701 
0.145771 
0.147346 
0.149351 
0.147199 
0.148660 
0.149592 
0.146733 
0.145917 
0.145193 
0.150252 
0.147906 
0.146142 
0.148002 
0.146074 
0.149329 
0.146532 
0.148535 
0.147311 
0.153881 
0.147705 
0.145856 
0.145005 
0.151121 
0.145931 
0.141321 
0.147456 
0.144083 
0.150052 
0.151714 
0.147843 
0.149444 
0.144805 
0.150274 
0.144123 
0.147643 
0.146892 
0.146193 
0.146647 
0.148342 
0.148148 
0.148151 
0.147841 
0.154686 
0.149529 
0.150427 
0.143619 
0.146316 
0.146065 
0.145280 
0.147928 
0.147993 
0.148875 
0.144890 
0.149320 
0.146642 
0.148613 
0.148397 
0.150434 
0.150628 
0.141914 
0.144505 
0.144253 
0.148325 
0.149633 
0.145706 
0.145174 
0.149253 
0.149975 
0.148775 
0.145774 
0.144613 
0.145465 
0.146845 
0.151908 
0.146484 
0.149137 
0.148849 
0.146295 
0.149244 
0.150784 
0.154528 
0.152349 
0.148284 
0.141287 
0.144544 
0.148583 
0.145965 
0.146695 
0.147424 
0.143694 
0.150379 
0.148423 
0.146358 
0.146165 
0.148222 
0.143731 
0.146592 
0.147686 
0.143886 
0.145402 
0.145714 
0.144772 
0.148687 
0.146762 
0.149213 
0.147170 
0.148368 
0.148063 
0.147141 
0.149132 
0.145918 
0.147479 
0.141413 
0.144270 
0.146670 
0.147065 
0.156585 
0.149177 
0.148559 
0.149064 
0.146502 
0.144903 
0.142374 
0.145618 
0.141223 
0.143992 
0.149525 
0.144964 
0.146601 
0.145127 
0.149734 
0.144156 
0.146658 
0.144568 
0.144610 
0.149494 
0.146280 
0.148502 
0.149046 
0.147402 
0.146254 
0.145723 
0.151684 
0.150455 
0.146118 
0.144385 
0.150569 
0.145680 
0.145747 
0.148424 
0.145378 
0.143876 
0.146278 
0.145651 
0.145904 
0.149283 
0.147939 
0.145737 
0.148031 
0.147210 
0.148462 
0.148344 
0.148812 
0.143636 
0.142850 
0.146378 
0.148601 
0.145845 
0.147700 
0.148645 
0.144198 
0.149726 
0.147487 
0.143011 
0.149766 
0.146480 
0.146003 
0.146857 
0.146224 
0.143710 
0.144332 
0.143948 
0.146349 
0.148728 
0.143703 
0.147232 
0.153675 
0.149528 
0.148806 
0.149794 
0.145428 
0.145596 
0.150046 
0.147516 
0.146027 
0.144137 
0.145646 
0.149908 
0.143459 
0.144933 
0.145427 
0.148134 
0.144087 
0.144322 
0.146044 
0.148842 
0.148068 
0.145938 
0.146746 
0.142523 
0.155576 
0.147821 
0.148651 
0.145413 
0.141927 
0.144896 
0.142230 
0.149773 
0.144261 
0.147793 
0.145944 
0.149561 
0.148488 
0.145969 
0.146422 
0.145628 
0.147971 
0.141796 
0.145645 
0.142692 
0.146236 
0.151061 
0.149332 
0.149860 
0.149227 
0.147208 
0.144714 
0.147747 
0.147809 
0.148194 
0.147322 
0.146833 
0.146519 
0.149909 
0.148534 
0.149064 
0.153347 
0.150387 
0.147419 
0.144109 
0.142025 
0.142447 
0.143265 
0.148210 
0.145664 
0.148976 
0.146820 
0.151168 
0.155076 
0.142379 
0.147649 
0.145993 
0.148316 
0.142678 
0.144225 
0.146757 
0.146290 
0.143844 
0.145739 
0.142566 
0.144180 
0.145296 
0.147311 
0.148041 
0.145471 
0.147811 
0.147875 
0.147615 
0.149703 
0.144027 
0.142910 
0.146293 
0.143800 
0.147173 
0.149878 
0.149885 
0.147571 
0.141776 
0.147368 
0.146227 
0.147024 
0.150181 
0.148740 
0.142937 
0.149493 
0.148185 
0.148877 
0.144784 
0.142179 
0.143533 
0.145842 
0.150700 
0.149868 
0.149510 
0.150894 
0.145564 
0.146079 
0.146688 
0.147822 
0.148079 
0.148649 
0.141123 
0.151841 
0.146964 
0.146229 
0.146155 
0.150768 
0.143734 
0.146303 
0.148633 
0.148780 
0.149838 
0.147457 
0.150306 
0.149386 
0.143685 
0.148538 
0.146796 
0.146094 
0.147098 
0.145391 
0.150633 
0.147646 
0.150337 
0.152058 
0.145245 
0.148533 
0.146025 
0.142570 
0.146183 
0.146910 
0.150065 
0.148293 
0.149038 
0.146613 
0.146057 
0.144248 
0.147480 
0.149660 
0.144904 
0.147742 
0.145827 
0.147385 
0.148255 
0.145048 
0.149738 
0.149314 
0.148825 
0.150010 
0.147212 
0.150972 
0.150070 
0.146931 
0.142877 
0.146537 
0.144195 
0.148185 
0.145600 
0.141613 
0.144461 
0.147348 
0.143596 
0.146419 
0.147834 
0.143739 
0.141938 
0.147124 
0.140872 
0.143640 
0.147344 
0.142922 
0.148855 
0.149934 
0.147773 
0.146533 
0.148470 
0.145417 
0.145805 
0.142484 
0.141016 
0.147196 
0.142010 
0.148737 
0.144904 
0.150466 
0.150700 
0.147158 
0.150059 
0.144231 
0.149044 
0.150282 
0.149328 
0.149444 
0.145338 
0.144130 
0.145599 
0.145888 
0.149423 
0.149366 
0.148654 
0.153413 
0.144408 
0.147020 
0.147527 
0.146536 
0.148441 
0.149978 
0.148120 
0.144755 
0.146438 
0.146873 
0.147350 
0.149299 
0.148728 
0.151184 
0.147097 
0.145926 
0.144667 
0.145096 
0.145467 
0.148184 
0.142870 
0.146300 
0.150004 
0.142896 
0.147374 
0.148321 
0.145641 
0.148066 
0.148914 
0.149527 
0.144596 
0.149974 
0.146279 
0.157783 
0.145976 
0.141818 
0.150460 
0.147379 
0.144784 
0.150017 
0.146265 
0.148068 
0.145056 
0.144667 
0.142589 
0.145379 
0.144543 
0.147552 
0.151175 
0.144737 
0.152024 
0.154143 
0.147050 
0.146096 
0.148327 
0.142336 
0.145944 
0.145961 
0.146517 
0.146686 
0.144426 
0.146992 
0.146236 
0.147145 
0.145341 
0.146378 
0.147973 
0.143528 
0.143519 
0.146560 
0.144765 
0.148408 
0.146902 
0.147715 
0.151390 
0.147809 
0.146835 
0.143857 
0.148509 
0.143176 
0.144727 
0.140139 
0.147585 
0.149070 
0.146843 
0.147185 
0.148998 
0.142845 
0.149236 
0.145353 
0.145773 
0.152987 
0.148143 
0.147823 
0.148662 
0.146359 
0.150250 
0.147124 
0.149641 
0.144317 
0.145099 
0.140710 
0.145063 
0.148335 
0.143997 
0.146998 
0.146879 
0.143719 
0.144832 
0.142479 
0.141533 
0.145523 
0.150070 
0.145264 
0.146885 
0.147216 
0.148981 
0.146215 
0.144816 
0.145094 
0.144181 
0.147337 
0.146510 
0.146004 
0.143896 
0.140300 
0.150624 
0.147219 
0.143176 
0.143765 
0.144665 
0.145530 
0.150163 
0.150410 
0.144076 
0.145210 
0.149547 
0.148743 
0.148134 
0.143537 
0.144801 
0.149191 
0.152037 
0.149185 
0.148899 
0.146823 
0.144761 
0.144948 
0.149938 
0.146291 
0.151688 
0.144605 
0.144818 
0.147185 
0.146512 
0.150543 
0.149206 
0.146191 
0.143735 
0.146665 
0.146749 
0.145290 
0.147061 
0.151042 
0.149455 
0.139978 
0.143453 
0.151686 
0.146631 
0.147088 
0.151950 
0.147779 
0.148336 
0.142611 
0.143026 
0.148248 
0.151625 
0.147938 
0.147560 
0.150042 
0.147180 
0.153919 
0.152734 
0.143823 
0.147497 
0.147250 
0.147100 
0.146111 
0.144775 
0.145165 
0.148819 
0.144620 
0.145019 
0.147630 
0.146154 
0.149014 
0.145815 
0.149965 
0.150014 
0.144447 
0.144502 
0.148380 
0.142380 
0.148013 
0.147160 
0.145936 
0.150494 
0.145411 
0.146299 
0.149411 
0.146430 
0.143940 
0.145740 
0.149517 
0.148457 
0.149439 
0.148184 
0.146294 
0.150546 
0.145111 
0.148081 
0.147829 
0.147725 
0.149056 
0.148821 
0.147650 
0.146838 
0.148357 
0.150076 
0.147653 
0.147912 
0.151114 
0.150446 
0.148216 
0.148391 
0.144661 
0.155273 
0.149640 
0.144738 
0.146201 
0.148488 
0.150291 
0.148271 
0.146690 
0.148679 
0.149240 
0.146196 
0.146877 
0.146727 
0.142696 
0.145844 
0.146869 
0.145918 
0.146938 
0.143835 
0.151601 
0.151440 
0.146262 
0.147791 
0.142765 
0.148729 
0.146628 
0.148941 
0.144171 
0.145610 
0.146539 
0.146584 
0.146992 
0.147104 
0.144273 
0.148234 
0.147927 
0.144327 
0.147096 
0.141782 
0.146869 
0.149602 
0.143737 
0.147709 
0.147638 
0.148289 
0.154162 
0.145740 
0.149187 
0.147228 
0.146619 
0.145844 
0.144121 
0.146070 
0.151129 
0.146471 
0.147854 
0.147816 
0.149718 
0.148186 
0.150614 
0.148008 
0.146579 
0.146357 
0.150703 
0.147025 
0.146428 
0.143920 
0.147851 
0.151041 
0.148817 
0.147702 
0.147667 
0.143685 
0.145684 
0.146239 
0.147372 
0.144019 
0.147466 
0.144876 
0.146015 
0.144756 
0.147882 
0.146438 
0.144817 
0.151340 
0.150253 
0.149828 
0.146821 
0.149117 
0.143584 
0.146792 
0.148050 
0.144502 
0.146167 
0.147360 
0.146878 
0.146699 
0.146206 
0.142985 
0.146942 
0.148132 
0.145614 
0.146050 
0.153933 
0.148833 
0.146739 
0.151646 
0.148928 
0.149469 
0.147838 
0.149670 
0.144861 
0.143694 
0.145725 
0.146768 
0.147475 
0.148364 
0.145779 
0.148738 
0.148291 
0.149157 
0.147274 
0.149273 
0.144372 
0.140992 
0.145428 
0.147042 
0.147310 
0.148721 
0.150667 
0.144046 
0.147290 
0.147060 
0.145486 
0.146161 
0.145091 
0.144777 
0.148462 
0.153680 
0.147865 
0.145716 
0.148339 
0.148072 
0.147094 
0.149436 
0.147509 
0.143799 
0.147999 
0.145925 
0.146577 
0.145374 
0.143453 
0.149084 
0.147801 
0.146622 
0.144790 
0.148507 
0.144414 
0.145021 
0.149114 
0.144815 
0.146545 
0.145044 
0.143335 
0.149101 
0.146226 
0.148366 
0.147460 
0.147767 
0.149020 
0.148778 
0.148156 
0.143235 
0.146794 
0.142515 
0.146422 
0.146491 
0.145676 
0.149273 
0.145660 
0.145538 
0.145203 
0.145434 
0.144425 
0.149737 
0.146688 
0.148774 
0.147474 
0.149109 
0.147190 
0.143604 
0.147929 
0.145376 
0.142436 
0.152903 
0.146912 
0.146724 
0.147567 
0.153175 
0.142576 
0.146781 
0.146910 
0.149796 
0.152000 
0.146303 
0.148426 
0.148422 
0.147842 
0.151155 
0.146534 
0.149078 
0.145942 
0.145805 
0.143730 
0.147879 
0.148985 
0.145147 
0.140922 
0.145975 
0.147761 
0.144116 
0.147280 
0.148804 
0.147384 
0.147374 
0.146439 
0.145637 
0.144839 
0.145771 
0.144500 
0.149327 
0.144491 
0.147908 
0.145626 
0.146610 
0.147904 
0.148744 
0.147308 
0.143725 
0.146321 
0.147349 
0.146807 
0.148566 
0.145572 
0.148998 
0.146309 
0.144388 
0.144663 
0.145035 
0.149752 
0.148590 
0.143619 
0.147274 
0.146854 
0.143815 
0.145258 
0.147432 
0.151163 
0.146753 
0.143407 
0.151532 
0.150008 
0.142772 
0.147670 
0.145649 
0.151767 
0.148986 
0.147823 
0.153640 
0.151857 
0.144645 
0.144986 
0.146634 
0.147881 
0.146100 
0.145405 
0.145440 
0.148108 
0.145726 
0.148861 
0.144161 
0.146368 
0.148523 
0.149435 
0.144455 
0.153059 
0.148112 
0.149520 
0.146671 
0.143075 
0.146602 
0.148485 
0.145080 
0.148412 
0.148894 
0.150803 
0.147685 
0.144784 
0.142174 
0.146153 
0.149421 
0.151165 
0.148818 
0.148504 
0.149123 
0.148161 
0.147281 
0.141639 
0.143362 
0.148774 
0.144262 
0.148991 
0.146080 
0.146284 
0.147498 
0.146864 
0.147622 
0.147003 
0.151392 
0.146037 
0.149674 
0.149226 
0.147451 
0.147019 
0.149373 
0.144141 
0.147374 
0.146559 
0.144328 
0.148597 
0.144371 
0.147895 
0.150290 
0.148463 
0.148298 
0.144068 
0.139461 
0.150588 
0.148230 
0.144646 
0.147386 
0.147601 
0.145068 
0.150348 
0.147882 
0.148265 
0.145315 
0.144595 
0.145020 
0.148567 
0.148123 
0.148944 
0.145914 
0.149416 
0.150534 
0.148873 
0.146212 
0.145730 
0.146802 
0.148969 
0.146245 
0.144012 
0.146026 
0.148118 
0.144133 
0.144535 
0.146320 
0.145536 
0.145060 
0.146568 
0.151531 
0.146660 
0.144730 
0.150903 
0.145076 
0.149490 
0.145184 
0.147886 
0.151556 
0.150835 
0.145439 
0.142374 
0.144115 
0.150545 
0.146013 
0.146541 
0.146013 
0.153695 
0.148718 
0.146287 
0.153623 
0.144968 
0.148096 
0.148142 
0.144619 
0.148643 
0.148840 
0.147092 
0.148193 
0.149992 
0.143338 
0.143866 
0.146986 
0.144301 
0.149585 
0.148317 
0.145227 
0.144492 
0.147702 
0.148635 
0.148475 
0.144161 
0.148926 
0.146313 
0.144886 
0.145219 
0.150732 
0.150545 
0.145290 
0.147677 
0.147307 
0.142407 
0.144203 
0.150419 
0.144239 
0.150085 
0.143778 
0.148393 
0.147432 
0.148140 
0.145891 
0.151370 
0.142383 
0.149344 
0.149884 
0.149572 
0.146842 
0.145558 
0.148635 
0.152488 
0.150634 
0.146864 
0.147952 
0.143702 
0.144762 
0.147065 
0.146908 
0.145319 
0.143386 
0.143517 
0.149430 
0.149536 
0.147045 
0.149530 
0.147800 
0.147185 
0.148988 
0.145948 
0.149649 
0.142955 
0.147226 
0.146783 
0.143023 
0.148979 
0.150332 
0.146702 
0.141349 
0.141558 
0.144991 
0.142370 
0.142277 
0.146776 
0.143029 
0.146365 
0.148695 
0.144336 
0.144068 
0.148761 
0.148348 
0.148297 
0.145628 
0.147784 
0.148495 
0.146718 
0.147489 
0.149335 
0.146216 
0.150290 
0.143802 
0.148099 
0.148835 
0.148657 
0.150365 
0.140155 
0.144937 
0.146238 
0.147413 
0.149930 
0.149499 
0.147690 
0.149343 
0.146693 
0.148536 
0.150366 
0.148085 
0.149442 
0.146277 
0.148654 
0.142514 
0.151281 
0.144421 
0.146910 
0.145013 
0.147155 
0.146249 
0.150260 
0.146378 
0.148147 
0.146974 
0.146942 
0.147286 
0.146833 
0.148976 
0.146084 
0.145905 
0.145271 
0.148587 
0.147190 
0.142696 
0.150800 
0.146258 
0.144375 
0.146144 
0.148047 
0.146834 
0.145955 
0.149972 
0.146465 
0.149040 
0.150433 
0.146659 
0.149967 
0.147222 
0.141915 
0.146620 
0.146065 
0.146138 
0.145248 
0.143197 
0.149244 
0.147406 
0.148187 
0.147610 
0.149162 
0.152262 
0.144474 
0.143350 
0.150384 
0.145324 
0.145419 
0.147967 
0.145801 
0.145576 
0.146113 
0.144126 
0.145521 
0.145721 
0.143610 
0.148170 
0.148202 
0.147080 
0.147655 
0.145298 
0.147864 
0.145723 
0.146944 
0.149953 
0.146654 
0.143231 
0.152839 
0.148735 
0.146477 
0.146367 
0.146961 
0.148133 
0.146428 
0.151511 
0.148639 
0.152351 
0.148613 
0.147525 
0.146014 
0.144442 
0.149168 
0.146602 
0.152686 
0.148061 
0.142788 
0.143502 
0.148559 
0.147444 
0.144481 
0.148168 
0.145713 
0.147197 
0.146137 
0.143450 
0.141279 
0.147727 
0.148495 
0.145816 
0.142532 
0.143531 
0.148248 
0.145762 
0.145607 
0.147822 
0.148136 
0.146653 
0.151932 
0.144488 
0.143015 
0.140609 
0.151422 
0.147388 
0.144359 
0.145421 
0.144425 
0.150547 
0.154133 
0.145502 
0.143019 
0.146573 
0.144915 
0.143971 
0.144424 
0.150363 
0.144551 
0.151271 
0.143803 
0.148188 
0.150792 
0.147640 
0.146539 
0.140632 
0.144779 
0.142417 
0.147764 
0.143739 
0.141575 
0.146084 
0.145241 
0.148262 
0.147281 
0.152684 
0.151388 
0.146537 
0.149489 
0.144108 
0.149753 
0.147601 
0.148845 
0.146539 
0.148050 
0.143956 
0.144238 
0.146325 
0.148697 
0.145316 
0.149529 
0.148871 
0.144545 
0.143755 
0.146221 
0.143847 
0.144084 
0.144507 
0.148622 
0.146396 
0.146509 
0.147644 
0.150002 
0.149869 
0.146479 
0.145412 
0.144946 
0.148300 
0.147492 
0.146685 
0.147197 
0.145277 
0.140492 
0.144707 
0.146169 
0.142979 
0.148498 
0.150278 
0.146491 
0.144613 
0.145401 
0.146966 
0.143762 
0.149809 
0.149022 
0.142938 
0.147437 
0.148482 
0.144899 
0.148007 
0.149352 
0.143810 
0.145708 
0.145112 
0.147624 
0.146656 
0.144548 
0.149619 
0.151022 
0.146242 
0.147851 
0.144701 
0.148213 
0.149727 
0.149066 
0.146769 
0.142631 
0.152111 
0.149727 
0.147983 
0.152357 
0.146736 
0.146391 
0.144876 
0.145309 
0.144257 
0.145643 
0.146675 
0.152906 
0.146192 
0.143741 
0.147821 
0.142592 
0.145466 
0.144825 
0.150865 
0.147935 
0.144495 
0.147986 
0.147193 
0.147764 
0.144680 
0.145016 
0.146780 
0.145693 
0.146096 
0.146318 
0.147756 
0.145196 
0.152667 
0.145003 
0.145231 
0.145109 
0.147127 
0.147665 
0.147753 
0.149024 
0.147382 
0.145688 
0.151178 
0.146069 
0.146063 
0.146861 
0.149671 
0.147906 
0.145611 
0.145195 
0.147185 
0.150331 
0.151836 
0.146931 
0.144563 
0.150360 
0.148618 
0.148327 
0.149678 
0.146171 
0.151117 
0.144785 
0.146722 
0.143212 
0.146082 
0.147953 
0.147673 
0.148677 
0.149403 
0.149233 
0.147656 
0.145874 
0.147596 
0.145781 
0.143201 
0.149377 
0.146166 
0.145134 
0.145667 
0.146643 
0.149462 
0.146737 
0.147683 
0.151920 
0.142488 
0.151524 
0.146797 
0.144962 
0.142586 
0.146598 
0.145590 
0.149938 
0.145322 
0.141788 
0.140061 
0.143514 
0.146045 
0.147525 
0.145159 
0.144769 
0.141377 
0.143908 
0.147001 
0.148536 
0.149529 
0.147349 
0.145774 
0.146181 
0.146624 
0.148048 
0.148053 
0.146208 
0.146820 
0.148850 
0.148605 
0.149169 
0.152347 
0.146820 
0.149877 
0.148567 
0.144938 
0.150117 
0.147624 
0.147755 
0.151507 
0.147748 
0.144550 
0.144658 
0.145812 
0.148332 
0.144707 
0.148978 
0.151055 
0.146482 
0.148274 
0.144299 
0.144235 
0.148923 
0.144293 
0.143117 
0.147691 
0.146325 
0.146676 
0.150961 
0.150007 
0.145661 
0.149091 
0.144421 
0.144431 
0.143704 
0.149349 
0.147484 
0.141884 
0.147163 
0.146283 
0.147722 
0.151735 
0.151562 
0.147747 
0.148260 
0.144296 
0.146568 
0.151408 
0.144481 
0.146858 
0.145047 
0.142862 
0.149620 
0.146118 
0.148317 
0.148669 
0.144718 
0.146295 
0.145131 
0.145319 
0.144603 
0.144979 
0.147993 
0.145857 
0.141747 
0.139693 
0.145990 
0.148064 
0.149445 
0.150312 
0.145834 
0.147716 
0.146863 
0.145838 
0.146369 
0.148575 
0.149075 
0.144126 
0.149340 
0.147405 
0.145337 
0.146422 
0.145996 
0.142182 
0.147230 
0.144203 
0.145229 
0.147464 
0.147993 
0.146226 
0.142944 
0.145153 
0.144505 
0.143816 
0.149623 
0.149232 
0.143690 
0.144827 
0.148300 
0.148648 
0.148899 
0.143467 
0.152593 
0.147235 
0.149740 
0.143465 
0.152649 
0.150976 
0.148496 
0.146413 
0.144207 
0.147028 
0.149013 
0.150390 
0.146695 
0.145943 
0.149476 
0.149206 
0.146397 
0.151149 
0.143508 
0.146463 
0.147849 
0.143405 
0.147528 
0.144415 
0.148358 
0.146016 
0.150061 
0.149215 
0.147630 
0.147120 
0.144907 
0.147185 
0.143902 
0.146097 
0.141996 
0.148087 
0.144129 
0.148959 
0.149877 
0.146418 
0.150617 
0.147300 
0.145945 
0.148612 
0.148023 
0.145076 
0.145069 
0.145661 
0.148177 
0.147515 
0.146454 
0.143444 
0.144352 
0.148371 
0.144916 
0.147873 
0.145977 
0.147388 
0.145804 
0.148985 
0.147000 
0.148070 
0.142858 
0.145847 
0.149415 
0.144705 
0.150416 
0.149630 
0.146295 
0.148576 
0.148213 
0.147388 
0.142306 
0.147701 
0.145322 
0.150131 
0.146852 
0.147741 
0.144915 
0.150033 
0.146750 
0.144812 
0.144567 
0.146013 
0.148908 
0.145850 
0.147524 
0.149074 
0.145489 
0.150024 
0.153808 
0.149776 
0.148105 
0.148147 
0.145478 
0.145981 
0.144819 
0.143410 
0.145200 
0.144578 
0.149957 
0.144317 
0.146926 
0.145783 
0.144172 
0.147624 
0.145440 
0.144284 
0.145108 
0.145114 
0.149436 
0.150275 
0.145743 
0.148805 
0.149647 
0.150836 
0.150178 
0.152386 
0.150283 
0.151283 
0.148246 
0.150520 
0.149397 
0.146573 
0.144411 
0.144969 
0.148594 
0.146148 
0.146489 
0.146866 
0.150202 
0.140178 
0.146172 
0.148369 
0.147269 
0.152486 
0.149509 
0.145383 
0.142093 
0.150582 
0.145648 
0.145390 
0.148482 
0.146370 
0.144101 
0.147555 
0.148877 
0.144398 
0.145481 
0.148735 
0.146780 
0.144406 
0.145853 
0.142197 
0.143914 
0.146388 
0.146500 
0.142611 
0.149380 
0.149183 
0.154607 
0.149599 
0.146171 
0.147175 
0.145745 
0.146386 
0.147177 
0.143695 
0.142771 
0.144938 
0.144894 
0.148116 
0.150699 
0.145337 
0.150029 
0.144929 
0.147728 
0.144471 
0.143638 
0.149221 
0.148678 
0.146424 
0.146409 
0.144593 
0.146941 
0.144843 
0.147351 
0.144374 
0.145026 
0.152583 
0.144476 
0.148191 
0.141331 
0.148646 
0.148738 
0.146019 
0.147455 
0.148103 
0.147475 
0.141409 
0.142740 
0.146097 
0.150015 
0.145070 
0.150161 
0.149461 
0.149005 
0.147945 
0.145310 
0.146180 
0.149452 
0.146224 
0.145697 
0.142555 
0.144346 
0.149245 
0.148005 
0.144863 
0.142154 
0.143923 
0.144072 
0.146877 
0.148147 
0.151207 
0.149906 
0.146672 
0.148118 
0.145956 
0.150596 
0.151989 
0.147209 
0.145616 
0.148972 
0.146192 
0.147929 
0.146870 
0.148950 
0.152074 
0.145956 
0.145558 
0.146116 
0.149720 
0.143650 
0.149322 
0.145424 
0.147022 
0.146145 
0.147463 
0.146852 
0.145593 
0.147720 
0.149570 
0.149813 
0.143859 
0.149499 
0.146017 
0.146845 
0.147799 
0.147978 
0.144776 
0.151814 
0.148060 
0.143279 
0.145865 
0.151626 
0.149775 
0.145702 
0.144810 
0.148521 
0.146208 
0.147696 
0.144543 
0.145601 
0.148545 
0.147112 
0.148829 
0.146053 
0.142879 
0.150436 
0.147123 
0.144012 
0.144772 
0.146818 
0.149122 
0.144503 
0.144382 
0.142218 
0.147779 
0.146869 
0.145647 
0.150615 
0.145612 
0.145746 
0.148363 
0.146278 
0.145083 
0.144251 
0.150201 
0.147362 
0.144589 
0.146282 
0.146706 
0.147837 
0.144777 
0.147547 
0.152290 
0.147507 
0.146740 
0.145150 
0.146591 
0.148845 
0.146369 
0.146579 
0.146175 
0.148976 
0.146134 
0.148454 
0.150580 
0.148148 
0.145653 
0.150123 
0.145057 
0.151645 
0.149207 
0.148145 
0.147255 
0.149574 
0.147253 
0.144600 
0.146094 
0.149030 
0.149272 
0.148828 
0.150047 
0.147409 
0.149983 
0.143611 
0.146771 
0.146197 
0.143481 
0.147995 
0.144199 
0.146278 
0.146295 
0.147156 
0.150229 
0.148772 
0.147955 
0.146107 
0.150062 
0.146102 
0.147387 
0.146125 
0.149698 
0.144736 
0.147900 
0.146928 
0.145493 
0.147099 
0.146672 
0.142008 
0.147157 
0.146722 
0.146284 
0.146108 
0.143744 
0.144989 
0.146960 
0.146135 
0.145462 
0.145763 
0.149787 
0.145528 
0.144150 
0.147607 
0.146080 
0.145443 
0.148613 
0.145652 
0.148744 
0.146507 
0.151421 
0.145814 
0.149618 
0.147249 
0.144541 
0.145460 
0.145378 
0.142658 
0.144912 
0.145661 
0.148911 
0.145596 
0.147449 
0.148749 
0.146548 
0.147996 
0.145453 
0.144686 
0.147748 
0.144275 
0.147872 
0.147764 
0.149177 
0.149207 
0.150691 
0.146228 
0.147568 
0.148397 
0.147575 
0.148723 
0.147419 
0.149563 
0.148485 
0.149226 
0.147182 
0.142544 
0.148140 
0.148170 
0.147961 
0.154046 
0.147523 
0.144777 
0.144789 
0.144917 
0.148474 
0.148122 
0.144159 
0.146106 
0.148875 
0.150380 
0.144956 
0.149070 
0.149571 
0.145519 
0.148467 
0.147538 
0.148336 
0.147638 
0.149516 
0.144089 
0.148621 
0.151898 
0.148947 
0.148181 
0.149767 
0.145626 
0.142615 
