0.033581 
0.111028 
0.178520 
0.144335 
0.033435 
-0.087282 
0.031096 
0.132915 
0.482996 
0.132455 
0.261862 
0.031099 
0.004659 
0.042065 
-0.166171 
-0.339043 
-0.276714 
-0.320725 
-0.113734 
0.050386 
-0.162686 
-0.060924 
0.076592 
-0.075342 
-0.252749 
0.268288 
0.229445 
0.115655 
-0.151902 
0.175020 
0.054953 
0.061581 
0.228827 
0.263467 
-0.036091 
-0.016919 
0.253060 
0.156435 
0.188966 
0.023894 
-0.121111 
0.086683 
0.397415 
0.125921 
0.252494 
-0.008898 
0.243947 
0.094559 
0.111058 
0.098165 
0.229881 
0.145317 
0.159033 
0.152080 
0.290698 
0.037152 
0.004939 
-0.053731 
0.138118 
0.004065 
0.051008 
0.013982 
0.171809 
-0.096911 
-0.040367 
-0.008559 
0.297052 
0.132438 
0.076746 
0.039678 
0.265517 
0.242797 
0.270034 
-0.098243 
0.149742 
0.173588 
-0.048053 
0.051152 
0.163858 
0.226732 
0.245523 
0.207259 
-0.184524 
-0.021603 
-0.017248 
-0.015593 
0.113962 
-0.140781 
0.219755 
0.358339 
0.259570 
0.317047 
0.245277 
0.085534 
0.052868 
0.084857 
0.107851 
-0.252736 
0.056780 
-0.134206 
0.341330 
0.211577 
-0.012311 
-0.150794 
-0.005737 
0.139568 
0.104928 
0.260956 
0.090163 
0.127534 
0.214981 
0.085044 
-0.050504 
0.177198 
0.255847 
0.182461 
-0.113879 
-0.134467 
-0.341421 
-0.157009 
0.225364 
0.224081 
-0.066884 
-0.046555 
0.044441 
0.223645 
0.021907 
0.038430 
0.241915 
0.250049 
0.257768 
0.046420 
-0.246123 
0.100398 
0.069218 
0.212796 
0.217634 
-0.013078 
-0.040767 
0.043707 
-0.105055 
0.060883 
0.212341 
0.121342 
0.082518 
0.228240 
0.066907 
0.145150 
0.134414 
0.053204 
0.281537 
0.239494 
0.062702 
0.088385 
0.225406 
0.197824 
0.193598 
0.033122 
-0.034681 
0.117137 
-0.055584 
-0.091864 
-0.081351 
0.040855 
-0.163982 
0.049031 
0.224698 
0.241095 
0.184708 
0.269892 
0.213126 
0.165461 
0.326892 
-0.168453 
0.085632 
0.070343 
0.010727 
-0.027579 
-0.330915 
-0.011926 
-0.090746 
-0.140443 
-0.095042 
0.171615 
0.241902 
0.543955 
0.498733 
0.053582 
0.153391 
0.330249 
0.249615 
-0.022966 
-0.079845 
-0.098277 
-0.198991 
-0.094338 
0.034605 
-0.037907 
-0.097602 
-0.163895 
0.088676 
0.078778 
0.049371 
0.062729 
0.090567 
0.025078 
-0.229423 
0.175097 
-0.022491 
0.062693 
0.168735 
0.214347 
-0.022511 
0.177340 
0.154619 
0.086448 
0.088640 
0.251447 
0.059614 
0.248750 
0.002380 
-0.232053 
-0.025558 
0.062943 
0.152709 
0.185013 
-0.010386 
-0.072910 
0.176971 
0.166486 
0.036558 
-0.046333 
-0.092353 
0.083566 
-0.030709 
-0.199849 
-0.085692 
0.047456 
-0.116134 
0.023464 
0.018306 
0.166939 
0.026421 
0.242431 
-0.079343 
0.072626 
-0.246455 
0.335561 
0.374472 
0.107350 
0.433341 
-0.128408 
0.166517 
0.178270 
0.031274 
0.309280 
0.120447 
-0.059745 
0.200913 
0.061589 
-0.305469 
-0.082111 
-0.060831 
-0.331844 
0.116788 
-0.063392 
-0.256514 
0.152114 
0.027471 
-0.018822 
0.173467 
0.161524 
0.026748 
0.119579 
-0.156837 
0.135019 
0.109293 
0.059207 
0.035268 
0.100048 
0.045838 
0.196142 
0.213064 
0.113085 
0.155928 
0.090166 
0.339161 
0.142767 
0.047930 
-0.133618 
-0.059479 
-0.017725 
0.135351 
0.040797 
0.201310 
0.138628 
0.195253 
0.020995 
-0.168266 
0.057035 
0.012803 
0.118613 
0.115352 
0.256955 
-0.010513 
-0.289323 
0.059440 
0.015543 
0.185521 
-0.094410 
0.101267 
0.085795 
0.162406 
0.196208 
0.157289 
0.009358 
0.057254 
0.031864 
-0.279527 
-0.070023 
-0.113835 
0.014737 
0.105436 
0.135716 
0.200663 
0.229839 
0.068884 
0.051450 
-0.086199 
-0.033222 
-0.260254 
-0.109641 
-0.144161 
-0.286032 
0.131614 
-0.062897 
0.247672 
0.364662 
0.045669 
-0.012001 
-0.049564 
0.008908 
-0.025824 
0.029986 
0.089289 
-0.145202 
-0.030259 
-0.164787 
0.001397 
-0.065341 
0.152092 
0.149154 
0.102913 
-0.155292 
0.073826 
0.196967 
0.189127 
0.153294 
-0.001242 
0.377798 
-0.048320 
0.001945 
0.074091 
-0.072651 
-0.123375 
0.222508 
0.230890 
0.516690 
0.216233 
0.032878 
0.106143 
0.126126 
0.102018 
0.066175 
0.330633 
0.231069 
-0.001374 
0.061062 
-0.187157 
-0.085836 
0.013989 
-0.217714 
-0.049280 
0.171462 
0.234498 
0.001098 
-0.092747 
-0.022822 
0.072964 
0.078473 
0.143813 
0.024169 
0.083394 
0.056298 
0.268626 
0.162663 
0.049157 
0.155229 
0.215754 
0.312531 
0.082947 
-0.059855 
-0.117458 
0.436100 
0.424848 
0.313712 
-0.070911 
-0.120162 
0.031311 
-0.155143 
0.021547 
-0.023004 
0.170851 
-0.032129 
-0.143865 
0.119466 
0.161964 
0.190156 
0.149354 
-0.015277 
0.157579 
-0.176104 
-0.208190 
-0.173611 
-0.137971 
-0.035621 
-0.009725 
0.000539 
0.082716 
0.014498 
0.173866 
-0.052355 
-0.232157 
-0.031186 
-0.035684 
0.204245 
-0.144472 
0.194348 
-0.214676 
0.071432 
0.122176 
-0.004074 
0.038939 
0.157579 
0.038070 
-0.001974 
0.257412 
0.157599 
-0.126422 
-0.140476 
0.234272 
0.199605 
0.019373 
-0.051536 
0.034240 
0.007945 
-0.181425 
0.282250 
0.195743 
-0.048657 
-0.074645 
0.258383 
0.216628 
0.178353 
0.034538 
0.359875 
0.294474 
0.262735 
0.044418 
-0.009647 
0.064859 
0.084517 
0.296396 
0.213065 
0.057013 
0.088773 
0.129536 
0.007426 
-0.092270 
0.123460 
0.023953 
-0.167511 
-0.056233 
0.239072 
0.227831 
0.347803 
0.231411 
0.132032 
0.122896 
0.034450 
-0.004119 
0.195209 
0.057343 
0.243277 
0.015267 
-0.091457 
-0.239226 
-0.067952 
0.011017 
0.073138 
-0.009123 
0.084305 
-0.039055 
0.097039 
0.139575 
0.399506 
0.159807 
-0.103667 
-0.110233 
0.038489 
0.145743 
0.122906 
0.122353 
0.139097 
0.170879 
0.065602 
0.029588 
0.157165 
0.003955 
0.044952 
0.178100 
0.110405 
0.155241 
-0.023157 
0.215032 
0.073615 
0.149697 
0.080576 
-0.146225 
0.050007 
-0.011163 
-0.114020 
-0.015638 
0.135505 
0.212618 
0.061483 
0.246986 
0.210658 
0.254086 
0.061967 
0.186257 
0.082250 
-0.024707 
0.005181 
0.519475 
0.310878 
0.328458 
0.278939 
0.069674 
0.009078 
-0.249650 
0.061801 
-0.137061 
-0.031354 
0.059786 
-0.116783 
-0.105357 
-0.076234 
-0.112221 
-0.319841 
-0.113301 
-0.124547 
-0.046650 
0.198179 
0.441569 
0.253288 
0.007137 
0.027504 
0.143978 
0.217346 
-0.221703 
-0.017235 
-0.098765 
0.051254 
-0.312382 
0.119142 
-0.017865 
-0.093681 
0.046634 
0.182009 
0.203193 
-0.157648 
-0.030720 
-0.084514 
0.030527 
0.184490 
-0.085385 
0.131493 
-0.193392 
0.202733 
0.070333 
0.112029 
0.196084 
0.206679 
-0.025091 
-0.092755 
0.060045 
0.143410 
0.154529 
0.051592 
-0.085342 
-0.138953 
0.111539 
-0.008754 
0.067427 
0.104892 
-0.068526 
0.010931 
0.019475 
0.188469 
-0.078385 
0.208266 
0.066322 
-0.205279 
0.117360 
-0.112549 
0.108798 
-0.013728 
0.013402 
0.161822 
-0.198376 
0.151205 
0.113263 
0.005205 
0.173391 
-0.001294 
0.135215 
0.179991 
0.010321 
-0.051970 
0.090161 
0.215518 
0.147872 
0.131943 
0.099379 
0.117005 
0.031723 
0.054085 
-0.006228 
0.014833 
0.205957 
0.145925 
-0.043081 
-0.313426 
-0.020708 
-0.025385 
0.229695 
0.167347 
0.177913 
-0.128529 
-0.088454 
0.018571 
-0.124998 
-0.034255 
0.266207 
0.206019 
0.174275 
0.051285 
-0.013961 
0.089739 
0.125010 
0.267466 
0.004515 
0.258818 
0.413741 
0.257583 
-0.048128 
0.137658 
-0.079467 
0.032780 
0.057173 
0.284741 
-0.053107 
0.282997 
0.027859 
0.007110 
0.196322 
0.329336 
0.299440 
0.199609 
-0.008237 
-0.008672 
-0.106638 
0.097564 
0.145765 
0.030358 
-0.162314 
0.145331 
0.194212 
0.206404 
0.076370 
0.081639 
0.270856 
0.333282 
0.213392 
0.219777 
-0.065875 
0.073026 
0.009565 
-0.203606 
-0.023849 
-0.106371 
0.029793 
0.101837 
0.167643 
-0.024259 
-0.028296 
-0.044781 
0.104138 
-0.007104 
-0.207603 
-0.134183 
0.053438 
0.297835 
0.284549 
-0.044617 
-0.219858 
0.377791 
0.301507 
0.423300 
0.104219 
0.463941 
0.132544 
0.217727 
0.128426 
0.204303 
0.087708 
0.011809 
0.216514 
0.175212 
0.217803 
0.073659 
0.167893 
0.051677 
-0.008342 
0.183994 
0.041088 
-0.057712 
-0.134985 
-0.008575 
0.153494 
0.552597 
0.254812 
0.281885 
0.306475 
-0.175790 
0.240409 
-0.050834 
0.276986 
-0.044273 
0.198285 
0.164358 
0.328481 
0.236955 
0.370028 
-0.009791 
-0.185659 
0.169384 
0.085575 
0.181707 
-0.080041 
0.138375 
-0.139457 
-0.026488 
-0.156628 
-0.080778 
-0.145881 
-0.018860 
0.393359 
0.230944 
0.173549 
0.122565 
0.129808 
0.119823 
0.067235 
0.162108 
0.126221 
0.098239 
0.107534 
-0.134564 
-0.209294 
-0.025008 
0.240800 
0.091813 
-0.185245 
-0.064440 
0.078054 
0.106570 
0.142291 
-0.075969 
-0.031520 
-0.134642 
-0.032322 
0.001682 
0.118398 
0.092871 
0.075071 
-0.066033 
-0.153379 
0.026639 
0.398295 
0.284656 
0.045617 
-0.123616 
-0.027191 
-0.103265 
0.030605 
0.173829 
0.100673 
0.366152 
0.179700 
0.211314 
0.305323 
0.248082 
0.252171 
0.145247 
0.153263 
0.031091 
-0.080161 
0.008636 
-0.011017 
0.136648 
0.103539 
0.080495 
-0.162845 
0.070274 
0.023872 
0.249439 
0.237171 
0.256101 
0.017456 
0.025798 
0.092490 
0.238942 
-0.108321 
0.104813 
0.100566 
0.109332 
0.283168 
0.087407 
0.110847 
0.062252 
-0.034720 
0.180970 
0.203536 
0.035413 
0.043697 
0.090401 
-0.262828 
-0.082787 
0.089226 
-0.127028 
0.132126 
-0.059919 
0.082981 
0.093859 
0.124898 
0.023941 
-0.187465 
0.043455 
0.149677 
0.028717 
0.202237 
0.132014 
0.099264 
0.251718 
0.160126 
0.181985 
0.078944 
0.031448 
0.005250 
-0.041583 
0.096727 
0.153545 
0.042207 
0.102036 
0.075998 
0.060540 
0.105584 
0.081042 
0.203558 
0.156511 
0.238866 
0.339643 
0.134469 
0.159651 
0.405494 
0.488515 
0.036367 
0.221783 
0.250313 
0.073797 
0.324442 
0.385611 
0.219047 
0.341622 
0.310425 
-0.076723 
0.217119 
-0.034243 
0.120286 
-0.050529 
0.149965 
0.040468 
0.089017 
0.108037 
0.059316 
0.125887 
-0.121110 
0.134163 
0.357417 
0.083925 
0.287160 
0.152258 
0.115956 
-0.063173 
-0.107842 
0.179103 
-0.094942 
-0.095911 
-0.098129 
0.030714 
-0.053631 
0.055040 
-0.058080 
0.303599 
0.336528 
0.143877 
0.073575 
-0.137416 
0.294565 
0.219781 
-0.127903 
-0.171805 
0.119082 
0.152350 
0.223189 
0.224274 
0.166242 
0.072634 
-0.167949 
-0.102581 
-0.164235 
0.028385 
-0.291645 
-0.197394 
0.092981 
0.282579 
-0.074229 
0.043624 
-0.053651 
0.161985 
0.202734 
-0.062205 
-0.233204 
-0.055252 
-0.026790 
0.397254 
0.143352 
0.161164 
0.395941 
0.246585 
0.278266 
-0.119353 
-0.235917 
-0.093044 
-0.036919 
-0.011558 
0.182301 
-0.138719 
-0.060921 
0.187305 
0.227687 
0.106338 
-0.084458 
0.061891 
0.034514 
-0.026189 
0.147982 
0.209519 
0.049047 
-0.020190 
0.187604 
0.383864 
-0.061868 
-0.162734 
0.052881 
0.093541 
0.026449 
0.242718 
0.059052 
0.288738 
0.377590 
-0.109380 
0.036202 
0.060311 
0.219704 
0.269230 
0.212568 
0.049646 
0.004697 
0.138253 
-0.012029 
-0.061240 
0.335043 
0.332806 
0.358241 
0.158400 
0.161127 
-0.004609 
-0.103781 
0.050693 
-0.128620 
-0.168999 
-0.124496 
0.014231 
0.145154 
0.089341 
0.141479 
0.123707 
0.428764 
0.274629 
0.404661 
0.270143 
0.178459 
0.057166 
-0.157007 
0.252757 
0.089672 
0.061310 
0.214977 
0.160928 
0.140615 
0.185008 
0.043546 
0.099054 
-0.009059 
0.173887 
0.107366 
0.202015 
0.179684 
0.199477 
0.010709 
0.063643 
0.254986 
0.040860 
0.019723 
0.142226 
-0.003223 
-0.316022 
-0.246279 
0.146080 
0.046499 
0.174081 
0.081096 
0.075975 
0.070855 
0.138596 
-0.283358 
-0.068874 
0.175848 
0.199001 
0.140690 
0.168798 
-0.142384 
-0.243435 
0.007465 
0.204461 
0.484190 
-0.065627 
0.047226 
0.066110 
0.021903 
0.451607 
0.140998 
-0.062314 
0.133687 
0.063181 
-0.079913 
0.154167 
-0.118225 
-0.108968 
-0.159494 
-0.076101 
0.123258 
0.041148 
-0.033206 
0.001073 
0.098713 
0.089873 
0.055278 
-0.006372 
0.052791 
0.157895 
0.032754 
-0.023559 
0.149591 
-0.051329 
-0.241977 
0.033871 
-0.033090 
0.047121 
0.139092 
0.147110 
0.050793 
-0.046420 
0.044256 
0.076763 
0.335547 
0.076864 
-0.049001 
0.170788 
0.005907 
0.047456 
0.090411 
0.123600 
0.228086 
0.295373 
0.009922 
-0.187691 
0.120369 
0.042586 
0.179299 
0.160478 
0.165004 
0.169964 
-0.143615 
0.177844 
0.146185 
0.156292 
0.395197 
0.171236 
0.112137 
0.083086 
0.104441 
-0.004287 
0.243877 
0.022534 
-0.041210 
0.148038 
0.122350 
0.391702 
0.313354 
0.171126 
0.181683 
0.267272 
0.315136 
0.308883 
0.111128 
0.098580 
0.132623 
0.117861 
-0.219194 
-0.395383 
0.074598 
-0.099524 
-0.068062 
-0.004046 
-0.025899 
0.399358 
-0.157155 
0.136277 
0.038686 
0.291388 
0.198153 
0.383018 
-0.074188 
0.336818 
0.217367 
0.023599 
-0.206865 
0.162749 
-0.042964 
0.173108 
0.147276 
0.183127 
0.070132 
0.294046 
0.227516 
0.343674 
0.181850 
0.382219 
0.103110 
0.276445 
0.236735 
0.138212 
-0.037200 
-0.074507 
-0.242248 
-0.121287 
-0.003030 
-0.121359 
0.026669 
0.102899 
0.158160 
0.241251 
0.144207 
0.132509 
0.374942 
0.224564 
-0.077636 
0.094213 
0.164806 
0.151752 
0.021786 
0.017941 
0.033999 
0.207841 
-0.134522 
0.025933 
-0.026093 
0.059185 
-0.179753 
-0.196301 
0.055433 
0.214666 
0.195581 
0.176379 
0.068557 
0.043386 
0.201501 
0.127670 
0.117990 
0.025562 
0.041654 
0.044744 
0.240831 
0.195109 
0.073404 
0.198228 
0.379351 
0.044287 
0.021695 
0.066933 
0.241989 
-0.028498 
0.190361 
0.256892 
0.175322 
0.317056 
0.058062 
0.059176 
0.079641 
0.100905 
-0.002611 
0.182169 
-0.108653 
0.509609 
0.069637 
0.006313 
0.221406 
0.029107 
0.255067 
-0.019268 
-0.076923 
-0.200801 
-0.139190 
0.026797 
-0.246871 
-0.003823 
-0.021479 
-0.018410 
0.159804 
0.028824 
-0.116647 
-0.084762 
-0.045609 
0.110914 
0.022594 
0.219751 
0.084047 
0.294719 
0.088387 
0.053160 
0.066638 
0.065370 
0.282326 
-0.120921 
-0.082452 
0.279031 
0.249913 
0.093934 
-0.086101 
-0.109468 
-0.189595 
0.195091 
0.121130 
0.049975 
-0.056638 
0.038996 
0.099872 
0.408657 
0.262469 
0.057431 
-0.036092 
-0.119334 
0.170688 
-0.041203 
0.115236 
0.062189 
0.125870 
-0.008617 
0.096620 
-0.018154 
0.084432 
0.056091 
-0.003053 
0.034415 
0.194175 
0.104736 
-0.047488 
0.032955 
0.044926 
-0.000906 
-0.098508 
0.253290 
0.016281 
0.027672 
0.105729 
0.055257 
0.202687 
0.001059 
0.127679 
-0.067100 
0.038810 
0.066401 
0.069807 
-0.064864 
0.115944 
0.367482 
0.133168 
0.213468 
0.123777 
0.070087 
-0.146821 
0.030685 
0.042491 
0.267942 
0.340155 
0.159311 
-0.170701 
-0.024966 
-0.103062 
0.257021 
-0.005773 
0.011693 
0.176565 
-0.075903 
-0.106946 
0.328744 
0.123566 
0.032377 
0.293050 
0.280581 
0.306267 
0.127098 
-0.029743 
0.220502 
-0.031281 
0.059479 
0.083159 
0.202468 
0.191427 
0.364709 
0.215272 
0.285832 
0.007561 
0.196611 
0.204640 
0.173206 
0.092336 
-0.044586 
-0.078604 
0.067836 
0.037947 
0.034657 
0.057867 
0.179664 
0.059610 
-0.063983 
-0.040020 
-0.002632 
0.035935 
0.026415 
0.084062 
0.036676 
0.156848 
0.239657 
-0.037178 
-0.050430 
0.072113 
0.076845 
0.161057 
0.021636 
0.152001 
0.069134 
0.199689 
0.096912 
0.387443 
0.165189 
0.109144 
0.009394 
0.096824 
-0.047719 
0.176403 
0.150546 
0.115875 
0.161599 
-0.015689 
0.010623 
-0.092857 
-0.000290 
0.102818 
-0.039830 
-0.081799 
-0.073171 
0.348234 
0.253420 
0.010523 
0.077176 
-0.072868 
-0.184838 
-0.032855 
0.075675 
0.329630 
0.289566 
0.223940 
0.145092 
-0.095702 
0.013769 
0.198667 
0.164843 
0.099365 
0.120184 
0.159889 
-0.164087 
-0.008275 
-0.059253 
-0.027146 
0.160005 
0.019937 
0.234735 
0.118893 
-0.026694 
0.016957 
-0.039394 
0.245960 
-0.173864 
0.107466 
-0.066145 
0.200598 
0.386524 
0.081201 
0.201313 
-0.082819 
-0.030425 
-0.048635 
-0.161212 
0.086552 
-0.004220 
-0.260486 
-0.279931 
0.268111 
0.225532 
0.339525 
0.337147 
0.011642 
0.068280 
-0.022392 
0.078868 
0.181728 
-0.080532 
0.184011 
0.299735 
0.067665 
0.050719 
-0.034542 
0.120856 
-0.034572 
0.067599 
0.235035 
-0.005984 
0.110308 
0.136748 
0.000188 
-0.109785 
-0.003556 
0.098864 
0.096951 
0.076568 
0.236448 
0.080943 
-0.261471 
0.159898 
-0.001375 
0.304373 
0.259199 
0.192883 
0.314741 
0.004765 
0.071161 
-0.162066 
-0.113667 
0.069487 
-0.179270 
-0.082241 
0.234144 
-0.161893 
0.175512 
0.103949 
0.165112 
0.202533 
0.057626 
-0.014433 
-0.046348 
-0.103308 
0.152373 
0.254652 
-0.087639 
-0.137229 
0.181824 
0.051539 
0.043830 
0.023740 
-0.115179 
-0.072555 
0.298297 
0.165209 
0.065131 
-0.081114 
-0.018562 
0.194504 
0.171902 
0.057000 
0.075024 
-0.117883 
0.263062 
0.354868 
-0.119983 
-0.310959 
-0.034496 
-0.137376 
-0.129969 
0.310833 
0.058582 
0.080708 
-0.104643 
0.388395 
0.392834 
-0.186195 
0.046157 
0.205909 
0.334891 
-0.017073 
0.219780 
-0.127425 
0.008793 
0.185399 
0.103555 
0.369868 
0.169320 
-0.337875 
0.029969 
0.058414 
-0.083846 
0.141155 
0.022097 
-0.042351 
0.178056 
-0.071598 
-0.203648 
0.000569 
-0.193832 
0.358435 
-0.032580 
-0.099696 
-0.087837 
-0.162760 
-0.077661 
0.076875 
-0.061898 
0.017987 
0.164615 
0.291784 
0.155485 
0.298267 
0.424104 
0.513612 
0.191608 
0.200270 
0.003540 
0.251802 
-0.017870 
0.284598 
-0.114478 
-0.146740 
0.103921 
0.210493 
0.082380 
0.016451 
0.128340 
0.125500 
0.282638 
0.232535 
0.159056 
-0.019556 
0.299994 
-0.034915 
0.151357 
-0.005115 
-0.364622 
-0.113498 
-0.157405 
0.040149 
0.210299 
0.096219 
0.185021 
0.206092 
0.101362 
0.216751 
-0.116385 
0.192291 
0.301074 
0.117578 
0.111494 
0.033695 
0.080532 
0.118340 
0.156153 
-0.029116 
-0.005065 
-0.163734 
-0.043264 
0.308717 
0.095009 
0.196900 
0.097868 
0.088865 
-0.135437 
-0.251203 
0.009696 
-0.076132 
-0.176414 
-0.048517 
0.118897 
0.094731 
0.347541 
0.143287 
0.361537 
0.430477 
0.019085 
-0.198937 
-0.101601 
0.062978 
0.218463 
0.120758 
0.114902 
0.173623 
0.191835 
0.195535 
0.043520 
0.062016 
-0.117350 
-0.174310 
0.040836 
0.119472 
0.069032 
0.415714 
0.218415 
-0.263292 
0.127968 
0.028653 
0.090687 
0.115329 
0.137927 
0.021393 
0.364133 
0.097837 
0.091780 
0.054128 
0.091842 
0.073992 
0.136521 
-0.008852 
0.088123 
0.151845 
-0.028180 
0.001546 
-0.364104 
-0.140787 
-0.314604 
-0.159040 
0.000178 
-0.102652 
-0.195454 
-0.299550 
-0.004356 
0.147916 
-0.058498 
0.040328 
0.319809 
0.286192 
0.194715 
0.268688 
-0.088657 
0.203618 
0.283112 
0.255532 
0.268360 
0.153436 
0.074523 
0.078606 
-0.048243 
0.119807 
0.086995 
0.155238 
0.152118 
0.039401 
0.250558 
-0.005749 
-0.123619 
0.127656 
0.302800 
0.272786 
0.298856 
0.245719 
0.160427 
0.140367 
-0.091722 
0.020122 
0.015458 
0.087480 
0.075900 
-0.144591 
-0.098066 
0.049600 
0.201596 
-0.043154 
0.084544 
-0.211973 
-0.147150 
-0.199107 
0.153518 
0.201113 
0.243880 
0.322652 
0.143589 
0.114975 
-0.176292 
-0.037155 
0.021779 
-0.029183 
0.421223 
-0.026528 
0.109103 
0.166972 
0.069443 
0.078945 
-0.161915 
0.222138 
0.198589 
0.045393 
-0.109600 
-0.248418 
-0.188571 
-0.390589 
-0.043822 
0.065811 
0.012041 
-0.018671 
0.242260 
0.286774 
0.239416 
0.183758 
0.154258 
0.096858 
0.141473 
0.176103 
-0.046465 
0.105388 
-0.037426 
-0.002791 
-0.158976 
0.137939 
-0.014801 
0.085039 
-0.053640 
-0.082904 
-0.073752 
0.011765 
0.017009 
0.464835 
0.055277 
0.058522 
0.106694 
0.103289 
-0.163999 
-0.029212 
0.034619 
-0.095163 
0.209805 
0.121929 
-0.041528 
0.039969 
0.158511 
0.069224 
0.225308 
0.298666 
0.083080 
0.218227 
0.038998 
-0.044510 
0.089187 
0.082343 
0.118707 
0.088580 
0.347188 
0.284574 
0.141243 
0.130841 
-0.419966 
-0.046124 
-0.034182 
-0.139608 
-0.016349 
-0.082350 
-0.187735 
-0.234015 
0.099244 
0.182408 
0.004085 
-0.246951 
0.013953 
0.247654 
0.158331 
0.158591 
0.185362 
0.304725 
0.075078 
0.111638 
-0.040723 
-0.064668 
-0.143451 
-0.074556 
-0.057282 
0.120856 
0.189915 
-0.116125 
0.215819 
0.106116 
-0.076328 
0.051922 
0.091325 
0.274923 
0.291000 
0.180145 
0.279245 
-0.138028 
-0.097485 
-0.178229 
0.140238 
0.085048 
-0.069933 
-0.035542 
0.022921 
0.204121 
0.212755 
0.136446 
0.477424 
-0.023893 
-0.126008 
-0.015175 
0.030562 
0.070621 
0.112643 
0.059604 
-0.108550 
-0.170080 
-0.141702 
0.053972 
0.022841 
-0.103229 
-0.073013 
0.397478 
0.148022 
-0.007969 
-0.168965 
0.077651 
0.199899 
0.171989 
0.068742 
0.035977 
0.105935 
-0.136352 
0.063086 
-0.077522 
-0.005846 
0.017326 
-0.010023 
0.086744 
0.155294 
-0.095849 
-0.138659 
0.080184 
0.097858 
0.247018 
0.114470 
-0.160356 
0.065145 
0.238123 
0.171277 
-0.156118 
-0.209774 
-0.106949 
0.108845 
-0.025400 
0.102357 
0.052878 
0.069504 
0.106381 
0.196992 
-0.039307 
0.206629 
-0.050702 
-0.064925 
0.062363 
-0.087748 
-0.225725 
0.022627 
0.024836 
0.035135 
0.081612 
0.152058 
0.186441 
0.028457 
0.184793 
0.130608 
0.019492 
0.169833 
-0.070969 
-0.129331 
-0.248070 
0.045766 
-0.018919 
0.028715 
0.247182 
0.363928 
0.273748 
0.006650 
-0.015076 
-0.016298 
0.206949 
0.310305 
0.047732 
-0.038143 
-0.159540 
-0.331532 
-0.112386 
-0.133837 
-0.010069 
-0.055276 
0.095534 
0.092336 
0.052609 
0.125595 
0.269898 
0.316204 
0.359499 
0.140754 
0.113762 
0.279160 
0.051190 
-0.022709 
-0.010960 
-0.140039 
-0.037518 
-0.021490 
0.080844 
0.073906 
-0.130039 
-0.031239 
0.179062 
0.051720 
0.378300 
0.216642 
0.239116 
0.156735 
0.109359 
0.077288 
0.063244 
-0.027695 
0.098293 
-0.009174 
-0.336178 
-0.092273 
0.140445 
0.249310 
0.145236 
0.150696 
0.379278 
0.277102 
-0.019617 
0.221714 
0.235317 
-0.034600 
-0.207440 
-0.164168 
0.219539 
0.234663 
-0.083855 
0.135881 
0.264068 
0.141004 
-0.031723 
0.143395 
-0.124265 
-0.122281 
-0.189043 
-0.098341 
-0.041738 
0.083079 
-0.067641 
0.152588 
0.133414 
0.042396 
0.098515 
-0.091192 
0.097512 
0.204097 
0.300417 
0.135066 
0.129995 
0.122948 
0.007951 
0.145086 
-0.163946 
0.156795 
0.062953 
0.313884 
0.051166 
0.047015 
-0.052108 
-0.046568 
0.206852 
0.058270 
-0.029697 
0.147440 
0.014989 
-0.224588 
-0.352088 
-0.289987 
-0.091864 
0.002165 
-0.134540 
-0.164925 
-0.114817 
-0.150940 
0.135368 
0.043923 
0.018513 
0.047267 
0.138790 
0.014873 
-0.136189 
0.159861 
-0.197951 
-0.046360 
0.156217 
0.262984 
0.169919 
0.032299 
0.245744 
0.139707 
0.245073 
0.013174 
0.028057 
-0.068622 
0.231746 
0.171905 
0.165208 
0.264588 
0.071621 
-0.022093 
-0.015237 
0.114814 
0.079160 
0.037319 
0.128219 
0.031657 
0.378467 
-0.033138 
0.157680 
0.152004 
0.247916 
0.086489 
0.314019 
0.112290 
0.166904 
-0.005518 
0.182599 
0.205599 
0.132767 
0.036430 
-0.110577 
0.023635 
-0.214787 
-0.065233 
-0.266296 
-0.429637 
0.124389 
0.282811 
0.190042 
0.084811 
-0.167680 
-0.100636 
-0.148381 
-0.032720 
0.214991 
0.134566 
0.053301 
0.195124 
0.015455 
0.206622 
0.164349 
0.146279 
0.027282 
0.174990 
0.089978 
-0.023412 
0.161237 
0.013088 
-0.002461 
-0.130722 
-0.052627 
-0.215177 
-0.167751 
0.082464 
-0.012854 
-0.028150 
-0.138461 
-0.059133 
0.116243 
-0.118878 
0.006283 
0.157600 
-0.003135 
0.255090 
-0.001980 
0.121055 
-0.133411 
0.127403 
-0.042404 
-0.021505 
0.260294 
0.197842 
0.323729 
0.119420 
-0.106892 
-0.260842 
-0.207322 
-0.083685 
0.078158 
-0.053304 
-0.029705 
0.033877 
0.109261 
0.009930 
-0.145896 
-0.033502 
0.014884 
-0.092900 
-0.019849 
-0.173044 
-0.076621 
0.075087 
0.206699 
0.008393 
0.158835 
-0.051700 
0.280153 
0.059126 
0.116210 
-0.049235 
0.133302 
0.212973 
0.064882 
0.292664 
0.196666 
0.109844 
-0.112334 
-0.038043 
0.037827 
0.022897 
-0.039271 
-0.184172 
-0.087498 
0.055897 
0.066204 
0.084556 
-0.104478 
0.229514 
-0.076070 
0.242719 
0.161293 
-0.024038 
0.040710 
0.040513 
0.015438 
0.010357 
-0.165081 
-0.107861 
0.110290 
0.052584 
-0.105935 
-0.102870 
-0.007376 
0.148312 
-0.049083 
0.007277 
-0.079989 
0.013898 
0.180425 
0.136189 
0.309755 
0.057259 
0.071862 
-0.038238 
0.025457 
0.165397 
0.118993 
0.197437 
0.247837 
0.216952 
0.145216 
-0.041713 
0.202349 
0.155709 
0.039954 
-0.285322 
-0.057281 
-0.231000 
-0.110194 
-0.053829 
-0.013007 
-0.079221 
0.078733 
0.252014 
0.121520 
0.249543 
0.199844 
0.097233 
0.095555 
0.124941 
-0.093232 
0.038236 
0.045813 
0.080426 
0.174000 
0.236241 
0.019189 
0.110302 
-0.210035 
-0.089250 
0.080111 
0.196031 
0.250879 
0.260947 
0.199947 
0.267487 
0.060974 
0.036088 
-0.123008 
-0.168499 
0.091581 
0.127265 
0.431009 
0.350395 
-0.062399 
0.026401 
0.106962 
0.065016 
0.261632 
0.023808 
0.320552 
0.089698 
0.148995 
0.055955 
-0.071309 
0.048465 
-0.043339 
0.168979 
0.248572 
0.135062 
0.041882 
0.254654 
0.017116 
-0.067148 
0.118119 
0.216284 
0.125050 
-0.030875 
0.114503 
-0.121797 
-0.012704 
0.076374 
0.429343 
0.124066 
-0.121534 
0.139913 
0.048723 
-0.144830 
0.177600 
0.133444 
-0.071643 
0.049913 
0.090610 
-0.021137 
0.174377 
0.166117 
0.151111 
0.198852 
0.081839 
0.035596 
0.030805 
-0.060291 
0.199787 
-0.100079 
0.218137 
-0.078220 
0.162202 
-0.018088 
-0.065964 
-0.149283 
0.107500 
0.008474 
0.122585 
-0.146911 
0.038911 
0.071221 
0.027516 
0.131236 
0.001521 
0.067214 
0.057558 
0.062181 
0.001917 
0.212440 
-0.179641 
-0.085189 
-0.136938 
-0.073118 
0.241378 
-0.097916 
0.026264 
0.050284 
0.089742 
0.127136 
0.209072 
0.157234 
0.045348 
0.163181 
0.033424 
0.012879 
0.021971 
0.027972 
-0.000366 
0.145420 
0.007211 
-0.004238 
-0.146486 
0.117002 
0.123185 
-0.219521 
0.011916 
0.260326 
-0.084357 
0.106389 
0.178878 
-0.069694 
-0.035863 
-0.021575 
0.072273 
0.161083 
0.044769 
-0.052214 
-0.007817 
0.057983 
0.059050 
-0.065722 
0.168443 
0.028076 
0.026093 
-0.037322 
0.009923 
0.037705 
0.188279 
0.229361 
0.148807 
0.297551 
0.329615 
0.100283 
-0.154287 
-0.133860 
-0.093144 
0.116599 
0.272618 
0.014181 
-0.064924 
0.175020 
-0.097780 
0.080556 
0.271817 
-0.210953 
-0.167792 
-0.287070 
0.073723 
0.070619 
0.105697 
0.168313 
0.128652 
-0.016812 
-0.099808 
0.105269 
0.060859 
-0.028936 
-0.146227 
0.051977 
0.090464 
0.227876 
0.196686 
0.270894 
0.258859 
-0.011704 
0.194028 
0.119113 
0.190950 
-0.001912 
0.141993 
-0.172412 
0.032853 
0.189488 
-0.013512 
0.045481 
0.121537 
0.205643 
0.121632 
-0.063690 
0.093324 
-0.174405 
0.122668 
0.269989 
-0.182309 
-0.088319 
0.089461 
0.126261 
0.104517 
0.086603 
-0.027652 
0.043640 
0.363946 
0.152237 
0.158009 
0.095187 
0.089693 
0.080974 
0.020334 
0.020187 
0.159734 
0.163740 
-0.027436 
0.101145 
0.133779 
-0.271144 
-0.077034 
0.183833 
0.044881 
-0.117820 
-0.158815 
-0.192910 
0.124357 
0.031318 
-0.052300 
0.044242 
-0.011560 
0.093357 
0.085654 
0.233010 
0.343966 
0.003637 
-0.092964 
0.029996 
0.116057 
-0.049816 
0.120451 
-0.034389 
0.139252 
0.142061 
-0.087875 
0.352387 
0.289560 
0.275710 
0.302708 
0.228065 
0.199471 
0.116797 
0.171701 
0.023287 
0.001149 
-0.114837 
-0.043899 
0.108658 
0.145428 
0.215887 
0.053240 
0.053432 
0.032755 
0.263141 
0.061309 
0.175892 
0.146139 
0.180919 
0.127520 
0.215650 
0.145491 
0.064042 
0.487958 
0.331300 
0.388974 
0.181569 
0.106822 
-0.097129 
0.267043 
0.030516 
0.095508 
-0.014240 
0.054227 
-0.012684 
-0.025204 
0.045619 
0.189474 
0.054431 
0.276770 
0.064859 
0.219089 
0.215515 
0.066248 
-0.152911 
-0.085330 
0.157639 
0.025293 
0.070748 
0.041045 
-0.093378 
0.112617 
-0.039077 
0.139054 
0.080387 
0.066778 
0.044563 
0.081650 
-0.102550 
0.024341 
-0.018981 
0.266557 
0.330424 
0.141991 
0.050039 
-0.095637 
0.229961 
0.291707 
0.148729 
-0.010722 
0.226652 
0.072708 
-0.066189 
0.091316 
0.183408 
0.156393 
-0.074148 
-0.134341 
0.159591 
-0.054645 
-0.092546 
0.273341 
0.019613 
-0.146156 
0.135334 
0.098453 
-0.161455 
-0.059180 
-0.034212 
0.101088 
0.140336 
0.064573 
0.093226 
0.011044 
0.151283 
0.036796 
-0.083785 
0.142507 
0.177560 
-0.008875 
0.576593 
0.480437 
0.459452 
0.123136 
0.002784 
-0.130463 
0.104108 
0.354790 
0.387528 
0.475526 
0.327703 
0.045226 
0.164962 
-0.118113 
0.099654 
-0.103676 
-0.278151 
-0.010879 
0.088934 
-0.113274 
0.130387 
-0.287590 
-0.109760 
0.129821 
0.162597 
0.378910 
0.265484 
0.200741 
0.348255 
0.109439 
0.285576 
0.310729 
0.034592 
0.080375 
0.199360 
0.062728 
0.422633 
-0.026472 
-0.088360 
0.095542 
-0.003112 
0.150467 
0.099397 
0.257627 
0.085256 
0.313776 
0.194810 
-0.112188 
0.128016 
0.216183 
0.014104 
-0.088643 
0.186337 
0.259341 
0.219881 
0.078085 
0.304842 
0.207996 
0.128501 
-0.054828 
0.053617 
0.172160 
0.103659 
0.134197 
-0.088111 
-0.015110 
0.030626 
-0.135834 
-0.144335 
-0.027114 
0.040278 
0.062997 
0.055369 
0.076034 
0.089894 
-0.052961 
-0.083603 
-0.149004 
0.095058 
0.184838 
0.413756 
0.117599 
0.014714 
0.209497 
0.160058 
0.121883 
-0.056376 
-0.134494 
0.112850 
0.164800 
0.072763 
0.186984 
-0.098512 
0.154121 
0.017079 
0.034420 
0.067105 
0.092516 
-0.108035 
-0.178321 
0.284816 
0.037738 
-0.005185 
-0.036380 
0.050893 
-0.068657 
-0.032292 
-0.007510 
0.056204 
0.094301 
0.253692 
0.233896 
0.276687 
0.058342 
-0.171513 
-0.207878 
-0.110845 
0.203590 
0.078049 
0.029206 
0.075171 
0.137428 
-0.161839 
0.123664 
0.078980 
-0.045754 
-0.353131 
-0.022738 
0.113427 
0.169933 
0.129884 
0.056405 
0.094791 
-0.021392 
-0.018835 
0.015144 
-0.026736 
0.067041 
0.063441 
0.140302 
0.114999 
-0.088226 
-0.004479 
-0.048827 
-0.009233 
0.000469 
-0.044420 
-0.086470 
0.150865 
0.076516 
0.151424 
0.100775 
0.119868 
0.122545 
0.193986 
-0.017167 
0.312010 
0.274137 
0.066358 
0.058139 
0.111184 
0.109134 
0.059782 
0.057844 
-0.085010 
0.113730 
0.119661 
0.214970 
0.021579 
0.100962 
0.123388 
0.194085 
0.015652 
0.217770 
0.093118 
-0.004050 
-0.093109 
-0.181356 
0.016509 
0.152162 
-0.154742 
-0.058384 
0.019699 
0.295981 
0.346674 
0.106210 
0.174896 
0.182608 
0.163389 
0.026449 
0.182957 
0.122748 
-0.013445 
0.081288 
0.028016 
-0.048553 
-0.039787 
0.013873 
-0.026512 
-0.002396 
0.044372 
0.091720 
-0.224816 
-0.016086 
0.047847 
0.064885 
0.016969 
0.010487 
0.303396 
0.146671 
0.023076 
0.051909 
0.182635 
0.214756 
0.146967 
0.132325 
0.101535 
-0.196667 
-0.112862 
0.051754 
0.204307 
0.212339 
0.322126 
-0.090852 
-0.069115 
0.273764 
0.222005 
0.207358 
0.044450 
0.066453 
-0.035924 
0.122772 
0.053757 
0.021805 
-0.023893 
-0.095242 
0.013188 
0.132884 
0.197113 
0.238900 
0.223743 
0.152206 
0.134808 
0.011479 
0.140252 
-0.075269 
-0.001197 
0.024900 
0.228603 
0.209615 
0.430095 
0.143679 
-0.146446 
0.302812 
0.149134 
-0.007280 
0.216740 
0.112126 
0.163372 
0.078887 
0.011199 
0.255853 
0.317162 
0.103474 
0.405181 
-0.192278 
-0.048909 
-0.150820 
0.137298 
-0.072185 
-0.107762 
-0.282758 
-0.131153 
0.230409 
0.223562 
0.056649 
0.132123 
-0.022038 
0.025195 
0.044938 
-0.091408 
0.057380 
-0.189819 
0.154923 
0.124340 
0.035512 
0.089974 
0.041651 
0.044420 
0.168076 
-0.036045 
-0.134279 
0.204037 
0.121496 
0.070348 
0.112808 
0.002583 
-0.085108 
-0.097625 
0.116202 
0.054907 
0.053774 
0.103714 
-0.025023 
0.044489 
-0.203719 
-0.224844 
-0.153517 
-0.076294 
-0.144655 
-0.072067 
0.091218 
-0.156878 
0.096878 
-0.006299 
0.120927 
0.211222 
0.129185 
0.004943 
0.040913 
0.127805 
0.149237 
0.157067 
0.026175 
0.010765 
0.044703 
-0.047747 
0.317486 
0.058392 
0.195563 
0.220642 
0.216073 
0.133518 
0.241660 
-0.166908 
0.251979 
0.247799 
0.036452 
0.109435 
-0.094264 
0.114373 
-0.046887 
0.169758 
-0.015792 
-0.082686 
-0.295656 
-0.002893 
-0.245332 
0.116273 
0.209180 
0.220930 
0.159793 
0.167689 
0.162692 
-0.107605 
0.112079 
0.272347 
-0.042939 
0.028995 
0.092704 
0.155213 
0.014876 
0.018264 
-0.051429 
0.057400 
0.046486 
0.220622 
0.036123 
0.067157 
0.158355 
0.132920 
0.293357 
0.233341 
0.172186 
0.002545 
-0.155460 
0.333519 
0.163182 
0.083288 
0.274837 
0.038069 
0.204139 
0.054682 
-0.033638 
-0.000291 
-0.159879 
-0.020507 
-0.170257 
0.053681 
0.195360 
0.224123 
0.241800 
0.050350 
-0.025032 
0.167010 
0.042637 
0.054530 
0.066151 
-0.090656 
-0.026811 
0.093958 
0.222656 
0.401027 
0.143117 
-0.118038 
-0.103908 
-0.147099 
-0.175426 
-0.143076 
0.087687 
0.273737 
0.167088 
0.100487 
0.103049 
0.393778 
0.174756 
0.122365 
0.246968 
0.006718 
-0.013475 
0.231852 
0.114038 
-0.154011 
0.133911 
0.230593 
0.347827 
0.040934 
0.137579 
0.283155 
0.109614 
0.304746 
-0.000168 
0.079432 
-0.387607 
-0.204979 
0.197016 
-0.014804 
0.114131 
0.040391 
0.199994 
0.100734 
0.418848 
0.070407 
0.001538 
-0.060023 
0.065671 
0.278990 
0.118874 
0.057540 
0.006139 
0.322024 
0.026443 
0.210859 
0.068250 
0.053707 
0.229243 
0.315640 
0.277370 
0.316841 
0.314632 
0.257119 
0.153497 
0.166650 
0.112689 
0.046621 
0.121525 
0.097447 
0.205745 
0.350113 
0.222784 
0.015838 
-0.024465 
0.058746 
-0.157139 
0.115039 
0.164745 
-0.093060 
0.179041 
0.007335 
0.143696 
-0.121993 
0.071379 
-0.098023 
0.089696 
-0.551600 
-0.065065 
-0.039321 
0.095051 
0.048143 
0.171341 
0.270486 
0.023646 
0.169664 
0.409295 
0.256026 
0.052792 
0.076855 
0.163652 
0.026293 
0.139899 
0.226077 
0.059052 
0.228437 
-0.004158 
0.023879 
-0.071528 
-0.202822 
0.052010 
0.237563 
0.201475 
0.027002 
0.129797 
0.072217 
-0.269201 
0.049459 
-0.229280 
-0.072120 
0.056413 
0.234714 
0.102071 
-0.133544 
0.036744 
0.030001 
0.076734 
0.016851 
0.052422 
-0.072349 
-0.039236 
-0.143908 
0.226488 
0.044492 
0.334037 
0.154648 
0.215242 
-0.051840 
0.204386 
0.078165 
0.281393 
0.019537 
0.003032 
0.103700 
-0.069889 
-0.165395 
0.006099 
0.239585 
0.236574 
-0.081508 
-0.037960 
0.146835 
-0.005008 
-0.072849 
-0.134147 
0.100736 
-0.042312 
0.309312 
0.013493 
0.113055 
0.061547 
0.106107 
0.082999 
0.079321 
-0.124899 
0.083622 
0.425161 
0.042911 
-0.196297 
0.028393 
0.137441 
0.174400 
0.114272 
-0.058755 
0.257748 
0.168736 
0.092941 
0.107195 
-0.015692 
-0.056623 
-0.054683 
-0.200335 
-0.163279 
0.013541 
0.191041 
-0.057577 
-0.153974 
0.195609 
0.105066 
0.152126 
0.107530 
0.004175 
0.282582 
-0.196754 
-0.149711 
0.215557 
0.223538 
0.258156 
0.223815 
0.150591 
0.085851 
-0.050050 
-0.014405 
-0.219011 
0.170617 
0.143800 
0.364527 
0.265956 
0.058474 
-0.152145 
-0.156644 
-0.004724 
-0.216829 
0.397982 
0.338766 
0.303010 
0.212546 
0.040444 
0.350853 
0.148555 
-0.001716 
-0.174096 
-0.097643 
0.198913 
0.113656 
0.158673 
0.205360 
0.324326 
0.107466 
0.138429 
0.093449 
0.245263 
0.091114 
0.093667 
0.164256 
0.218613 
-0.126502 
0.014161 
0.118914 
-0.044904 
0.053290 
-0.058008 
0.111388 
0.297680 
0.160988 
0.200775 
0.205132 
0.014745 
0.036004 
-0.352820 
-0.060720 
0.300544 
0.136722 
0.358382 
0.243387 
0.308525 
0.165347 
0.254313 
0.048405 
-0.018808 
0.272266 
0.052309 
0.072032 
-0.049682 
-0.146257 
0.004663 
0.106068 
0.087946 
0.157306 
0.164369 
-0.022673 
-0.090288 
0.032015 
0.113001 
0.009963 
-0.096648 
0.168707 
0.086455 
0.067753 
0.163181 
0.140106 
-0.157602 
-0.247382 
-0.150761 
0.127191 
0.184597 
0.044615 
0.015595 
-0.139272 
0.036407 
-0.011105 
0.209755 
0.052932 
-0.009890 
-0.062657 
0.196053 
0.002760 
0.034602 
0.045206 
0.198822 
-0.081449 
0.038190 
-0.034890 
-0.048059 
-0.075075 
-0.009980 
0.082534 
0.327245 
-0.070213 
-0.086570 
-0.061938 
-0.279794 
-0.333491 
-0.133210 
0.094556 
-0.019869 
0.123592 
-0.002206 
0.220379 
0.133011 
0.178475 
0.080348 
0.150737 
0.032643 
0.264105 
0.172181 
0.045617 
0.404763 
0.095198 
0.209111 
0.143767 
0.205423 
0.204513 
0.026867 
0.132839 
-0.155160 
-0.237637 
-0.236463 
-0.174460 
0.061078 
-0.157089 
0.066480 
0.243256 
0.076635 
0.067568 
0.157842 
0.048266 
-0.080759 
0.111983 
0.090945 
0.226962 
0.173750 
0.351728 
0.343581 
0.318382 
0.321918 
0.132236 
0.116286 
0.291776 
0.098711 
-0.013045 
0.009511 
0.239705 
-0.014689 
0.032888 
0.062530 
0.041072 
0.174377 
0.312664 
0.158694 
0.079527 
0.098811 
-0.181909 
-0.171815 
0.052845 
0.109059 
-0.115253 
0.074528 
0.140926 
0.179857 
0.063656 
0.239396 
-0.064041 
-0.159318 
-0.323150 
-0.018350 
0.351070 
0.264844 
0.130522 
0.182901 
0.243316 
0.068770 
-0.011199 
0.093049 
0.132215 
0.260558 
0.063675 
0.494954 
0.165399 
-0.050448 
-0.359006 
-0.085746 
0.054393 
-0.224502 
-0.165057 
-0.041529 
0.090637 
0.003237 
0.019997 
-0.134148 
0.409398 
0.468306 
0.163934 
0.067266 
0.153611 
0.217421 
0.078834 
0.180317 
0.267681 
-0.091535 
0.076872 
-0.021969 
0.269843 
0.273584 
0.341489 
0.110366 
0.164931 
0.102490 
0.195395 
0.109686 
0.068045 
-0.090646 
0.182933 
0.194361 
-0.053702 
0.043045 
-0.081088 
0.151175 
0.184689 
-0.049881 
0.106171 
0.062764 
0.116609 
0.033349 
0.092803 
-0.150988 
-0.025353 
-0.038896 
0.331508 
0.172645 
-0.074234 
-0.173851 
0.068177 
0.029697 
0.235289 
0.203902 
0.103884 
0.007778 
-0.222720 
-0.544815 
-0.064411 
-0.172713 
-0.049559 
0.497974 
0.363780 
0.057563 
0.059116 
0.023509 
-0.083016 
0.284720 
0.036600 
0.326482 
0.183670 
0.193415 
0.017076 
-0.160355 
-0.030665 
0.022464 
0.069251 
0.021242 
0.239000 
0.169365 
0.006233 
0.071797 
0.059387 
0.144917 
0.176021 
0.012328 
-0.052102 
-0.003819 
0.017323 
0.033211 
0.022087 
-0.149340 
-0.179147 
-0.150069 
-0.093349 
-0.106027 
0.111070 
-0.199537 
-0.013084 
0.310786 
0.153068 
-0.119066 
0.076307 
-0.018090 
0.203051 
-0.008966 
0.229465 
0.107921 
-0.055486 
-0.166991 
-0.110303 
-0.047649 
-0.235343 
0.074769 
-0.009417 
0.023867 
-0.011650 
-0.069964 
-0.129283 
-0.073281 
0.065624 
0.185734 
-0.184444 
0.009452 
0.082747 
0.091759 
-0.032820 
0.106621 
-0.076990 
-0.097332 
-0.021510 
-0.005357 
0.120702 
0.115529 
-0.148086 
-0.145872 
-0.115708 
0.080137 
0.142808 
0.101565 
0.076375 
0.180518 
0.179595 
0.059410 
-0.008695 
-0.042546 
0.045091 
-0.139346 
-0.089796 
-0.092570 
0.061938 
-0.057309 
0.298169 
0.224384 
-0.042408 
-0.149827 
0.079721 
0.128375 
0.026747 
0.004945 
-0.163237 
-0.119475 
0.223405 
0.098706 
0.004293 
0.071625 
0.078527 
0.075978 
0.202441 
0.090121 
-0.048711 
0.086139 
0.050155 
-0.027689 
0.119344 
0.069050 
0.154575 
-0.050521 
0.193595 
0.066439 
0.082928 
0.043724 
0.068015 
0.350417 
0.236961 
0.079172 
-0.091570 
-0.206585 
0.048991 
0.023206 
-0.051820 
-0.028562 
0.081118 
0.268042 
0.268681 
0.362973 
0.445261 
0.168343 
0.059413 
0.220775 
-0.109575 
0.165606 
0.212042 
0.138015 
-0.189951 
0.183079 
0.313086 
-0.148292 
0.020818 
0.091602 
0.024466 
-0.105998 
0.037495 
0.176577 
0.119579 
0.184516 
0.132301 
0.163811 
0.132515 
0.114942 
0.128707 
0.081728 
-0.021463 
0.146031 
-0.121500 
0.015193 
0.319527 
0.052193 
0.088524 
0.150573 
-0.103742 
0.239003 
0.251329 
0.088301 
-0.005046 
-0.015150 
0.103478 
0.025606 
0.100659 
-0.087429 
0.093052 
0.090724 
0.133960 
0.231128 
0.359410 
0.115461 
0.058558 
-0.132379 
-0.075349 
-0.001915 
0.147253 
0.024650 
0.195485 
0.164634 
0.129039 
0.071289 
-0.041291 
-0.126974 
0.128961 
-0.008955 
0.027003 
0.080994 
0.352366 
0.101326 
-0.037856 
0.078333 
-0.077055 
0.090126 
0.271509 
0.123412 
0.273956 
0.242127 
0.029604 
0.054982 
-0.264794 
0.085574 
0.174817 
0.275163 
0.248312 
-0.189067 
-0.044075 
0.192636 
-0.065412 
0.015836 
-0.062660 
-0.213551 
-0.094770 
-0.038750 
-0.076790 
0.134441 
0.030150 
0.199501 
-0.175477 
0.112759 
0.052985 
0.104230 
-0.046109 
-0.155473 
-0.169206 
-0.034890 
0.182870 
0.178287 
0.042875 
-0.071639 
-0.108939 
-0.024202 
0.083886 
0.040177 
0.149663 
0.213507 
0.108853 
0.135440 
-0.241405 
0.127849 
0.144814 
0.124528 
0.098156 
0.171491 
-0.072184 
0.038302 
0.017898 
-0.040204 
0.086498 
0.003981 
-0.059030 
0.048480 
0.003306 
0.034561 
0.103830 
-0.048338 
0.182733 
-0.048566 
0.041362 
-0.012795 
0.081419 
0.102914 
0.054587 
-0.130532 
0.190221 
0.095784 
0.137482 
0.112894 
0.113927 
0.029936 
0.095108 
0.120118 
0.055898 
0.069552 
0.097741 
0.050280 
-0.079547 
0.115082 
0.238302 
0.169820 
-0.171054 
-0.175941 
-0.095322 
-0.006795 
-0.114664 
0.197734 
-0.050044 
-0.067340 
-0.217440 
0.101011 
0.268559 
0.059069 
0.069764 
-0.090689 
0.179265 
0.369643 
0.349988 
0.261958 
0.316212 
0.019808 
0.065032 
-0.046066 
0.171701 
0.370183 
0.288699 
0.016425 
0.072676 
0.082871 
0.093034 
-0.017982 
0.010260 
0.090573 
0.156428 
-0.006682 
0.181970 
-0.010669 
-0.142002 
0.223480 
0.228367 
-0.127208 
0.003183 
0.206282 
0.194024 
0.140603 
0.291327 
0.252618 
0.189754 
0.110574 
0.083608 
-0.002982 
-0.267048 
-0.070625 
-0.032338 
0.059499 
-0.031341 
0.027458 
0.035201 
0.028481 
-0.174554 
0.043444 
0.218482 
0.203791 
0.109443 
-0.003409 
0.065458 
-0.010475 
0.074228 
0.162125 
0.175423 
0.227466 
-0.016829 
0.089049 
-0.019081 
-0.254430 
0.021721 
-0.000566 
-0.121819 
0.043648 
0.201677 
0.065894 
0.462226 
0.164005 
0.263629 
0.057902 
-0.035847 
0.084317 
-0.013396 
-0.066559 
-0.063660 
0.107348 
0.179389 
0.232016 
0.091480 
0.028549 
-0.066704 
0.024898 
0.202063 
0.102209 
0.127366 
0.169077 
0.172417 
0.137516 
0.157491 
0.116061 
0.106384 
-0.215716 
0.067739 
-0.053963 
-0.094150 
0.128683 
0.076011 
0.075341 
-0.160878 
0.030728 
-0.076434 
-0.196209 
-0.073736 
-0.173108 
-0.015722 
-0.127229 
-0.337300 
-0.257219 
0.110788 
0.131554 
0.079565 
0.111761 
0.026709 
0.061077 
0.200444 
0.187583 
0.200589 
0.243534 
0.127716 
0.370113 
0.189599 
0.147460 
0.443612 
0.195342 
-0.032388 
0.048816 
0.014592 
0.039208 
-0.016486 
-0.074154 
-0.193622 
0.164907 
0.139770 
0.354336 
0.024307 
0.055730 
0.229968 
0.165860 
0.236084 
0.194615 
-0.132725 
0.173312 
0.227820 
0.148959 
0.358001 
0.136655 
0.126351 
-0.192092 
-0.066074 
0.122926 
-0.181517 
0.042169 
0.066254 
0.072256 
-0.196648 
-0.396671 
0.154856 
0.057639 
-0.083011 
0.187394 
-0.060352 
0.140002 
0.003154 
0.076281 
0.096097 
-0.174061 
-0.134736 
0.132390 
0.065883 
0.087518 
0.294425 
0.233178 
0.078794 
0.025029 
-0.111230 
-0.003529 
0.088144 
0.331334 
0.119617 
0.077271 
0.303055 
-0.147361 
0.109394 
0.121724 
0.031006 
0.147514 
0.159086 
0.188185 
0.344702 
0.076554 
0.075060 
0.047443 
-0.223522 
0.039014 
0.371529 
-0.004000 
0.315698 
0.277023 
0.034620 
-0.013365 
-0.016231 
0.090183 
0.029353 
0.077932 
0.040792 
-0.014415 
0.041682 
0.130147 
-0.085061 
-0.155861 
0.083438 
0.042107 
-0.009941 
0.167214 
-0.221067 
-0.349044 
-0.331688 
0.297987 
0.253662 
0.289343 
0.062413 
0.235819 
0.264033 
0.246646 
0.214331 
0.071588 
0.013191 
0.130482 
0.128640 
0.056616 
-0.053100 
-0.136592 
-0.065266 
-0.079161 
0.074261 
-0.003207 
-0.044306 
0.225436 
0.230240 
0.311412 
0.278414 
-0.006078 
-0.382798 
-0.211297 
0.100502 
0.078275 
0.058304 
-0.208120 
0.252493 
0.303032 
0.092738 
0.070208 
0.038713 
0.129690 
0.115807 
-0.034398 
0.204888 
0.087620 
-0.088113 
-0.202798 
0.290816 
0.310019 
0.235537 
0.151727 
0.139418 
0.031507 
0.008922 
0.125644 
0.049955 
-0.179617 
-0.003852 
0.110006 
-0.182973 
0.006214 
0.156158 
0.015397 
-0.109221 
0.147952 
-0.007767 
0.107529 
0.059568 
-0.032765 
0.159396 
-0.000095 
0.128808 
0.333894 
-0.094926 
0.063260 
-0.053080 
-0.293501 
-0.065290 
-0.068600 
0.237096 
0.186943 
0.272909 
-0.018204 
0.146526 
0.231216 
0.122890 
0.049310 
-0.006848 
0.025680 
-0.135190 
0.278371 
0.186727 
-0.027851 
0.005655 
0.035413 
0.085564 
0.086290 
0.203208 
-0.041782 
0.034299 
0.051507 
0.232149 
0.000531 
-0.052597 
0.024469 
0.259061 
0.168247 
0.060381 
0.223369 
0.246710 
0.061728 
0.018798 
0.006109 
0.117190 
0.086829 
0.158001 
0.023314 
-0.062811 
0.014554 
0.022542 
-0.201032 
-0.101946 
0.133207 
0.147817 
0.058111 
-0.117592 
-0.066101 
-0.176357 
-0.066671 
-0.091975 
0.073719 
0.126795 
0.002809 
-0.057307 
0.051464 
0.200684 
-0.066768 
-0.152089 
-0.015887 
-0.071071 
0.255213 
0.326429 
0.032961 
0.196366 
0.186007 
0.234372 
0.080756 
-0.057342 
0.102786 
0.142100 
0.400208 
0.189408 
0.055995 
-0.033729 
-0.056253 
0.009698 
0.286085 
0.114750 
-0.011661 
-0.181409 
0.063021 
0.103214 
-0.006745 
-0.022178 
-0.080182 
0.273338 
-0.068954 
-0.084521 
-0.079387 
0.123397 
0.134429 
-0.128601 
0.174172 
0.145182 
-0.005350 
0.284659 
0.402937 
0.073648 
0.266597 
0.274173 
0.060333 
-0.243373 
0.234263 
0.087567 
0.162019 
0.058478 
-0.019346 
0.486058 
-0.001202 
0.047812 
0.090801 
0.014736 
-0.043707 
0.063806 
0.159535 
0.313569 
0.070786 
0.018231 
0.191691 
0.322523 
0.362871 
0.083611 
0.077307 
0.092764 
-0.093893 
-0.002147 
-0.057486 
0.078009 
0.016107 
-0.055982 
-0.172382 
0.029121 
-0.057906 
0.169193 
0.105985 
0.006506 
0.158307 
0.082670 
0.205193 
-0.072734 
0.209312 
0.127094 
0.185404 
0.091917 
0.186084 
0.261846 
0.168909 
0.327609 
0.081474 
0.148107 
-0.031111 
0.204784 
0.177019 
0.030380 
0.113021 
0.177621 
0.177754 
0.106213 
0.222314 
0.161925 
0.172516 
0.056890 
-0.040013 
0.190067 
0.045950 
-0.072011 
0.029485 
-0.007155 
0.055564 
0.109523 
0.282396 
0.019308 
-0.103723 
0.005455 
0.193307 
0.139794 
0.137809 
-0.198350 
0.033075 
0.099536 
0.247647 
0.431410 
0.282778 
0.050487 
0.397724 
0.032229 
0.210044 
0.125347 
-0.043896 
0.000001 
0.247295 
0.131553 
0.090742 
0.106463 
0.158425 
0.005277 
-0.153962 
0.194753 
-0.145663 
-0.155515 
0.066235 
0.062948 
0.232484 
0.100112 
0.018911 
0.169768 
0.129623 
0.063173 
0.102425 
0.170044 
0.382498 
0.381236 
0.066417 
0.025328 
-0.044530 
0.128933 
0.061972 
-0.064214 
0.027567 
0.099482 
-0.096225 
0.013113 
0.035442 
0.373980 
0.188101 
-0.325460 
-0.212095 
-0.072535 
0.141618 
0.314059 
0.215075 
-0.049338 
-0.052375 
-0.165229 
0.140070 
0.051325 
0.183093 
-0.012790 
-0.140717 
-0.087001 
0.160099 
0.171893 
0.007490 
0.038035 
0.043665 
0.031896 
0.070216 
-0.052940 
-0.175618 
0.219086 
0.198655 
0.371882 
0.256932 
-0.096720 
-0.099830 
0.116437 
0.036334 
0.115536 
0.211321 
-0.038712 
-0.065887 
-0.211795 
0.102548 
0.226708 
0.193741 
0.089977 
0.102552 
0.218877 
0.176877 
0.217813 
0.152905 
0.016981 
0.033262 
0.098870 
-0.087750 
-0.008628 
-0.021958 
0.073932 
0.310970 
0.292856 
0.320241 
-0.010998 
0.238967 
0.269690 
-0.073803 
-0.049858 
0.142709 
-0.000612 
0.133730 
0.149673 
-0.000477 
-0.028286 
0.081027 
0.040143 
-0.078890 
-0.177103 
0.226704 
0.296604 
0.059570 
0.023137 
0.157430 
-0.010739 
0.019074 
0.005933 
0.017687 
0.278387 
0.165179 
0.043914 
-0.070184 
0.058299 
-0.091668 
0.064120 
-0.046435 
-0.148345 
0.228738 
0.324590 
0.159197 
0.221035 
0.067432 
0.423195 
0.252545 
0.132457 
0.054162 
-0.063926 
-0.040558 
0.060923 
0.082096 
0.043269 
0.041124 
0.056933 
0.309935 
0.276600 
0.173761 
0.179011 
0.151683 
0.000957 
-0.070388 
0.265900 
0.336189 
0.246390 
-0.150496 
-0.104814 
-0.105970 
0.194932 
0.181407 
0.005552 
0.121309 
0.017809 
0.244956 
0.343476 
0.295053 
0.020935 
0.058779 
0.222999 
-0.010664 
0.137542 
0.103652 
0.141526 
0.183812 
0.283770 
-0.124839 
-0.119978 
0.132094 
0.211838 
0.000991 
-0.191808 
0.257458 
0.108372 
0.166229 
0.133562 
0.035015 
-0.091964 
0.191838 
-0.041003 
-0.097290 
0.103555 
0.044504 
0.158109 
0.013313 
-0.019560 
0.022190 
-0.130795 
0.088043 
-0.358135 
-0.241346 
-0.157219 
0.117975 
0.008261 
-0.044842 
0.118092 
-0.034953 
0.276049 
0.240853 
-0.000600 
-0.114739 
-0.048100 
-0.045812 
-0.020754 
-0.203884 
0.038189 
0.026800 
-0.169472 
-0.229947 
-0.313534 
-0.219345 
0.003144 
0.332250 
0.216933 
0.379880 
0.164766 
0.130942 
0.178290 
0.167125 
0.208270 
-0.024367 
0.064037 
0.171061 
-0.006647 
0.096999 
0.045297 
-0.138025 
-0.058831 
-0.187654 
0.173547 
0.284121 
0.099926 
-0.094373 
-0.235828 
0.221694 
0.232695 
0.149928 
0.241962 
0.161922 
0.037616 
0.260047 
0.164015 
0.121217 
0.062171 
0.049526 
0.043145 
0.008860 
0.020018 
0.105676 
0.057299 
0.098605 
-0.169053 
-0.085916 
-0.135710 
-0.293731 
-0.273217 
-0.158363 
0.101816 
-0.046703 
-0.028502 
0.061137 
-0.044289 
-0.154514 
0.100393 
0.165162 
0.281077 
0.305186 
0.149781 
0.092851 
0.047422 
-0.180817 
0.060695 
0.031458 
-0.021003 
0.392717 
0.073542 
0.094152 
0.176898 
0.202024 
0.088203 
-0.135135 
-0.030907 
0.160766 
0.169175 
0.141101 
0.184954 
0.266089 
0.136779 
0.457782 
0.057098 
0.132887 
-0.035956 
0.071589 
0.002250 
0.102227 
0.330824 
0.215118 
0.035432 
0.119915 
0.112359 
-0.092936 
0.028974 
0.083180 
-0.030923 
-0.123749 
0.113226 
0.289549 
0.152587 
0.157064 
0.075288 
0.011611 
0.093853 
0.111201 
0.266958 
0.000685 
-0.077962 
0.247249 
0.221700 
0.158978 
0.117963 
0.036183 
0.087009 
0.017423 
0.132146 
0.097526 
0.174606 
0.209262 
0.279722 
0.205453 
0.206358 
-0.001174 
-0.010743 
-0.116091 
-0.041099 
-0.217509 
-0.118831 
-0.021335 
0.261130 
0.283522 
0.270505 
-0.070330 
-0.033417 
-0.003046 
0.183227 
0.136243 
0.184949 
0.275158 
0.112805 
0.189529 
-0.086828 
0.096796 
0.311563 
-0.249695 
-0.042589 
0.044385 
-0.022418 
0.100567 
0.117414 
0.089573 
0.136954 
-0.146442 
0.093472 
0.062725 
0.199596 
0.156564 
0.151557 
0.044992 
0.191390 
0.128614 
0.042285 
-0.141373 
0.009229 
-0.085240 
-0.144441 
0.062951 
0.116055 
0.054064 
0.041718 
-0.053334 
0.008059 
0.089612 
0.182866 
0.126115 
0.263093 
0.169399 
-0.001454 
0.427547 
0.289377 
0.306411 
0.105200 
0.185731 
0.349903 
0.394676 
-0.310795 
0.009207 
0.006267 
0.073666 
-0.138438 
-0.047138 
0.129939 
0.053467 
0.036825 
-0.017846 
-0.092975 
-0.129724 
-0.004615 
0.098080 
0.122439 
-0.312542 
-0.131192 
-0.114714 
-0.011825 
-0.176438 
0.206999 
0.178462 
0.291425 
0.162696 
-0.064479 
0.205286 
0.140999 
-0.172437 
-0.299934 
-0.269445 
-0.196857 
-0.185810 
-0.105685 
-0.043963 
0.030175 
-0.002720 
0.212142 
0.177681 
-0.092659 
0.202888 
0.246712 
-0.038686 
-0.230534 
-0.214719 
0.128509 
0.174394 
0.356263 
-0.066840 
-0.093424 
-0.115368 
0.114428 
0.192962 
0.064095 
0.129466 
0.091844 
0.101114 
-0.000962 
0.081168 
0.132711 
0.132155 
-0.063752 
0.235606 
0.078480 
0.091520 
0.138153 
-0.027983 
0.155238 
0.277370 
0.218947 
-0.048436 
0.064856 
-0.042747 
-0.025474 
0.116503 
-0.114627 
-0.273649 
-0.113045 
0.299363 
0.239723 
0.065551 
-0.035415 
0.153967 
-0.029378 
-0.164757 
0.016269 
0.243798 
0.089573 
0.004204 
-0.004301 
-0.097330 
0.127438 
0.152425 
-0.050558 
0.123519 
0.077411 
-0.145333 
-0.088494 
0.226126 
0.112338 
0.010504 
0.132954 
0.114949 
0.029197 
0.011749 
0.177302 
0.085640 
0.157103 
0.107568 
0.450772 
0.255918 
0.126690 
0.211895 
0.081017 
0.214704 
0.311104 
0.247042 
0.211148 
-0.279609 
0.089325 
0.145041 
0.281841 
0.070646 
0.032702 
-0.024666 
0.155501 
-0.188212 
0.119385 
0.070986 
0.038500 
0.263124 
0.266013 
0.129013 
-0.001543 
-0.213347 
-0.340186 
-0.264756 
0.014494 
-0.050389 
-0.056881 
0.089309 
0.212210 
0.471416 
0.220851 
-0.058544 
-0.015166 
0.129378 
-0.013033 
0.229625 
-0.060443 
0.047356 
-0.150371 
0.102176 
0.132521 
0.115491 
0.214179 
0.112773 
0.034700 
0.071054 
0.039013 
-0.137840 
-0.149462 
0.005230 
-0.067413 
0.165892 
0.047411 
-0.079382 
-0.027223 
0.016117 
0.022787 
-0.018856 
-0.078568 
-0.091661 
-0.040422 
0.043043 
0.130273 
0.262085 
0.186656 
0.394167 
0.014090 
-0.073013 
0.102346 
-0.078073 
0.125407 
0.087193 
0.128218 
0.171716 
-0.074723 
0.262089 
0.072989 
0.130194 
0.276941 
0.176176 
0.335621 
0.173424 
0.150114 
0.059641 
0.176145 
0.110833 
0.010442 
-0.097030 
-0.212682 
-0.079366 
-0.055520 
0.212196 
0.222668 
-0.160646 
-0.110929 
-0.013133 
0.125139 
0.380187 
-0.017029 
0.033716 
-0.013084 
0.089241 
-0.056622 
0.096139 
0.290076 
-0.192691 
-0.258458 
-0.073155 
-0.001422 
0.141075 
0.363574 
0.268596 
0.158858 
-0.035977 
0.177259 
0.108598 
0.063534 
0.263430 
0.010578 
0.034362 
0.016837 
-0.015531 
0.012043 
0.068308 
0.164302 
0.097969 
0.241066 
0.128777 
-0.043200 
0.327339 
0.292840 
0.125871 
0.098763 
0.106270 
0.202264 
0.334721 
0.092316 
-0.197343 
0.149496 
0.215069 
0.055932 
-0.088530 
0.049270 
0.057486 
0.294827 
0.316110 
0.493637 
0.314004 
0.103653 
0.003549 
-0.179970 
-0.146826 
0.009085 
0.064662 
0.238133 
-0.213854 
-0.052476 
0.039743 
0.067116 
0.144306 
0.242397 
0.195997 
-0.057229 
0.177214 
0.098586 
0.007910 
0.157213 
0.271256 
0.181484 
-0.050835 
0.066113 
-0.118545 
0.097840 
0.153290 
0.016847 
0.037185 
0.258186 
-0.061252 
0.212519 
0.270331 
0.099229 
0.238347 
-0.066043 
-0.003613 
-0.065771 
-0.006906 
-0.147667 
0.028827 
0.037566 
0.108528 
0.155176 
0.115730 
0.229808 
0.221061 
-0.038252 
0.207968 
0.277367 
-0.045924 
0.057679 
0.036242 
0.121924 
0.022101 
-0.251987 
-0.048892 
-0.014310 
0.025287 
0.004686 
0.017038 
0.354421 
0.187499 
0.255083 
0.106430 
0.193504 
0.117750 
-0.058818 
0.338630 
0.071621 
0.050760 
-0.021250 
0.207371 
0.161644 
0.338840 
0.193500 
0.153575 
0.093697 
0.064755 
-0.087165 
0.033916 
0.251472 
0.121413 
0.240913 
0.173205 
0.152654 
-0.006020 
0.345979 
0.047077 
0.005712 
0.050268 
-0.015456 
-0.107694 
-0.049223 
-0.012927 
0.108322 
0.072401 
0.199183 
0.174828 
0.255452 
0.303391 
0.122971 
0.203239 
0.294769 
0.258250 
0.194971 
0.262394 
-0.042155 
-0.177227 
-0.085015 
0.079096 
0.170082 
0.169813 
0.093688 
0.070321 
0.037223 
0.218345 
0.260154 
-0.106057 
-0.146088 
-0.026421 
0.242631 
0.119462 
0.072443 
0.193085 
-0.021965 
0.119359 
0.059237 
0.063360 
0.307329 
0.316270 
0.402134 
0.208052 
0.054696 
0.066522 
-0.098348 
0.070199 
0.073084 
-0.023150 
0.029681 
-0.009951 
-0.222657 
-0.101891 
-0.229990 
0.030345 
0.032642 
0.085645 
-0.091075 
0.134441 
0.136382 
0.106109 
0.143544 
0.131359 
0.034322 
0.063983 
-0.095066 
0.066514 
0.019864 
-0.027694 
-0.054942 
0.013211 
-0.008851 
-0.017752 
-0.032526 
0.076188 
0.133040 
0.344143 
0.437024 
0.062503 
0.212766 
0.406341 
0.234657 
0.196835 
0.134702 
0.180448 
0.048701 
-0.130556 
-0.257106 
-0.089804 
0.098246 
0.014524 
-0.076032 
-0.055330 
-0.148361 
-0.065910 
0.002132 
-0.045539 
0.185859 
-0.040108 
0.205551 
0.157777 
0.311363 
0.182436 
0.076587 
0.048444 
-0.100560 
-0.269148 
0.173523 
0.083538 
0.240624 
0.137339 
-0.018453 
0.090571 
-0.069791 
-0.036046 
-0.021505 
0.057283 
0.083958 
0.226842 
0.090636 
0.076403 
0.035298 
0.160867 
0.150530 
0.257593 
0.177932 
0.299670 
0.163509 
0.207444 
0.214769 
0.198485 
0.279960 
0.303420 
0.159698 
0.333786 
0.079506 
-0.019560 
0.042361 
-0.021268 
0.230456 
0.185680 
-0.001920 
0.050440 
-0.008611 
0.478564 
0.185025 
-0.061845 
0.056036 
0.426631 
0.266412 
0.202198 
0.202248 
0.007508 
0.217267 
0.316315 
0.114127 
0.276659 
0.069767 
0.054991 
0.004334 
-0.282898 
-0.035776 
0.236918 
0.214222 
0.120036 
0.133665 
0.049600 
-0.039470 
0.207542 
0.001745 
0.089117 
0.147100 
0.152532 
0.234084 
0.141047 
-0.049067 
-0.054025 
0.244109 
0.052564 
0.015760 
-0.023441 
0.198437 
0.393435 
-0.108784 
0.067338 
0.074608 
0.050919 
0.064697 
0.227099 
0.123278 
0.072913 
-0.009146 
-0.126132 
-0.038856 
0.092993 
0.102891 
-0.080748 
-0.167249 
-0.184770 
0.031424 
-0.241477 
0.269908 
-0.036435 
-0.132322 
-0.162822 
0.033027 
0.048941 
0.107382 
0.268223 
0.345549 
0.210071 
0.333898 
0.125329 
0.140151 
0.223705 
0.089373 
-0.006840 
-0.006840 
-0.003190 
0.215068 
0.086184 
-0.373557 
-0.177709 
-0.042503 
-0.030767 
0.038104 
-0.154797 
0.244250 
0.108600 
0.065927 
-0.017272 
0.002333 
0.039289 
0.038334 
-0.069231 
0.018345 
0.167934 
0.213538 
0.205292 
0.250320 
0.054127 
0.284037 
0.144040 
0.159264 
0.196134 
0.277196 
0.336708 
-0.045018 
0.007510 
0.080783 
0.066870 
0.164658 
-0.111346 
0.089777 
0.079895 
0.217477 
0.313152 
0.311541 
0.281721 
0.173403 
0.123352 
0.118765 
0.101398 
0.152312 
0.114612 
0.103153 
-0.134492 
-0.097653 
-0.163025 
0.057532 
-0.119194 
-0.011869 
-0.050030 
-0.217702 
0.197726 
0.055269 
0.040884 
0.206444 
0.098534 
0.053887 
-0.058308 
-0.039018 
-0.044844 
0.089082 
-0.078125 
-0.180172 
0.105077 
0.344018 
0.112614 
0.043289 
0.229903 
0.205923 
0.053642 
-0.037972 
-0.034538 
0.058675 
-0.011103 
0.187027 
-0.073513 
-0.105437 
-0.165813 
-0.102420 
0.076102 
-0.018617 
-0.195639 
0.060061 
0.135026 
0.313738 
0.132710 
0.086781 
0.069132 
0.038619 
0.031003 
0.012209 
-0.121472 
0.013101 
-0.262139 
-0.041400 
0.460433 
0.155336 
0.095566 
0.072992 
0.086715 
0.105464 
-0.032200 
-0.044011 
0.089165 
0.140600 
0.384800 
0.299247 
0.241358 
0.211608 
0.142745 
0.035693 
-0.269254 
-0.439747 
-0.143637 
-0.084566 
-0.100720 
-0.136790 
0.070655 
0.026506 
-0.201896 
-0.094509 
-0.007700 
0.234075 
0.166997 
0.347723 
0.062727 
0.190091 
0.094754 
0.056683 
0.274193 
0.094593 
0.132787 
0.241031 
-0.007122 
0.103296 
0.071628 
0.159553 
0.067497 
0.160501 
-0.163081 
0.064316 
0.124396 
0.214845 
0.041631 
-0.054333 
-0.147931 
-0.030008 
0.141532 
-0.138584 
0.210631 
0.328010 
0.327410 
0.224126 
0.096223 
-0.147376 
0.110004 
0.196263 
0.161944 
-0.161154 
0.032670 
-0.075040 
-0.177765 
0.091126 
0.094359 
-0.096814 
-0.000363 
0.010825 
0.248888 
0.324322 
0.241566 
-0.071476 
-0.001912 
-0.058838 
-0.062132 
-0.182122 
-0.025289 
0.003819 
-0.054283 
-0.092924 
0.226385 
0.191832 
0.080021 
0.328666 
0.234244 
0.123101 
-0.061096 
0.001654 
-0.100275 
0.111272 
0.145135 
0.188981 
-0.059500 
0.022964 
0.186829 
-0.070322 
0.094329 
0.155541 
0.106973 
0.003429 
0.071293 
-0.065650 
0.075063 
0.058423 
-0.195079 
-0.078110 
0.115220 
0.115087 
0.125554 
-0.215824 
0.105341 
0.147486 
-0.151605 
-0.338007 
-0.351887 
0.198787 
0.124186 
0.234777 
-0.003796 
-0.043151 
0.152021 
0.068730 
-0.088771 
0.296390 
0.231553 
-0.061332 
0.123546 
-0.248467 
-0.078701 
-0.090981 
0.073740 
-0.049914 
0.358649 
-0.012760 
-0.014992 
0.137039 
0.155248 
0.164224 
0.000995 
0.089363 
-0.079135 
-0.079552 
0.189862 
-0.062665 
-0.101320 
0.040234 
0.133482 
0.128876 
-0.028804 
0.274068 
0.120711 
0.178179 
0.056037 
0.150062 
0.220388 
0.016350 
0.134137 
0.033487 
0.076410 
-0.018999 
0.166604 
0.152828 
0.129980 
0.413728 
0.246518 
0.322264 
0.064608 
0.476436 
-0.006706 
-0.155091 
0.071660 
-0.000126 
0.002543 
-0.146565 
0.034373 
-0.141027 
0.218995 
-0.153402 
0.281305 
0.144659 
0.086246 
-0.165775 
0.128893 
0.026410 
0.002860 
0.017613 
0.076657 
0.083463 
-0.037176 
0.034201 
-0.075740 
0.048193 
-0.059184 
0.306060 
0.126432 
0.198754 
0.080901 
0.132279 
-0.212323 
-0.007299 
0.057526 
0.249541 
0.330807 
0.109768 
0.004417 
-0.138328 
0.011876 
0.011333 
0.127608 
0.120975 
0.053701 
-0.002662 
0.117922 
0.347800 
0.384621 
0.006222 
0.138169 
0.075620 
0.119080 
0.051502 
-0.035844 
0.108539 
-0.003158 
-0.057126 
0.010466 
0.069766 
0.433801 
0.330471 
0.243861 
0.178053 
-0.153845 
0.064063 
0.161638 
0.246912 
0.004347 
-0.094663 
0.214299 
0.039666 
0.077342 
0.047613 
0.116766 
0.287029 
0.227314 
0.031132 
-0.085217 
0.032502 
0.331610 
0.163002 
-0.103493 
-0.126321 
0.210857 
0.077890 
0.337270 
0.335867 
0.080890 
0.236950 
-0.016166 
0.122438 
-0.028875 
0.000025 
-0.166478 
0.027509 
0.405462 
0.299081 
0.213955 
0.139271 
-0.088690 
0.128732 
0.351692 
0.292014 
0.114668 
0.152043 
-0.092166 
0.019913 
0.093355 
0.000209 
0.011103 
0.142096 
-0.225360 
0.135830 
-0.014618 
-0.054972 
0.213048 
0.271267 
0.186813 
0.041722 
0.080804 
0.158047 
0.067927 
0.309471 
0.157338 
0.081624 
-0.079442 
0.092824 
0.317915 
-0.129531 
0.116161 
0.196083 
0.215481 
0.248289 
0.356774 
-0.095547 
0.002196 
0.224736 
0.141850 
0.101726 
-0.007591 
-0.202530 
0.251008 
0.225732 
-0.044870 
0.057467 
-0.156521 
0.134450 
0.085574 
0.160003 
0.087006 
0.374172 
0.101748 
-0.008541 
0.035425 
0.120212 
-0.055259 
-0.080406 
-0.033880 
-0.112607 
-0.039296 
0.106038 
-0.080367 
0.090719 
0.108530 
0.131438 
0.096594 
0.109655 
0.127565 
0.021832 
0.000691 
0.074600 
-0.241721 
0.196327 
-0.050511 
0.205894 
0.287528 
0.033422 
-0.028191 
0.084336 
0.118350 
-0.025246 
-0.045180 
0.108335 
0.110531 
0.158568 
0.140902 
0.152085 
0.079197 
0.134215 
0.123000 
-0.050045 
0.064828 
0.267594 
-0.060395 
0.105419 
0.188017 
0.087061 
0.142082 
0.118293 
0.154867 
0.420956 
0.217289 
-0.023470 
-0.070845 
0.097357 
0.086168 
0.086510 
0.331124 
0.190328 
-0.023247 
-0.099183 
0.295220 
0.324954 
0.158574 
0.118264 
-0.076434 
-0.150149 
-0.136239 
0.016040 
0.001097 
0.180667 
-0.043294 
0.398914 
0.111247 
0.031084 
0.018395 
0.087991 
0.168755 
0.100419 
0.022794 
0.191585 
0.266353 
0.017280 
-0.223115 
-0.093263 
-0.021424 
-0.017753 
0.168358 
0.151726 
0.067189 
0.250504 
0.150748 
0.316383 
-0.006215 
-0.203592 
-0.082736 
0.034454 
0.143174 
-0.057207 
0.022676 
0.085189 
0.048326 
-0.070754 
0.007497 
-0.061691 
0.280611 
0.019945 
0.221754 
0.170670 
0.256865 
0.065378 
0.099702 
0.133363 
0.240893 
0.181898 
-0.048594 
-0.111836 
0.048598 
-0.132514 
-0.120743 
-0.059668 
0.068445 
0.350758 
0.229765 
0.165841 
0.122311 
-0.073378 
0.029633 
0.202170 
0.048083 
0.219089 
0.156511 
0.097659 
0.077530 
0.293229 
0.266800 
0.076768 
0.165367 
-0.137021 
0.239279 
0.217747 
-0.014959 
0.056462 
-0.068473 
-0.027763 
-0.024427 
0.193431 
0.212896 
-0.031350 
0.183879 
0.348702 
0.473387 
-0.029792 
0.095701 
0.107811 
0.207755 
0.365687 
0.363808 
0.057533 
-0.115093 
0.087745 
0.106996 
0.080616 
0.231612 
0.156209 
0.078395 
0.172919 
0.029902 
0.135769 
0.134960 
0.202076 
0.112388 
-0.019083 
0.204509 
0.084850 
-0.068116 
-0.011105 
0.141732 
0.004561 
-0.316748 
0.168360 
0.027626 
0.153940 
0.081398 
0.208701 
0.238262 
0.029851 
0.221604 
0.150252 
-0.028571 
-0.030499 
-0.053782 
0.030120 
-0.322249 
-0.127723 
0.070030 
0.097174 
-0.049642 
0.195956 
0.037642 
0.045894 
0.109158 
0.207767 
0.020166 
0.075355 
0.072348 
-0.017332 
0.078151 
0.038828 
-0.126656 
0.163149 
-0.124465 
0.158906 
0.052352 
0.212229 
0.229314 
0.072889 
0.255168 
-0.024716 
0.120973 
0.177452 
-0.158146 
-0.036547 
-0.182343 
-0.017811 
-0.186683 
-0.138999 
-0.000280 
0.012207 
-0.115700 
-0.165322 
0.344800 
0.143777 
0.245651 
-0.200042 
0.074426 
0.436960 
0.242220 
0.051125 
-0.062065 
0.033724 
0.060507 
0.244240 
0.073363 
0.078387 
0.246488 
0.161416 
0.053084 
-0.184499 
-0.123950 
-0.035109 
0.200667 
0.284809 
0.104988 
0.353491 
0.100013 
0.002675 
-0.011395 
0.121843 
0.132351 
0.168194 
0.024135 
-0.141440 
0.068030 
-0.132015 
0.105469 
0.064098 
0.142350 
0.095355 
0.127756 
-0.035489 
-0.287578 
0.085552 
-0.021699 
0.007449 
-0.093310 
-0.122068 
0.131583 
0.281018 
0.325257 
0.148719 
-0.006839 
0.034844 
0.078467 
-0.088614 
0.116432 
0.065196 
0.196594 
0.125150 
-0.030855 
0.281898 
0.070543 
-0.248303 
-0.296851 
0.178566 
0.161750 
0.142397 
0.144222 
0.222354 
-0.146258 
0.132121 
0.276252 
0.088438 
-0.025008 
0.192312 
0.222836 
0.148084 
0.237501 
0.113213 
0.163316 
-0.084019 
-0.041148 
0.181586 
0.085197 
0.104196 
0.259049 
0.122550 
0.163600 
0.256680 
0.098313 
0.170897 
0.188963 
0.205978 
0.236348 
0.173750 
0.182380 
0.177201 
0.142215 
0.177395 
0.253037 
0.015225 
0.052117 
0.108290 
0.185419 
0.166612 
-0.155923 
0.179845 
-0.121358 
0.108962 
-0.057029 
-0.051759 
-0.077342 
0.023746 
-0.140366 
-0.017138 
0.079756 
0.160418 
0.002699 
0.022027 
-0.218719 
-0.148686 
-0.013630 
0.043056 
0.010055 
-0.135206 
-0.006538 
0.134287 
0.196099 
0.322164 
0.225635 
0.167740 
-0.201951 
0.013259 
0.218798 
0.275469 
0.044684 
0.094965 
0.192583 
0.124475 
-0.055193 
0.137306 
-0.125438 
-0.004942 
-0.023687 
0.065222 
0.167091 
0.029415 
0.487702 
-0.018759 
0.185103 
0.003280 
-0.079245 
0.054263 
0.058258 
0.256204 
0.306841 
0.134971 
0.217376 
0.239886 
0.025684 
-0.001708 
0.213614 
-0.054627 
-0.024713 
0.151122 
-0.012799 
0.160719 
0.245648 
0.188521 
0.301408 
0.221524 
0.148819 
-0.070244 
-0.089120 
-0.258435 
-0.061580 
-0.258073 
-0.058398 
-0.238223 
-0.402838 
-0.228225 
0.020310 
0.154077 
-0.222889 
-0.246414 
0.030396 
0.134471 
-0.122404 
0.377876 
-0.070641 
0.122999 
0.141249 
0.089173 
0.134873 
0.026697 
0.056840 
-0.128313 
-0.022058 
-0.196799 
0.056744 
0.030311 
0.004508 
-0.023909 
0.058088 
0.384235 
0.316543 
0.263755 
0.145522 
-0.087532 
0.171616 
0.090740 
0.092829 
0.123479 
0.291860 
-0.155353 
0.059761 
0.220908 
-0.038170 
0.034733 
0.072622 
0.077472 
0.268180 
0.202682 
0.192406 
0.070272 
0.228716 
0.185817 
0.251468 
0.102690 
0.062067 
0.213012 
0.098668 
0.061351 
0.222592 
0.176528 
0.196509 
0.125548 
0.159944 
-0.063530 
-0.123264 
0.065798 
0.078649 
0.088985 
0.018107 
0.027983 
0.088499 
0.200094 
0.127927 
0.218391 
-0.133174 
-0.034508 
-0.068388 
0.269015 
0.137811 
-0.125955 
0.006369 
0.014016 
0.090026 
0.304004 
0.208108 
0.119431 
0.205530 
0.083336 
0.250576 
0.236638 
0.184066 
0.209318 
-0.084051 
0.261525 
0.183291 
0.029085 
-0.073449 
-0.271955 
0.095027 
0.324230 
0.365310 
0.304649 
0.091090 
0.230845 
0.214556 
0.025657 
-0.089867 
-0.083389 
0.153360 
0.126663 
-0.036977 
0.109000 
-0.008352 
0.231996 
0.279026 
0.287489 
0.405669 
0.187153 
0.033017 
0.061844 
0.016697 
0.024184 
-0.102743 
0.163828 
0.097176 
-0.121006 
0.065002 
-0.074017 
-0.065222 
0.054480 
0.026476 
0.071694 
0.011597 
0.033262 
0.151894 
0.023782 
0.115188 
0.123704 
-0.069151 
0.024447 
0.031936 
0.027670 
-0.188047 
-0.005328 
0.164384 
-0.044799 
0.210091 
0.009706 
0.290273 
0.211292 
0.032074 
-0.048143 
0.234499 
0.116576 
0.132865 
0.138013 
0.186422 
0.181631 
0.014682 
0.105410 
-0.036256 
0.109445 
0.022344 
0.102285 
0.005580 
-0.014937 
0.097178 
0.155103 
0.048962 
0.321600 
-0.116688 
-0.279224 
-0.070247 
-0.018175 
0.074011 
-0.026602 
0.121419 
0.211623 
0.170693 
0.041225 
0.399849 
0.009836 
0.030475 
0.032828 
0.191535 
0.343006 
0.142767 
0.200645 
0.024181 
0.184408 
0.126961 
0.388087 
0.053559 
-0.091694 
-0.039987 
0.034317 
-0.135796 
0.225780 
0.135791 
0.080275 
0.237009 
0.103636 
0.167819 
0.102926 
0.458418 
0.365397 
0.214231 
0.195326 
0.170043 
0.026089 
0.041541 
0.080659 
0.310102 
0.143603 
0.129267 
0.318991 
0.020881 
0.083984 
0.296603 
-0.062157 
-0.108203 
-0.120309 
-0.025919 
0.052889 
0.037156 
-0.011011 
0.187086 
0.217247 
0.130941 
0.314642 
0.015158 
0.089670 
-0.080775 
0.024301 
0.426394 
-0.137336 
-0.056525 
0.197120 
0.300106 
0.065552 
0.148156 
-0.025023 
0.047846 
-0.048769 
-0.063186 
0.110443 
0.275809 
0.035562 
0.126084 
-0.017063 
-0.055106 
-0.011156 
0.165011 
0.082247 
0.011472 
0.010785 
0.110053 
-0.006712 
0.180676 
-0.196788 
0.269476 
0.057723 
0.103374 
0.010126 
0.135681 
0.308401 
0.228065 
0.223192 
0.366209 
0.349417 
0.115672 
0.002548 
0.036712 
0.029524 
0.321080 
0.093147 
0.041100 
0.003116 
0.014459 
-0.099171 
-0.124699 
-0.056301 
0.234009 
0.360425 
0.009431 
-0.122781 
0.051445 
0.196817 
0.137246 
-0.155751 
-0.037620 
0.027327 
0.250943 
0.393644 
0.181838 
0.006846 
0.079812 
0.074094 
0.479903 
0.247247 
-0.003197 
-0.126650 
0.049591 
0.169783 
-0.035834 
0.065434 
-0.004736 
0.303640 
0.079002 
0.068281 
-0.022974 
-0.155819 
0.060767 
0.081252 
0.027184 
-0.061110 
-0.265850 
0.012772 
0.214663 
0.304084 
0.341528 
0.214909 
0.354562 
-0.153407 
0.112332 
0.178256 
0.335043 
0.208735 
0.210564 
-0.051682 
0.326950 
0.144900 
0.133075 
0.240480 
0.250418 
0.125606 
0.278893 
0.166530 
-0.011277 
-0.221927 
0.079015 
0.040534 
-0.047516 
-0.066388 
0.062918 
0.072809 
0.000157 
0.095590 
0.251497 
0.160203 
0.125605 
-0.036586 
0.075467 
-0.122399 
0.240156 
-0.001403 
0.080796 
0.226317 
-0.010437 
-0.053531 
0.301928 
0.071116 
-0.050578 
-0.112913 
0.299670 
0.033069 
0.065025 
-0.064912 
0.187913 
0.010575 
-0.256699 
-0.048355 
-0.027151 
0.065892 
-0.052779 
0.016128 
-0.341843 
-0.244619 
-0.053149 
0.254839 
0.339693 
0.301052 
0.080747 
-0.045601 
0.019239 
-0.038517 
0.309782 
0.070123 
0.108059 
0.236608 
0.101426 
0.071154 
0.374314 
0.289753 
0.037360 
0.007394 
0.011622 
0.045209 
-0.042442 
0.030008 
0.015971 
0.140110 
0.012509 
-0.114632 
-0.032380 
0.108614 
0.105965 
-0.030683 
0.065477 
-0.019463 
-0.161193 
0.089967 
0.177759 
-0.159342 
0.165647 
-0.057225 
0.072029 
0.010093 
0.086913 
0.040108 
0.284701 
0.179919 
-0.011341 
0.259162 
0.015592 
-0.054670 
-0.042235 
0.038713 
-0.063694 
-0.007948 
0.044028 
0.123469 
0.003407 
0.126336 
0.083197 
0.067609 
-0.035480 
0.025213 
-0.033846 
0.043460 
0.016489 
-0.126291 
0.095057 
0.163668 
0.247154 
0.440598 
0.003510 
-0.016130 
0.183676 
0.283952 
0.170086 
0.317682 
0.293112 
0.096050 
0.271332 
0.215917 
0.337584 
0.271552 
-0.196664 
-0.098840 
-0.058481 
0.330000 
0.363903 
0.147433 
0.338530 
0.321713 
0.348046 
0.300521 
-0.009519 
-0.071999 
0.062564 
0.181804 
-0.118762 
0.058669 
0.000434 
0.154195 
0.066403 
0.032055 
-0.043049 
0.056763 
0.034251 
0.076383 
0.186271 
0.055866 
0.042121 
-0.007495 
-0.025290 
0.036971 
0.069702 
-0.180361 
-0.146220 
-0.196864 
-0.009771 
0.040716 
0.077957 
0.029876 
0.397470 
0.186475 
0.149448 
-0.006855 
0.071242 
0.195704 
0.104497 
0.264530 
0.331534 
0.075764 
0.018640 
0.037729 
0.276905 
0.167542 
0.406978 
0.151378 
0.123314 
-0.037093 
0.192525 
0.311010 
0.041859 
-0.194044 
0.095026 
0.133524 
-0.053283 
-0.058358 
-0.233572 
-0.113222 
0.294903 
0.206830 
0.283926 
0.402640 
0.209542 
0.056948 
0.051137 
-0.165046 
-0.138202 
0.296385 
0.064834 
-0.201533 
-0.244616 
-0.135932 
-0.183978 
-0.014197 
0.015148 
-0.143600 
0.055335 
0.232149 
0.003868 
0.093914 
0.003213 
-0.049767 
0.071062 
0.241985 
0.206352 
0.182209 
0.278916 
0.218461 
0.119271 
0.109261 
0.206329 
0.132431 
0.072328 
0.111052 
0.046615 
0.062302 
0.260607 
0.124500 
0.089489 
-0.181711 
-0.095090 
-0.236998 
-0.084640 
0.106980 
-0.142413 
-0.113095 
-0.112013 
0.161564 
0.249446 
0.273359 
0.260823 
0.318012 
-0.004262 
0.063503 
-0.250558 
-0.077365 
0.041988 
0.037780 
0.098873 
0.097464 
0.001382 
-0.143127 
-0.164895 
0.034531 
0.327793 
0.115248 
-0.257976 
-0.167219 
0.080284 
0.295864 
0.035930 
0.035035 
0.145115 
-0.138890 
-0.142450 
-0.007651 
0.052208 
-0.056785 
-0.089467 
0.298216 
0.282005 
0.129577 
0.117481 
0.038177 
0.060702 
0.112589 
0.216648 
0.107537 
0.512484 
0.477605 
0.238201 
0.060968 
0.170609 
-0.035673 
0.060810 
0.024745 
0.272628 
0.244032 
0.133115 
-0.102866 
-0.045546 
0.298827 
0.128173 
0.324884 
0.094588 
-0.099337 
0.001296 
0.131284 
0.121830 
0.275897 
-0.027405 
-0.047699 
-0.036958 
0.028570 
0.093350 
-0.025654 
0.157201 
-0.150290 
0.089536 
0.036880 
0.065813 
-0.326951 
-0.129580 
-0.004131 
0.098293 
-0.049029 
-0.360300 
-0.201906 
0.048446 
0.068736 
0.185143 
0.166267 
-0.025305 
0.054272 
0.145908 
0.184934 
0.142261 
0.122095 
-0.063322 
0.054154 
-0.094773 
0.035392 
0.115740 
0.087969 
0.212629 
0.016313 
0.121301 
0.134489 
-0.095337 
-0.148695 
-0.244996 
0.160732 
-0.206812 
0.056796 
0.130273 
0.139219 
0.049306 
0.207041 
0.027841 
0.165414 
-0.151664 
-0.068978 
-0.039668 
0.079452 
0.035098 
0.046378 
0.043038 
0.144315 
0.151194 
0.001263 
-0.257156 
-0.134298 
-0.132337 
-0.063850 
0.010012 
0.313112 
0.101455 
0.129685 
0.055691 
0.123336 
0.057112 
0.243726 
0.149073 
0.251347 
0.318694 
0.302180 
-0.027631 
0.062389 
0.061280 
0.422892 
-0.021258 
0.332102 
0.213798 
0.249128 
0.131042 
0.051735 
-0.110155 
-0.028122 
0.209361 
0.063414 
0.117829 
-0.052145 
-0.209881 
0.157000 
0.123175 
0.189650 
-0.041987 
-0.224828 
-0.222460 
-0.018501 
-0.039451 
-0.001329 
0.135040 
0.123103 
-0.047310 
-0.010404 
-0.078410 
-0.050295 
-0.148812 
-0.001335 
0.117628 
-0.044364 
0.182231 
0.080769 
0.149669 
-0.060915 
0.089962 
0.202776 
-0.040076 
0.329460 
0.299990 
-0.051317 
-0.117962 
0.114839 
0.347087 
-0.057472 
0.155643 
-0.143387 
-0.213168 
0.162774 
0.092581 
0.000318 
0.059246 
0.250651 
-0.069255 
0.053175 
0.025715 
0.166913 
0.082785 
0.003016 
0.110531 
0.372050 
-0.160051 
0.072546 
0.089591 
0.149038 
0.083160 
-0.063067 
-0.166928 
-0.021822 
0.002873 
-0.175640 
-0.065918 
-0.015773 
0.124851 
0.047358 
-0.008124 
-0.014231 
-0.002906 
-0.050531 
-0.111279 
-0.095956 
0.010554 
0.107785 
-0.201474 
0.107434 
0.201580 
0.129898 
-0.030405 
0.117487 
0.103093 
0.238051 
0.255318 
0.254251 
0.191791 
0.124450 
-0.045277 
-0.072123 
-0.061926 
0.173895 
0.042302 
0.200633 
0.148727 
0.070911 
0.142248 
-0.042285 
0.112338 
0.159954 
0.288859 
0.147668 
0.057084 
-0.117062 
0.240204 
0.150054 
0.164821 
0.190548 
0.074219 
0.004090 
0.156022 
-0.209970 
0.096362 
-0.072282 
-0.090199 
-0.016341 
0.234384 
0.217735 
0.282028 
0.151527 
0.135704 
0.251006 
0.036455 
0.181740 
0.180125 
0.035845 
0.048539 
0.168759 
0.000227 
0.212191 
0.081645 
0.078979 
0.187937 
0.026363 
0.154797 
0.020583 
0.015418 
0.098284 
0.125969 
-0.017881 
0.041425 
0.308358 
0.047681 
0.151972 
-0.100470 
0.056171 
-0.051780 
-0.119008 
0.232221 
-0.102659 
0.169027 
0.031652 
-0.007148 
0.121660 
0.210357 
0.240315 
0.159433 
0.114642 
0.132485 
-0.042381 
0.015238 
-0.098778 
0.013315 
0.126896 
0.411468 
0.267614 
-0.102966 
-0.161638 
0.035176 
0.061754 
0.045437 
0.240316 
0.224978 
0.230632 
0.215859 
0.147244 
-0.180673 
0.026850 
0.190995 
-0.049489 
-0.031625 
-0.242593 
-0.157696 
-0.059000 
0.147718 
0.322238 
-0.072863 
0.046218 
-0.134873 
-0.230406 
0.187375 
0.367874 
0.003237 
0.001724 
-0.204481 
0.131163 
0.210221 
0.061563 
0.087345 
-0.026866 
0.191078 
0.132735 
-0.144770 
-0.087854 
-0.118246 
0.096850 
0.023479 
-0.094977 
0.100805 
0.326125 
0.249749 
0.344386 
0.280154 
0.207637 
0.133268 
-0.092868 
0.128046 
0.428630 
0.334034 
-0.036210 
0.249838 
-0.041310 
-0.029588 
0.756009 
0.068236 
0.301297 
0.157277 
0.077293 
0.085549 
-0.012882 
-0.210350 
0.073921 
0.222996 
0.199436 
0.007121 
0.242200 
0.215372 
-0.142082 
0.080414 
-0.044720 
0.172586 
0.297398 
0.177582 
-0.017573 
0.018187 
0.012976 
0.038642 
0.053842 
-0.032694 
-0.222321 
-0.134450 
0.008903 
0.147933 
-0.010214 
0.024121 
0.244695 
0.245339 
0.067045 
0.179487 
0.214853 
-0.140601 
0.026663 
0.183062 
0.139566 
0.278348 
0.081907 
0.278856 
0.211336 
0.175539 
0.206399 
0.274217 
0.096661 
0.020141 
0.135769 
0.175040 
0.128944 
0.346306 
0.000450 
-0.017210 
0.416844 
0.020994 
0.107026 
-0.173605 
-0.284901 
0.147549 
-0.004819 
0.177502 
0.161950 
0.151630 
0.279017 
0.310859 
0.032744 
0.185221 
0.220298 
0.107045 
0.060890 
0.178494 
-0.023977 
-0.148924 
-0.231702 
-0.140880 
-0.001549 
0.061450 
0.014037 
-0.035721 
-0.112266 
-0.048307 
-0.287994 
0.354327 
0.132036 
-0.061273 
-0.124969 
-0.128714 
-0.027654 
-0.019197 
0.023673 
-0.063387 
0.069788 
0.000158 
0.269932 
0.172075 
-0.060092 
0.129592 
-0.008239 
0.059388 
-0.041971 
0.186984 
0.135374 
-0.037450 
-0.082920 
-0.039845 
0.033688 
0.082054 
0.267548 
0.167146 
0.045921 
-0.016113 
0.025957 
0.077951 
0.098997 
0.213437 
0.195707 
0.112081 
-0.019535 
0.317279 
0.146113 
0.101283 
0.183122 
0.078634 
0.096302 
0.099259 
0.063854 
0.027273 
0.086233 
0.023615 
0.048918 
0.152907 
0.148774 
0.261403 
0.180485 
0.198052 
0.216759 
0.305668 
0.199563 
0.046005 
-0.062291 
-0.063280 
-0.053024 
-0.188531 
0.330997 
0.068328 
0.087922 
0.054898 
-0.030756 
-0.071867 
0.077229 
-0.031207 
-0.086625 
0.195020 
0.128948 
0.013066 
0.147737 
-0.047842 
0.069919 
0.058588 
0.227937 
-0.022959 
-0.035929 
-0.051343 
0.099274 
0.030312 
0.261142 
0.302833 
0.225243 
0.339219 
0.263184 
0.012524 
0.069289 
0.155323 
0.182478 
0.027736 
0.112120 
0.315640 
0.194368 
0.146093 
0.035699 
0.177590 
0.018494 
0.248244 
-0.071199 
0.110957 
0.192787 
0.227030 
0.247566 
0.035956 
0.052944 
0.089241 
0.182030 
0.236627 
0.101482 
0.244745 
0.253270 
0.099287 
0.064597 
0.240263 
0.022386 
0.235352 
0.256064 
0.184423 
0.237190 
0.023689 
-0.031769 
-0.125170 
0.142672 
