6.727088 
6.732249 
6.735037 
6.731859 
6.731015 
6.729718 
6.727681 
6.725921 
6.726172 
6.727029 
6.730130 
6.730482 
6.727948 
6.731520 
6.729043 
6.731167 
6.731089 
6.725692 
6.726305 
6.727580 
6.732976 
6.731351 
6.735124 
6.728509 
6.727152 
6.728496 
6.728305 
6.726610 
6.730914 
6.732943 
6.730900 
6.731686 
6.732166 
6.731441 
6.732529 
6.730696 
6.731860 
6.728139 
6.725727 
6.729273 
6.721604 
6.728470 
6.724591 
6.737682 
6.729290 
6.736063 
6.730722 
6.729300 
6.730740 
6.727249 
6.729460 
6.732994 
6.732055 
6.731471 
6.729395 
6.731304 
6.731468 
6.726205 
6.732677 
6.725456 
6.728817 
6.733925 
6.729009 
6.735091 
6.730931 
6.731423 
6.734250 
6.728830 
6.732360 
6.731085 
6.738251 
6.731395 
6.729650 
6.727609 
6.737002 
6.732567 
6.728889 
6.732641 
6.734075 
6.729725 
6.728271 
6.729422 
6.727813 
6.732186 
6.728982 
6.730006 
6.730406 
6.729252 
6.730068 
6.729367 
6.728789 
6.729406 
6.730059 
6.725793 
6.728560 
6.737709 
6.734468 
6.732664 
6.730161 
6.728126 
6.730489 
6.725815 
6.733184 
6.731902 
6.729330 
6.730847 
6.728543 
6.728386 
6.734004 
6.731058 
6.733770 
6.737848 
6.737737 
6.726375 
6.733977 
6.731764 
6.730810 
6.730420 
6.727438 
6.729276 
6.732138 
6.727999 
6.728768 
6.731042 
6.729075 
6.735512 
6.727814 
6.732110 
6.732509 
6.731737 
6.730635 
6.731876 
6.733903 
6.731339 
6.730132 
6.728594 
6.729183 
6.731096 
6.729485 
6.730000 
6.727154 
6.724875 
6.726588 
6.727320 
6.725631 
6.729563 
6.730910 
6.732322 
6.728472 
6.724489 
6.728353 
6.727778 
6.725852 
6.730523 
6.735583 
6.737304 
6.732699 
6.730906 
6.734352 
6.728020 
6.725345 
6.730749 
6.732772 
6.726084 
6.728991 
6.732459 
6.736590 
6.732625 
6.728472 
6.735886 
6.728804 
6.734601 
6.729562 
6.725131 
6.729707 
6.729303 
6.731105 
6.731295 
6.728677 
6.733046 
6.733490 
6.725237 
6.726108 
6.731888 
6.731048 
6.729126 
6.731428 
6.730908 
6.732825 
6.724289 
6.727002 
6.728544 
6.725299 
6.718705 
6.727209 
6.726175 
6.731356 
6.728825 
6.723618 
6.726542 
6.735341 
6.731899 
6.733214 
6.731799 
6.726753 
6.732079 
6.724281 
6.730343 
6.734614 
6.729268 
6.734814 
6.733575 
6.731298 
6.735995 
6.730962 
6.733032 
6.732467 
6.734085 
6.730556 
6.730843 
6.729565 
6.730164 
6.728403 
6.728881 
6.727263 
6.725404 
6.730950 
6.729892 
6.729759 
6.735514 
6.725978 
6.729687 
6.731488 
6.732469 
6.734661 
6.730615 
6.732916 
6.728307 
6.731698 
6.731769 
6.731529 
6.732276 
6.728755 
6.730122 
6.736302 
6.730677 
6.728453 
6.730906 
6.732293 
6.729363 
6.730886 
6.728241 
6.729771 
6.726275 
6.731948 
6.730585 
6.729338 
6.732849 
6.728964 
6.730507 
6.731428 
6.732683 
6.732340 
6.725751 
6.732201 
6.731009 
6.733522 
6.732994 
6.732492 
6.726406 
6.727177 
6.728182 
6.733040 
6.730644 
6.730780 
6.728827 
6.729594 
6.724490 
6.724387 
6.729190 
6.730608 
6.734282 
6.731274 
6.730524 
6.731943 
6.732600 
6.733265 
6.730222 
6.732761 
6.726612 
6.726161 
6.725009 
6.730190 
6.733457 
6.727303 
6.730501 
6.730911 
6.728323 
6.727008 
6.730566 
6.727704 
6.729883 
6.729402 
6.729431 
6.729540 
6.727262 
6.733568 
6.728757 
6.728194 
6.727623 
6.724821 
6.725117 
6.729815 
6.733614 
6.729890 
6.730693 
6.732538 
6.730080 
6.724766 
6.728013 
6.725160 
6.726261 
6.730385 
6.730863 
6.731721 
6.726863 
6.725422 
6.729147 
6.728299 
6.731762 
6.729917 
6.731361 
6.726070 
6.725253 
6.726100 
6.727516 
6.730883 
6.731292 
6.733748 
6.731252 
6.727579 
6.729538 
6.732482 
6.730889 
6.735758 
6.726021 
6.731525 
6.725507 
6.723148 
6.728343 
6.731424 
6.727399 
6.733741 
6.735988 
6.733259 
6.734368 
6.735843 
6.728158 
6.728089 
6.729132 
6.727366 
6.728120 
6.733203 
6.728618 
6.728929 
6.731765 
6.727193 
6.732441 
6.728118 
6.724774 
6.727987 
6.725830 
6.728439 
6.729579 
6.729108 
6.728842 
6.729567 
6.733894 
6.729727 
6.730754 
6.731627 
6.731175 
6.733067 
6.732180 
6.733510 
6.734365 
6.734586 
6.733419 
6.725623 
6.730609 
6.731011 
6.728595 
6.722000 
6.724511 
6.728956 
6.735342 
6.733904 
6.729713 
6.729283 
6.726896 
6.728208 
6.732505 
6.729049 
6.727533 
6.730905 
6.733368 
6.735181 
6.731136 
6.732620 
6.731417 
6.729444 
6.725406 
6.727883 
6.731482 
6.731325 
6.730245 
6.730210 
6.730504 
6.722107 
6.726606 
6.725612 
6.728476 
6.724539 
6.727462 
6.725567 
6.727904 
6.727948 
6.728036 
6.735937 
6.728497 
6.735004 
6.731511 
6.731848 
6.734427 
6.730636 
6.732392 
6.731205 
6.731163 
6.731457 
6.727876 
6.729605 
6.730353 
6.736028 
6.732863 
6.735418 
6.734923 
6.731773 
6.730054 
6.726314 
6.726479 
6.729606 
6.733620 
6.727518 
6.729148 
6.730727 
6.728493 
6.734870 
6.729229 
6.731827 
6.726387 
6.728247 
6.726756 
6.725060 
6.725543 
6.727397 
6.731679 
6.729437 
6.733760 
6.729106 
6.729794 
6.735630 
6.735223 
6.732176 
6.731218 
6.725584 
6.729370 
6.731804 
6.727928 
6.728020 
6.736138 
6.733719 
6.729144 
6.732793 
6.725946 
6.726031 
6.726783 
6.729989 
6.729030 
6.728759 
6.726810 
6.726315 
6.726841 
6.728730 
6.729909 
6.730429 
6.725257 
6.731978 
6.726232 
6.726193 
6.730067 
6.739818 
6.737112 
6.731604 
6.727513 
6.727057 
6.730603 
6.733796 
6.734793 
6.732328 
6.727973 
6.727812 
6.728671 
6.724301 
6.728692 
6.729320 
6.731133 
6.730796 
6.728243 
6.731671 
6.728083 
6.727172 
6.729092 
6.724621 
6.725741 
6.726456 
6.729912 
6.728695 
6.728659 
6.733585 
6.730049 
6.727510 
6.729948 
6.729030 
6.732102 
6.727654 
6.732381 
6.730679 
6.735531 
6.735088 
6.732717 
6.735087 
6.729602 
6.726863 
6.727560 
6.727800 
6.728149 
6.731163 
6.733654 
6.729637 
6.728373 
6.729541 
6.725223 
6.728593 
6.731662 
6.728502 
6.726185 
6.729149 
6.732968 
6.728847 
6.727871 
6.729390 
6.732030 
6.734458 
6.731427 
6.728592 
6.730498 
6.731595 
6.735475 
6.735776 
6.737967 
6.733782 
6.732280 
6.732311 
6.729245 
6.736181 
6.732139 
6.731897 
6.725530 
6.726021 
6.729337 
6.723586 
6.722408 
6.729815 
6.726415 
6.728177 
6.728156 
6.729064 
6.729941 
6.730401 
6.739118 
6.733598 
6.736445 
6.727058 
6.722141 
6.730288 
6.730123 
6.736948 
6.729491 
6.728627 
6.731686 
6.731470 
6.733111 
6.725969 
6.727090 
6.727150 
6.730981 
6.724844 
6.725216 
6.728530 
6.732021 
6.732862 
6.726952 
6.727142 
6.729164 
6.728552 
6.724412 
6.725621 
6.724733 
6.729639 
6.727490 
6.722533 
6.735896 
6.733687 
6.732026 
6.730846 
6.729178 
6.735343 
6.729742 
6.735512 
6.733793 
6.732087 
6.730200 
6.735186 
6.732978 
6.729408 
6.727872 
6.729425 
6.732185 
6.730538 
6.733942 
6.731491 
6.734124 
6.732632 
6.728078 
6.727347 
6.731219 
6.731303 
6.730851 
6.738071 
6.732303 
6.727082 
6.727184 
6.727904 
6.727256 
6.730987 
6.729070 
6.729579 
6.730368 
6.729632 
6.732462 
6.730257 
6.731336 
6.728897 
6.726112 
6.728380 
6.725841 
6.732981 
6.733224 
6.734317 
6.722929 
6.727046 
6.729796 
6.732297 
6.729834 
6.726502 
6.732732 
6.730154 
6.733103 
6.729836 
6.731779 
6.727541 
6.730108 
6.729619 
6.732809 
6.724267 
6.729006 
6.729408 
6.729604 
6.729852 
6.734235 
6.736200 
6.733351 
6.733507 
6.732355 
6.731098 
6.730042 
6.724268 
6.724839 
6.733008 
6.732710 
6.735552 
6.733768 
6.734333 
6.732511 
6.727045 
6.733674 
6.729900 
6.730233 
6.728545 
6.730739 
6.730032 
6.733285 
6.729053 
6.726158 
6.730185 
6.728121 
6.730498 
6.728709 
6.728547 
6.733978 
6.731889 
6.730138 
6.727805 
6.729440 
6.730359 
6.728578 
6.731789 
6.727810 
6.725613 
6.731303 
6.727792 
6.731779 
6.725020 
6.727319 
6.727907 
6.729053 
6.729736 
6.730978 
6.728779 
6.728918 
6.732861 
6.729864 
6.730429 
6.728975 
6.727811 
6.729499 
6.737034 
6.733360 
6.725747 
6.728391 
6.731204 
6.732960 
6.731280 
6.731577 
6.732820 
6.732986 
6.731750 
6.726029 
6.728633 
6.731474 
6.728408 
6.726807 
6.723804 
6.731992 
6.735105 
6.731709 
6.734048 
6.733048 
6.732466 
6.726453 
6.731339 
6.736806 
6.738334 
6.734339 
6.727317 
6.724543 
6.726401 
6.731244 
6.729914 
6.732936 
6.728932 
6.728502 
6.727297 
6.727595 
6.727046 
6.731666 
6.731418 
6.734795 
6.732156 
6.730821 
6.728889 
6.729108 
6.724875 
6.730775 
6.730625 
6.727251 
6.723078 
6.733344 
6.729677 
6.730067 
6.733738 
6.732927 
6.732978 
6.728461 
6.731666 
6.731656 
6.731824 
6.732888 
6.733908 
6.735774 
6.733514 
6.729333 
6.731695 
6.729699 
6.731717 
6.735975 
6.739358 
6.731764 
6.733085 
6.731363 
6.728842 
6.729825 
6.729461 
6.722813 
6.727318 
6.730226 
6.733432 
6.733091 
6.728623 
6.733342 
6.732955 
6.735905 
6.731719 
6.731908 
6.729393 
6.729657 
6.729100 
6.729108 
6.728049 
6.733813 
6.731886 
6.729369 
6.735327 
6.733435 
6.732392 
6.733950 
6.733927 
6.734973 
6.734466 
6.732089 
6.733805 
6.725869 
6.726677 
6.734963 
6.732613 
6.732603 
6.733848 
6.732874 
6.731728 
6.731981 
6.729000 
6.724351 
6.732422 
6.731033 
6.728507 
6.731535 
6.729895 
6.729675 
6.728645 
6.724284 
6.730139 
6.734684 
6.728501 
6.728892 
6.729675 
6.729611 
6.730147 
6.732050 
6.731205 
6.731820 
6.724805 
6.724238 
6.722541 
6.727700 
6.724928 
6.727512 
6.729403 
6.733119 
6.729642 
6.733451 
6.733847 
6.733770 
6.727493 
6.730318 
6.729493 
6.733626 
6.731209 
6.726892 
6.733475 
6.730625 
6.733790 
6.732457 
6.729940 
6.731394 
6.728970 
6.726851 
6.729927 
6.726409 
6.726669 
6.728982 
6.729338 
6.734799 
6.734338 
6.733228 
6.730593 
6.734696 
6.727725 
6.733078 
6.731637 
6.735148 
6.732221 
6.734268 
6.729600 
6.733313 
6.730987 
6.732606 
6.727432 
6.728530 
6.732353 
6.729256 
6.732505 
6.728577 
6.732430 
6.728572 
6.731247 
6.725141 
6.726744 
6.724313 
6.725940 
6.731124 
6.733610 
6.729752 
6.728660 
6.730568 
6.729989 
6.731150 
6.730089 
6.729101 
6.731906 
6.724763 
6.729214 
6.727162 
6.732082 
6.726170 
6.729544 
6.731539 
6.729842 
6.728284 
6.725561 
6.727253 
6.737911 
6.734437 
6.725809 
6.729766 
6.732640 
6.725978 
6.731741 
6.730108 
6.733573 
6.732695 
6.732486 
6.729120 
6.727563 
6.726991 
6.724925 
6.730730 
6.730249 
6.728947 
6.724395 
6.729083 
6.723747 
6.732561 
6.732506 
6.734614 
6.732687 
6.730826 
6.728673 
6.731192 
6.725543 
6.727990 
6.728509 
6.730102 
6.730977 
6.732944 
6.732445 
6.732572 
6.732621 
6.730279 
6.730476 
6.727770 
6.728642 
6.730046 
6.729516 
6.732129 
6.726390 
6.726860 
6.730256 
6.730584 
6.728687 
6.730587 
6.729210 
6.734941 
6.733419 
6.730551 
6.729220 
6.730126 
6.728421 
6.725755 
6.727540 
6.727670 
6.727273 
6.729489 
6.728194 
6.727511 
6.730157 
6.730108 
6.732602 
6.724477 
6.728345 
6.728251 
6.733596 
6.734579 
6.730653 
6.734907 
6.736715 
6.726050 
6.729575 
6.727981 
6.728413 
6.733698 
6.732843 
6.735826 
6.729157 
6.728992 
6.727818 
6.730788 
6.732238 
6.727127 
6.726126 
6.726190 
6.730456 
6.728862 
6.730039 
6.731689 
6.729458 
6.735150 
6.732298 
6.732708 
6.729457 
6.735255 
6.728581 
6.730468 
6.733639 
6.732766 
6.724567 
6.725969 
6.726500 
6.728921 
6.728202 
6.728506 
6.731234 
6.731443 
6.729864 
6.728961 
6.731482 
6.731207 
6.733031 
6.730472 
6.731247 
6.729127 
6.726562 
6.727639 
6.729778 
6.723707 
6.729369 
6.730059 
6.728372 
6.728999 
6.730648 
6.730049 
6.730433 
6.731077 
6.733788 
6.732901 
6.734355 
6.732407 
6.733482 
6.728497 
6.729138 
6.733848 
6.735922 
6.727005 
6.731918 
6.729323 
6.727578 
6.726601 
6.729874 
6.729480 
6.731113 
6.728136 
6.728924 
6.727526 
6.730005 
6.732091 
6.733467 
6.734775 
6.731807 
6.731122 
6.731547 
6.730812 
6.730995 
6.724582 
6.729063 
6.732968 
6.725957 
6.727227 
6.729832 
6.732390 
6.727913 
6.725078 
6.727610 
6.728249 
6.733429 
6.730825 
6.727134 
6.727867 
6.728451 
6.731538 
6.735028 
6.731976 
6.732573 
6.728083 
6.731356 
6.728856 
6.732496 
6.733615 
6.731405 
6.731849 
6.730625 
6.733642 
6.720961 
6.728593 
6.733227 
6.727829 
6.727892 
6.727172 
6.727994 
6.731599 
6.731220 
6.728668 
6.726812 
6.733972 
6.732804 
6.735922 
6.733170 
6.731381 
6.731239 
6.728244 
6.732579 
6.728761 
6.729169 
6.730824 
6.731870 
6.723892 
6.727047 
6.725292 
6.729544 
6.730759 
6.731465 
6.735416 
6.731044 
6.732658 
6.736144 
6.730088 
6.728843 
6.730825 
6.731342 
6.730638 
6.729269 
6.726983 
6.728825 
6.727138 
6.724877 
6.729481 
6.728533 
6.729557 
6.724114 
6.726442 
6.731670 
6.729458 
6.728933 
6.729224 
6.729438 
6.731294 
6.734212 
6.729408 
6.728098 
6.726314 
6.728031 
6.733810 
6.730010 
6.729137 
6.733480 
6.731880 
6.728619 
6.729719 
6.727390 
6.732598 
6.730674 
6.736739 
6.729257 
6.725357 
6.732521 
6.734698 
6.730622 
6.733774 
6.731392 
6.729229 
6.728649 
6.734404 
6.735934 
6.732591 
6.734267 
6.730888 
6.731156 
6.734910 
6.731901 
6.729127 
6.727804 
6.729586 
6.730951 
6.728666 
6.728912 
6.729269 
6.729686 
6.728548 
6.727494 
6.728267 
6.734134 
6.736194 
6.732215 
6.733148 
6.736124 
6.728652 
6.727141 
6.729911 
6.733418 
6.723966 
6.727089 
6.727786 
6.725118 
6.728243 
6.727403 
6.728153 
6.729645 
6.728130 
6.723942 
6.727860 
6.725353 
6.722925 
6.732475 
6.732838 
6.730077 
6.729219 
6.727609 
6.728615 
6.732799 
6.729174 
6.727546 
6.738617 
6.729408 
6.734176 
6.728579 
6.729519 
6.734924 
6.730536 
6.728117 
6.728651 
6.726391 
6.731409 
6.728540 
6.730365 
6.729168 
6.724581 
6.727453 
6.727506 
6.729965 
6.735661 
6.726895 
6.725812 
6.731952 
6.727733 
6.728180 
6.726388 
6.733877 
6.731789 
6.729720 
6.730149 
6.730761 
6.730451 
6.734005 
6.727045 
6.729948 
6.731336 
6.729563 
6.731588 
6.729580 
6.735063 
6.733087 
6.732469 
6.732473 
6.731285 
6.733100 
6.726963 
6.725558 
6.726023 
6.727622 
6.724482 
6.731302 
6.734787 
6.729330 
6.730513 
6.726875 
6.731771 
6.731805 
6.730830 
6.726242 
6.728607 
6.732920 
6.726896 
6.731386 
6.731062 
6.726766 
6.730402 
6.730020 
6.732205 
6.727759 
6.730122 
6.724769 
6.728804 
6.728034 
6.725418 
6.727957 
6.730679 
6.728638 
6.736258 
6.730900 
6.731247 
6.727933 
6.735104 
6.733141 
6.728243 
6.731310 
6.729031 
6.727357 
6.725233 
6.727289 
6.734861 
6.729987 
6.724629 
6.730874 
6.728998 
6.724733 
6.725530 
6.727922 
6.729438 
6.729820 
6.729278 
6.736435 
6.735798 
6.733676 
6.734320 
6.730979 
6.727499 
6.731367 
6.723650 
6.723489 
6.727925 
6.727474 
6.730614 
6.731517 
6.724473 
6.727285 
6.727987 
6.727341 
6.728424 
6.723837 
6.725976 
6.721233 
6.725886 
6.730379 
6.733324 
6.723887 
6.726660 
6.727288 
6.727209 
6.727182 
6.729976 
6.730980 
6.733776 
6.735143 
6.729700 
6.727203 
6.728502 
6.725073 
6.731604 
6.735983 
6.733617 
6.730964 
6.728397 
6.734472 
6.730283 
6.728941 
6.734675 
6.728556 
6.734011 
6.732652 
6.728651 
6.727690 
6.726011 
6.729490 
6.732073 
6.729495 
6.727174 
6.729758 
6.729719 
6.729784 
6.730032 
6.729922 
6.730192 
6.727624 
6.725397 
6.725889 
6.727873 
6.730481 
6.726320 
6.730738 
6.724583 
6.729500 
6.731751 
6.727443 
6.736681 
6.735720 
6.728737 
6.730672 
6.735495 
6.731602 
6.727594 
6.727537 
6.734542 
6.731914 
6.724884 
6.731512 
6.729430 
6.740187 
6.729880 
6.726953 
6.728074 
6.727575 
6.723900 
6.729820 
6.733180 
6.728524 
6.727669 
6.731829 
6.730576 
6.733691 
6.731045 
6.731486 
6.731557 
6.731498 
6.730291 
6.731603 
6.733691 
6.732527 
6.727998 
6.733756 
6.730978 
6.728376 
6.731464 
6.729933 
6.729524 
6.734939 
6.726377 
6.728620 
6.728274 
6.728341 
6.733440 
6.731645 
6.734201 
6.731394 
6.726939 
6.730134 
6.730313 
6.727994 
6.737690 
6.736406 
6.732930 
6.724145 
6.729002 
6.725707 
6.729522 
6.725969 
6.724033 
6.728742 
6.730876 
6.738430 
6.732427 
6.740440 
6.730117 
6.728966 
6.725227 
6.729357 
6.727445 
6.730714 
6.730415 
6.731982 
6.733670 
6.728817 
6.729500 
6.726842 
6.728957 
6.729233 
6.726094 
6.731538 
6.731493 
6.730562 
6.725985 
6.728131 
6.734008 
6.729553 
6.729906 
6.732739 
6.728547 
6.729269 
6.729922 
6.726218 
6.729737 
6.734981 
6.734229 
6.727123 
6.727686 
6.729548 
6.727438 
6.726319 
6.725740 
6.730221 
6.732426 
6.732121 
6.733418 
6.731387 
6.727632 
6.730699 
6.730490 
6.736170 
6.737051 
6.733627 
6.728328 
6.726500 
6.724180 
6.727319 
6.726255 
6.728806 
6.731267 
6.729320 
6.729768 
6.730916 
6.731682 
6.727140 
6.729267 
6.733090 
6.730570 
6.728445 
6.725170 
6.725736 
6.729983 
6.731220 
6.733102 
6.737066 
6.732608 
6.729295 
6.728510 
6.721445 
6.729491 
6.731374 
6.724344 
6.731729 
6.730727 
6.730900 
6.731565 
6.732642 
6.732603 
6.729982 
6.727223 
6.726494 
6.732623 
6.734436 
6.730791 
6.721897 
6.726073 
6.726503 
6.728996 
6.726310 
6.727129 
6.725856 
6.727008 
6.734324 
6.729711 
6.735424 
6.730686 
6.726067 
6.731377 
6.728270 
6.729809 
6.731188 
6.729142 
6.733158 
6.728967 
6.729371 
6.732662 
6.733679 
6.728281 
6.729869 
6.725656 
6.727862 
6.731230 
6.736587 
6.730662 
6.732929 
6.726647 
6.732851 
6.734233 
6.735195 
6.737166 
6.732698 
6.731672 
6.731455 
6.731555 
6.729385 
6.725475 
6.729408 
6.733249 
6.730609 
6.730250 
6.731946 
6.735354 
6.725271 
6.725612 
6.728089 
6.723736 
6.727276 
6.733198 
6.730746 
6.727931 
6.730214 
6.727188 
6.728663 
6.730961 
6.728922 
6.728862 
6.728356 
6.732279 
6.733073 
6.730468 
6.727522 
6.724957 
6.727366 
6.729345 
6.726958 
6.729290 
6.730414 
6.729363 
6.728459 
6.730846 
6.730344 
6.730851 
6.733281 
6.729299 
6.731776 
6.728688 
6.731022 
6.732194 
6.724608 
6.726607 
6.724881 
6.724940 
6.735474 
6.724659 
6.729498 
6.729570 
6.730866 
6.729246 
6.731749 
6.729617 
6.729153 
6.730779 
6.729512 
6.730000 
6.730747 
6.734905 
6.732707 
6.728499 
6.733558 
6.727288 
6.725614 
6.732194 
6.734324 
6.734277 
6.733542 
6.732206 
6.729773 
6.730949 
6.728053 
6.725010 
6.734289 
6.727967 
6.730961 
6.734623 
6.731320 
6.730640 
6.730557 
6.728626 
6.730278 
6.725544 
6.731245 
6.734526 
6.732771 
6.729040 
6.726902 
6.730176 
6.726609 
6.732072 
6.729232 
6.727862 
6.724640 
6.726805 
6.727398 
6.728256 
6.730970 
6.729097 
6.732052 
6.730938 
6.732842 
6.722730 
6.729033 
6.728212 
6.728903 
6.729953 
6.721133 
6.728499 
6.727995 
6.726654 
6.733407 
6.734784 
6.728740 
6.728293 
6.730151 
6.731821 
6.729924 
6.726893 
6.730946 
6.730418 
6.730506 
6.733068 
6.729881 
6.731393 
6.727463 
6.726522 
6.729748 
6.728964 
6.728696 
6.731998 
6.728268 
6.725976 
6.730300 
6.729472 
6.729059 
6.730675 
6.727577 
6.733086 
6.726766 
6.720160 
6.725781 
6.730115 
6.737015 
6.734287 
6.733960 
6.733625 
6.729323 
6.732950 
6.734643 
6.723771 
6.727946 
6.725460 
6.725918 
6.725495 
6.726447 
6.728815 
6.726635 
6.725506 
6.732320 
6.728821 
6.724378 
6.731324 
6.729978 
6.733540 
6.732168 
6.737624 
6.731956 
6.735478 
6.738483 
6.734719 
6.731417 
6.734322 
6.729856 
6.730339 
6.730746 
6.728606 
6.731809 
6.728299 
6.728594 
6.730350 
6.732155 
6.729943 
6.728609 
6.729325 
6.729140 
6.733024 
6.730343 
6.730026 
6.725914 
6.732905 
6.734859 
6.731293 
6.727961 
6.730030 
6.729103 
6.727563 
6.728762 
6.731641 
6.726359 
6.731648 
6.732045 
6.733850 
6.727689 
6.734084 
6.734575 
6.728876 
6.726714 
6.730332 
6.730274 
6.725664 
6.729484 
6.728870 
6.728421 
6.726367 
6.726168 
6.726452 
6.729105 
6.730457 
6.731738 
6.727225 
6.730627 
6.731012 
6.731419 
6.726039 
6.729718 
6.734660 
6.736434 
6.733287 
6.730215 
6.734609 
6.728510 
6.726973 
6.727643 
6.728987 
6.727481 
6.733171 
6.729404 
6.738695 
6.728537 
6.733757 
6.731116 
6.725010 
6.732917 
6.727839 
6.729031 
6.729386 
6.726496 
6.730382 
6.728769 
6.728506 
6.729009 
6.724641 
6.731265 
6.737324 
6.734077 
6.732848 
6.732331 
6.730917 
6.734121 
6.726388 
6.726330 
6.728824 
6.728795 
6.730015 
6.731216 
6.729614 
6.727690 
6.724971 
6.731472 
6.734405 
6.734753 
6.730559 
6.723375 
6.728123 
6.728315 
6.731052 
6.730029 
6.732101 
6.730951 
6.724156 
6.734185 
6.726992 
6.730288 
6.730405 
6.731238 
6.728938 
6.732537 
6.728891 
6.722699 
6.732903 
6.736003 
6.734260 
6.729626 
6.727664 
6.733014 
6.732620 
6.728988 
6.727030 
6.725893 
6.727351 
6.733779 
6.732731 
6.734040 
6.727583 
6.731156 
6.731056 
6.733577 
6.732486 
6.726945 
6.727865 
6.730868 
6.732320 
6.733016 
6.737139 
6.734254 
6.730484 
6.728233 
6.730555 
6.737827 
6.733134 
6.729636 
6.730259 
6.727600 
6.732853 
6.730859 
6.729590 
6.731762 
6.728420 
6.724314 
6.729907 
6.729070 
6.730856 
6.729033 
6.733359 
6.725052 
6.726734 
6.728536 
6.730695 
6.729346 
6.729022 
6.728516 
6.730391 
6.729416 
6.729591 
6.729324 
6.730697 
6.727228 
6.727630 
6.725713 
6.728586 
6.730662 
6.730606 
6.727914 
6.732002 
6.723713 
6.729368 
6.726427 
6.733360 
6.733202 
6.731538 
6.727632 
6.730939 
6.730792 
6.729549 
6.730579 
6.733488 
6.728277 
6.729852 
6.735343 
6.731274 
6.727502 
6.732257 
6.728007 
6.730056 
6.731692 
6.728071 
6.730286 
6.727579 
6.726911 
6.727534 
6.728670 
6.730555 
6.729507 
6.728484 
6.731811 
6.729996 
6.729495 
6.730444 
6.727507 
6.735550 
6.727749 
6.731656 
6.733226 
6.733633 
6.728544 
6.727658 
6.723305 
6.730723 
6.733571 
6.732013 
6.730234 
6.724444 
6.728328 
6.725711 
6.728619 
6.731117 
6.728553 
6.727661 
6.732334 
6.732769 
6.732956 
6.728407 
6.732809 
6.731014 
6.729371 
6.728634 
6.727443 
6.727592 
6.725957 
6.730574 
6.732829 
6.734150 
6.726004 
6.732287 
6.731857 
6.734832 
6.735834 
6.732310 
6.734067 
6.729959 
6.734905 
6.730883 
6.730656 
6.728105 
6.732658 
6.726462 
6.728910 
6.733928 
6.734533 
6.734365 
6.730682 
6.726544 
6.727638 
6.726613 
6.726950 
6.725769 
6.727817 
6.730182 
6.732090 
6.729019 
6.730126 
6.728620 
6.733597 
6.732618 
6.729490 
6.724213 
6.725457 
6.728459 
6.733741 
6.733284 
6.728567 
6.733044 
6.736921 
6.732812 
6.729342 
6.732964 
6.731485 
6.729727 
6.724796 
6.729650 
6.730159 
6.730285 
6.730832 
6.732970 
6.729240 
6.724989 
6.728844 
6.731537 
6.726929 
6.731961 
6.732018 
6.728846 
6.730507 
6.729940 
6.729896 
6.727783 
6.727505 
6.726120 
6.727591 
6.730510 
6.730521 
6.726099 
6.725702 
6.724647 
6.719618 
6.730887 
6.725816 
6.726947 
6.720395 
6.728424 
6.724185 
6.729006 
6.727791 
6.730594 
6.731037 
6.729129 
6.729931 
6.730833 
6.727349 
6.730418 
6.732963 
6.729209 
6.733348 
6.729398 
6.731493 
6.728409 
6.728879 
6.730320 
6.730213 
6.730321 
6.726245 
6.733517 
6.731425 
6.729790 
6.730584 
6.730128 
6.726497 
6.732845 
6.728558 
6.729376 
6.730756 
6.728816 
6.728490 
6.729411 
6.725684 
6.733937 
6.731388 
6.732638 
6.735699 
6.732646 
6.729643 
6.731464 
6.733240 
6.730798 
6.730090 
6.728086 
6.730850 
6.728616 
6.728228 
6.730478 
6.729279 
6.726543 
6.722995 
6.723982 
6.732139 
6.729218 
6.730035 
6.732813 
6.728504 
6.729797 
6.728855 
6.729339 
6.734376 
6.732746 
6.733650 
6.731549 
6.728249 
6.726038 
6.729426 
6.728774 
6.727290 
6.733476 
6.733007 
6.736126 
6.732076 
6.729211 
6.725234 
6.727951 
6.731340 
6.729224 
6.724789 
6.728591 
6.727976 
6.729105 
6.731615 
6.734654 
6.729313 
6.730833 
6.731181 
6.730796 
6.726796 
6.727005 
6.732305 
6.729648 
6.726851 
6.729324 
6.728729 
6.729395 
6.734808 
6.728944 
6.730359 
6.731380 
6.731186 
6.731229 
6.732587 
6.729224 
6.734106 
6.733107 
6.727842 
6.727740 
6.733452 
6.724437 
6.732626 
6.732402 
6.729604 
6.730623 
6.729787 
6.731710 
6.728791 
6.727509 
6.725558 
6.731158 
6.735319 
6.728515 
6.728129 
6.728030 
6.731686 
6.731418 
6.730976 
6.725824 
6.732205 
6.728718 
6.727346 
6.726688 
6.732754 
6.732997 
6.728601 
6.727659 
6.728704 
6.726257 
6.729058 
6.733853 
6.730300 
6.726320 
6.731040 
6.725848 
6.728364 
6.728699 
6.730783 
6.727788 
6.723583 
6.728214 
6.730999 
6.732955 
6.730650 
6.730573 
6.729561 
6.730849 
6.725080 
6.729133 
6.732053 
6.731444 
6.729144 
6.731318 
6.734371 
6.736557 
6.732800 
6.726501 
6.730435 
6.726473 
6.726220 
6.727273 
6.730260 
6.731311 
6.724398 
6.729169 
6.725410 
6.727698 
6.727984 
6.727757 
6.722261 
6.725503 
6.729123 
6.729108 
6.730160 
6.730048 
6.728514 
6.724301 
6.729185 
6.731697 
6.731163 
6.731338 
6.734013 
6.731646 
6.731448 
6.728494 
6.728649 
6.731242 
6.733602 
6.736371 
6.734216 
6.726668 
6.727552 
6.727034 
6.727293 
6.728724 
6.723297 
6.725669 
6.730931 
6.731667 
6.729763 
6.729376 
6.725157 
6.724386 
6.731073 
6.729301 
6.733269 
6.732382 
6.728943 
6.728807 
6.728306 
6.727281 
6.728565 
6.731658 
6.729973 
6.727939 
6.731151 
6.725387 
6.734057 
6.732320 
6.729536 
6.729350 
6.728040 
6.733266 
6.729823 
6.728724 
6.731936 
6.732251 
6.728504 
6.724525 
6.732326 
6.731588 
6.729472 
6.731344 
6.730506 
6.726922 
6.729587 
6.734184 
6.732799 
6.728537 
6.728072 
6.722698 
6.734159 
6.732987 
6.732768 
6.734189 
6.729213 
6.732842 
6.729291 
6.731753 
6.729943 
6.724759 
6.726784 
6.725475 
6.728948 
6.727663 
6.728579 
6.733683 
6.730651 
6.728077 
6.729191 
6.732411 
6.734457 
6.731959 
6.734334 
6.731340 
6.730041 
6.730426 
6.732273 
6.732498 
6.732650 
6.729168 
6.728478 
6.732941 
6.732228 
6.731512 
6.727759 
6.729954 
6.733384 
6.732585 
6.734683 
6.738832 
6.730667 
6.731206 
6.729519 
6.731936 
6.731065 
6.732432 
6.729163 
6.730573 
6.730439 
6.733469 
6.736664 
6.730803 
6.732450 
6.729170 
6.727590 
6.731036 
6.730530 
6.733528 
6.735262 
6.735634 
6.730570 
6.728021 
6.729564 
6.732581 
6.728738 
6.719787 
6.724009 
6.725140 
6.727669 
6.725050 
6.726829 
6.727083 
6.733185 
6.729626 
6.727786 
6.731490 
6.732255 
6.732724 
6.734585 
6.730894 
6.727529 
6.732165 
6.729508 
6.730028 
6.728030 
6.727807 
6.726048 
6.729831 
6.725636 
6.732141 
6.723607 
6.729204 
6.724638 
6.726693 
6.728817 
6.732891 
6.727091 
6.726449 
6.732174 
6.730038 
6.726580 
6.729231 
6.726273 
6.727051 
6.729193 
6.727435 
6.727570 
6.725971 
6.727470 
6.730225 
6.727604 
6.728656 
6.731442 
6.727811 
6.731355 
6.730029 
6.729661 
6.730143 
6.731043 
6.729217 
6.723457 
6.730298 
6.732239 
6.724300 
6.729304 
6.726751 
6.720731 
6.726372 
6.728851 
6.730250 
6.730605 
6.732402 
6.730252 
6.728880 
6.733675 
6.729879 
6.731638 
6.732277 
6.732748 
6.728755 
6.730730 
6.730604 
6.730216 
6.731776 
6.732112 
6.727460 
6.730585 
6.732473 
6.729436 
6.732668 
6.728480 
6.728122 
6.730138 
6.730710 
6.735398 
6.733213 
6.724883 
6.734145 
6.728673 
6.732981 
6.733182 
6.735002 
6.727878 
6.733522 
6.730674 
6.732195 
6.729081 
6.729800 
6.733460 
6.734435 
6.733079 
6.730622 
6.727339 
6.731272 
6.732359 
6.729211 
6.725479 
6.725860 
6.733528 
6.725335 
6.725269 
6.730156 
6.730301 
6.733525 
6.730003 
6.730874 
6.725518 
6.728306 
6.729843 
6.731288 
6.729194 
6.735310 
6.725166 
6.727828 
6.730630 
6.728567 
6.731559 
6.730132 
6.730050 
6.729120 
6.726566 
6.734397 
6.731519 
6.729088 
6.730201 
6.735080 
6.730093 
6.735112 
6.731895 
6.733585 
6.736957 
6.734297 
6.732660 
6.733831 
6.730264 
6.728790 
6.732397 
6.733454 
6.730315 
6.728136 
6.727564 
6.726553 
6.726427 
6.728673 
6.728070 
6.727239 
6.733829 
6.732191 
6.730899 
6.738543 
6.732037 
6.730101 
6.728218 
6.729590 
6.723889 
6.733895 
6.730991 
6.735492 
6.732023 
6.730364 
6.729714 
6.728066 
6.729096 
6.730224 
6.731754 
6.728771 
6.728771 
6.730265 
6.726514 
6.727648 
6.727003 
6.730597 
6.728449 
6.731936 
6.728426 
6.728663 
6.730601 
6.727381 
6.728292 
6.724632 
6.728374 
6.727001 
6.729895 
6.727789 
6.732458 
6.732280 
6.728162 
6.731819 
6.733925 
6.732460 
6.731495 
6.735190 
6.730895 
6.730676 
6.729801 
6.728901 
6.729347 
6.731136 
6.728946 
6.728785 
6.728968 
6.723466 
6.730154 
6.729671 
6.727663 
6.725648 
6.731984 
6.732992 
6.728905 
6.724584 
6.726036 
6.727302 
6.730860 
6.731739 
6.732091 
6.730407 
6.724248 
6.730473 
6.734494 
6.731959 
6.732784 
6.732257 
6.732177 
6.733374 
6.731702 
6.727599 
6.732643 
6.729050 
6.726926 
6.735306 
6.730177 
6.733894 
6.730238 
6.732681 
6.727068 
6.729468 
6.732090 
6.731855 
6.728660 
6.728997 
6.729220 
6.726109 
6.725533 
6.729801 
6.725950 
6.730624 
6.730854 
6.739111 
6.733173 
6.729451 
6.724803 
6.728395 
6.727451 
6.728320 
6.728399 
6.729116 
6.732058 
6.733202 
6.733454 
6.727422 
6.729104 
6.731245 
6.725564 
6.730309 
6.725742 
6.728041 
6.727567 
6.729840 
6.725186 
6.728633 
6.725029 
6.727290 
6.728506 
6.728616 
6.727841 
6.726971 
6.725409 
6.726168 
6.726746 
6.732187 
6.730152 
6.732016 
6.732292 
6.725259 
6.725173 
6.729808 
6.732019 
6.733595 
6.730245 
6.728558 
6.730100 
6.733133 
6.730927 
6.729900 
6.732627 
6.730838 
6.732443 
6.733437 
6.729728 
6.731294 
6.731920 
6.724456 
6.726096 
6.723928 
6.727296 
6.727034 
6.728364 
6.724631 
6.723177 
6.725031 
6.730648 
6.731217 
6.735280 
6.726411 
6.727207 
6.730540 
6.728511 
6.729591 
6.731972 
6.729436 
6.728892 
6.731361 
6.731102 
6.730212 
6.728406 
6.726154 
6.729150 
6.738243 
6.727952 
6.725723 
6.731206 
6.731930 
6.732378 
6.732940 
6.731137 
6.729424 
6.729975 
6.733017 
6.732072 
6.728056 
6.729061 
6.728471 
6.729008 
6.729742 
6.730025 
6.732280 
6.732840 
6.730208 
6.730035 
6.728927 
6.729365 
6.728161 
6.729439 
6.728015 
6.727122 
6.729748 
6.732547 
6.733353 
6.732410 
6.732417 
6.730371 
6.730724 
6.725054 
6.730673 
6.729257 
6.727620 
6.729812 
6.730915 
6.734161 
6.723880 
6.725951 
6.729323 
6.728001 
6.731934 
6.729987 
6.729104 
6.731883 
6.731914 
6.734189 
6.732989 
6.735421 
6.730906 
6.728678 
6.725315 
6.727521 
6.731729 
6.735353 
6.728730 
6.725586 
6.724456 
6.725652 
6.732420 
6.736627 
6.733411 
6.731646 
6.730329 
6.729141 
6.727192 
6.728718 
6.724020 
6.720440 
6.730657 
6.731355 
6.729872 
6.730742 
6.731170 
6.730866 
6.731901 
6.729774 
6.728843 
6.727888 
6.729488 
6.732674 
6.730142 
6.730565 
6.731939 
6.728242 
6.729407 
6.730238 
6.732835 
6.733878 
6.730726 
6.737619 
6.735367 
6.731623 
6.727132 
6.730384 
6.727635 
6.724601 
6.731248 
6.736714 
6.727830 
6.728668 
6.728163 
6.731876 
6.729507 
6.734606 
6.731892 
6.731620 
6.732443 
6.723610 
6.729994 
6.728361 
6.729038 
6.722820 
6.725851 
6.724590 
6.722384 
6.728005 
6.729271 
6.731203 
6.730229 
6.721929 
6.732802 
6.727637 
6.729879 
6.729430 
6.728320 
6.732352 
6.723879 
6.720138 
6.732009 
6.731801 
6.732919 
6.728948 
6.731020 
6.729563 
6.732193 
6.727529 
6.730801 
6.727799 
6.728369 
6.730296 
6.730921 
6.734580 
6.732105 
6.731104 
6.730326 
6.728756 
6.732995 
6.729519 
6.732960 
6.729481 
6.731879 
6.731158 
6.727757 
6.727617 
6.728101 
6.731353 
6.728983 
6.730389 
6.726065 
6.730106 
6.726675 
6.731553 
6.729462 
6.731194 
6.732109 
6.730168 
6.735019 
6.739350 
6.732161 
6.728087 
6.731487 
6.727420 
6.729970 
6.727146 
6.735107 
6.728765 
6.729432 
6.728785 
6.731393 
6.737846 
6.734215 
6.730860 
6.726407 
6.727647 
6.725768 
6.727609 
6.731738 
6.730070 
6.731045 
6.728587 
6.730536 
6.726066 
6.731374 
6.730259 
6.733221 
6.730489 
6.728759 
6.722326 
6.725912 
6.732724 
6.734876 
6.733062 
6.734520 
6.727980 
6.728569 
6.733105 
6.728929 
6.729899 
6.731102 
6.732087 
6.736932 
6.732425 
6.730055 
6.727882 
6.725903 
6.728473 
6.732230 
6.733632 
6.733236 
6.729258 
6.727241 
6.733417 
6.734880 
6.731223 
6.731117 
6.731888 
6.732839 
6.731701 
6.729528 
6.727807 
6.730934 
6.733402 
6.732736 
6.729796 
6.732640 
6.733256 
6.730609 
6.729511 
6.734539 
6.734204 
6.731486 
6.730731 
6.728894 
6.730294 
6.733303 
6.730915 
6.730366 
6.732868 
6.731056 
6.732898 
6.734889 
6.732734 
6.729611 
6.730932 
6.726181 
6.726246 
6.727446 
6.731053 
6.731664 
6.736323 
6.730683 
6.734250 
6.733702 
6.730630 
6.727032 
6.724623 
6.729448 
6.729583 
6.724962 
6.725673 
6.731084 
6.727156 
6.730366 
6.733828 
6.737731 
6.728885 
6.724593 
6.726751 
6.725841 
6.730272 
6.726552 
6.726758 
6.725050 
6.728229 
6.729038 
6.731098 
6.730742 
6.735205 
6.728551 
6.730324 
6.729602 
6.728291 
6.732761 
6.729754 
6.730720 
6.730842 
6.731228 
6.734849 
6.728840 
6.732409 
6.723477 
6.729182 
6.724835 
6.731704 
6.728124 
6.728689 
6.728313 
6.725952 
6.731250 
6.730245 
6.730370 
6.731863 
6.727222 
6.728862 
6.728223 
6.736348 
6.726290 
6.729408 
6.731567 
6.725564 
6.728301 
6.731177 
6.731404 
6.732490 
6.724123 
6.725062 
6.728434 
6.728677 
6.724578 
6.732777 
6.728266 
6.728951 
6.730454 
6.731291 
6.731623 
6.732702 
6.733360 
6.733120 
6.736643 
6.729386 
6.731331 
6.730481 
6.730416 
6.733119 
6.734589 
6.734555 
6.728270 
6.731127 
6.733040 
6.725101 
6.731743 
6.729362 
6.733225 
6.731330 
6.729849 
6.726057 
6.728874 
6.732173 
6.731637 
6.729610 
6.734163 
6.730871 
6.729993 
6.732395 
6.726204 
6.725054 
6.727969 
6.733615 
6.736968 
6.734658 
6.734229 
6.729577 
6.730760 
6.730489 
6.731510 
6.723748 
6.726346 
6.728968 
6.732008 
6.732974 
6.729462 
6.729950 
6.725383 
6.728652 
6.730607 
6.732869 
6.731001 
6.729789 
6.727538 
6.725843 
6.729207 
6.725460 
6.729764 
6.728350 
6.728597 
6.729893 
6.728058 
6.731267 
6.728346 
6.729244 
6.731016 
6.731406 
6.731994 
6.729284 
6.735368 
6.730153 
6.731994 
6.727095 
6.726010 
6.728713 
6.727431 
6.728992 
6.733211 
6.731618 
6.732090 
6.730651 
6.729621 
6.735936 
6.733021 
6.730849 
6.727903 
6.730426 
6.730842 
6.727786 
6.737581 
6.728462 
6.729222 
6.732876 
6.729499 
6.729071 
6.726176 
6.725752 
6.730837 
6.727980 
6.730211 
6.726732 
6.728171 
6.732937 
6.728454 
6.727456 
6.727318 
6.730452 
6.730307 
6.733922 
6.734902 
6.731199 
6.727606 
6.728549 
6.726215 
6.732110 
6.730505 
6.731864 
6.730049 
6.728887 
6.726860 
6.727472 
6.730003 
6.729056 
6.726758 
6.726657 
6.728823 
6.729596 
6.729331 
6.729398 
6.731685 
6.729854 
6.726058 
6.724633 
6.725850 
6.728109 
6.731044 
6.725897 
6.732249 
6.732637 
6.729450 
6.732769 
6.730156 
6.731439 
6.727938 
6.728020 
6.731745 
6.726966 
6.730213 
6.728258 
6.731135 
6.731343 
6.725997 
6.725990 
6.726393 
6.728669 
6.729092 
6.725704 
6.729507 
6.732928 
6.732926 
6.729131 
6.730269 
6.722960 
6.727342 
6.723086 
6.725809 
6.732602 
6.732223 
6.726638 
6.725073 
6.728156 
6.731152 
6.729094 
6.729195 
6.727926 
6.730089 
6.723362 
6.727348 
6.728772 
6.728086 
6.728806 
6.734097 
6.726614 
6.729064 
6.730611 
6.733365 
6.727612 
6.727253 
6.729227 
6.731494 
6.730476 
6.732917 
6.730361 
6.729171 
6.726136 
6.726859 
6.724925 
6.734940 
6.735650 
6.732605 
6.731775 
6.731779 
6.732486 
6.729004 
6.725363 
6.726839 
6.729383 
6.733080 
6.735720 
6.733450 
6.727253 
6.725919 
6.722905 
6.726350 
6.727366 
6.728037 
6.736385 
6.736774 
6.733071 
6.732054 
6.730305 
6.731711 
6.733269 
6.727323 
6.736964 
6.732407 
6.729920 
6.734850 
6.731827 
6.729345 
6.727666 
6.729853 
6.731970 
6.728164 
6.724735 
6.727980 
6.726320 
6.732762 
6.730324 
6.728063 
6.733353 
6.730483 
6.729850 
6.723339 
6.734015 
6.733314 
6.728686 
6.728462 
6.732619 
6.733499 
6.729526 
6.733631 
6.726972 
6.727107 
6.732531 
6.730902 
6.731134 
6.730017 
6.733950 
6.734530 
6.729505 
6.731634 
6.731612 
6.732023 
6.727386 
6.729175 
6.728245 
6.718010 
6.729841 
6.727119 
6.727363 
6.732760 
6.730513 
6.732311 
6.726467 
6.732298 
6.726588 
6.734816 
6.733671 
6.725828 
6.728539 
6.730995 
6.727381 
6.726339 
6.726092 
6.728442 
6.726351 
6.728031 
6.730605 
6.731030 
6.730127 
6.732380 
6.725883 
6.725105 
6.729316 
6.727226 
6.725696 
6.728167 
6.731134 
6.730562 
6.732051 
6.732266 
6.738176 
6.732895 
6.735514 
6.734176 
6.729309 
6.727750 
6.724517 
6.726255 
6.730252 
6.730438 
6.722756 
6.727425 
6.728321 
6.733384 
6.739215 
6.732768 
6.731562 
6.731822 
6.732981 
6.727264 
6.726503 
6.727278 
6.733348 
6.732712 
6.735987 
6.730169 
6.727503 
6.728190 
6.731838 
6.732179 
6.731652 
6.725835 
6.730899 
6.729123 
6.731511 
6.732444 
6.729410 
6.725580 
6.729389 
6.733887 
6.733159 
6.726354 
6.726594 
6.732987 
6.728435 
6.730957 
6.727036 
6.726155 
6.731461 
6.731528 
6.728917 
6.727009 
6.728529 
6.733470 
6.731688 
6.731645 
6.732400 
6.738145 
6.731057 
6.729980 
6.729698 
6.725902 
6.726538 
6.725409 
6.735276 
6.730460 
6.728069 
6.725389 
6.729174 
6.722472 
6.727903 
6.731410 
6.728217 
6.730942 
6.734946 
6.728822 
6.728112 
6.726383 
6.727899 
6.727980 
6.732263 
6.728131 
6.730975 
6.731177 
6.735905 
6.723872 
6.728890 
6.732865 
6.734170 
6.735490 
6.730578 
6.735876 
6.731351 
6.735657 
6.734551 
6.728557 
6.729872 
6.732821 
6.727320 
6.730374 
6.730028 
6.728557 
6.728037 
6.727885 
6.729118 
6.730953 
6.726485 
6.726248 
6.730954 
6.727044 
6.727198 
6.724413 
6.724474 
6.732121 
6.727770 
6.727711 
6.729658 
6.727132 
6.728842 
6.728147 
6.731904 
6.731383 
6.732362 
6.733311 
6.737088 
6.737106 
6.730363 
6.729858 
6.732466 
6.731713 
6.726209 
6.728866 
6.727440 
6.726707 
6.724307 
6.729881 
6.730662 
6.733726 
6.729863 
6.730868 
6.732430 
6.731409 
6.729783 
6.725986 
6.733149 
6.734572 
6.726805 
6.728280 
6.730522 
6.732305 
6.735078 
6.733862 
6.738295 
6.722524 
6.728671 
6.731982 
6.728504 
6.728430 
6.725891 
6.729292 
6.733180 
6.731215 
6.731925 
6.732453 
6.730673 
6.727250 
6.729641 
6.731539 
6.733262 
6.728948 
6.725880 
6.731287 
6.728932 
6.730695 
6.733156 
6.727299 
6.730700 
6.726189 
6.723891 
6.728026 
6.736219 
6.731856 
6.733189 
6.727051 
6.727181 
6.727724 
6.730095 
6.731618 
6.730365 
6.725297 
6.729622 
6.726161 
6.724529 
6.732904 
6.730370 
6.732302 
6.731795 
6.734454 
6.735553 
6.735847 
6.733411 
6.730581 
6.732878 
6.730140 
6.728822 
6.737815 
6.732735 
6.724854 
6.730672 
6.727587 
6.736839 
6.738786 
6.732317 
6.729447 
6.728312 
6.721408 
6.727458 
6.729196 
6.730893 
6.727434 
6.725428 
6.730194 
6.727995 
6.724167 
6.724096 
6.726761 
6.725093 
6.726657 
6.723210 
6.731811 
6.728059 
6.731425 
6.727629 
6.728167 
6.727434 
6.729422 
6.732167 
6.730688 
6.734280 
6.731752 
6.731643 
6.727504 
6.729578 
6.730713 
6.730528 
6.729085 
6.730646 
6.724787 
6.731665 
6.731322 
6.736501 
6.731592 
6.731517 
6.732636 
6.730142 
6.732722 
6.730143 
6.727686 
6.730128 
6.724990 
6.729102 
6.735789 
6.733858 
6.735596 
6.729886 
6.729041 
6.729369 
6.734223 
6.730791 
6.731379 
6.735320 
6.734352 
6.737755 
6.735181 
6.729486 
6.730479 
6.730910 
6.732742 
6.730777 
6.727263 
6.728747 
6.729880 
6.731279 
6.727853 
6.726559 
6.726604 
6.729503 
6.729479 
6.730089 
6.735168 
6.735103 
6.725421 
6.727409 
6.730542 
6.731729 
6.730015 
6.725832 
6.727732 
6.732901 
6.730898 
6.728245 
6.733491 
6.729566 
6.729483 
6.724669 
6.728584 
6.731608 
6.735191 
6.732021 
6.730948 
6.732716 
6.734688 
6.732343 
6.734201 
6.725396 
6.722747 
6.725125 
6.729124 
6.729695 
6.731574 
6.729938 
6.726036 
6.732630 
6.735546 
6.728665 
6.729174 
6.728254 
6.725750 
6.725904 
6.729524 
6.721928 
6.726408 
6.728868 
6.732804 
6.731777 
6.735647 
6.732932 
6.726291 
6.725793 
6.735500 
6.733444 
6.737485 
6.732449 
6.730838 
6.732235 
6.730744 
6.731004 
6.730285 
6.728092 
6.728090 
6.727794 
6.725752 
6.730279 
6.727118 
6.727942 
6.730775 
6.732183 
6.734461 
6.728823 
6.728917 
6.729653 
6.729449 
6.731996 
6.729020 
6.729873 
6.726228 
6.730596 
6.723163 
6.730549 
6.729572 
6.729005 
6.725715 
6.727860 
6.726717 
6.721736 
6.731714 
6.732846 
6.732790 
6.727630 
6.732976 
6.725638 
6.727344 
6.728088 
6.727113 
6.737962 
6.730551 
6.727078 
6.728133 
6.730289 
6.737325 
6.728037 
6.731751 
6.736179 
6.729688 
6.735276 
6.727148 
6.731175 
6.733301 
6.724993 
6.732565 
6.728805 
6.732253 
6.734454 
6.734267 
6.731053 
6.724080 
6.731538 
6.729814 
6.728588 
6.727900 
6.728076 
6.727066 
6.729428 
6.730238 
6.728739 
6.732552 
6.728347 
6.727891 
6.734101 
6.732035 
6.733546 
6.730962 
6.728349 
6.728060 
6.734840 
6.733324 
6.729873 
6.725560 
6.729003 
6.731545 
6.731710 
6.728522 
6.726356 
6.735549 
6.734163 
6.731635 
6.732139 
6.734252 
6.734087 
6.735255 
6.730918 
6.730703 
6.730965 
6.726405 
6.723805 
6.726612 
6.727045 
6.731803 
6.728997 
6.730849 
6.732373 
6.730077 
6.729325 
6.724707 
6.727437 
6.725261 
6.725728 
6.728186 
6.726567 
6.726765 
6.733331 
6.734291 
6.729847 
6.731010 
6.731001 
6.727739 
6.732141 
6.730323 
6.734099 
6.730443 
6.730423 
6.731971 
6.731314 
6.731297 
6.735164 
6.733308 
6.730413 
6.729453 
6.731956 
6.734727 
6.732061 
6.729510 
6.723818 
6.725809 
6.730463 
6.730175 
6.734019 
6.730520 
6.728419 
6.723576 
6.731711 
6.732495 
6.730666 
6.730038 
6.727184 
6.730278 
6.733277 
6.731562 
6.733911 
6.725054 
6.723460 
6.726577 
6.735417 
6.731561 
6.722685 
6.725872 
6.732281 
6.730626 
6.730191 
6.727666 
6.732119 
6.733496 
6.729000 
6.734087 
6.731685 
6.731567 
6.728758 
6.729754 
6.729881 
6.732652 
6.730968 
6.733197 
6.730586 
6.730894 
6.728183 
6.727832 
6.730513 
6.729214 
6.726472 
6.725231 
6.730122 
6.730433 
6.732037 
6.728624 
6.727964 
6.730368 
6.732031 
6.729658 
6.726995 
6.733678 
6.732106 
6.734013 
6.733645 
6.726208 
6.729759 
6.731900 
6.730369 
6.728805 
6.729461 
6.728794 
6.733216 
6.728360 
6.729295 
6.730217 
6.735101 
6.735504 
6.729106 
6.736877 
6.732615 
6.724757 
6.734401 
6.726794 
6.730700 
6.727973 
6.730107 
6.732289 
6.729263 
6.731837 
6.735395 
6.734289 
6.730598 
6.729223 
6.725998 
6.727707 
6.723571 
6.727368 
6.735287 
6.732782 
6.730397 
6.731211 
6.734372 
6.729030 
6.730294 
6.731976 
6.732322 
6.731333 
6.723662 
6.724880 
6.723866 
6.725443 
6.720322 
6.734259 
6.736488 
6.734593 
6.730903 
6.726105 
6.732576 
6.728978 
6.729207 
6.731809 
6.734666 
6.736581 
6.729093 
6.729217 
6.732211 
6.731522 
6.733254 
6.737178 
6.736657 
6.732636 
6.736275 
6.732905 
6.734889 
6.729167 
6.730129 
6.727118 
6.728547 
6.723863 
6.731375 
6.726643 
6.732685 
6.730744 
6.735746 
6.731172 
6.735115 
6.736049 
6.736214 
6.734473 
6.728971 
6.734737 
6.731150 
6.727871 
6.723704 
6.728123 
6.727533 
6.731157 
6.732248 
6.732618 
6.730497 
6.731033 
6.732989 
6.731380 
6.729010 
6.728126 
6.727551 
6.732119 
6.729801 
6.732445 
6.725657 
6.728584 
6.723906 
6.727271 
6.732381 
6.731255 
6.729211 
6.731497 
6.729282 
6.728688 
6.726866 
6.730728 
6.729282 
6.728496 
6.727817 
6.733896 
6.737430 
6.727008 
6.732999 
6.726294 
6.726355 
6.731898 
6.734886 
6.724534 
6.726293 
6.730730 
6.728450 
6.734384 
6.728475 
6.733090 
6.729972 
6.732517 
6.728753 
6.727262 
6.726935 
6.733287 
6.727066 
6.732478 
6.727618 
6.728819 
6.726264 
6.727494 
6.732158 
6.731437 
6.731360 
6.727197 
6.725610 
6.726956 
6.727093 
6.728053 
6.726666 
6.725204 
6.728551 
6.729240 
6.729516 
6.726537 
6.727738 
6.729955 
6.728811 
6.730643 
6.731379 
6.737215 
6.728093 
6.729261 
6.732480 
6.732003 
6.732538 
6.731242 
6.729899 
6.730316 
6.732526 
6.730776 
6.730522 
6.727148 
6.726155 
6.726344 
6.730826 
6.728946 
6.733385 
6.735186 
6.730655 
6.730082 
6.734549 
6.732636 
6.727595 
6.728587 
6.731993 
6.729434 
6.727224 
6.733142 
6.735155 
6.731673 
6.724941 
6.724585 
6.727499 
6.729620 
6.732848 
6.730282 
6.728513 
6.731951 
6.728700 
6.731843 
6.728440 
6.731416 
6.733434 
6.731872 
6.730982 
6.732006 
6.731076 
6.732964 
6.732955 
6.730008 
6.736465 
6.735292 
6.731131 
6.734981 
6.735633 
6.737374 
6.733052 
6.731802 
6.730868 
6.728893 
6.730279 
6.731065 
6.727482 
6.730802 
6.733161 
6.731831 
6.726309 
6.733615 
6.729638 
6.729809 
6.732619 
6.730441 
6.734459 
6.731321 
6.729250 
6.727657 
6.728532 
6.730580 
6.734381 
6.729179 
6.734315 
6.729147 
6.727611 
6.732252 
6.724467 
6.730629 
6.729343 
6.730019 
6.729853 
6.731185 
6.725963 
6.723360 
6.726410 
6.729660 
6.728454 
6.724325 
6.733681 
6.731028 
6.733212 
6.726167 
6.734653 
6.729567 
6.730513 
6.734792 
6.727841 
6.731321 
6.729544 
6.734227 
6.730788 
6.730887 
6.725398 
6.725423 
6.731455 
6.725206 
6.729780 
6.729866 
6.724643 
6.732918 
6.723489 
6.728712 
6.727016 
6.730790 
6.730482 
6.733689 
6.728897 
6.733805 
6.730851 
6.732879 
6.729871 
6.732448 
6.731835 
6.726640 
6.731823 
6.732198 
6.731949 
6.721957 
6.728158 
6.733370 
6.728874 
6.731562 
6.727421 
6.731189 
6.728213 
6.729751 
6.733635 
6.736760 
6.732067 
6.730759 
6.729689 
6.729735 
6.729983 
6.733504 
6.729265 
6.730181 
6.731128 
6.732961 
6.731597 
6.729549 
6.725817 
6.727106 
6.731254 
6.728041 
6.727570 
6.732164 
6.729585 
6.732760 
6.734026 
6.728738 
6.728439 
6.728022 
6.727813 
6.726143 
6.728914 
6.728231 
6.728957 
6.724000 
6.727924 
6.729819 
6.731833 
6.732255 
6.731437 
6.727296 
6.726159 
6.731744 
6.732661 
6.731421 
6.730168 
6.733543 
6.731994 
6.730558 
6.733561 
6.726688 
6.731223 
6.730183 
6.726815 
6.734876 
6.733822 
6.732752 
6.734059 
6.733335 
6.729134 
6.726385 
6.735398 
6.730027 
6.723731 
6.722809 
6.725868 
6.726305 
6.725924 
6.726675 
6.727722 
6.726306 
6.729644 
6.730094 
6.725771 
6.731517 
6.734663 
6.734351 
6.727609 
6.727101 
6.726052 
6.732763 
6.733781 
6.734040 
6.732187 
6.728425 
6.725267 
6.726072 
6.729236 
6.725663 
6.727348 
6.721849 
6.726964 
6.728475 
6.732120 
6.733068 
6.730899 
6.727159 
6.725476 
6.730728 
6.731931 
6.730239 
6.737173 
6.733389 
6.733030 
6.733558 
6.731726 
6.731848 
6.732160 
6.735008 
6.733370 
6.731182 
6.730540 
6.729567 
6.728332 
6.733057 
6.736844 
6.732916 
6.732478 
6.729631 
6.726747 
6.725376 
6.722917 
6.730724 
6.731460 
6.727889 
6.728888 
6.731435 
6.737058 
6.734470 
6.728124 
6.734713 
6.726189 
6.727754 
6.727636 
6.732364 
6.730650 
6.728624 
6.737828 
6.731326 
6.734508 
6.724182 
6.728926 
6.731128 
6.733942 
6.731542 
6.730639 
6.729156 
6.732069 
6.727104 
6.731120 
6.729072 
6.728275 
6.730031 
6.733381 
6.733583 
6.732241 
6.727297 
6.732735 
6.727586 
6.724544 
6.724788 
6.732641 
6.730177 
6.727700 
6.728525 
6.729918 
6.729605 
6.728030 
6.730722 
6.729115 
6.734321 
6.721700 
6.723852 
6.726237 
6.728652 
6.735146 
6.730040 
6.729988 
6.731984 
6.730878 
6.728097 
6.727297 
6.731345 
6.731165 
6.731069 
6.730824 
6.727294 
6.734054 
6.732451 
6.734444 
6.732581 
6.736795 
6.733666 
6.732629 
6.730291 
6.733875 
6.732639 
6.731801 
6.733971 
6.734332 
6.731571 
6.727783 
6.726645 
6.725219 
6.724451 
6.728052 
6.730040 
6.730690 
6.729650 
6.730012 
6.729418 
6.729820 
6.733514 
6.726393 
6.731340 
6.729442 
6.726689 
6.730589 
6.729384 
6.728647 
6.733670 
6.736333 
6.734339 
6.731600 
6.727698 
6.729756 
6.730625 
6.728349 
6.729568 
6.728087 
6.728833 
6.725743 
6.728171 
6.731152 
6.731802 
6.727427 
6.728276 
6.728565 
6.729005 
6.729716 
6.732574 
6.734170 
6.727469 
6.728143 
6.728790 
6.728657 
6.729219 
6.730967 
6.726856 
6.723639 
6.726724 
6.729885 
6.732335 
6.734319 
6.728075 
6.724482 
6.721910 
6.729551 
6.729870 
6.730884 
6.734072 
6.732815 
6.734348 
6.727818 
6.727525 
6.732798 
6.731789 
6.727812 
6.728159 
6.726287 
6.730985 
6.726039 
6.725496 
6.727658 
6.732072 
6.732230 
6.730107 
6.727549 
6.725684 
6.732737 
6.738704 
6.731042 
6.727356 
6.726091 
6.730309 
6.730981 
6.727522 
6.729822 
6.727940 
6.729777 
6.730510 
6.733751 
6.733195 
6.735024 
6.731160 
6.728786 
6.724570 
6.729884 
6.734285 
6.726809 
6.723985 
6.727894 
6.726318 
6.723800 
6.729594 
6.729695 
6.730331 
6.730873 
6.728536 
6.731664 
6.728295 
6.727959 
6.726044 
6.727978 
6.732052 
6.733195 
6.728180 
6.732695 
6.729356 
6.730714 
6.727950 
6.728956 
6.724325 
6.727709 
6.724928 
6.728022 
6.726160 
6.734365 
6.727835 
6.734862 
6.726112 
6.726022 
6.730142 
6.733247 
6.729568 
6.726943 
6.728395 
6.729522 
6.727401 
6.729518 
6.725416 
6.729212 
6.732234 
6.728396 
6.732351 
6.727723 
6.728342 
6.728157 
6.727938 
6.727554 
6.732382 
6.732858 
6.728524 
6.736186 
6.735054 
6.733785 
6.727346 
6.734420 
6.728142 
6.721806 
6.729937 
6.731712 
6.728222 
6.724047 
6.729090 
6.734133 
6.732548 
6.730771 
6.726420 
6.734408 
6.733552 
6.730196 
6.729434 
6.726298 
6.727579 
6.726929 
6.728942 
6.728040 
6.733635 
6.727693 
6.730312 
6.729130 
6.729761 
6.730633 
6.731219 
6.724209 
6.731927 
6.730323 
6.731984 
6.725419 
6.726922 
6.729476 
6.725151 
6.725251 
6.729861 
6.730921 
6.726319 
6.728043 
6.732674 
6.730961 
6.733845 
6.733052 
6.731015 
6.730925 
6.723502 
6.724966 
6.726599 
6.731821 
6.731814 
6.729741 
6.730097 
6.727885 
6.732868 
6.733663 
6.735211 
6.733931 
6.734710 
6.730260 
6.731216 
6.727669 
6.726417 
6.731099 
6.732293 
6.727638 
6.730419 
6.735297 
6.732508 
6.734842 
6.732626 
6.728225 
6.724973 
6.731151 
6.733805 
6.730020 
6.726421 
6.726545 
6.734111 
6.730122 
6.729142 
6.731241 
6.726382 
6.731539 
6.730646 
6.732762 
6.729837 
6.731703 
6.731982 
6.733320 
6.732250 
6.733212 
6.728855 
6.724365 
6.730187 
6.730495 
6.730738 
6.728980 
6.728762 
6.721706 
6.725344 
6.726740 
6.728677 
6.734781 
6.731784 
6.734743 
6.731568 
6.732210 
6.732781 
6.733543 
6.730010 
6.729523 
6.735917 
6.726106 
6.729488 
6.729362 
6.728812 
6.731186 
6.727934 
6.723830 
6.724372 
6.730770 
6.734066 
6.728498 
6.724420 
6.727415 
6.729137 
6.725160 
6.731494 
6.727387 
6.727894 
6.731228 
6.725071 
6.729215 
6.731319 
6.734046 
6.736257 
6.732084 
6.729158 
6.729178 
6.730326 
6.729667 
6.727890 
6.726549 
6.722889 
6.726693 
6.725918 
6.729792 
6.723675 
6.732717 
6.726485 
6.731268 
6.725468 
6.726247 
6.730248 
6.731460 
6.730095 
6.730202 
6.727190 
6.732847 
6.733324 
6.732346 
6.727080 
6.726423 
6.733057 
6.735456 
6.729311 
6.730873 
6.734756 
6.728427 
6.730229 
6.730556 
6.723115 
6.728553 
6.728572 
6.729908 
6.732893 
6.733653 
6.732637 
6.729305 
6.728330 
6.727763 
6.729121 
6.727459 
6.735472 
6.734687 
6.726907 
6.734339 
6.730536 
6.725058 
6.730265 
6.727206 
6.734613 
6.732007 
6.732446 
6.735669 
6.727119 
6.727552 
6.722868 
6.731746 
6.729517 
6.726577 
6.726549 
6.727565 
6.726232 
6.730665 
6.728270 
6.730313 
6.731334 
6.731834 
6.731605 
6.725046 
6.729162 
6.731685 
6.725052 
6.731280 
6.735497 
6.729562 
6.731330 
6.724958 
6.731644 
6.724405 
6.725060 
6.727069 
6.727400 
6.734471 
6.732678 
6.731405 
6.730116 
6.728665 
6.734096 
6.729326 
6.729109 
6.725094 
6.728879 
6.728155 
6.733036 
6.733286 
6.728693 
6.725942 
6.731212 
6.727960 
6.735609 
6.732057 
6.732024 
6.731851 
6.729159 
6.729241 
6.725534 
6.724816 
6.725420 
6.733051 
6.730719 
6.721655 
6.731576 
6.724788 
6.727582 
6.732015 
6.737320 
6.735277 
6.732599 
6.727832 
6.729060 
6.732234 
6.734227 
6.736758 
6.728943 
6.727455 
6.729980 
6.725805 
6.734561 
6.730785 
6.726691 
6.730810 
6.727137 
6.730159 
6.732200 
6.732110 
6.728362 
6.732242 
6.730962 
6.729347 
6.731271 
6.731070 
6.728401 
6.730137 
6.725916 
6.730989 
6.728912 
6.723619 
6.727200 
6.731633 
6.734863 
6.730521 
6.732793 
6.735622 
6.728603 
6.729169 
6.732829 
6.731575 
6.727409 
6.726151 
6.732591 
6.732394 
6.735458 
6.728166 
6.731351 
6.734024 
6.732106 
6.736235 
6.733145 
6.733207 
6.737667 
6.727518 
6.728450 
6.727693 
6.728705 
6.729905 
6.730313 
6.731425 
6.728625 
6.734363 
6.728716 
6.731743 
6.728551 
6.727341 
6.730097 
6.730514 
6.731314 
6.734007 
6.734185 
6.725423 
6.727927 
6.728663 
6.730934 
6.733713 
6.731082 
6.732039 
6.731679 
6.735972 
6.732896 
6.733310 
6.731280 
6.729755 
6.727845 
6.727688 
6.726958 
6.726115 
6.727081 
6.722177 
6.728958 
6.733476 
6.733575 
6.735654 
6.727154 
6.730261 
6.726559 
6.733563 
6.732786 
6.730433 
6.728166 
6.730491 
6.729975 
6.732774 
6.729783 
6.733064 
6.729535 
6.727963 
6.732798 
6.732266 
6.731959 
6.734759 
6.729802 
6.732724 
6.724480 
6.730203 
6.728124 
6.731772 
6.732760 
6.729170 
6.728601 
6.729855 
6.724902 
6.729157 
6.731855 
6.731655 
6.729913 
6.728117 
6.730612 
6.727845 
6.729975 
6.731817 
6.726820 
6.723439 
6.728088 
6.732878 
6.734501 
6.734998 
6.730825 
6.726360 
6.730461 
6.728854 
6.735463 
6.729070 
6.727308 
6.728411 
6.725001 
6.726517 
6.723992 
6.731003 
6.728141 
6.729241 
6.732380 
6.728171 
6.730882 
6.729974 
6.728064 
6.726128 
6.731945 
6.731637 
6.729969 
6.728494 
6.726619 
6.731204 
6.731370 
6.732808 
6.728289 
6.729707 
6.730952 
6.729299 
6.733772 
6.730220 
6.729861 
6.726700 
6.730814 
6.728695 
6.731861 
6.727899 
6.733144 
6.737542 
6.731232 
6.733165 
6.731025 
6.732492 
6.730749 
6.725230 
6.728265 
6.725544 
6.730416 
6.730475 
6.732418 
6.726925 
6.731978 
6.731505 
6.724080 
6.730608 
6.730437 
6.726262 
6.727236 
6.731322 
6.735072 
6.726913 
6.728112 
6.726674 
6.734445 
6.730454 
6.737960 
6.735846 
6.730630 
6.733417 
6.726801 
6.732497 
6.729217 
6.733447 
6.732532 
6.730567 
6.731803 
6.732326 
6.729885 
6.725910 
6.726098 
6.730458 
6.733223 
6.728709 
6.728824 
6.731595 
6.729315 
6.729897 
6.726208 
6.732442 
6.729818 
6.733567 
6.724745 
6.724618 
6.729394 
6.733159 
6.738629 
6.731756 
6.730643 
6.731686 
6.733773 
6.732296 
6.735167 
6.729915 
6.734544 
6.736073 
6.727658 
6.728260 
6.728345 
6.730798 
6.725129 
6.730297 
6.731649 
6.731699 
6.728360 
6.718977 
6.728369 
6.728695 
6.737562 
6.735047 
6.730525 
6.734896 
6.732014 
6.732070 
6.732456 
6.732229 
6.731652 
6.729465 
6.726200 
6.728699 
6.733186 
6.734847 
6.729218 
6.724601 
6.731740 
6.732978 
6.730409 
6.729563 
6.730662 
6.728288 
6.730938 
6.733117 
6.737466 
6.728239 
6.724563 
6.724553 
6.730469 
6.725833 
6.726646 
6.729887 
6.728174 
6.732544 
6.732344 
6.731782 
6.732713 
6.721902 
6.730134 
6.729352 
6.728812 
6.730238 
6.729178 
6.734077 
6.730261 
6.731336 
6.727779 
6.725320 
6.725467 
6.723902 
6.730322 
6.734392 
6.733630 
6.732544 
6.730157 
6.723034 
6.727180 
6.730248 
6.733744 
6.732387 
6.730388 
6.728407 
6.728226 
6.728980 
6.729594 
6.732914 
6.731967 
6.728971 
6.732694 
6.726322 
6.729231 
6.729436 
6.730372 
6.735518 
6.726999 
6.728630 
6.730788 
6.729021 
6.731470 
6.733840 
6.732477 
6.731265 
6.729324 
6.728127 
6.725912 
6.728113 
6.730493 
6.730756 
6.724439 
6.731408 
6.726807 
6.729451 
6.735429 
6.732749 
6.731973 
6.733057 
6.733638 
6.729280 
6.730605 
6.728938 
6.731719 
6.730725 
6.729201 
6.729553 
6.730351 
6.737621 
6.729875 
6.729442 
6.730391 
6.723392 
6.729884 
6.729944 
6.729535 
6.729773 
6.733740 
6.731130 
6.731612 
6.727720 
6.724474 
6.727654 
6.728015 
6.728760 
6.727930 
6.726717 
6.728155 
6.731687 
6.732968 
6.729258 
6.726312 
6.724623 
6.726220 
6.726066 
6.726900 
6.728294 
6.731259 
6.735721 
6.729872 
6.733187 
6.732741 
6.725605 
6.727282 
6.726208 
6.728242 
6.729575 
6.733498 
6.737915 
6.731462 
6.731425 
6.729609 
6.728629 
6.731029 
6.726698 
6.729981 
6.735297 
6.730140 
6.725478 
6.730772 
6.730759 
6.731174 
6.730373 
6.729307 
6.729406 
6.732962 
6.732158 
6.728804 
6.728620 
6.735451 
6.732339 
6.733015 
6.731681 
6.729794 
6.735332 
6.730371 
6.726581 
6.734403 
6.732882 
6.731804 
6.731278 
6.726493 
6.724559 
6.729241 
6.732851 
6.732319 
6.729557 
6.731490 
6.731580 
6.728367 
6.733442 
6.732318 
6.727091 
6.726758 
6.725981 
6.729517 
6.728793 
6.733364 
6.734014 
6.728045 
6.731231 
6.734412 
6.737437 
6.731399 
6.733584 
6.730979 
6.729243 
6.729056 
6.735471 
6.737113 
6.731723 
6.727167 
6.732672 
6.731924 
6.729792 
6.729598 
6.729745 
6.733143 
6.732178 
6.730044 
6.730018 
6.732744 
6.734603 
6.731803 
6.730154 
6.733054 
6.729683 
6.726982 
6.726978 
6.731275 
6.733271 
6.733133 
6.730835 
6.732526 
6.731031 
6.725235 
6.726922 
6.728502 
6.733078 
6.726712 
6.727135 
6.732165 
6.734647 
6.723237 
6.728322 
6.729813 
6.726680 
6.727616 
6.728861 
6.726596 
6.726732 
6.731946 
6.733421 
6.732387 
6.732966 
6.730042 
6.730158 
6.730570 
6.731891 
6.729090 
6.728318 
6.730111 
6.730544 
6.730916 
6.729400 
6.724052 
6.724830 
6.728393 
6.722279 
6.729856 
6.730200 
6.728391 
6.733163 
6.730687 
6.734652 
6.731226 
6.731241 
6.729062 
6.729680 
6.726783 
6.730377 
6.727022 
6.723219 
6.729123 
6.737408 
6.730231 
6.729140 
6.728733 
6.732871 
6.735327 
6.734902 
6.734805 
6.725818 
6.729079 
6.734718 
6.727481 
6.728841 
6.726318 
6.728537 
6.728143 
6.726728 
6.724060 
6.728094 
6.728650 
6.729385 
6.734694 
6.735090 
6.733420 
6.732612 
6.722773 
6.735418 
6.729716 
6.727823 
6.727385 
6.728335 
6.730105 
6.731247 
6.728964 
6.726938 
6.727915 
6.730885 
6.732832 
6.728500 
6.726826 
6.728605 
6.728814 
6.729007 
6.729906 
6.731500 
6.730408 
6.731632 
6.728080 
6.727578 
6.731319 
6.733081 
6.727854 
6.726571 
6.729616 
6.728437 
6.727070 
6.725203 
6.726861 
6.726487 
6.724184 
6.729326 
6.730302 
6.728347 
6.729442 
6.728057 
6.725130 
6.729403 
6.728964 
6.730679 
6.729621 
6.733438 
6.728750 
6.729449 
6.731958 
6.728135 
6.736536 
6.731054 
6.732125 
6.734471 
6.734951 
6.727724 
6.732368 
6.727844 
6.727861 
6.728141 
6.726692 
6.729119 
6.729293 
6.726783 
6.728320 
6.730283 
6.728117 
6.727669 
6.731483 
6.736259 
6.730574 
6.728147 
6.733315 
6.731033 
6.734513 
6.732304 
6.736403 
6.724623 
6.728246 
6.729360 
6.726036 
6.729878 
6.734072 
6.730163 
6.728705 
6.733205 
6.731969 
6.727445 
6.725940 
6.730380 
6.724901 
6.733632 
6.728955 
6.731423 
6.731258 
6.734921 
6.733796 
6.731665 
6.730182 
6.732893 
6.729575 
6.731308 
6.732383 
6.728515 
6.730941 
6.730776 
6.723765 
6.727067 
6.733152 
6.728594 
6.724522 
6.728009 
6.730177 
6.732550 
6.724641 
6.729969 
6.730935 
6.733129 
6.726661 
6.727867 
6.729335 
6.730666 
6.728546 
6.733484 
6.732324 
6.731921 
6.727429 
6.728406 
6.722370 
6.731319 
6.730819 
6.724643 
6.731311 
6.724344 
6.731309 
6.734510 
6.733048 
6.733533 
6.735358 
6.733034 
6.727714 
6.730322 
6.731871 
6.730074 
6.729726 
6.731023 
6.725647 
6.729338 
6.729956 
6.731805 
6.731814 
6.731297 
6.732615 
6.732960 
6.733398 
6.735567 
6.727241 
6.731105 
6.722698 
6.728080 
6.731990 
6.732680 
6.733213 
6.733318 
6.731200 
6.731991 
6.730545 
6.723677 
6.723848 
6.728292 
6.730568 
6.733319 
6.727964 
6.723409 
6.728811 
6.725163 
6.727704 
6.730786 
6.732542 
6.725990 
6.726875 
6.726741 
6.728663 
6.731435 
6.724363 
6.728751 
6.725179 
6.731612 
6.729055 
6.727654 
6.730749 
6.728114 
6.727187 
6.729973 
6.728674 
6.730474 
6.727170 
6.721970 
6.724608 
6.728584 
6.729457 
6.728652 
6.726126 
6.730736 
6.729820 
6.730524 
6.732375 
6.733400 
6.733380 
6.737393 
6.729791 
6.729376 
6.727029 
6.729807 
6.725406 
6.727919 
6.727216 
6.730541 
6.730837 
6.729867 
6.726648 
6.728539 
6.730171 
6.727078 
6.729553 
6.725355 
6.723385 
6.726380 
6.728093 
6.724991 
6.729758 
6.731684 
6.730324 
6.725831 
6.728787 
6.727847 
6.732099 
6.725983 
6.730748 
6.729494 
6.733046 
6.726284 
6.726494 
6.725758 
6.722633 
6.727296 
6.725943 
6.724839 
6.725867 
6.731659 
6.733009 
6.730530 
6.732529 
6.728016 
6.730081 
6.731025 
6.727402 
6.732373 
6.728008 
6.728339 
6.730073 
6.731485 
6.729506 
6.723371 
6.728756 
6.732451 
6.732091 
6.733381 
6.732601 
6.734456 
6.730576 
6.738139 
6.730332 
6.727786 
6.727151 
6.729523 
6.729050 
6.733858 
6.730884 
6.729638 
6.728568 
6.735243 
6.729704 
6.729252 
6.732096 
6.732836 
6.729035 
6.730200 
6.726091 
6.728120 
6.727106 
6.730713 
6.731852 
6.731976 
6.733431 
6.727945 
6.732298 
6.726670 
6.727985 
6.727417 
6.731124 
6.725931 
6.729653 
6.733659 
6.727660 
6.730994 
6.730025 
6.727433 
6.726356 
6.734743 
6.739622 
6.729367 
6.729332 
6.730877 
6.728523 
6.734379 
6.732528 
6.726497 
6.724622 
6.724312 
6.726897 
6.730809 
6.728188 
6.733426 
6.731863 
6.734402 
6.726884 
6.727134 
6.727801 
6.728740 
6.728517 
6.730962 
6.727467 
6.731084 
6.730578 
6.729166 
6.732566 
6.731085 
6.731863 
6.729832 
6.726726 
6.729577 
6.732417 
6.727007 
6.726737 
6.730363 
6.733133 
6.737409 
6.733384 
6.735107 
6.729309 
6.732089 
6.727850 
6.728622 
6.734903 
6.728433 
6.729156 
6.733236 
6.723661 
6.729483 
6.731979 
6.734038 
6.731439 
6.730186 
6.729207 
6.727564 
6.729671 
6.731194 
6.727821 
6.728653 
6.732491 
6.732957 
6.736155 
6.728477 
6.735715 
6.732075 
6.726791 
6.730976 
6.728218 
6.723964 
6.729497 
6.730481 
6.729809 
6.728990 
6.724989 
6.730432 
6.727703 
6.727866 
6.729504 
6.722925 
6.732592 
6.733179 
6.731075 
6.730966 
6.724727 
6.730966 
6.735962 
6.732350 
6.728769 
6.721137 
6.726325 
6.728033 
6.728503 
6.728118 
6.730330 
6.733809 
6.736103 
6.730782 
6.733484 
6.739055 
6.732666 
6.725633 
6.732213 
6.732541 
6.732860 
6.729851 
6.729888 
6.731835 
6.730432 
6.729424 
6.728169 
6.727369 
6.729555 
6.731306 
6.730028 
6.728251 
6.733802 
6.731343 
6.730720 
6.728457 
6.733578 
6.731219 
6.733268 
6.724718 
6.729816 
6.726772 
6.729102 
6.721267 
6.731058 
6.730036 
6.728936 
6.734334 
6.727874 
6.727286 
6.728367 
6.730281 
6.733262 
6.725553 
6.725819 
6.729475 
6.721810 
6.728799 
6.728751 
6.730479 
6.728262 
6.725201 
6.730054 
6.731349 
6.728025 
6.733733 
6.729046 
6.739984 
6.731277 
6.732050 
6.731878 
6.732878 
6.735803 
6.729495 
6.730946 
6.731088 
6.732217 
6.728876 
6.726607 
6.730640 
6.731255 
6.733888 
6.735349 
6.729148 
6.731492 
6.732245 
6.732704 
6.735950 
6.734657 
6.733599 
6.733617 
6.728034 
6.726092 
6.729662 
6.729307 
6.728485 
6.729855 
6.732304 
6.731560 
6.732882 
6.731242 
6.732186 
6.734282 
6.732015 
6.729570 
6.727700 
6.727616 
6.729082 
6.728398 
6.727516 
6.728827 
6.727815 
6.726853 
6.732655 
6.728726 
6.733284 
6.728119 
6.732279 
6.729318 
6.730932 
6.729391 
6.730699 
6.728933 
6.734425 
6.733364 
6.734483 
6.722699 
6.734473 
6.729088 
6.732284 
6.735669 
6.732371 
6.731281 
6.729602 
6.727752 
6.727892 
6.727224 
6.731609 
6.730177 
6.729737 
6.732062 
6.731920 
6.734998 
6.727650 
6.731033 
6.725208 
6.730942 
6.730597 
6.736399 
6.729015 
6.721942 
6.728283 
6.728050 
6.731013 
6.728007 
6.726457 
6.732361 
6.730020 
6.731563 
6.729359 
6.735568 
6.725470 
6.728575 
6.734324 
6.737894 
6.733127 
6.732848 
6.728896 
6.728530 
6.733079 
6.729170 
6.728456 
6.731214 
6.725812 
6.722339 
6.722380 
6.730127 
6.735377 
6.733784 
6.731446 
6.721100 
6.726989 
6.727455 
6.726984 
6.730370 
6.731907 
6.726967 
6.728476 
6.734384 
6.725784 
6.730256 
6.728141 
6.729616 
6.728729 
6.733276 
6.727075 
6.730562 
6.727939 
6.725821 
6.725603 
6.728312 
6.730810 
6.730558 
6.733060 
6.728879 
6.727777 
6.728710 
6.729037 
6.721801 
6.725462 
6.729810 
6.728917 
6.726705 
6.737471 
6.731187 
6.727779 
6.729006 
6.729358 
6.732813 
6.735254 
6.734795 
6.732736 
6.730575 
6.729540 
6.729581 
6.729523 
6.728739 
6.723508 
6.727369 
6.725939 
6.726405 
6.728565 
6.724101 
6.724910 
6.729560 
6.730479 
6.726527 
6.726714 
6.732987 
6.726061 
6.731910 
6.737152 
6.734038 
6.731267 
6.725174 
6.729928 
6.731568 
6.727563 
6.728893 
6.728851 
6.725692 
6.729313 
6.727220 
6.726739 
6.732750 
6.729952 
6.733529 
6.731660 
6.734178 
6.731035 
6.731026 
6.733340 
6.733684 
6.732688 
6.737221 
6.725353 
6.730919 
6.729300 
6.729814 
6.732792 
6.730252 
6.727362 
6.727975 
6.730971 
6.730649 
6.727110 
6.732343 
6.731042 
6.731323 
6.732156 
6.728987 
6.725678 
6.727106 
6.723696 
6.730158 
6.727137 
6.728290 
6.733265 
6.726108 
6.731412 
6.733844 
6.733522 
6.732085 
6.731321 
6.729991 
6.727957 
6.734042 
6.731112 
6.728157 
6.731716 
6.736097 
6.736395 
6.731501 
6.729921 
6.731312 
6.731569 
6.734467 
6.728134 
6.727937 
6.730684 
6.728550 
6.729127 
6.730733 
6.729816 
6.726847 
6.731237 
6.732675 
6.731473 
6.731480 
6.727949 
6.732139 
6.726580 
6.726855 
6.730687 
6.728616 
6.733152 
6.732735 
6.729280 
6.727040 
6.727794 
6.735366 
6.728675 
6.726281 
6.726352 
6.725264 
6.729010 
6.727713 
6.728670 
6.732296 
6.735602 
6.735903 
6.728159 
6.729055 
6.730098 
6.729426 
6.731375 
6.732305 
6.734017 
6.730071 
6.733298 
6.731203 
6.727520 
6.728677 
6.727241 
6.727194 
6.729153 
6.727091 
6.727711 
6.724916 
6.725744 
6.727510 
6.726143 
6.727558 
6.730078 
6.729676 
6.731225 
6.731856 
6.733206 
6.733527 
6.731653 
6.731295 
6.730455 
6.727659 
6.730756 
6.728119 
6.726296 
6.729624 
6.730945 
6.731113 
6.732651 
6.727511 
6.731800 
6.731774 
6.731071 
6.729067 
6.729561 
6.734295 
6.730785 
6.730834 
6.734337 
6.733818 
6.734436 
6.734607 
6.731688 
6.731894 
6.726320 
6.728612 
6.730943 
6.728098 
6.729601 
6.731121 
6.728647 
6.732311 
6.731817 
6.733719 
6.732071 
6.735148 
6.730991 
6.728218 
6.733041 
6.739343 
6.731254 
6.727923 
6.727082 
6.722914 
6.732884 
6.732341 
6.731583 
6.734214 
6.731941 
6.730290 
6.733982 
6.731739 
6.735811 
6.725964 
6.723627 
6.727433 
6.735232 
6.728258 
6.737070 
6.730998 
6.729378 
6.729446 
6.728196 
6.729041 
6.730594 
6.733279 
6.729866 
6.730194 
6.732093 
6.729021 
6.738727 
6.738233 
6.732834 
6.729127 
6.727306 
6.729784 
6.729766 
6.727789 
6.732676 
6.729728 
6.729178 
6.729540 
6.730318 
6.731953 
6.732339 
6.728689 
6.729800 
6.729179 
6.729519 
6.730327 
6.733698 
6.733129 
6.735010 
6.734757 
6.730445 
6.732633 
6.730894 
6.735319 
6.727835 
6.735051 
6.736474 
6.732984 
6.734418 
6.732284 
6.735251 
6.734468 
6.727655 
6.727687 
6.727966 
6.730614 
6.735359 
6.736425 
6.726148 
6.728246 
6.732504 
6.728080 
6.729814 
6.729350 
6.730972 
6.726906 
6.732237 
6.729300 
6.731438 
6.732415 
6.733076 
6.732368 
6.730456 
6.734312 
6.729219 
6.726819 
6.732511 
6.727278 
6.728703 
6.737685 
6.730209 
6.730360 
6.731272 
6.734300 
6.735383 
6.735521 
6.736177 
6.733260 
6.730460 
6.730862 
6.733112 
6.735015 
6.731628 
6.726268 
6.720657 
6.727676 
6.729646 
6.729242 
6.732633 
6.728192 
6.729897 
6.726548 
6.728695 
6.730452 
6.733207 
6.730213 
6.729779 
6.733578 
6.729440 
6.731890 
6.729391 
6.730324 
6.727831 
6.728249 
6.733180 
6.736236 
6.730996 
6.731376 
6.728749 
6.727740 
6.730336 
6.726278 
6.731399 
6.728795 
6.727800 
6.725598 
6.725805 
6.730520 
6.733006 
6.727214 
6.723994 
6.730332 
6.725538 
6.731782 
6.728865 
6.729477 
6.728439 
6.728805 
6.729990 
6.732807 
6.730454 
6.732258 
6.730963 
6.729024 
6.733419 
6.733122 
6.728777 
6.732705 
6.727261 
6.726933 
6.727054 
6.729752 
6.728615 
6.725539 
6.726310 
6.728192 
6.730477 
6.727837 
6.733821 
6.730260 
6.725951 
6.733280 
6.732879 
6.733809 
6.724660 
6.730899 
6.726598 
6.728916 
6.730678 
6.731485 
6.734231 
6.728001 
6.726220 
6.727666 
6.727588 
6.733888 
6.729850 
6.729900 
6.728152 
6.732367 
6.730153 
6.736369 
6.730833 
6.730531 
6.732561 
6.730906 
6.729116 
6.728155 
6.731177 
6.725972 
6.728684 
6.729008 
6.725672 
6.734776 
6.730515 
6.727398 
6.723584 
6.729531 
6.731356 
6.728235 
6.730231 
6.728743 
6.726990 
6.726380 
6.731572 
6.730964 
6.727128 
6.731267 
6.731933 
6.726020 
6.726820 
6.729166 
6.730891 
6.729885 
6.732451 
6.729819 
6.733033 
6.727683 
6.728661 
6.724241 
6.730150 
6.726123 
6.724392 
6.730800 
6.727805 
6.730589 
6.730177 
6.734086 
6.728785 
6.730968 
6.731774 
6.737287 
6.735688 
6.735516 
6.727100 
6.729202 
6.735032 
6.737592 
6.737265 
6.732231 
6.733811 
6.732933 
6.726886 
6.729069 
6.729626 
6.728456 
6.729783 
6.729252 
6.734064 
6.727559 
6.726623 
6.732599 
6.726297 
6.733205 
6.727416 
6.730728 
6.731234 
6.734683 
6.731888 
6.726689 
6.729747 
6.728605 
6.726759 
6.724019 
6.723798 
6.723071 
6.727361 
6.731735 
6.732274 
6.729584 
6.733166 
6.728902 
6.732342 
6.732722 
6.727018 
6.732335 
6.734954 
6.735332 
6.729587 
6.725351 
6.726338 
6.731065 
6.727936 
6.725080 
6.729252 
6.730684 
6.732345 
6.729779 
6.729359 
6.727226 
6.729782 
6.727501 
6.729306 
6.730879 
6.731957 
6.730266 
6.735244 
6.733375 
6.735884 
6.731602 
6.735888 
6.734499 
6.731523 
6.729161 
6.733294 
6.731748 
6.728426 
6.728456 
6.724862 
6.733765 
6.731180 
6.727602 
6.734765 
6.734852 
6.729049 
6.732199 
6.728168 
6.728687 
6.729289 
6.732326 
6.737614 
6.733746 
6.731267 
6.727923 
6.724079 
6.729126 
6.730505 
6.732513 
6.728960 
6.728323 
6.727241 
6.726948 
6.725541 
6.725217 
6.728340 
6.729121 
6.725241 
6.726517 
6.727699 
6.726204 
6.728318 
6.731204 
6.732602 
6.733721 
6.735583 
6.734950 
6.733130 
6.729645 
6.728708 
6.734542 
6.729337 
6.732301 
6.731379 
6.730292 
6.731223 
6.728822 
6.727948 
6.726243 
6.728857 
6.721183 
6.729002 
6.726936 
6.729526 
6.727083 
6.728955 
6.731629 
6.732774 
6.730955 
6.736100 
6.736045 
6.728284 
6.727310 
6.738278 
6.730406 
6.729879 
6.735809 
6.730159 
6.733296 
6.729268 
6.730155 
6.729477 
6.727642 
6.727998 
6.726706 
6.731557 
6.733384 
6.728341 
6.734064 
6.730224 
6.732909 
6.730935 
6.726189 
6.727902 
6.728195 
6.732881 
6.731158 
6.728235 
6.728745 
6.729415 
6.727786 
6.724252 
6.729251 
6.729476 
6.727929 
6.728740 
6.731206 
6.729746 
6.730556 
6.728725 
6.729623 
6.731564 
6.732618 
6.727909 
6.735292 
6.728664 
6.729946 
6.730393 
6.722453 
6.730480 
6.728906 
6.730060 
6.732148 
6.728690 
6.731580 
6.726274 
6.729507 
6.730055 
6.730113 
6.733942 
6.732777 
6.730329 
6.733681 
6.733958 
6.726381 
6.721941 
6.727439 
6.729467 
6.723768 
6.731111 
6.729288 
6.727504 
6.730516 
6.729492 
6.727854 
6.730995 
6.729607 
6.729380 
6.727544 
6.729592 
6.733155 
6.729435 
6.732984 
6.731919 
6.729374 
6.728063 
6.730017 
6.726060 
6.731616 
6.728990 
6.730075 
6.732934 
6.727820 
6.730072 
6.730232 
6.728406 
6.737649 
6.731364 
6.730435 
6.727860 
6.731381 
6.729960 
6.732977 
6.732463 
6.729075 
6.730588 
6.729362 
6.728846 
6.725853 
6.736415 
6.729759 
6.732611 
6.731248 
6.730674 
6.728719 
6.732717 
6.735913 
6.729860 
6.730478 
6.726985 
6.728898 
6.729121 
6.734637 
6.732990 
6.727834 
6.727314 
6.727269 
6.729909 
6.726464 
6.732471 
6.726698 
6.727051 
6.724422 
6.724615 
6.729268 
6.726877 
6.729115 
6.728830 
6.726570 
6.728592 
6.729640 
6.725815 
6.728764 
6.732225 
6.729168 
6.734089 
6.731699 
6.731668 
6.728283 
6.733928 
6.729294 
6.728249 
6.729790 
6.732387 
6.731073 
6.732129 
6.729380 
6.725140 
6.728563 
6.729378 
6.730363 
6.727509 
6.726869 
6.730823 
6.733702 
6.733413 
6.733452 
6.728592 
6.728874 
6.727935 
6.731837 
6.736737 
6.736800 
6.729602 
6.729762 
6.729037 
6.727870 
6.728076 
6.730241 
6.732150 
6.729541 
6.730717 
6.732177 
6.731608 
6.726679 
6.732312 
6.727355 
6.728924 
6.731095 
6.727282 
6.731459 
6.732111 
6.731412 
6.732140 
6.730875 
6.733715 
6.729409 
6.730766 
6.731583 
6.727700 
6.733670 
6.726517 
6.727343 
6.732700 
6.728926 
6.729236 
6.727747 
6.728149 
6.731893 
6.734175 
6.730820 
6.732843 
6.727937 
6.728552 
6.729778 
6.729354 
6.727312 
6.730017 
6.731143 
6.735213 
6.732761 
6.727332 
6.737512 
6.734972 
6.729203 
6.727662 
6.731177 
6.726964 
6.729246 
6.733507 
6.731765 
6.730006 
6.728125 
6.728447 
6.733262 
6.731075 
6.733984 
6.734524 
6.732677 
6.731359 
6.723013 
6.727021 
6.729709 
6.721235 
6.734298 
6.726363 
6.726048 
6.734855 
6.734702 
6.729866 
6.731738 
6.737524 
6.732841 
6.731772 
6.727293 
6.728624 
6.725024 
6.724232 
6.733293 
6.734835 
6.732003 
6.733163 
6.728947 
6.726450 
6.724788 
6.728525 
6.732416 
6.728771 
6.726040 
6.730630 
6.727485 
6.730925 
6.728542 
6.733327 
6.730285 
6.736560 
6.728905 
6.727310 
6.725353 
6.730147 
6.735476 
6.735311 
6.734702 
6.733840 
6.727497 
6.729116 
6.732750 
6.727938 
6.726906 
6.726939 
6.731136 
6.734623 
6.731947 
6.733846 
6.736102 
6.731126 
6.729063 
6.732449 
6.734977 
6.731250 
6.728831 
6.728233 
6.733382 
6.728692 
6.731489 
6.733809 
6.734008 
6.732569 
6.731053 
6.725441 
6.729626 
6.729314 
6.729848 
6.731273 
6.737702 
6.732188 
6.726941 
6.733589 
6.731952 
6.730030 
6.734727 
6.731544 
6.727666 
6.722717 
6.723887 
6.730575 
6.727822 
6.726432 
6.729425 
6.723238 
6.728272 
6.727127 
6.730495 
6.726347 
6.723913 
6.722827 
6.726226 
6.729895 
6.730126 
6.726726 
6.729971 
6.729508 
6.732483 
6.726964 
6.734841 
6.726749 
6.725945 
6.728376 
6.724798 
6.729849 
6.724639 
6.727389 
6.730089 
6.730170 
6.724771 
6.730833 
6.725043 
6.723154 
6.729345 
6.732903 
6.732762 
6.735862 
6.736763 
6.731660 
6.734976 
6.734551 
6.728380 
6.729778 
6.733101 
6.735574 
6.729247 
6.729423 
6.726890 
6.727185 
6.733083 
6.738920 
6.732436 
6.731139 
6.733045 
6.728341 
6.730122 
6.733981 
6.733711 
6.729653 
6.728600 
6.730187 
6.728500 
6.729871 
6.729503 
6.728826 
6.729198 
6.725251 
6.732555 
6.736682 
6.732726 
6.734306 
6.728144 
6.726856 
6.729018 
6.731045 
6.732134 
6.725741 
6.729430 
6.726754 
6.725520 
6.730972 
6.734162 
6.736705 
6.738853 
6.733997 
6.730822 
6.730405 
6.729386 
6.731920 
6.728409 
6.731895 
6.737101 
6.725071 
6.724164 
6.727493 
6.729107 
6.732111 
6.735464 
6.735913 
6.726581 
6.732711 
6.728921 
6.729781 
6.723777 
6.724658 
6.724708 
6.730894 
6.729612 
6.725034 
6.728467 
6.729800 
6.723698 
6.728473 
6.728604 
6.728447 
6.723817 
6.730241 
6.722586 
6.727834 
6.726479 
6.728036 
6.723207 
6.725701 
6.727256 
6.725230 
6.726173 
6.728159 
6.732328 
6.728022 
6.733408 
6.726961 
6.729427 
6.734350 
6.731021 
6.726349 
6.729164 
6.735585 
6.730289 
6.733476 
6.732150 
6.728127 
6.729932 
6.730975 
6.736653 
6.727851 
6.730642 
6.732394 
6.730182 
6.729388 
6.729870 
6.728502 
6.722506 
6.729374 
6.721387 
6.727516 
6.730906 
6.732046 
6.730271 
6.726916 
6.735655 
6.731705 
6.731103 
6.728793 
6.729651 
6.730325 
6.729354 
6.729661 
6.726614 
6.729507 
6.743016 
6.734835 
6.730076 
6.725256 
6.723803 
6.730797 
6.727355 
6.723254 
6.725798 
6.726907 
6.728097 
6.727060 
6.727773 
6.729832 
6.731371 
6.725142 
6.725917 
6.723527 
6.726143 
6.730296 
6.729256 
6.729657 
6.727878 
6.727575 
6.731678 
6.733391 
6.736964 
6.735889 
6.730288 
6.730421 
6.730281 
