6002.578632 
6002.525995 
6002.504835 
6002.499923 
6002.504986 
6002.553803 
6002.554534 
6002.588738 
6002.625371 
6002.612693 
6002.616455 
6002.576440 
6002.576210 
6002.536934 
6002.541195 
6002.530560 
6002.563121 
6002.581690 
6002.623559 
6002.604639 
6002.561428 
6002.572990 
6002.535726 
6002.560076 
6002.556588 
6002.566373 
6002.564648 
6002.576917 
6002.505452 
6002.521613 
6002.522213 
6002.524419 
6002.539485 
6002.532992 
6002.536724 
6002.542270 
6002.540303 
6002.595623 
6002.587489 
6002.601099 
6002.620691 
6002.569714 
6002.631007 
6002.484140 
6002.562957 
6002.510058 
6002.563751 
6002.577763 
6002.561996 
6002.623336 
6002.584396 
6002.557332 
6002.552647 
6002.544810 
6002.528927 
6002.512074 
6002.518213 
6002.605541 
6002.571397 
6002.587188 
6002.540851 
6002.539217 
6002.597281 
6002.507508 
6002.552470 
6002.586140 
6002.542760 
6002.542298 
6002.535563 
6002.533995 
6002.497565 
6002.519636 
6002.553227 
6002.595837 
6002.503451 
6002.540189 
6002.557184 
6002.541525 
6002.511203 
6002.590897 
6002.597204 
6002.596669 
6002.601904 
6002.542329 
6002.539200 
6002.514923 
6002.577617 
6002.553582 
6002.562049 
6002.534380 
6002.513484 
6002.555313 
6002.531066 
6002.574589 
6002.557486 
6002.440652 
6002.517796 
6002.517646 
6002.565810 
6002.589263 
6002.576324 
6002.591969 
6002.535082 
6002.535493 
6002.529733 
6002.539106 
6002.546728 
6002.581294 
6002.523785 
6002.517883 
6002.511571 
6002.463886 
6002.495198 
6002.581830 
6002.519966 
6002.540246 
6002.549829 
6002.535483 
6002.551359 
6002.568056 
6002.500480 
6002.600137 
6002.587357 
6002.544195 
6002.537898 
6002.514825 
6002.563312 
6002.541771 
6002.541584 
6002.546785 
6002.561227 
6002.541922 
6002.565774 
6002.524895 
6002.535224 
6002.579775 
6002.587246 
6002.570532 
6002.582818 
6002.549540 
6002.592169 
6002.594479 
6002.611013 
6002.603956 
6002.645764 
6002.595408 
6002.545686 
6002.537548 
6002.562332 
6002.553767 
6002.614726 
6002.584597 
6002.583728 
6002.566355 
6002.517182 
6002.485980 
6002.558914 
6002.508072 
6002.530258 
6002.585989 
6002.622105 
6002.531249 
6002.518415 
6002.562807 
6002.540123 
6002.536566 
6002.511759 
6002.529177 
6002.548363 
6002.528524 
6002.557902 
6002.516771 
6002.538424 
6002.606280 
6002.553326 
6002.525233 
6002.552007 
6002.524881 
6002.567108 
6002.521488 
6002.492660 
6002.596793 
6002.595729 
6002.554490 
6002.568078 
6002.595732 
6002.561382 
6002.522005 
6002.534010 
6002.580242 
6002.571264 
6002.552229 
6002.589966 
6002.650092 
6002.560079 
6002.551335 
6002.521257 
6002.577191 
6002.608847 
6002.627774 
6002.528309 
6002.490584 
6002.511928 
6002.531333 
6002.568417 
6002.559329 
6002.590720 
6002.542540 
6002.494881 
6002.558212 
6002.475615 
6002.528405 
6002.566251 
6002.545505 
6002.562726 
6002.543980 
6002.522074 
6002.514357 
6002.558959 
6002.568470 
6002.597836 
6002.575895 
6002.591136 
6002.551575 
6002.552821 
6002.655765 
6002.576875 
6002.591269 
6002.573289 
6002.494055 
6002.583629 
6002.552229 
6002.552683 
6002.537279 
6002.522845 
6002.584170 
6002.548194 
6002.581690 
6002.517787 
6002.506797 
6002.512258 
6002.527655 
6002.570242 
6002.578860 
6002.526792 
6002.538971 
6002.592220 
6002.550562 
6002.537321 
6002.586574 
6002.566778 
6002.597695 
6002.571125 
6002.545391 
6002.506448 
6002.551940 
6002.569209 
6002.527045 
6002.570911 
6002.533962 
6002.530138 
6002.528834 
6002.529878 
6002.592877 
6002.503090 
6002.548945 
6002.537518 
6002.524037 
6002.510456 
6002.549921 
6002.544124 
6002.577908 
6002.549757 
6002.570043 
6002.579066 
6002.601371 
6002.537111 
6002.584094 
6002.619671 
6002.546158 
6002.555194 
6002.503309 
6002.544405 
6002.552832 
6002.521662 
6002.494650 
6002.537050 
6002.521697 
6002.500333 
6002.560237 
6002.538174 
6002.538622 
6002.516728 
6002.491788 
6002.557770 
6002.516817 
6002.562842 
6002.577994 
6002.605294 
6002.553467 
6002.591104 
6002.539969 
6002.559162 
6002.580619 
6002.555353 
6002.588203 
6002.522872 
6002.552326 
6002.572334 
6002.554792 
6002.535876 
6002.575435 
6002.569927 
6002.567480 
6002.568930 
6002.558402 
6002.496821 
6002.543825 
6002.609779 
6002.570038 
6002.612693 
6002.589848 
6002.553575 
6002.538039 
6002.533398 
6002.556206 
6002.562504 
6002.564346 
6002.577421 
6002.575428 
6002.539868 
6002.523116 
6002.584656 
6002.569960 
6002.584237 
6002.584971 
6002.531544 
6002.525117 
6002.495519 
6002.575359 
6002.581170 
6002.543858 
6002.491944 
6002.571669 
6002.511217 
6002.590118 
6002.541653 
6002.582437 
6002.609892 
6002.544539 
6002.508358 
6002.572282 
6002.522096 
6002.474952 
6002.525698 
6002.513743 
6002.513489 
6002.564042 
6002.560036 
6002.580670 
6002.601257 
6002.548931 
6002.504834 
6002.543408 
6002.516729 
6002.491329 
6002.567815 
6002.547216 
6002.555711 
6002.615096 
6002.578029 
6002.624027 
6002.577096 
6002.564297 
6002.566956 
6002.580096 
6002.540563 
6002.511623 
6002.518903 
6002.530857 
6002.500653 
6002.506314 
6002.510175 
6002.525554 
6002.518566 
6002.499981 
6002.510051 
6002.532673 
6002.581064 
6002.566565 
6002.524812 
6002.589935 
6002.624514 
6002.599880 
6002.591473 
6002.460533 
6002.509854 
6002.543615 
6002.560564 
6002.574256 
6002.550287 
6002.534093 
6002.593793 
6002.624343 
6002.590993 
6002.553655 
6002.541491 
6002.547576 
6002.532894 
6002.562866 
6002.556986 
6002.565641 
6002.519204 
6002.505623 
6002.563971 
6002.566122 
6002.530839 
6002.521098 
6002.603227 
6002.574450 
6002.629161 
6002.528802 
6002.581720 
6002.565462 
6002.584706 
6002.553463 
6002.523057 
6002.557222 
6002.483283 
6002.517197 
6002.502367 
6002.555986 
6002.564255 
6002.510166 
6002.507013 
6002.549052 
6002.533653 
6002.554335 
6002.529319 
6002.570498 
6002.541969 
6002.535462 
6002.510870 
6002.548618 
6002.520262 
6002.516791 
6002.540941 
6002.552054 
6002.564965 
6002.609441 
6002.557486 
6002.517408 
6002.582026 
6002.572149 
6002.553988 
6002.545811 
6002.483671 
6002.555097 
6002.519254 
6002.570761 
6002.558563 
6002.579641 
6002.606165 
6002.588856 
6002.591335 
6002.551982 
6002.595083 
6002.562567 
6002.534603 
6002.550764 
6002.477871 
6002.506885 
6002.522356 
6002.540990 
6002.592518 
6002.533304 
6002.533884 
6002.522892 
6002.560750 
6002.512438 
6002.561616 
6002.598695 
6002.507406 
6002.631594 
6002.570339 
6002.553239 
6002.532117 
6002.541480 
6002.560330 
6002.609349 
6002.570703 
6002.565040 
6002.538742 
6002.567295 
6002.547407 
6002.579094 
6002.507826 
6002.513232 
6002.577417 
6002.572432 
6002.464238 
6002.506796 
6002.497928 
6002.551444 
6002.595279 
6002.545561 
6002.529052 
6002.473260 
6002.508281 
6002.564403 
6002.576576 
6002.537807 
6002.583038 
6002.546883 
6002.531105 
6002.544105 
6002.582132 
6002.565857 
6002.519674 
6002.530388 
6002.560873 
6002.552338 
6002.585478 
6002.581131 
6002.572328 
6002.511645 
6002.544239 
6002.576904 
6002.574870 
6002.546560 
6002.579097 
6002.543826 
6002.544471 
6002.568122 
6002.583163 
6002.552971 
6002.560436 
6002.525466 
6002.509949 
6002.507745 
6002.503219 
6002.511661 
6002.575593 
6002.558989 
6002.592393 
6002.589751 
6002.579359 
6002.525651 
6002.606928 
6002.562166 
6002.535779 
6002.542288 
6002.586622 
6002.509778 
6002.559168 
6002.605547 
6002.573520 
6002.526708 
6002.594833 
6002.558915 
6002.593286 
6002.518598 
6002.491928 
6002.542216 
6002.585095 
6002.540781 
6002.553562 
6002.521216 
6002.498150 
6002.489076 
6002.517812 
6002.555598 
6002.548346 
6002.560787 
6002.525589 
6002.557030 
6002.534992 
6002.564776 
6002.576370 
6002.600931 
6002.590672 
6002.642631 
6002.579273 
6002.573630 
6002.575668 
6002.559449 
6002.556848 
6002.573891 
6002.575533 
6002.450644 
6002.518373 
6002.481662 
6002.585702 
6002.599018 
6002.575268 
6002.557345 
6002.494008 
6002.559012 
6002.558183 
6002.535745 
6002.521363 
6002.521680 
6002.560001 
6002.561303 
6002.586329 
6002.549456 
6002.593718 
6002.575213 
6002.547725 
6002.576598 
6002.540352 
6002.563183 
6002.584907 
6002.551010 
6002.577887 
6002.618339 
6002.532214 
6002.562664 
6002.510852 
6002.595029 
6002.624058 
6002.510540 
6002.529800 
6002.495181 
6002.547553 
6002.535923 
6002.478195 
6002.560416 
6002.534063 
6002.551428 
6002.569659 
6002.503061 
6002.439457 
6002.503520 
6002.531717 
6002.569357 
6002.579446 
6002.554443 
6002.565271 
6002.515586 
6002.556793 
6002.538802 
6002.492063 
6002.557128 
6002.531665 
6002.514346 
6002.557897 
6002.472480 
6002.457081 
6002.540872 
6002.609842 
6002.585737 
6002.593055 
6002.556929 
6002.536657 
6002.550824 
6002.563523 
6002.576735 
6002.535005 
6002.516818 
6002.573910 
6002.534421 
6002.559268 
6002.590265 
6002.595732 
6002.587378 
6002.480967 
6002.500716 
6002.523920 
6002.573439 
6002.582073 
6002.549607 
6002.522174 
6002.547458 
6002.569675 
6002.546976 
6002.538758 
6002.515331 
6002.564760 
6002.523086 
6002.554493 
6002.531603 
6002.557840 
6002.554432 
6002.637268 
6002.551681 
6002.553704 
6002.544157 
6002.549746 
6002.496393 
6002.492326 
6002.518760 
6002.536479 
6002.544764 
6002.522961 
6002.531938 
6002.573297 
6002.565335 
6002.492241 
6002.505392 
6002.495327 
6002.555707 
6002.531927 
6002.516272 
6002.526450 
6002.483597 
6002.520650 
6002.553435 
6002.593333 
6002.575295 
6002.592739 
6002.510593 
6002.585799 
6002.614583 
6002.546360 
6002.552874 
6002.591932 
6002.571055 
6002.572481 
6002.514879 
6002.595044 
6002.545095 
6002.528963 
6002.541637 
6002.529926 
6002.535399 
6002.518519 
6002.534938 
6002.564553 
6002.530532 
6002.558395 
6002.581953 
6002.616416 
6002.579652 
6002.531193 
6002.550948 
6002.530487 
6002.525373 
6002.554334 
6002.550760 
6002.530416 
6002.603835 
6002.530062 
6002.573086 
6002.597655 
6002.564857 
6002.457799 
6002.508494 
6002.601095 
6002.579573 
6002.540389 
6002.527364 
6002.551837 
6002.545004 
6002.548086 
6002.568296 
6002.572259 
6002.615258 
6002.575075 
6002.516071 
6002.562534 
6002.557365 
6002.642147 
6002.510614 
6002.488221 
6002.542570 
6002.503203 
6002.493996 
6002.542906 
6002.589339 
6002.531871 
6002.484491 
6002.501188 
6002.519029 
6002.576737 
6002.632053 
6002.576879 
6002.564672 
6002.546125 
6002.540710 
6002.591823 
6002.577677 
6002.555469 
6002.559859 
6002.574578 
6002.552426 
6002.572455 
6002.546187 
6002.559997 
6002.567342 
6002.552190 
6002.539798 
6002.586670 
6002.551127 
6002.550124 
6002.575179 
6002.631788 
6002.531628 
6002.531309 
6002.582136 
6002.583142 
6002.530073 
6002.509946 
6002.555646 
6002.512761 
6002.509138 
6002.528197 
6002.498826 
6002.517732 
6002.535515 
6002.515384 
6002.568403 
6002.542042 
6002.558116 
6002.541221 
6002.529159 
6002.479560 
6002.559624 
6002.568497 
6002.552926 
6002.547895 
6002.531045 
6002.506181 
6002.569806 
6002.539997 
6002.542095 
6002.511217 
6002.541573 
6002.560136 
6002.556538 
6002.548373 
6002.499002 
6002.555990 
6002.589778 
6002.575462 
6002.536627 
6002.554065 
6002.553273 
6002.590098 
6002.529671 
6002.529337 
6002.541126 
6002.513503 
6002.523412 
6002.514740 
6002.557020 
6002.545133 
6002.524555 
6002.544159 
6002.537641 
6002.528100 
6002.587238 
6002.591349 
6002.536670 
6002.573212 
6002.540833 
6002.508297 
6002.532794 
6002.531817 
6002.543987 
6002.569231 
6002.612646 
6002.557650 
6002.525936 
6002.540711 
6002.528580 
6002.565042 
6002.587857 
6002.592791 
6002.620636 
6002.580991 
6002.551214 
6002.586784 
6002.588803 
6002.568170 
6002.582425 
6002.582105 
6002.577076 
6002.547015 
6002.534524 
6002.566705 
6002.575231 
6002.577884 
6002.577783 
6002.589734 
6002.570297 
6002.567403 
6002.565155 
6002.604039 
6002.533502 
6002.513506 
6002.524884 
6002.591329 
6002.575866 
6002.564860 
6002.515139 
6002.561531 
6002.592262 
6002.528100 
6002.531811 
6002.538539 
6002.532199 
6002.549166 
6002.532652 
6002.545971 
6002.568133 
6002.580557 
6002.582033 
6002.586962 
6002.535261 
6002.532710 
6002.542050 
6002.538183 
6002.515253 
6002.562916 
6002.549235 
6002.585058 
6002.522560 
6002.550512 
6002.485629 
6002.556050 
6002.510337 
6002.550957 
6002.559465 
6002.560846 
6002.508071 
6002.582717 
6002.608802 
6002.592320 
6002.566627 
6002.501007 
6002.559624 
6002.548088 
6002.543257 
6002.558852 
6002.577512 
6002.572037 
6002.623297 
6002.598741 
6002.557947 
6002.523731 
6002.566646 
6002.584102 
6002.568584 
6002.583080 
6002.554915 
6002.533596 
6002.544128 
6002.516466 
6002.601306 
6002.541163 
6002.554089 
6002.524048 
6002.565301 
6002.569169 
6002.550356 
6002.553954 
6002.559484 
6002.584284 
6002.604055 
6002.519801 
6002.534942 
6002.586178 
6002.560761 
6002.559759 
6002.592039 
6002.515376 
6002.525739 
6002.497537 
6002.527952 
6002.536216 
6002.589745 
6002.567863 
6002.555844 
6002.572038 
6002.518184 
6002.563769 
6002.563237 
6002.621605 
6002.595222 
6002.608020 
6002.526057 
6002.553167 
6002.505097 
6002.557576 
6002.552361 
6002.567887 
6002.579079 
6002.605215 
6002.553722 
6002.530303 
6002.541608 
6002.541847 
6002.514351 
6002.499438 
6002.540726 
6002.510414 
6002.532435 
6002.541936 
6002.515675 
6002.544412 
6002.532592 
6002.562400 
6002.589174 
6002.621892 
6002.557603 
6002.531994 
6002.538162 
6002.550261 
6002.522464 
6002.557529 
6002.525373 
6002.559159 
6002.542734 
6002.541055 
6002.530217 
6002.553326 
6002.591252 
6002.569641 
6002.612393 
6002.603909 
6002.559848 
6002.560413 
6002.572806 
6002.573106 
6002.581559 
6002.559795 
6002.650416 
6002.585716 
6002.557803 
6002.513639 
6002.475355 
6002.542177 
6002.526098 
6002.532807 
6002.568409 
6002.580292 
6002.572614 
6002.556175 
6002.540700 
6002.535980 
6002.504011 
6002.558071 
6002.579349 
6002.563515 
6002.508314 
6002.536662 
6002.584791 
6002.603067 
6002.579833 
6002.538834 
6002.543380 
6002.533159 
6002.514857 
6002.509222 
6002.506626 
6002.529536 
6002.513603 
6002.594408 
6002.526728 
6002.542470 
6002.547772 
6002.530147 
6002.520477 
6002.588061 
6002.608607 
6002.598610 
6002.547202 
6002.577953 
6002.597736 
6002.583997 
6002.585651 
6002.538805 
6002.588857 
6002.559234 
6002.527028 
6002.550438 
6002.547282 
6002.554733 
6002.567627 
6002.562521 
6002.570113 
6002.542477 
6002.618581 
6002.552227 
6002.566528 
6002.547430 
6002.534548 
6002.553630 
6002.548954 
6002.530560 
6002.518261 
6002.488357 
6002.495988 
6002.542870 
6002.536980 
6002.560552 
6002.541015 
6002.591905 
6002.536653 
6002.509193 
6002.596105 
6002.522272 
6002.545570 
6002.537742 
6002.561555 
6002.536777 
6002.575226 
6002.592771 
6002.594123 
6002.596800 
6002.574871 
6002.542783 
6002.523867 
6002.532060 
6002.518161 
6002.539144 
6002.563052 
6002.517350 
6002.522519 
6002.598623 
6002.604784 
6002.588611 
6002.580265 
6002.627811 
6002.604214 
6002.557766 
6002.524230 
6002.564501 
6002.619678 
6002.560628 
6002.556547 
6002.483260 
6002.526958 
6002.555274 
6002.589222 
6002.557581 
6002.498896 
6002.476629 
6002.519885 
6002.536990 
6002.564134 
6002.532140 
6002.542789 
6002.532908 
6002.513884 
6002.528334 
6002.530644 
6002.507107 
6002.499693 
6002.607688 
6002.556176 
6002.539004 
6002.561341 
6002.609846 
6002.590265 
6002.566915 
6002.570125 
6002.556848 
6002.611003 
6002.617284 
6002.530669 
6002.506538 
6002.486372 
6002.547701 
6002.569186 
6002.550387 
6002.584676 
6002.517179 
6002.558292 
6002.566039 
6002.545702 
6002.518580 
6002.564120 
6002.561549 
6002.569288 
6002.573373 
6002.570776 
6002.558028 
6002.519708 
6002.571502 
6002.552576 
6002.521264 
6002.573459 
6002.562204 
6002.505995 
6002.568762 
6002.563393 
6002.597248 
6002.575469 
6002.563755 
6002.557278 
6002.619955 
6002.576955 
6002.558816 
6002.578015 
6002.604525 
6002.601332 
6002.552187 
6002.541476 
6002.597137 
6002.542971 
6002.551718 
6002.475054 
6002.511476 
6002.559510 
6002.567064 
6002.565263 
6002.555400 
6002.539102 
6002.555391 
6002.535723 
6002.487092 
6002.549805 
6002.575484 
6002.547829 
6002.565017 
6002.513916 
6002.498244 
6002.482044 
6002.538515 
6002.583165 
6002.525292 
6002.506986 
6002.558916 
6002.508678 
6002.523755 
6002.570242 
6002.569750 
6002.522732 
6002.518175 
6002.523498 
6002.511595 
6002.551727 
6002.514784 
6002.481108 
6002.529155 
6002.570397 
6002.564146 
6002.533615 
6002.586040 
6002.562417 
6002.557815 
6002.518733 
6002.534540 
6002.528884 
6002.569446 
6002.598934 
6002.552596 
6002.513457 
6002.580852 
6002.493829 
6002.500662 
6002.571190 
6002.585158 
6002.527071 
6002.522046 
6002.631880 
6002.555701 
6002.539861 
6002.569413 
6002.591126 
6002.584664 
6002.568896 
6002.539612 
6002.571202 
6002.588267 
6002.544333 
6002.606020 
6002.607819 
6002.546508 
6002.548030 
6002.520927 
6002.567440 
6002.561152 
6002.563097 
6002.581251 
6002.565764 
6002.530969 
6002.485371 
6002.554656 
6002.510644 
6002.589777 
6002.599425 
6002.562098 
6002.575335 
6002.545687 
6002.567509 
6002.566797 
6002.544982 
6002.549717 
6002.529342 
6002.541412 
6002.581317 
6002.572651 
6002.607690 
6002.607568 
6002.530106 
6002.591017 
6002.625243 
6002.518412 
6002.545836 
6002.557003 
6002.553015 
6002.499503 
6002.509747 
6002.566583 
6002.554132 
6002.531107 
6002.533690 
6002.512380 
6002.620673 
6002.531048 
6002.542096 
6002.587830 
6002.574179 
6002.543919 
6002.492649 
6002.529101 
6002.538410 
6002.560477 
6002.592101 
6002.518262 
6002.617086 
6002.581579 
6002.573787 
6002.540892 
6002.615802 
6002.587393 
6002.539936 
6002.601224 
6002.560236 
6002.547798 
6002.532168 
6002.519295 
6002.517480 
6002.566493 
6002.585611 
6002.496108 
6002.562298 
6002.597036 
6002.551375 
6002.577368 
6002.575418 
6002.615792 
6002.530616 
6002.553210 
6002.530137 
6002.588417 
6002.579137 
6002.598136 
6002.578630 
6002.562448 
6002.554997 
6002.555847 
6002.497841 
6002.530564 
6002.513059 
6002.526107 
6002.512462 
6002.499476 
6002.586724 
6002.535938 
6002.573732 
6002.605200 
6002.595543 
6002.561353 
6002.508897 
6002.590047 
6002.619753 
6002.556811 
6002.542802 
6002.604901 
6002.606912 
6002.573974 
6002.526771 
6002.525501 
6002.542035 
6002.512245 
6002.520744 
6002.526671 
6002.509607 
6002.537610 
6002.537347 
6002.544758 
6002.602959 
6002.618448 
6002.558696 
6002.570794 
6002.561608 
6002.548244 
6002.599590 
6002.563751 
6002.573128 
6002.605485 
6002.602095 
6002.602588 
6002.581593 
6002.656579 
6002.628876 
6002.546666 
6002.512247 
6002.572662 
6002.544431 
6002.567436 
6002.593364 
6002.552614 
6002.552324 
6002.549811 
6002.481004 
6002.501518 
6002.560682 
6002.555085 
6002.547876 
6002.588355 
6002.531856 
6002.515330 
6002.535162 
6002.518637 
6002.576100 
6002.512241 
6002.553439 
6002.529628 
6002.507675 
6002.562342 
6002.505764 
6002.513276 
6002.561127 
6002.595115 
6002.598839 
6002.575260 
6002.498076 
6002.544199 
6002.562923 
6002.554971 
6002.555691 
6002.529726 
6002.560665 
6002.549614 
6002.501565 
6002.569752 
6002.598798 
6002.538968 
6002.540107 
6002.544464 
6002.576822 
6002.535452 
6002.611155 
6002.566654 
6002.591567 
6002.553435 
6002.467898 
6002.536567 
6002.565624 
6002.550832 
6002.508661 
6002.542989 
6002.542467 
6002.595277 
6002.513647 
6002.568763 
6002.627326 
6002.520229 
6002.549903 
6002.452400 
6002.582469 
6002.610766 
6002.578268 
6002.556279 
6002.588362 
6002.556612 
6002.533983 
6002.580883 
6002.606144 
6002.562615 
6002.563599 
6002.528711 
6002.574500 
6002.567505 
6002.551929 
6002.508672 
6002.548907 
6002.543870 
6002.535116 
6002.540634 
6002.531601 
6002.529804 
6002.561325 
6002.578243 
6002.520663 
6002.529494 
6002.539322 
6002.550395 
6002.574826 
6002.555802 
6002.564169 
6002.576358 
6002.518798 
6002.519820 
6002.509099 
6002.536781 
6002.563735 
6002.570841 
6002.568979 
6002.579478 
6002.517384 
6002.548715 
6002.591910 
6002.619409 
6002.551939 
6002.576614 
6002.559988 
6002.569691 
6002.602781 
6002.570566 
6002.527211 
6002.517706 
6002.517024 
6002.487757 
6002.562820 
6002.583032 
6002.633524 
6002.568153 
6002.556438 
6002.571740 
6002.547603 
6002.567493 
6002.509738 
6002.528132 
6002.543231 
6002.571286 
6002.585710 
6002.539344 
6002.548774 
6002.527153 
6002.563508 
6002.612924 
6002.602439 
6002.586325 
6002.539024 
6002.593064 
6002.543734 
6002.568230 
6002.587486 
6002.536000 
6002.566246 
6002.598664 
6002.553320 
6002.546414 
6002.521926 
6002.588316 
6002.595978 
6002.549746 
6002.623695 
6002.641640 
6002.577784 
6002.552299 
6002.592475 
6002.555533 
6002.554638 
6002.553730 
6002.581144 
6002.546857 
6002.518403 
6002.507505 
6002.480639 
6002.503642 
6002.552706 
6002.535505 
6002.579655 
6002.592173 
6002.597069 
6002.573593 
6002.553062 
6002.578755 
6002.561221 
6002.524712 
6002.548414 
6002.587068 
6002.531096 
6002.533743 
6002.571335 
6002.551428 
6002.591325 
6002.607824 
6002.565343 
6002.572122 
6002.543090 
6002.550063 
6002.533585 
6002.590090 
6002.595580 
6002.658321 
6002.581870 
6002.533643 
6002.621910 
6002.529675 
6002.568459 
6002.550649 
6002.537086 
6002.541437 
6002.503566 
6002.555687 
6002.587441 
6002.623796 
6002.556830 
6002.552606 
6002.610900 
6002.608010 
6002.559449 
6002.610086 
6002.568119 
6002.545801 
6002.567240 
6002.564438 
6002.572274 
6002.540720 
6002.584049 
6002.541365 
6002.515862 
6002.584070 
6002.540486 
6002.589185 
6002.579502 
6002.558792 
6002.562592 
6002.495237 
6002.529690 
6002.530849 
6002.544719 
6002.517515 
6002.603900 
6002.569667 
6002.569849 
6002.576209 
6002.512499 
6002.449556 
6002.536725 
6002.532429 
6002.597154 
6002.550840 
6002.515905 
6002.542002 
6002.527020 
6002.542615 
6002.542457 
6002.531849 
6002.542299 
6002.560999 
6002.603794 
6002.582300 
6002.540405 
6002.553358 
6002.520603 
6002.508016 
6002.491987 
6002.576038 
6002.556944 
6002.559269 
6002.573543 
6002.598570 
6002.552611 
6002.560248 
6002.543102 
6002.500134 
6002.610384 
6002.587576 
6002.531137 
6002.553632 
6002.551062 
6002.535029 
6002.530959 
6002.548304 
6002.533286 
6002.556528 
6002.579521 
6002.588469 
6002.543259 
6002.572684 
6002.573968 
6002.563847 
6002.568577 
6002.553348 
6002.564241 
6002.560148 
6002.563830 
6002.527733 
6002.582571 
6002.533733 
6002.566221 
6002.555863 
6002.579425 
6002.647524 
6002.546405 
6002.616308 
6002.646123 
6002.493951 
6002.599599 
6002.559688 
6002.555981 
6002.578683 
6002.541338 
6002.524352 
6002.519868 
6002.563613 
6002.559431 
6002.587343 
6002.553572 
6002.553219 
6002.500561 
6002.549175 
6002.613974 
6002.568245 
6002.541689 
6002.541851 
6002.505479 
6002.511825 
6002.507595 
6002.503479 
6002.572583 
6002.567229 
6002.523199 
6002.544332 
6002.565100 
6002.505980 
6002.557396 
6002.520437 
6002.496597 
6002.507338 
6002.584487 
6002.582892 
6002.613581 
6002.550098 
6002.583683 
6002.551125 
6002.541299 
6002.553921 
6002.571392 
6002.637535 
6002.546675 
6002.576303 
6002.517967 
6002.519999 
6002.578105 
6002.636933 
6002.609999 
6002.579610 
6002.578460 
6002.580454 
6002.547673 
6002.520438 
6002.578505 
6002.537631 
6002.616096 
6002.549861 
6002.531604 
6002.548309 
6002.563406 
6002.656820 
6002.551445 
6002.553340 
6002.568582 
6002.560148 
6002.520597 
6002.558350 
6002.551550 
6002.529068 
6002.527496 
6002.556151 
6002.606193 
6002.561235 
6002.567376 
6002.568050 
6002.591214 
6002.584392 
6002.538520 
6002.583807 
6002.595668 
6002.582616 
6002.531939 
6002.580417 
6002.555773 
6002.547178 
6002.557710 
6002.534132 
6002.573624 
6002.563248 
6002.556739 
6002.578420 
6002.525059 
6002.593360 
6002.653765 
6002.618554 
6002.562495 
6002.505597 
6002.515990 
6002.526946 
6002.519125 
6002.557355 
6002.546041 
6002.494878 
6002.590171 
6002.557916 
6002.583132 
6002.592334 
6002.588301 
6002.595813 
6002.618598 
6002.621121 
6002.591392 
6002.547428 
6002.578573 
6002.545968 
6002.512004 
6002.511828 
6002.538956 
6002.547854 
6002.524595 
6002.533030 
6002.498321 
6002.521539 
6002.504179 
6002.519686 
6002.518315 
6002.534055 
6002.543495 
6002.551500 
6002.562106 
6002.540503 
6002.587185 
6002.589613 
6002.563952 
6002.536693 
6002.567092 
6002.572734 
6002.584460 
6002.569243 
6002.520001 
6002.557289 
6002.521940 
6002.572095 
6002.554526 
6002.527837 
6002.568716 
6002.596746 
6002.605970 
6002.597708 
6002.580254 
6002.608304 
6002.548303 
6002.600360 
6002.546508 
6002.560797 
6002.565210 
6002.562490 
6002.562378 
6002.521758 
6002.547644 
6002.587170 
6002.529149 
6002.548525 
6002.580539 
6002.556094 
6002.563001 
6002.555245 
6002.585439 
6002.604494 
6002.584525 
6002.595845 
6002.573715 
6002.572879 
6002.585790 
6002.527630 
6002.520365 
6002.567461 
6002.570063 
6002.533862 
6002.508648 
6002.487395 
6002.519070 
6002.525112 
6002.478568 
6002.530598 
6002.590479 
6002.556489 
6002.563379 
6002.558991 
6002.481706 
6002.581944 
6002.474855 
6002.569451 
6002.522792 
6002.540266 
6002.606020 
6002.585480 
6002.573218 
6002.560761 
6002.529191 
6002.576729 
6002.508604 
6002.562774 
6002.589609 
6002.601007 
6002.655449 
6002.583718 
6002.480346 
6002.537973 
6002.542161 
6002.528115 
6002.543978 
6002.494079 
6002.584536 
6002.558011 
6002.516649 
6002.580642 
6002.540242 
6002.529430 
6002.535076 
6002.584836 
6002.620337 
6002.565525 
6002.510213 
6002.494907 
6002.526840 
6002.601646 
6002.557992 
6002.551497 
6002.556664 
6002.594825 
6002.538870 
6002.534472 
6002.576662 
6002.488630 
6002.548053 
6002.514406 
6002.545298 
6002.530766 
6002.509101 
6002.561301 
6002.568383 
6002.612628 
6002.531111 
6002.511846 
6002.471188 
6002.532295 
6002.578825 
6002.536399 
6002.542768 
6002.547496 
6002.545324 
6002.553454 
6002.540209 
6002.484055 
6002.566074 
6002.544991 
6002.622549 
6002.553726 
6002.552570 
6002.504560 
6002.526127 
6002.563415 
6002.515550 
6002.549054 
6002.564753 
6002.535049 
6002.492935 
6002.508240 
6002.544795 
6002.561128 
6002.534416 
6002.510482 
6002.554983 
6002.599225 
6002.591347 
6002.592826 
6002.535574 
6002.572466 
6002.566427 
6002.525348 
6002.543114 
6002.607057 
6002.564566 
6002.576481 
6002.570159 
6002.558640 
6002.525132 
6002.572101 
6002.557939 
6002.554664 
6002.579473 
6002.568723 
6002.553572 
6002.584542 
6002.575674 
6002.561308 
6002.527948 
6002.528208 
6002.504223 
6002.561260 
6002.571570 
6002.641363 
6002.564013 
6002.574967 
6002.519027 
6002.530711 
6002.507490 
6002.614432 
6002.567421 
6002.571601 
6002.535913 
6002.579785 
6002.552804 
6002.584128 
6002.585997 
6002.526075 
6002.576873 
6002.561109 
6002.542402 
6002.575746 
6002.554462 
6002.505708 
6002.550397 
6002.584515 
6002.508539 
6002.534379 
6002.535879 
6002.532738 
6002.560795 
6002.509557 
6002.575740 
6002.559495 
6002.541781 
6002.554213 
6002.485544 
6002.535642 
6002.534179 
6002.488176 
6002.555800 
6002.574436 
6002.540507 
6002.556842 
6002.501208 
6002.574860 
6002.528854 
6002.516044 
6002.471165 
6002.538163 
6002.558294 
6002.628786 
6002.580876 
6002.562218 
6002.544418 
6002.548111 
6002.621243 
6002.569871 
6002.578312 
6002.521596 
6002.494863 
6002.557920 
6002.508844 
6002.522528 
6002.515404 
6002.542643 
6002.532076 
6002.509286 
6002.543166 
6002.561262 
6002.554185 
6002.576217 
6002.534800 
6002.581388 
6002.547613 
6002.526707 
6002.524458 
6002.595753 
6002.556585 
6002.530941 
6002.494380 
6002.470303 
6002.488590 
6002.531145 
6002.545696 
6002.501209 
6002.546716 
6002.537804 
6002.550676 
6002.523720 
6002.547315 
6002.533428 
6002.519167 
6002.574659 
6002.540821 
6002.545218 
6002.551354 
6002.546239 
6002.578721 
6002.604071 
6002.557398 
6002.506633 
6002.509030 
6002.524058 
6002.566244 
6002.540150 
6002.549655 
6002.544991 
6002.504370 
6002.561283 
6002.585180 
6002.612898 
6002.597634 
6002.534791 
6002.542527 
6002.541602 
6002.511056 
6002.475167 
6002.534496 
6002.583218 
6002.576393 
6002.529513 
6002.529997 
6002.581669 
6002.566336 
6002.543883 
6002.572883 
6002.546293 
6002.514100 
6002.537340 
6002.561719 
6002.524386 
6002.522154 
6002.545374 
6002.535687 
6002.519455 
6002.590591 
6002.593717 
6002.560935 
6002.583228 
6002.555653 
6002.516485 
6002.548120 
6002.555749 
6002.560120 
6002.515464 
6002.545646 
6002.532324 
6002.571422 
6002.623229 
6002.550424 
6002.567946 
6002.563139 
6002.605449 
6002.559161 
6002.601162 
6002.576561 
6002.570817 
6002.572220 
6002.535602 
6002.544917 
6002.558738 
6002.546316 
6002.607332 
6002.544739 
6002.545459 
6002.555780 
6002.561660 
6002.565897 
6002.535539 
6002.541939 
6002.544628 
6002.518097 
6002.556062 
6002.551160 
6002.609996 
6002.512330 
6002.530669 
6002.575388 
6002.521018 
6002.548647 
6002.539685 
6002.489378 
6002.514123 
6002.537548 
6002.528940 
6002.552847 
6002.540529 
6002.558377 
6002.586542 
6002.519595 
6002.529780 
6002.528639 
6002.512945 
6002.522344 
6002.567879 
6002.565325 
6002.559772 
6002.569405 
6002.567661 
6002.591773 
6002.548173 
6002.554245 
6002.575341 
6002.533043 
6002.582514 
6002.610153 
6002.590779 
6002.592967 
6002.541036 
6002.549047 
6002.583574 
6002.557804 
6002.573782 
6002.555843 
6002.556168 
6002.562671 
6002.525942 
6002.506115 
6002.508858 
6002.549240 
6002.529543 
6002.577680 
6002.552579 
6002.556020 
6002.558490 
6002.500953 
6002.518845 
6002.463802 
6002.524076 
6002.537793 
6002.560532 
6002.551046 
6002.579451 
6002.562877 
6002.585068 
6002.594289 
6002.579116 
6002.552395 
6002.534448 
6002.513082 
6002.584701 
6002.530247 
6002.564959 
6002.586518 
6002.580132 
6002.603290 
6002.543682 
6002.544933 
6002.568537 
6002.576231 
6002.531592 
6002.543009 
6002.486824 
6002.546109 
6002.564899 
6002.553231 
6002.500926 
6002.535941 
6002.491050 
6002.524661 
6002.523817 
6002.494445 
6002.572622 
6002.595123 
6002.523556 
6002.584175 
6002.576738 
6002.576912 
6002.582534 
6002.582898 
6002.563501 
6002.514056 
6002.532948 
6002.567552 
6002.587715 
6002.592682 
6002.550527 
6002.589014 
6002.578776 
6002.570316 
6002.518830 
6002.557342 
6002.568518 
6002.630584 
6002.542060 
6002.550236 
6002.592187 
6002.604084 
6002.533252 
6002.551480 
6002.568999 
6002.545162 
6002.558055 
6002.594613 
6002.539272 
6002.528361 
6002.514933 
6002.589109 
6002.534526 
6002.534907 
6002.520455 
6002.540854 
6002.550978 
6002.559487 
6002.585064 
6002.573763 
6002.572981 
6002.528240 
6002.553278 
6002.540869 
6002.526734 
6002.547541 
6002.596432 
6002.599427 
6002.577950 
6002.593740 
6002.596884 
6002.561732 
6002.510448 
6002.480824 
6002.501004 
6002.629445 
6002.561050 
6002.527981 
6002.560511 
6002.546087 
6002.517943 
6002.570867 
6002.618912 
6002.540728 
6002.611612 
6002.583268 
6002.558120 
6002.547681 
6002.617554 
6002.563275 
6002.561613 
6002.586087 
6002.558947 
6002.521254 
6002.521580 
6002.573459 
6002.546679 
6002.542274 
6002.573050 
6002.549240 
6002.530764 
6002.568778 
6002.540347 
6002.546086 
6002.576392 
6002.592319 
6002.544930 
6002.538493 
6002.574368 
6002.594616 
6002.580199 
6002.555665 
6002.594797 
6002.592937 
6002.593538 
6002.582016 
6002.558905 
6002.529208 
6002.537383 
6002.518280 
6002.608480 
6002.591490 
6002.525822 
6002.544168 
6002.526918 
6002.542905 
6002.552362 
6002.541431 
6002.524002 
6002.544632 
6002.532386 
6002.551425 
6002.526044 
6002.550725 
6002.517031 
6002.570004 
6002.512118 
6002.522504 
6002.571243 
6002.532474 
6002.556544 
6002.521318 
6002.554542 
6002.589944 
6002.536802 
6002.558184 
6002.610370 
6002.560819 
6002.524671 
6002.557348 
6002.567480 
6002.503712 
6002.553893 
6002.568773 
6002.538083 
6002.490449 
6002.522502 
6002.546622 
6002.564229 
6002.593629 
6002.532984 
6002.501012 
6002.526948 
6002.506819 
6002.545754 
6002.540883 
6002.561295 
6002.526438 
6002.563594 
6002.597825 
6002.592787 
6002.597375 
6002.538388 
6002.556660 
6002.561435 
6002.539492 
6002.534877 
6002.530762 
6002.554738 
6002.510027 
6002.534908 
6002.523697 
6002.518788 
6002.577586 
6002.573917 
6002.556264 
6002.514761 
6002.542205 
6002.551020 
6002.549265 
6002.544591 
6002.480970 
6002.521637 
6002.554366 
6002.562348 
6002.579167 
6002.521792 
6002.527335 
6002.459691 
6002.455021 
6002.533800 
6002.518451 
6002.571096 
6002.548278 
6002.525541 
6002.528050 
6002.572245 
6002.518478 
6002.566437 
6002.551173 
6002.520047 
6002.542052 
6002.594886 
6002.591405 
6002.590283 
6002.527511 
6002.560408 
6002.542358 
6002.531998 
6002.500150 
6002.560790 
6002.563365 
6002.533425 
6002.522037 
6002.543286 
6002.645472 
6002.593820 
6002.570248 
6002.597116 
6002.568366 
6002.583235 
6002.600892 
6002.535265 
6002.526113 
6002.571622 
6002.509243 
6002.534701 
6002.530366 
6002.509217 
6002.559102 
6002.562331 
6002.547684 
6002.554311 
6002.582022 
6002.562144 
6002.556995 
6002.589932 
6002.588621 
6002.598592 
6002.547923 
6002.608621 
6002.566870 
6002.563307 
6002.558640 
6002.594878 
6002.517021 
6002.588081 
6002.590594 
6002.546454 
6002.563388 
6002.571691 
6002.573337 
6002.621507 
6002.599759 
6002.542935 
6002.544655 
6002.568627 
6002.591395 
6002.596119 
6002.561074 
6002.585022 
6002.539793 
6002.530026 
6002.590588 
6002.556379 
6002.560125 
6002.582023 
6002.521040 
6002.535502 
6002.562977 
6002.628345 
6002.606527 
6002.527964 
6002.623163 
6002.581626 
6002.580645 
6002.635502 
6002.573516 
6002.541957 
6002.507578 
6002.536785 
6002.539031 
6002.545405 
6002.561018 
6002.519888 
6002.512992 
6002.516702 
6002.508194 
6002.505753 
6002.595735 
6002.567857 
6002.563559 
6002.583356 
6002.584101 
6002.558876 
6002.602757 
6002.545620 
6002.531975 
6002.573224 
6002.542721 
6002.583573 
6002.583580 
6002.543869 
6002.567486 
6002.503867 
6002.520525 
6002.577482 
6002.513500 
6002.531665 
6002.523045 
6002.553960 
6002.487093 
6002.573000 
6002.558681 
6002.553462 
6002.499347 
6002.520230 
6002.561881 
6002.500592 
6002.490633 
6002.532668 
6002.504321 
6002.539417 
6002.494438 
6002.548322 
6002.603675 
6002.613091 
6002.603499 
6002.575439 
6002.592601 
6002.547318 
6002.466077 
6002.539814 
6002.531596 
6002.520469 
6002.525757 
6002.632275 
6002.592211 
6002.538778 
6002.538660 
6002.538640 
6002.496436 
6002.605471 
6002.609152 
6002.580990 
6002.569018 
6002.567867 
6002.625732 
6002.580462 
6002.568965 
6002.596375 
6002.561017 
6002.540005 
6002.551377 
6002.560338 
6002.523719 
6002.571996 
6002.543429 
6002.536459 
6002.534993 
6002.506853 
6002.507377 
6002.528190 
6002.525187 
6002.567873 
6002.578422 
6002.569063 
6002.567888 
6002.558092 
6002.604755 
6002.557488 
6002.542694 
6002.552949 
6002.586059 
6002.560700 
6002.577940 
6002.497275 
6002.575657 
6002.530918 
6002.550259 
6002.540328 
6002.554176 
6002.556151 
6002.547424 
6002.629866 
6002.532942 
6002.537063 
6002.485314 
6002.527012 
6002.566917 
6002.567210 
6002.578895 
6002.589299 
6002.564915 
6002.525911 
6002.576385 
6002.571437 
6002.560234 
6002.567687 
6002.558703 
6002.572246 
6002.570875 
6002.563117 
6002.560779 
6002.501387 
6002.531128 
6002.558875 
6002.539812 
6002.546138 
6002.613402 
6002.562526 
6002.585349 
6002.571852 
6002.562953 
6002.551325 
6002.563915 
6002.584457 
6002.539851 
6002.513786 
6002.522934 
6002.527647 
6002.507697 
6002.525811 
6002.521718 
6002.543569 
6002.563412 
6002.516791 
6002.561521 
6002.588334 
6002.565272 
6002.555185 
6002.611648 
6002.565152 
6002.567436 
6002.579170 
6002.562171 
6002.537341 
6002.484249 
6002.557674 
6002.560476 
6002.603820 
6002.587940 
6002.568535 
6002.533895 
6002.495236 
6002.555686 
6002.579910 
6002.536740 
6002.515547 
6002.500192 
6002.522205 
6002.557210 
6002.573693 
6002.534585 
6002.524094 
6002.538160 
6002.512409 
6002.568424 
6002.617939 
6002.490992 
6002.581560 
6002.541213 
6002.590409 
6002.582996 
6002.594297 
6002.617227 
6002.538378 
6002.545902 
6002.562261 
6002.547931 
6002.545409 
6002.565316 
6002.638182 
6002.581264 
6002.622895 
6002.540442 
6002.560828 
6002.458081 
6002.529822 
6002.550575 
6002.594824 
6002.542822 
6002.600247 
6002.591597 
6002.567829 
6002.576796 
6002.554658 
6002.534781 
6002.495625 
6002.560745 
6002.561956 
6002.544315 
6002.591325 
6002.588826 
6002.612575 
6002.576446 
6002.556042 
6002.522332 
6002.580871 
6002.545780 
6002.584302 
6002.555994 
6002.576115 
6002.595573 
6002.585317 
6002.574684 
6002.603155 
6002.598585 
6002.602912 
6002.515965 
6002.571362 
6002.521263 
6002.531406 
6002.600097 
6002.620278 
6002.574495 
6002.502672 
6002.475924 
6002.528517 
6002.550377 
6002.528915 
6002.497623 
6002.547318 
6002.580978 
6002.542047 
6002.561712 
6002.525748 
6002.499399 
6002.580807 
6002.569445 
6002.524736 
6002.599887 
6002.573052 
6002.622660 
6002.612584 
6002.594577 
6002.591152 
6002.584821 
6002.597899 
6002.597830 
6002.533563 
6002.531710 
6002.527428 
6002.591950 
6002.565777 
6002.539976 
6002.527067 
6002.550351 
6002.530139 
6002.557842 
6002.558753 
6002.541838 
6002.571975 
6002.527558 
6002.548128 
6002.562174 
6002.513789 
6002.458626 
6002.539370 
6002.570926 
6002.528807 
6002.504945 
6002.520287 
6002.501181 
6002.560643 
6002.539991 
6002.548803 
6002.509366 
6002.551246 
6002.584999 
6002.572989 
6002.546063 
6002.558329 
6002.588595 
6002.566101 
6002.532546 
6002.522282 
6002.522271 
6002.559816 
6002.569615 
6002.544088 
6002.574622 
6002.573439 
6002.580199 
6002.581476 
6002.562564 
6002.517148 
6002.512978 
6002.535401 
6002.543725 
6002.508716 
6002.522299 
6002.581162 
6002.552172 
6002.531300 
6002.556779 
6002.579988 
6002.558021 
6002.548703 
6002.599694 
6002.611662 
6002.566252 
6002.562293 
6002.559373 
6002.554965 
6002.555481 
6002.519374 
6002.535303 
6002.517245 
6002.497859 
6002.497354 
6002.563288 
6002.619961 
6002.632122 
6002.612108 
6002.577918 
6002.517609 
6002.570457 
6002.589079 
6002.589385 
6002.631610 
6002.546840 
6002.460552 
6002.521468 
6002.532239 
6002.554862 
6002.562911 
6002.557005 
6002.554404 
6002.565403 
6002.612604 
6002.521052 
6002.500812 
6002.545199 
6002.543660 
6002.526984 
6002.531971 
6002.513377 
6002.530295 
6002.586018 
6002.558298 
6002.546731 
6002.530435 
6002.559299 
6002.518010 
6002.553008 
6002.535935 
6002.549210 
6002.550257 
6002.505694 
6002.481116 
6002.528759 
6002.490155 
6002.507367 
6002.524969 
6002.576768 
6002.558728 
6002.613600 
6002.596992 
6002.574799 
6002.520508 
6002.598156 
6002.593831 
6002.603809 
6002.561189 
6002.533433 
6002.508233 
6002.530567 
6002.518528 
6002.508078 
6002.581025 
6002.542926 
6002.537261 
6002.554130 
6002.587739 
6002.559236 
6002.615612 
6002.603875 
6002.539819 
6002.547751 
6002.558653 
6002.538371 
6002.565309 
6002.509859 
6002.524257 
6002.543924 
6002.540647 
6002.569040 
6002.504765 
6002.563875 
6002.621797 
6002.536555 
6002.540251 
6002.543240 
6002.575735 
6002.553611 
6002.575976 
6002.534218 
6002.550245 
6002.537169 
6002.554713 
6002.564521 
6002.524224 
6002.534985 
6002.509716 
6002.522578 
6002.527246 
6002.550781 
6002.562273 
6002.498863 
6002.537709 
6002.556938 
6002.579200 
6002.536122 
6002.523927 
6002.573431 
6002.542835 
6002.535964 
6002.550905 
6002.524211 
6002.545007 
6002.553459 
6002.526343 
6002.564348 
6002.494354 
6002.533757 
6002.555638 
6002.550266 
6002.559059 
6002.522838 
6002.496127 
6002.564109 
6002.569600 
6002.562656 
6002.565462 
6002.561087 
6002.588010 
6002.536780 
6002.602954 
6002.572219 
6002.587732 
6002.568030 
6002.481782 
6002.528456 
6002.555836 
6002.592803 
6002.543203 
6002.572673 
6002.576413 
6002.526091 
6002.541848 
6002.589495 
6002.579478 
6002.552278 
6002.585639 
6002.547801 
6002.541450 
6002.513424 
6002.534268 
6002.537080 
6002.622210 
6002.585500 
6002.556198 
6002.513129 
6002.519610 
6002.508540 
6002.542301 
6002.536812 
6002.516512 
6002.560702 
6002.539406 
6002.534200 
6002.575643 
6002.539248 
6002.575311 
6002.579600 
6002.541059 
6002.578935 
6002.588043 
6002.535036 
6002.542327 
6002.567533 
6002.569225 
6002.574010 
6002.524218 
6002.495598 
6002.547882 
6002.533125 
6002.603494 
6002.567759 
6002.552273 
6002.554177 
6002.563607 
6002.561499 
6002.534251 
6002.544854 
6002.580499 
6002.521937 
6002.556940 
6002.554830 
6002.573493 
6002.528432 
6002.515346 
6002.575700 
6002.559673 
6002.577451 
6002.547001 
6002.586101 
6002.568580 
6002.585510 
6002.541000 
6002.541809 
6002.554153 
6002.513607 
6002.566729 
6002.553866 
6002.542855 
6002.593486 
6002.611930 
6002.581221 
6002.544851 
6002.525547 
6002.469150 
6002.515996 
6002.502454 
6002.525802 
6002.550944 
6002.540260 
6002.603717 
6002.545295 
6002.528932 
6002.631381 
6002.603109 
6002.591224 
6002.565450 
6002.544840 
6002.520638 
6002.512206 
6002.568887 
6002.609072 
6002.549777 
6002.620955 
6002.534971 
6002.546061 
6002.580716 
6002.585954 
6002.525883 
6002.555171 
6002.572517 
6002.564744 
6002.536414 
6002.580863 
6002.557270 
6002.520439 
6002.564879 
6002.545459 
6002.568540 
6002.545243 
6002.544797 
6002.523153 
6002.525780 
6002.589519 
6002.534252 
6002.633167 
6002.593476 
6002.605106 
6002.541961 
6002.562906 
6002.563139 
6002.544162 
6002.588858 
6002.548012 
6002.552272 
6002.562102 
6002.549661 
6002.581335 
6002.573711 
6002.579246 
6002.531920 
6002.601683 
6002.554511 
6002.504305 
6002.559627 
6002.563434 
6002.512713 
6002.538600 
6002.584506 
6002.627083 
6002.634300 
6002.558261 
6002.567841 
6002.552630 
6002.504967 
6002.567570 
6002.575919 
6002.583568 
6002.536742 
6002.546848 
6002.518022 
6002.532829 
6002.523781 
6002.512576 
6002.581909 
6002.522914 
6002.534137 
6002.545495 
6002.542228 
6002.555153 
6002.519031 
6002.589627 
6002.566477 
6002.579055 
6002.590336 
6002.532369 
6002.567105 
6002.559729 
6002.538930 
6002.560191 
6002.593325 
6002.551611 
6002.564908 
6002.555671 
6002.550852 
6002.534643 
6002.544075 
6002.530626 
6002.511084 
6002.590764 
6002.664114 
6002.618540 
6002.536515 
6002.500302 
6002.523768 
6002.505511 
6002.530074 
6002.540110 
6002.578186 
6002.562332 
6002.612025 
6002.623790 
6002.585089 
6002.538848 
6002.561105 
6002.542735 
6002.571707 
6002.569484 
6002.567647 
6002.550065 
6002.591559 
6002.557198 
6002.561209 
6002.569042 
6002.589182 
6002.556282 
6002.588780 
6002.556813 
6002.563267 
6002.569254 
6002.616556 
6002.597792 
6002.581752 
6002.581757 
6002.596035 
6002.567631 
6002.554938 
6002.543591 
6002.593988 
6002.503783 
6002.546010 
6002.516761 
6002.587659 
6002.593222 
6002.569878 
6002.575122 
6002.551321 
6002.507985 
6002.551860 
6002.516106 
6002.546439 
6002.563342 
6002.513164 
6002.564568 
6002.562203 
6002.589961 
6002.499255 
6002.545122 
6002.525824 
6002.505791 
6002.611309 
6002.576628 
6002.519033 
6002.562034 
6002.563262 
6002.587791 
6002.589071 
6002.567322 
6002.585172 
6002.550315 
6002.588374 
6002.585343 
6002.562369 
6002.552258 
6002.618418 
6002.600684 
6002.565473 
6002.574304 
6002.545214 
6002.524844 
6002.584803 
6002.586036 
6002.543924 
6002.575973 
6002.558306 
6002.523369 
6002.507702 
6002.528960 
6002.573745 
6002.556948 
6002.565943 
6002.556291 
6002.575600 
6002.600686 
6002.608455 
6002.527737 
6002.559582 
6002.558004 
6002.564332 
6002.548729 
6002.569406 
6002.609070 
6002.645321 
6002.569666 
6002.556755 
6002.521432 
6002.627724 
6002.543745 
6002.544880 
6002.555381 
6002.515137 
6002.519357 
6002.515171 
6002.554289 
6002.551816 
6002.547161 
6002.581746 
6002.566783 
6002.540365 
6002.527485 
6002.565250 
6002.589063 
6002.597392 
6002.618169 
6002.575388 
6002.548237 
6002.574890 
6002.539825 
6002.571869 
6002.547639 
6002.539622 
6002.533210 
6002.632881 
6002.586061 
6002.592023 
6002.610518 
6002.564468 
6002.568668 
6002.571635 
6002.627701 
6002.594904 
6002.573920 
6002.598249 
6002.564636 
6002.595405 
6002.518012 
6002.603167 
6002.600852 
6002.597439 
6002.623914 
6002.583118 
6002.515642 
6002.559357 
6002.564879 
6002.581639 
6002.500438 
6002.630384 
6002.577068 
6002.527500 
6002.514883 
6002.527496 
6002.496460 
6002.508733 
6002.559905 
6002.530196 
6002.556156 
6002.583076 
6002.497751 
6002.490540 
6002.550294 
6002.561545 
6002.570258 
6002.553628 
6002.554678 
6002.595444 
6002.576025 
6002.554621 
6002.507480 
6002.480803 
6002.539186 
6002.615167 
6002.596640 
6002.593585 
6002.604499 
6002.602499 
6002.597134 
6002.509490 
6002.496396 
6002.541281 
6002.559137 
6002.584217 
6002.584494 
6002.544014 
6002.565308 
6002.473345 
6002.539200 
6002.569505 
6002.527852 
6002.555445 
6002.580013 
6002.587403 
6002.560149 
6002.556448 
6002.575674 
6002.573009 
6002.570176 
6002.596873 
6002.533987 
6002.560089 
6002.575272 
6002.505928 
6002.540369 
6002.521702 
6002.624411 
6002.526550 
6002.550779 
6002.554191 
6002.568960 
6002.529902 
6002.542716 
6002.570600 
6002.521948 
6002.570629 
6002.596690 
6002.569946 
6002.566015 
6002.533769 
6002.567255 
6002.530954 
6002.481064 
6002.541115 
6002.532146 
6002.551781 
6002.502931 
6002.565951 
6002.509244 
6002.563843 
6002.670404 
6002.556269 
6002.577534 
6002.550983 
6002.554057 
6002.581416 
6002.560131 
6002.597447 
6002.531409 
6002.570611 
6002.511058 
6002.537346 
6002.567971 
6002.579298 
6002.549584 
6002.550658 
6002.572374 
6002.582661 
6002.550109 
6002.572747 
6002.530123 
6002.499574 
6002.540058 
6002.536771 
6002.505952 
6002.596213 
6002.623313 
6002.564413 
6002.553693 
6002.568721 
6002.555553 
6002.567372 
6002.536168 
6002.506435 
6002.589349 
6002.498974 
6002.545330 
6002.510855 
6002.538279 
6002.621880 
6002.576580 
6002.633784 
6002.568934 
6002.577142 
6002.558129 
6002.613923 
6002.548641 
6002.546520 
6002.537510 
6002.495673 
6002.513301 
6002.562861 
6002.502395 
6002.520751 
6002.564255 
6002.574006 
6002.600300 
6002.545636 
6002.511793 
6002.489632 
6002.548822 
6002.559457 
6002.561870 
6002.530095 
6002.499490 
6002.533015 
6002.570868 
6002.553525 
6002.549473 
6002.542750 
6002.524588 
6002.561659 
6002.627384 
6002.588443 
6002.513407 
6002.532695 
6002.587869 
6002.564097 
6002.541908 
6002.579172 
6002.525375 
6002.582361 
6002.583239 
6002.527262 
6002.501980 
6002.570580 
6002.567317 
6002.552658 
6002.516409 
6002.569070 
6002.482858 
6002.542778 
6002.525150 
6002.607063 
6002.501466 
6002.526921 
6002.584845 
6002.580526 
6002.598027 
6002.547347 
6002.576630 
6002.573828 
6002.596115 
6002.547171 
6002.602040 
6002.534994 
6002.530305 
6002.582542 
6002.565218 
6002.546390 
6002.575248 
6002.565758 
6002.540955 
6002.563224 
6002.576887 
6002.540916 
6002.540686 
6002.549684 
6002.559292 
6002.474211 
6002.574293 
6002.574844 
6002.533499 
6002.512475 
6002.521623 
6002.559275 
6002.475381 
6002.521148 
6002.480099 
6002.496601 
6002.560989 
6002.548510 
6002.561741 
6002.558624 
6002.558701 
6002.558274 
6002.599775 
6002.543161 
6002.538554 
6002.529333 
6002.524045 
6002.550685 
6002.575209 
6002.548450 
6002.581464 
6002.564279 
6002.603801 
6002.618982 
6002.528910 
6002.537325 
6002.565739 
6002.500795 
6002.581267 
6002.540219 
6002.558717 
6002.544951 
6002.563306 
6002.531124 
6002.544729 
6002.484069 
6002.499480 
6002.533706 
6002.527002 
6002.533951 
6002.540193 
6002.603631 
6002.582968 
6002.590789 
6002.621785 
6002.580443 
6002.532716 
6002.520615 
6002.519137 
6002.541778 
6002.562454 
6002.502608 
6002.514170 
6002.573514 
6002.615115 
6002.576088 
6002.545364 
6002.598583 
6002.567809 
6002.565117 
6002.504551 
6002.498781 
6002.523018 
6002.462627 
6002.614563 
6002.568977 
6002.542577 
6002.580724 
6002.569337 
6002.562357 
6002.552058 
6002.524028 
6002.549438 
6002.577198 
6002.552522 
6002.546082 
6002.556664 
6002.511435 
6002.479995 
6002.505207 
6002.537872 
6002.560506 
6002.541062 
6002.517699 
6002.594425 
6002.535429 
6002.597670 
6002.564261 
6002.591615 
6002.578267 
6002.500492 
6002.496888 
6002.505412 
6002.491719 
6002.543710 
6002.565297 
6002.563132 
6002.533329 
6002.529192 
6002.544894 
6002.545753 
6002.565131 
6002.588710 
6002.591464 
6002.556779 
6002.532563 
6002.506112 
6002.537070 
6002.516100 
6002.527195 
6002.477007 
6002.519985 
6002.537368 
6002.512147 
6002.559071 
6002.558155 
6002.467264 
6002.532178 
6002.607931 
6002.538988 
6002.555037 
6002.489313 
6002.465277 
6002.510331 
6002.559746 
6002.539050 
6002.592952 
6002.546261 
6002.557637 
6002.540448 
6002.574723 
6002.623744 
6002.574746 
6002.583445 
6002.587708 
6002.605772 
6002.559007 
6002.593040 
6002.578111 
6002.608971 
6002.549329 
6002.570782 
6002.578924 
6002.573966 
6002.567621 
6002.577820 
6002.580188 
6002.543610 
6002.530813 
6002.505598 
6002.506461 
6002.522014 
6002.582891 
6002.605427 
6002.545182 
6002.552088 
6002.583606 
6002.522313 
6002.607389 
6002.579553 
6002.567439 
6002.498933 
6002.548307 
6002.553075 
6002.514819 
6002.513147 
6002.522623 
6002.552029 
6002.559612 
6002.556478 
6002.609162 
6002.544421 
6002.484392 
6002.532623 
6002.472092 
6002.547610 
6002.594121 
6002.552774 
6002.494475 
6002.545227 
6002.538085 
6002.506836 
6002.507066 
6002.452092 
6002.490152 
6002.576175 
6002.525864 
6002.544563 
6002.511337 
6002.539560 
6002.545768 
6002.594477 
6002.584312 
6002.588552 
6002.594090 
6002.579973 
6002.609087 
6002.578360 
6002.566646 
6002.559963 
6002.517404 
6002.530262 
6002.554369 
6002.548008 
6002.541442 
6002.525040 
6002.526366 
6002.581853 
6002.566979 
6002.537682 
6002.543431 
6002.559185 
6002.554862 
6002.564422 
6002.596507 
6002.601561 
6002.554786 
6002.531483 
6002.529017 
6002.561558 
6002.571916 
6002.542821 
6002.523399 
6002.524843 
6002.508352 
6002.619266 
6002.618523 
6002.590579 
6002.561089 
6002.561422 
6002.521240 
6002.527158 
6002.548092 
6002.478285 
6002.478432 
6002.551307 
6002.573666 
6002.588744 
6002.656963 
6002.543118 
6002.588904 
6002.623873 
6002.558742 
6002.519034 
6002.515058 
6002.557072 
6002.487901 
6002.538561 
6002.570829 
6002.586530 
6002.464446 
6002.500169 
6002.475175 
6002.535551 
6002.545541 
6002.524604 
6002.513518 
6002.505614 
6002.512400 
6002.558281 
6002.557810 
6002.543763 
6002.566429 
6002.557247 
6002.585983 
6002.575472 
6002.527962 
6002.507012 
6002.472337 
6002.567701 
6002.565674 
6002.564167 
6002.567376 
6002.549869 
6002.573746 
6002.541187 
6002.585288 
6002.568008 
6002.646706 
6002.582790 
6002.568732 
6002.546183 
6002.588748 
6002.548333 
6002.584215 
6002.619596 
6002.529270 
6002.531088 
6002.526522 
6002.583221 
6002.534449 
6002.633730 
6002.560284 
6002.555001 
6002.576954 
6002.461482 
6002.513824 
6002.533110 
6002.536943 
6002.540709 
6002.479110 
6002.522959 
6002.511114 
6002.528776 
6002.590665 
6002.560221 
6002.596874 
6002.558568 
6002.537361 
6002.612317 
6002.542602 
6002.572314 
6002.550484 
6002.538258 
6002.499283 
6002.545366 
6002.601752 
6002.543212 
6002.548119 
6002.552885 
6002.521101 
6002.575290 
6002.579596 
6002.547243 
6002.531134 
6002.556421 
6002.518908 
6002.563046 
6002.555147 
6002.548880 
6002.542528 
6002.532610 
6002.596593 
6002.571392 
6002.561497 
6002.484209 
6002.520234 
6002.570719 
6002.572143 
6002.540965 
6002.505430 
6002.516899 
6002.560786 
6002.561648 
6002.494818 
6002.528569 
6002.581146 
6002.569710 
6002.579413 
6002.554936 
6002.516730 
6002.550792 
6002.553880 
6002.528139 
6002.566746 
6002.586159 
6002.581294 
6002.622984 
6002.559618 
6002.577583 
6002.566847 
6002.556835 
6002.559879 
6002.595471 
6002.631994 
6002.553068 
6002.560095 
6002.566348 
6002.537442 
6002.598066 
6002.588843 
6002.520049 
6002.527863 
6002.562812 
6002.519584 
6002.501463 
6002.572676 
6002.547715 
6002.573379 
6002.532047 
6002.555465 
6002.560672 
6002.549510 
6002.549042 
6002.521274 
6002.500229 
6002.507341 
6002.548604 
6002.552683 
6002.531264 
6002.500496 
6002.552902 
6002.527849 
6002.555435 
6002.586516 
6002.525748 
6002.546778 
6002.527801 
6002.528459 
6002.538174 
6002.589484 
6002.505043 
6002.544722 
6002.584398 
6002.555198 
6002.633172 
6002.565196 
6002.527724 
6002.537005 
6002.477116 
6002.587269 
6002.586152 
6002.594034 
6002.520944 
6002.559218 
6002.594446 
6002.562826 
6002.519414 
6002.572733 
6002.566923 
6002.625765 
6002.538709 
6002.544423 
6002.560972 
6002.501796 
6002.502683 
6002.493219 
6002.579169 
6002.562441 
6002.538953 
6002.501426 
6002.514829 
6002.501664 
6002.536890 
6002.544452 
6002.548395 
6002.607681 
6002.545843 
6002.500893 
6002.551998 
6002.587116 
6002.577108 
6002.553594 
6002.530756 
6002.570759 
6002.594884 
6002.524463 
6002.519308 
6002.535904 
6002.594723 
6002.558226 
6002.544668 
6002.522135 
6002.499712 
6002.588060 
6002.558613 
6002.538092 
6002.550788 
6002.575374 
6002.543546 
6002.570709 
6002.527637 
6002.534605 
6002.569902 
6002.526394 
6002.498196 
6002.526746 
6002.542762 
6002.482944 
6002.541160 
6002.608966 
6002.512275 
6002.584212 
6002.565412 
6002.557796 
6002.568029 
6002.522426 
6002.548879 
6002.555740 
6002.505068 
6002.550247 
6002.556984 
6002.538942 
6002.533525 
6002.605464 
6002.636884 
6002.612827 
6002.475279 
6002.529288 
6002.521950 
6002.570976 
6002.545300 
6002.583107 
6002.558669 
6002.562917 
6002.518777 
6002.537092 
6002.587395 
6002.584347 
6002.648591 
6002.562763 
6002.652040 
6002.560609 
6002.518946 
6002.531272 
6002.539771 
6002.561273 
6002.545192 
6002.544366 
6002.524874 
6002.525603 
6002.509064 
6002.469541 
6002.579287 
6002.590279 
6002.534952 
6002.556227 
6002.558103 
6002.500267 
6002.525543 
6002.518461 
6002.511531 
6002.527255 
6002.524755 
6002.566189 
6002.569175 
6002.576751 
6002.552081 
6002.620613 
6002.565252 
6002.551242 
6002.522255 
6002.552457 
6002.507835 
6002.536078 
6002.526007 
6002.523487 
6002.486446 
6002.488263 
6002.546339 
6002.501101 
6002.504913 
6002.564232 
6002.627126 
6002.599910 
6002.574471 
6002.545459 
6002.519911 
6002.502994 
6002.545608 
6002.540399 
6002.544478 
6002.568595 
6002.560670 
6002.521244 
6002.615811 
6002.594031 
6002.545932 
6002.501233 
6002.572682 
6002.563493 
6002.581767 
6002.571938 
6002.529490 
6002.523328 
6002.556876 
6002.536004 
6002.590101 
6002.559105 
6002.558763 
6002.579037 
6002.578973 
6002.569038 
6002.566813 
6002.502547 
6002.496354 
6002.601064 
6002.535129 
6002.573993 
6002.594691 
6002.572720 
6002.500730 
6002.589623 
6002.603939 
6002.571035 
6002.585572 
6002.525529 
6002.574917 
6002.493165 
6002.574330 
6002.542808 
6002.555190 
6002.600306 
6002.601344 
6002.541151 
6002.584989 
6002.553220 
6002.595424 
6002.546666 
6002.579561 
6002.582980 
6002.563543 
6002.529513 
6002.573286 
6002.563243 
6002.592696 
6002.579083 
6002.567755 
6002.582477 
6002.584073 
6002.603704 
6002.581516 
6002.577631 
6002.566175 
6002.589646 
6002.583837 
6002.591432 
6002.543288 
6002.530884 
6002.519261 
6002.491051 
6002.579838 
6002.549233 
6002.509361 
6002.544482 
6002.546422 
6002.589253 
6002.571415 
6002.566086 
6002.546786 
6002.557016 
6002.551308 
6002.566513 
6002.583081 
6002.553987 
6002.559199 
6002.605401 
6002.523715 
6002.507956 
6002.554213 
6002.529147 
6002.496142 
6002.510804 
6002.603972 
6002.593712 
6002.543326 
6002.579430 
6002.590069 
6002.539669 
6002.513406 
6002.541823 
6002.579294 
6002.569444 
6002.554948 
6002.523295 
6002.529185 
6002.586694 
6002.551083 
6002.523082 
6002.575518 
6002.584284 
6002.626039 
6002.562569 
6002.520006 
6002.564482 
6002.541942 
6002.550090 
6002.570149 
6002.537835 
6002.533838 
6002.561432 
6002.510793 
6002.531029 
6002.569504 
6002.529427 
6002.496937 
6002.467747 
6002.501447 
6002.515290 
6002.550077 
6002.602601 
6002.569263 
6002.562504 
6002.532510 
6002.482389 
6002.485490 
6002.556786 
6002.625663 
6002.557540 
6002.579007 
6002.539424 
6002.517323 
6002.543469 
6002.491849 
6002.525265 
6002.578082 
6002.571614 
6002.573797 
6002.568307 
6002.525344 
6002.601192 
6002.555012 
6002.567692 
6002.622920 
6002.529953 
6002.582515 
6002.558541 
6002.588492 
6002.567218 
6002.526844 
6002.537179 
6002.595837 
6002.605971 
6002.573598 
6002.584568 
6002.600680 
6002.624625 
6002.540565 
6002.538303 
6002.493318 
6002.572122 
6002.522591 
6002.540661 
6002.585093 
6002.556277 
6002.538005 
6002.515928 
6002.527942 
6002.503542 
6002.535839 
6002.577731 
6002.605465 
6002.552994 
6002.536093 
6002.572840 
6002.534227 
6002.523827 
6002.613014 
6002.524901 
6002.595542 
6002.569826 
6002.578884 
6002.546162 
6002.573219 
6002.553393 
6002.594619 
6002.544877 
6002.531462 
6002.570747 
6002.575404 
6002.491614 
6002.503722 
6002.541417 
6002.517315 
6002.471576 
6002.524090 
6002.637433 
6002.553094 
6002.508561 
6002.559119 
6002.528047 
6002.564048 
6002.511296 
6002.577574 
6002.570704 
6002.530498 
6002.521255 
6002.520325 
6002.522389 
6002.544669 
6002.565492 
6002.540526 
6002.504309 
6002.561886 
6002.580779 
6002.520349 
6002.521555 
6002.582082 
6002.577149 
6002.565308 
6002.541070 
6002.523396 
6002.556320 
6002.568288 
6002.479352 
6002.536158 
6002.563278 
6002.488931 
6002.565137 
6002.563862 
6002.595417 
6002.579979 
6002.623320 
6002.561414 
6002.570044 
6002.559708 
6002.601896 
6002.622160 
6002.585931 
6002.574015 
6002.526557 
6002.532894 
6002.584904 
6002.539394 
6002.559531 
6002.521747 
6002.530129 
6002.545946 
6002.492192 
6002.556768 
6002.534235 
6002.490392 
6002.581990 
6002.571208 
6002.559740 
6002.606523 
6002.539574 
6002.522022 
6002.518008 
6002.554113 
6002.522621 
6002.576739 
6002.610392 
6002.499747 
6002.565770 
6002.600538 
6002.619412 
6002.592624 
6002.558931 
6002.582378 
6002.607542 
6002.573354 
6002.593555 
6002.584695 
6002.570826 
6002.576131 
6002.558570 
6002.513390 
6002.553671 
6002.589755 
6002.585078 
6002.603763 
6002.522831 
6002.543452 
6002.513983 
6002.514100 
6002.564981 
6002.612900 
6002.562256 
6002.556609 
6002.614177 
6002.591201 
6002.625428 
6002.564091 
6002.587767 
6002.576228 
6002.522625 
6002.583096 
6002.617974 
6002.657927 
6002.584824 
6002.551380 
6002.557693 
6002.492650 
6002.534826 
6002.543070 
6002.547535 
6002.535499 
6002.537561 
6002.522805 
6002.483008 
6002.505248 
6002.556220 
6002.547537 
6002.535199 
6002.547242 
6002.520888 
6002.474802 
6002.539442 
6002.538117 
6002.532300 
6002.562731 
6002.628233 
6002.633203 
6002.542329 
6002.532081 
6002.588140 
6002.544914 
6002.523182 
6002.503505 
6002.501521 
6002.554890 
6002.473807 
6002.580571 
6002.545380 
6002.550552 
6002.481562 
6002.564817 
6002.559556 
6002.495961 
6002.546696 
6002.551937 
6002.629337 
6002.559140 
6002.537591 
6002.513246 
6002.558836 
6002.585353 
6002.561790 
6002.537462 
6002.610293 
6002.553082 
6002.588824 
6002.541147 
6002.560779 
6002.506399 
6002.503289 
6002.534599 
6002.576703 
6002.544564 
6002.543118 
6002.619660 
6002.605787 
6002.550964 
6002.573888 
6002.597784 
6002.580264 
6002.526505 
6002.544977 
6002.545769 
6002.524699 
6002.552150 
6002.530647 
6002.618207 
6002.597809 
6002.588592 
6002.590459 
6002.519012 
6002.583751 
6002.550085 
6002.545034 
6002.562024 
6002.593476 
6002.602148 
6002.536718 
6002.524060 
6002.559331 
6002.549717 
6002.568209 
6002.536999 
6002.561774 
6002.527550 
6002.555574 
6002.489779 
6002.526895 
6002.521625 
6002.526615 
6002.548415 
6002.551065 
6002.573115 
6002.572268 
6002.545126 
6002.562447 
6002.565415 
6002.576990 
6002.605434 
6002.579937 
6002.600470 
6002.569100 
6002.537242 
6002.579497 
6002.578807 
6002.562221 
6002.542282 
6002.527180 
6002.609314 
6002.544306 
6002.532003 
6002.570502 
6002.562226 
6002.537518 
6002.580260 
6002.575897 
6002.496529 
6002.527927 
6002.545384 
6002.560014 
6002.534001 
6002.535291 
6002.569777 
6002.571185 
6002.565830 
6002.610729 
6002.607402 
6002.601199 
6002.540810 
6002.535554 
6002.545579 
6002.564488 
6002.531010 
6002.529361 
6002.559572 
6002.547054 
6002.524758 
6002.570830 
6002.549069 
6002.568821 
6002.559643 
6002.551862 
6002.538835 
6002.566805 
6002.599153 
6002.575806 
6002.524689 
6002.523030 
6002.509047 
6002.587630 
6002.590725 
6002.637442 
6002.543611 
6002.543892 
6002.538810 
6002.495748 
6002.500586 
6002.525054 
6002.542497 
6002.556118 
6002.542997 
6002.557196 
6002.571842 
6002.571409 
6002.568626 
6002.515481 
6002.572631 
6002.602223 
6002.591535 
6002.555014 
6002.544531 
6002.510128 
6002.554190 
6002.595004 
6002.548208 
6002.487705 
6002.545048 
6002.557626 
6002.595985 
6002.567291 
6002.552380 
6002.617701 
6002.594935 
6002.548942 
6002.564355 
6002.558757 
6002.523174 
6002.533392 
6002.515348 
6002.528448 
6002.567510 
6002.594110 
6002.542448 
6002.486009 
6002.591129 
6002.607082 
6002.543938 
6002.594567 
6002.643986 
6002.557282 
6002.564212 
6002.550167 
6002.510451 
6002.548792 
6002.510991 
6002.542524 
6002.577755 
6002.580703 
6002.564788 
6002.518001 
6002.505842 
6002.548977 
6002.530691 
6002.570929 
6002.540463 
6002.565249 
6002.535920 
6002.605507 
6002.571792 
6002.643929 
6002.578970 
6002.565070 
6002.503327 
6002.592642 
6002.498224 
6002.570100 
6002.576225 
6002.555325 
6002.489768 
6002.550263 
6002.597389 
6002.574983 
6002.575810 
6002.570423 
6002.562285 
6002.565202 
6002.565501 
6002.516856 
6002.591818 
6002.546312 
6002.554297 
6002.574261 
6002.566550 
6002.540493 
6002.569917 
6002.500935 
6002.542584 
6002.592893 
6002.475273 
6002.507309 
6002.525092 
6002.588025 
6002.521349 
6002.539712 
6002.631007 
6002.548166 
6002.558941 
6002.588260 
6002.600364 
6002.578975 
6002.499369 
6002.529767 
6002.561703 
6002.614312 
6002.461170 
6002.522075 
6002.570319 
6002.554480 
6002.601611 
6002.571708 
6002.587666 
6002.555891 
6002.559151 
6002.506311 
6002.601454 
6002.568571 
6002.579867 
6002.565812 
6002.576614 
6002.545681 
6002.559054 
6002.524279 
6002.538373 
6002.580311 
6002.570819 
6002.588854 
6002.584542 
6002.580362 
6002.592275 
6002.562718 
6002.547878 
6002.561571 
6002.530300 
6002.542521 
6002.568913 
6002.518707 
6002.568666 
6002.550417 
6002.554022 
6002.654354 
6002.566396 
6002.568204 
6002.534128 
6002.524048 
6002.556560 
6002.586881 
6002.583466 
6002.539478 
6002.548993 
6002.501575 
6002.506569 
6002.526966 
6002.524530 
6002.523127 
6002.539549 
6002.558898 
6002.576306 
6002.588804 
6002.564705 
6002.556991 
6002.489186 
6002.514484 
6002.515860 
6002.540898 
6002.575736 
6002.581136 
6002.535172 
6002.505414 
6002.534389 
6002.528233 
6002.563007 
6002.516997 
6002.514296 
6002.538297 
6002.517451 
6002.550250 
6002.507613 
6002.492764 
6002.491005 
6002.522110 
6002.519276 
6002.548318 
6002.552739 
6002.543904 
6002.503196 
6002.538633 
6002.573421 
6002.575657 
6002.558432 
6002.573365 
6002.571179 
6002.562290 
6002.627295 
6002.609160 
6002.593666 
6002.547004 
6002.521706 
6002.517676 
6002.506857 
6002.552829 
6002.539905 
6002.510206 
6002.506146 
6002.541007 
6002.581976 
6002.519117 
6002.580831 
6002.601854 
6002.606723 
6002.572282 
6002.537964 
6002.558677 
6002.642330 
6002.640448 
6002.572910 
6002.499471 
6002.534498 
6002.602583 
6002.546504 
6002.565924 
6002.626351 
6002.572376 
6002.562545 
6002.548500 
6002.538771 
6002.623679 
6002.563661 
6002.517116 
6002.526423 
6002.456459 
6002.569787 
6002.532209 
6002.536821 
6002.590139 
6002.595758 
6002.583571 
6002.571439 
6002.609436 
6002.598410 
6002.566603 
6002.579296 
6002.635527 
6002.548500 
6002.568195 
6002.549418 
6002.549387 
6002.591480 
6002.554538 
6002.566620 
6002.539348 
6002.536973 
6002.563002 
6002.531152 
6002.573322 
6002.524407 
6002.597168 
6002.591838 
6002.550957 
6002.516181 
6002.569482 
6002.520357 
6002.499630 
6002.580812 
6002.537305 
6002.540672 
6002.608726 
6002.565722 
6002.586972 
6002.540211 
6002.567278 
6002.549638 
6002.509235 
6002.551504 
6002.574939 
6002.564930 
6002.591772 
6002.586813 
6002.512242 
6002.516444 
6002.591063 
6002.493471 
6002.535595 
6002.567390 
6002.519413 
6002.578143 
6002.516094 
6002.551200 
6002.550351 
6002.539838 
6002.589443 
6002.579246 
6002.625655 
6002.557882 
6002.565639 
6002.536858 
6002.603779 
6002.596749 
6002.594550 
6002.556310 
6002.543585 
6002.538395 
6002.611492 
6002.553425 
6002.515009 
6002.580151 
6002.545603 
6002.483311 
6002.546802 
6002.548284 
6002.529004 
6002.528822 
6002.561196 
6002.583282 
6002.545378 
6002.573123 
6002.575918 
6002.566262 
6002.573735 
6002.515794 
6002.549563 
6002.571874 
6002.566894 
6002.559973 
6002.495121 
6002.535130 
6002.538916 
6002.604729 
6002.580084 
6002.601788 
6002.554845 
6002.537805 
6002.557792 
6002.536288 
6002.498981 
6002.574355 
6002.513829 
6002.566329 
6002.601892 
6002.563575 
6002.540892 
6002.550993 
6002.591813 
6002.596942 
6002.574602 
6002.542721 
6002.553068 
6002.621917 
6002.561581 
6002.597977 
6002.568738 
6002.534029 
6002.511230 
6002.515186 
6002.535245 
6002.595452 
6002.565377 
6002.519781 
6002.525440 
6002.539083 
6002.572824 
6002.576252 
6002.564105 
6002.592286 
6002.519847 
6002.597493 
6002.604121 
6002.550888 
6002.587870 
6002.523593 
6002.517866 
6002.534113 
6002.526875 
6002.524107 
6002.541501 
6002.569570 
6002.531616 
6002.568999 
6002.589405 
6002.542449 
6002.568619 
6002.532632 
6002.527792 
6002.610954 
6002.580820 
6002.547066 
6002.521685 
6002.577213 
6002.531371 
6002.522669 
6002.571264 
6002.558033 
6002.525358 
6002.547306 
6002.578268 
6002.571672 
6002.510621 
6002.488743 
6002.476030 
6002.531639 
6002.547342 
6002.542146 
6002.556412 
6002.501964 
6002.549704 
6002.537915 
6002.502089 
6002.598451 
6002.596192 
6002.578068 
6002.564828 
6002.517844 
6002.577284 
6002.529985 
6002.572528 
6002.537060 
6002.578995 
6002.562276 
6002.573125 
6002.572009 
6002.572303 
6002.587192 
6002.569930 
6002.531778 
6002.537309 
6002.616933 
6002.610926 
6002.561339 
6002.525553 
6002.487400 
6002.519259 
6002.583975 
6002.548238 
6002.525720 
6002.509485 
6002.499581 
6002.526396 
6002.543239 
6002.578612 
6002.578985 
6002.553486 
6002.587912 
6002.591063 
6002.608833 
6002.506989 
6002.524836 
6002.556971 
6002.519288 
6002.525080 
6002.559753 
6002.593562 
6002.531749 
6002.531912 
6002.545008 
6002.576795 
6002.569086 
6002.573639 
6002.582631 
6002.565251 
6002.515576 
6002.550504 
6002.550820 
6002.534445 
6002.537881 
6002.524310 
6002.501645 
6002.572113 
6002.570919 
6002.653421 
6002.539773 
6002.583487 
6002.548508 
6002.521672 
6002.561264 
6002.557296 
6002.577864 
6002.568920 
6002.558665 
6002.522785 
6002.525080 
6002.542780 
6002.570214 
6002.612917 
6002.592807 
6002.582392 
6002.565069 
6002.593355 
6002.612097 
6002.547596 
6002.530797 
6002.540902 
6002.512911 
6002.521888 
6002.548703 
6002.557749 
6002.550992 
6002.522267 
6002.532929 
6002.576741 
6002.570007 
6002.628423 
6002.591648 
6002.568369 
6002.537123 
6002.534535 
6002.551185 
6002.496225 
6002.578813 
6002.545102 
6002.569653 
6002.584430 
6002.593878 
6002.548491 
6002.564216 
6002.585096 
6002.580601 
6002.582169 
6002.557138 
6002.569555 
6002.524562 
6002.515391 
6002.525966 
6002.505215 
6002.524068 
6002.531164 
6002.548239 
6002.525318 
6002.561968 
6002.547432 
6002.556767 
6002.563918 
6002.614746 
6002.549191 
6002.513409 
6002.540240 
6002.522829 
6002.539258 
6002.501680 
6002.545534 
6002.571396 
6002.535971 
6002.593231 
6002.550063 
6002.566312 
6002.564021 
6002.611109 
6002.573102 
6002.564946 
6002.579366 
6002.534714 
6002.534336 
6002.562553 
6002.582306 
6002.554748 
6002.534969 
6002.629540 
6002.566579 
6002.598006 
6002.507363 
6002.573276 
6002.518957 
6002.512393 
6002.569751 
6002.536900 
6002.545456 
6002.497681 
6002.538098 
6002.538151 
6002.545068 
6002.573804 
6002.559869 
6002.505233 
6002.523729 
6002.592400 
6002.580576 
6002.542910 
6002.515923 
6002.545874 
6002.576164 
6002.550036 
6002.568190 
6002.558074 
6002.597981 
6002.496404 
6002.503438 
6002.537530 
6002.605781 
6002.597373 
6002.562064 
6002.519836 
6002.482189 
6002.525811 
6002.538233 
6002.528846 
6002.497613 
6002.563100 
6002.562692 
6002.578061 
6002.540987 
6002.491861 
6002.593296 
6002.564707 
6002.561339 
6002.546232 
6002.578078 
6002.564674 
6002.526540 
6002.510093 
6002.561299 
6002.646188 
6002.594377 
6002.601275 
6002.485239 
6002.474918 
6002.543832 
6002.478318 
6002.517107 
6002.510291 
6002.539943 
6002.545296 
6002.540111 
6002.553603 
6002.564627 
6002.561234 
6002.509063 
6002.543026 
6002.527755 
6002.589631 
6002.525747 
6002.507740 
6002.556194 
6002.548321 
6002.570858 
6002.568772 
6002.581843 
6002.525402 
6002.481517 
6002.572583 
6002.592215 
6002.605480 
6002.578521 
6002.583028 
6002.540975 
6002.499475 
6002.525262 
6002.566213 
6002.537544 
6002.530594 
6002.570061 
6002.645696 
6002.571905 
6002.573290 
6002.563943 
6002.527423 
6002.542159 
6002.540321 
6002.547043 
6002.543957 
6002.584576 
6002.587267 
6002.603685 
6002.590116 
6002.566255 
6002.545222 
6002.512950 
6002.533736 
6002.547954 
6002.633286 
6002.574873 
6002.551349 
6002.519183 
6002.558178 
6002.531590 
6002.584805 
6002.558669 
6002.563481 
6002.518267 
6002.534999 
6002.550279 
6002.541173 
6002.516819 
6002.610678 
6002.572155 
6002.577350 
6002.534129 
6002.527416 
6002.546013 
6002.558629 
6002.529845 
6002.554950 
6002.538815 
6002.539912 
6002.541075 
6002.555747 
6002.587133 
6002.562679 
6002.575066 
6002.565923 
6002.578162 
6002.550467 
6002.631054 
6002.507423 
6002.566690 
6002.609388 
6002.548863 
6002.559517 
6002.495448 
6002.527884 
6002.529977 
6002.532331 
6002.562320 
6002.547859 
6002.499381 
6002.509543 
6002.553322 
6002.599584 
6002.580784 
6002.529835 
6002.547503 
6002.541450 
6002.529322 
6002.574714 
6002.551958 
6002.531551 
6002.566142 
6002.541287 
6002.538762 
6002.525645 
6002.507629 
6002.568464 
6002.605087 
6002.547576 
6002.569057 
6002.577882 
6002.579934 
6002.600347 
6002.565095 
6002.533491 
6002.497241 
6002.558361 
6002.594869 
6002.601779 
6002.618366 
6002.625492 
6002.582617 
6002.527025 
6002.528054 
6002.540571 
6002.532568 
6002.495595 
6002.477909 
6002.592231 
6002.570315 
6002.586086 
6002.583090 
6002.563482 
6002.545215 
6002.521624 
6002.573128 
6002.586386 
6002.494145 
6002.548071 
6002.535186 
6002.586397 
6002.588550 
6002.530036 
6002.572566 
6002.620059 
6002.525603 
6002.511162 
6002.535268 
6002.518968 
6002.567886 
6002.559795 
6002.517358 
6002.518477 
6002.557094 
6002.567092 
6002.476255 
6002.517610 
6002.541031 
6002.551910 
6002.607766 
6002.517691 
6002.551489 
6002.550199 
6002.501024 
6002.520624 
6002.554591 
6002.564707 
6002.595088 
6002.620598 
6002.558438 
6002.561445 
6002.557037 
6002.508646 
6002.523457 
6002.550467 
6002.579938 
6002.513168 
6002.572574 
6002.594480 
6002.568018 
6002.597397 
6002.540414 
6002.570891 
6002.515328 
6002.510679 
6002.533680 
6002.522550 
6002.502234 
6002.499411 
6002.543610 
6002.539872 
6002.523870 
6002.586348 
6002.568944 
6002.575060 
6002.507836 
6002.486052 
6002.553386 
6002.531198 
6002.467969 
6002.543027 
6002.526248 
6002.553422 
6002.540927 
6002.510812 
6002.521260 
6002.513098 
6002.523549 
6002.524046 
6002.540455 
6002.510557 
6002.506648 
6002.532601 
6002.594073 
6002.588612 
6002.561083 
6002.545199 
6002.555456 
6002.575968 
6002.558788 
6002.556010 
6002.581477 
6002.544266 
6002.539133 
6002.490069 
6002.535285 
6002.559108 
6002.533320 
6002.526041 
6002.562686 
6002.603244 
6002.569361 
6002.569209 
6002.569260 
6002.574571 
6002.560679 
6002.576596 
6002.571078 
6002.570484 
6002.528464 
6002.523527 
6002.581917 
6002.572258 
6002.542747 
6002.556690 
6002.550754 
6002.590802 
6002.517235 
6002.509138 
6002.552378 
6002.561765 
6002.602846 
6002.573719 
6002.554195 
6002.564975 
6002.567786 
6002.553609 
6002.574092 
6002.508464 
6002.527455 
6002.505107 
6002.527779 
6002.503148 
6002.533598 
6002.548071 
6002.564639 
6002.530637 
6002.572654 
6002.653179 
6002.581304 
6002.508608 
6002.552595 
6002.546580 
6002.553467 
6002.576853 
6002.543530 
6002.524141 
6002.523789 
6002.622503 
6002.594912 
6002.561029 
6002.595912 
6002.577057 
6002.585722 
6002.566621 
6002.555982 
6002.607251 
6002.612853 
6002.572136 
6002.581582 
6002.591637 
6002.527497 
6002.520290 
6002.524035 
6002.545008 
6002.631258 
6002.519794 
6002.570856 
6002.519918 
6002.554650 
6002.536756 
6002.493360 
6002.547865 
6002.565768 
6002.588012 
6002.572693 
6002.554947 
6002.560804 
6002.544483 
6002.584506 
6002.570362 
6002.539339 
6002.554767 
6002.545322 
6002.514826 
6002.545360 
6002.536573 
6002.569284 
6002.555341 
6002.510913 
6002.500183 
6002.535465 
6002.573122 
6002.537668 
6002.583682 
6002.558291 
6002.575792 
6002.579286 
6002.547525 
6002.574961 
6002.554244 
6002.554149 
6002.545952 
6002.537831 
6002.571807 
6002.596008 
6002.569529 
6002.560607 
6002.495868 
6002.556165 
6002.522169 
6002.564352 
6002.554045 
6002.508067 
6002.543958 
6002.470399 
6002.524803 
6002.520171 
6002.555824 
6002.522486 
6002.569454 
6002.532358 
6002.559794 
6002.594371 
6002.592641 
6002.618934 
6002.564320 
6002.554289 
6002.602624 
6002.557967 
6002.583883 
6002.566754 
6002.573628 
6002.509523 
6002.454294 
6002.566400 
6002.584001 
6002.522652 
6002.561686 
6002.545895 
6002.556259 
6002.517420 
6002.583038 
6002.565583 
6002.556313 
6002.545917 
6002.554093 
6002.541682 
6002.555876 
6002.569651 
6002.535635 
6002.518642 
6002.538822 
6002.585385 
6002.559472 
6002.576355 
6002.528959 
6002.581221 
6002.541145 
6002.558354 
6002.538639 
6002.550234 
6002.580127 
6002.572433 
6002.482850 
6002.518126 
6002.523204 
6002.523675 
6002.576343 
6002.517157 
6002.514137 
6002.623743 
6002.563759 
6002.528272 
6002.552765 
6002.580285 
6002.563218 
6002.517181 
6002.526429 
6002.616123 
6002.549948 
6002.525947 
6002.504732 
6002.575799 
6002.574799 
6002.575414 
6002.554096 
6002.558597 
6002.527076 
6002.586342 
6002.567838 
6002.578932 
6002.620493 
6002.662643 
6002.560445 
6002.566836 
6002.611191 
6002.583955 
6002.625986 
6002.536083 
6002.519561 
6002.511407 
6002.523231 
6002.489851 
6002.525230 
6002.563088 
6002.576107 
6002.557799 
6002.568525 
6002.579560 
6002.534243 
6002.585163 
6002.590042 
6002.562978 
6002.555621 
6002.539861 
6002.535819 
6002.537794 
6002.525870 
6002.551063 
6002.530660 
6002.550423 
6002.528120 
6002.632473 
6002.580773 
6002.560987 
6002.526999 
6002.532762 
6002.504100 
6002.549419 
6002.488880 
6002.549505 
6002.560029 
6002.570685 
6002.551495 
6002.535922 
6002.549062 
6002.596898 
6002.603047 
6002.554604 
6002.567234 
6002.546708 
6002.538464 
6002.550645 
6002.575176 
6002.576850 
6002.575446 
6002.571481 
6002.566013 
6002.627677 
6002.578638 
6002.606491 
6002.526536 
6002.542690 
6002.549947 
6002.542198 
6002.571912 
6002.577156 
6002.523434 
6002.526271 
6002.567871 
6002.576368 
6002.579281 
6002.584741 
6002.609675 
6002.603754 
6002.579717 
6002.590507 
6002.538680 
6002.544842 
6002.550913 
6002.563176 
6002.527759 
6002.575376 
6002.518613 
6002.571670 
6002.534718 
6002.586383 
6002.575101 
6002.591094 
6002.541442 
6002.577939 
6002.570377 
6002.531356 
6002.557170 
6002.556458 
6002.538159 
6002.542240 
6002.583271 
6002.601819 
6002.586107 
6002.601525 
6002.584303 
6002.570838 
6002.572065 
6002.550227 
6002.534341 
6002.555051 
6002.614656 
6002.588996 
6002.587057 
6002.502421 
6002.569223 
6002.530827 
6002.553215 
6002.535282 
6002.578760 
6002.586868 
6002.577446 
6002.591333 
6002.574141 
6002.559646 
6002.565177 
6002.571765 
6002.555416 
6002.534818 
6002.540882 
6002.521369 
6002.531206 
6002.606794 
6002.568355 
6002.591235 
6002.494506 
6002.569391 
6002.552413 
6002.589806 
6002.528651 
6002.527587 
6002.631848 
6002.559607 
6002.545535 
6002.526796 
6002.563263 
6002.562113 
6002.519759 
6002.559834 
6002.498417 
6002.565372 
6002.589084 
6002.602980 
6002.560797 
6002.548053 
6002.555909 
6002.577481 
6002.531638 
6002.532843 
6002.510422 
6002.557566 
6002.532383 
6002.526089 
6002.539370 
6002.555869 
6002.523242 
6002.606863 
6002.577846 
6002.616675 
6002.566486 
6002.541698 
6002.546132 
6002.535979 
6002.586142 
6002.519869 
6002.558958 
6002.602983 
6002.596268 
6002.604730 
6002.610502 
6002.548761 
6002.528070 
6002.590263 
6002.539059 
6002.539638 
6002.595195 
6002.611698 
6002.551094 
6002.505083 
6002.587833 
6002.591333 
6002.531083 
6002.567058 
6002.509511 
6002.557439 
6002.570369 
6002.577238 
6002.588912 
6002.569612 
6002.542641 
6002.555884 
6002.508882 
6002.544538 
6002.487704 
6002.562387 
6002.613512 
6002.587441 
6002.588038 
6002.542026 
6002.497300 
6002.515224 
6002.511491 
6002.537632 
6002.623466 
6002.568867 
6002.567430 
6002.523387 
6002.542426 
6002.564655 
6002.572766 
6002.557931 
6002.562076 
6002.588102 
6002.558458 
6002.537106 
6002.505254 
6002.594915 
6002.528385 
6002.569467 
6002.564225 
6002.561366 
6002.549866 
6002.468183 
6002.572942 
6002.522690 
6002.510101 
6002.592210 
6002.550074 
6002.521175 
6002.494524 
6002.576107 
6002.562800 
6002.581346 
6002.586909 
6002.558822 
6002.487772 
6002.528905 
6002.550856 
6002.504508 
6002.546683 
6002.519732 
6002.547780 
6002.502552 
6002.521180 
6002.590874 
6002.566068 
6002.603569 
6002.600383 
6002.553532 
6002.584867 
6002.569092 
6002.567426 
6002.571711 
6002.533560 
6002.618613 
6002.595398 
6002.526688 
6002.538767 
6002.468699 
6002.497030 
6002.527548 
6002.544219 
6002.610190 
6002.559378 
6002.469656 
6002.563123 
6002.575789 
6002.586259 
6002.566215 
6002.545352 
6002.522538 
6002.617857 
6002.577082 
6002.513721 
6002.460031 
6002.541139 
6002.505235 
6002.470834 
6002.525517 
6002.558050 
6002.558641 
6002.546322 
6002.567969 
6002.579768 
6002.549158 
6002.564961 
6002.542185 
6002.556930 
6002.570285 
6002.566755 
6002.552600 
6002.543088 
6002.575274 
6002.578157 
6002.548094 
6002.535066 
6002.536103 
6002.565342 
6002.495471 
6002.552345 
6002.496700 
6002.599770 
6002.512396 
6002.573558 
6002.561102 
6002.612024 
6002.543305 
6002.589092 
6002.558686 
6002.505591 
6002.560543 
6002.541924 
6002.545966 
6002.529549 
6002.548101 
6002.581055 
6002.561891 
6002.565347 
6002.639816 
6002.510344 
6002.553310 
6002.570923 
6002.558508 
6002.564002 
6002.548701 
6002.550062 
6002.540623 
6002.513441 
6002.554185 
6002.492656 
6002.549970 
6002.519781 
6002.538107 
6002.518484 
6002.540466 
6002.546835 
6002.559026 
6002.542235 
6002.559705 
6002.563401 
6002.573356 
6002.522751 
6002.549109 
6002.513643 
6002.517895 
6002.601015 
6002.535548 
6002.523066 
6002.527048 
6002.512191 
6002.527337 
6002.521095 
6002.517266 
6002.580230 
6002.585025 
6002.507589 
6002.619553 
6002.576281 
6002.586102 
6002.568439 
6002.580575 
6002.530575 
6002.559749 
6002.558231 
6002.515964 
6002.537973 
6002.549763 
6002.517981 
6002.568799 
6002.548614 
6002.567691 
6002.575571 
6002.553793 
6002.550583 
6002.552898 
6002.512829 
6002.569645 
6002.506871 
6002.565936 
6002.528724 
6002.572715 
6002.551861 
6002.580981 
6002.501288 
6002.562198 
6002.543706 
6002.545331 
6002.512223 
6002.609615 
6002.527914 
6002.532426 
6002.515889 
6002.510196 
6002.545773 
6002.535228 
6002.576583 
6002.561546 
6002.582493 
6002.552993 
6002.529545 
6002.567365 
6002.537684 
6002.534424 
6002.567416 
6002.558724 
6002.601351 
6002.520531 
6002.589259 
6002.509489 
6002.515547 
6002.492927 
6002.552851 
6002.628843 
6002.560331 
6002.557927 
6002.550793 
6002.576726 
6002.597458 
6002.537921 
6002.545954 
6002.560535 
6002.585867 
6002.542281 
6002.564000 
6002.583765 
6002.481932 
6002.513770 
6002.558483 
6002.547804 
6002.572613 
6002.606443 
6002.521653 
6002.559238 
6002.571156 
6002.554739 
6002.578930 
6002.639710 
6002.586582 
6002.544747 
6002.464578 
6002.478385 
6002.522490 
6002.611405 
6002.585764 
6002.595330 
6002.594099 
6002.540470 
6002.506971 
6002.596651 
6002.570419 
6002.529547 
6002.622977 
6002.594311 
6002.559784 
6002.586438 
6002.556418 
6002.531582 
6002.546320 
6002.569310 
6002.533837 
6002.577934 
6002.571204 
6002.568495 
6002.521488 
6002.595211 
6002.517380 
6002.583684 
6002.592748 
6002.551262 
6002.561883 
6002.639609 
6002.573429 
6002.546049 
6002.554058 
6002.555638 
6002.479871 
6002.549615 
6002.567767 
6002.552758 
6002.580977 
6002.544981 
6002.515740 
6002.509112 
6002.519382 
6002.537536 
6002.567619 
6002.612201 
6002.516389 
6002.541084 
6002.562987 
6002.557656 
6002.591768 
6002.607303 
6002.553101 
6002.590805 
6002.608057 
6002.565428 
6002.565818 
6002.575192 
6002.602241 
6002.540450 
6002.597822 
6002.500111 
6002.486652 
6002.515463 
6002.571780 
6002.587571 
6002.567009 
6002.519846 
6002.554929 
6002.550182 
6002.543524 
6002.599067 
6002.577084 
6002.560729 
6002.619405 
6002.552112 
6002.574452 
6002.507829 
6002.516663 
6002.508970 
6002.537430 
6002.560913 
6002.541996 
6002.530717 
6002.521643 
6002.534054 
6002.653629 
6002.562054 
6002.560945 
6002.566830 
6002.528502 
6002.561177 
6002.600061 
6002.544215 
6002.534851 
6002.540012 
6002.567113 
6002.525730 
6002.560687 
6002.539468 
6002.540573 
6002.543507 
6002.605660 
6002.570667 
6002.579898 
6002.579234 
6002.596938 
6002.586993 
6002.534574 
6002.571433 
6002.518052 
6002.515614 
6002.506020 
6002.526488 
6002.535756 
6002.532017 
6002.563227 
6002.500171 
6002.575968 
6002.567784 
6002.538311 
6002.457670 
6002.480312 
6002.544010 
6002.553361 
6002.531265 
6002.524764 
6002.479711 
6002.550373 
6002.557711 
6002.509953 
6002.581437 
6002.567045 
6002.566473 
6002.546439 
6002.603492 
6002.520998 
6002.527521 
6002.538975 
6002.536355 
6002.574719 
6002.569528 
6002.612507 
6002.580609 
6002.538430 
6002.589340 
6002.548829 
6002.527443 
6002.546929 
6002.571513 
6002.564254 
6002.518623 
6002.570434 
6002.605969 
6002.646930 
6002.590925 
6002.591540 
6002.568171 
6002.541127 
6002.503647 
6002.525732 
6002.544915 
6002.602150 
6002.554952 
6002.548582 
6002.592286 
6002.565218 
6002.567597 
6002.538296 
6002.528442 
6002.481070 
6002.521929 
6002.576449 
6002.582114 
6002.553881 
6002.585100 
6002.535721 
6002.590627 
6002.549321 
6002.557966 
6002.569285 
6002.590103 
6002.600771 
6002.585452 
6002.553478 
6002.550802 
6002.557777 
6002.552177 
6002.532552 
6002.557700 
6002.537288 
6002.535327 
6002.570559 
6002.559326 
6002.560601 
6002.588536 
6002.606794 
6002.551557 
6002.501775 
6002.537141 
6002.541897 
6002.572044 
6002.550753 
6002.498464 
6002.526937 
6002.487051 
6002.529159 
6002.517894 
6002.587129 
6002.522906 
6002.494203 
6002.503438 
6002.503850 
6002.529454 
6002.521255 
6002.537015 
6002.598109 
6002.590698 
6002.524844 
6002.537100 
6002.554850 
6002.539118 
6002.553802 
6002.544410 
6002.520843 
6002.521906 
6002.532558 
6002.561750 
6002.609394 
6002.554282 
6002.543447 
6002.457394 
6002.560173 
6002.578120 
6002.609815 
6002.596069 
6002.510221 
6002.524880 
6002.559279 
6002.542238 
6002.508391 
6002.545809 
6002.508949 
6002.539465 
6002.511128 
6002.597562 
6002.607396 
6002.579706 
6002.526258 
6002.558991 
6002.458409 
6002.558120 
6002.539265 
6002.521729 
6002.549781 
6002.531654 
6002.546800 
6002.535942 
6002.545073 
6002.552296 
6002.549193 
6002.585994 
6002.509912 
6002.509037 
6002.531963 
6002.551654 
6002.561365 
6002.526277 
6002.536114 
6002.536812 
6002.546827 
6002.545681 
6002.577655 
6002.554448 
6002.514315 
6002.563481 
6002.554250 
6002.569219 
6002.556496 
6002.553859 
6002.573686 
6002.562500 
6002.515922 
6002.509530 
6002.517285 
6002.513286 
6002.525294 
6002.484882 
6002.552455 
6002.539642 
6002.556157 
6002.462675 
6002.492026 
6002.519182 
6002.541762 
6002.542698 
6002.488728 
6002.528420 
6002.595052 
6002.587491 
6002.568514 
6002.544931 
6002.505496 
6002.512861 
6002.641074 
6002.615794 
6002.494330 
6002.552881 
6002.541625 
6002.537507 
6002.582924 
6002.579840 
6002.540742 
6002.542478 
6002.533520 
6002.553949 
6002.522671 
6002.527537 
6002.529128 
6002.524716 
6002.574231 
6002.556121 
6002.545124 
6002.583134 
6002.556615 
6002.457373 
6002.557045 
6002.545932 
6002.554331 
6002.525300 
6002.513043 
6002.491071 
6002.495599 
6002.502354 
6002.502870 
6002.514882 
6002.492151 
6002.493110 
6002.516820 
6002.570706 
6002.622421 
6002.586573 
6002.543644 
6002.549673 
6002.507639 
6002.564809 
6002.497499 
6002.575383 
6002.556737 
6002.563482 
6002.540967 
6002.554013 
6002.554545 
6002.535904 
6002.546634 
6002.532441 
6002.578773 
6002.551022 
6002.607182 
6002.619697 
6002.552148 
6002.488184 
6002.503360 
6002.501652 
6002.545470 
6002.576091 
6002.553095 
6002.580404 
6002.569897 
6002.594421 
6002.594599 
6002.639646 
6002.618943 
6002.535784 
6002.525085 
6002.572372 
6002.599674 
6002.564208 
6002.607247 
6002.542380 
6002.555959 
6002.547338 
6002.553703 
6002.537769 
6002.540330 
6002.543926 
6002.563161 
6002.525255 
6002.526310 
6002.575952 
6002.515382 
6002.525051 
6002.566330 
6002.531700 
6002.562954 
6002.557592 
6002.593201 
6002.576491 
6002.510576 
6002.575716 
6002.617206 
6002.546190 
6002.578789 
6002.571759 
6002.475845 
6002.513465 
6002.559405 
6002.492246 
6002.524661 
6002.539848 
6002.591881 
6002.528197 
6002.559529 
6002.565572 
6002.554452 
6002.553597 
6002.514960 
6002.538460 
6002.568373 
6002.595609 
6002.576755 
6002.508150 
6002.562291 
6002.554327 
6002.592333 
6002.533323 
6002.567896 
6002.537767 
6002.568679 
6002.549750 
6002.536088 
6002.535226 
6002.573984 
6002.577209 
6002.553272 
6002.583231 
6002.572797 
6002.572303 
6002.619984 
6002.522296 
6002.559618 
6002.630855 
6002.631754 
6002.578902 
6002.578839 
6002.577598 
6002.568007 
6002.581276 
6002.596081 
6002.575152 
6002.527816 
6002.521252 
6002.579786 
6002.501992 
6002.542120 
6002.636518 
6002.598852 
6002.574557 
6002.552418 
6002.525538 
6002.511908 
6002.571850 
6002.513570 
6002.535575 
6002.544926 
6002.567583 
6002.557113 
6002.605159 
6002.560257 
6002.583332 
6002.592429 
6002.534479 
6002.541675 
6002.483065 
6002.573089 
6002.520033 
6002.542720 
6002.454596 
6002.496493 
6002.496934 
6002.599849 
6002.575168 
6002.503920 
6002.498139 
6002.484872 
6002.516973 
6002.552088 
6002.526017 
6002.534628 
6002.558583 
6002.546914 
6002.575325 
6002.603230 
6002.559878 
6002.560141 
6002.613395 
6002.594348 
6002.540525 
6002.593430 
6002.584950 
6002.593740 
6002.566840 
6002.583882 
6002.543584 
6002.538073 
6002.588434 
6002.522328 
6002.558267 
6002.591210 
6002.581441 
6002.599891 
6002.617595 
6002.573011 
6002.525693 
6002.521938 
6002.561049 
6002.515405 
6002.596890 
6002.551430 
6002.562185 
6002.634692 
6002.541120 
6002.505426 
6002.488329 
6002.537227 
6002.593781 
6002.560106 
6002.545723 
6002.594824 
6002.649803 
6002.587168 
6002.558703 
6002.552634 
6002.537187 
6002.565154 
6002.589864 
6002.549944 
6002.560890 
6002.573599 
6002.543927 
6002.540388 
6002.516885 
6002.490113 
6002.527977 
6002.486261 
6002.520261 
6002.490064 
6002.574093 
6002.589521 
6002.562895 
6002.501832 
6002.499503 
6002.528968 
6002.564194 
6002.543849 
6002.500850 
6002.547026 
6002.570686 
6002.527182 
6002.535581 
6002.569086 
6002.521415 
6002.575884 
6002.516073 
6002.536378 
6002.516662 
6002.507688 
6002.551981 
6002.544956 
6002.586070 
6002.635932 
6002.572812 
6002.549463 
6002.560622 
6002.585533 
6002.565803 
6002.596633 
6002.605602 
6002.638472 
6002.620144 
6002.550006 
6002.579825 
6002.611231 
6002.589897 
6002.566847 
6002.551783 
6002.553135 
6002.556822 
6002.530142 
6002.503634 
6002.493972 
6002.471569 
6002.550748 
6002.526588 
6002.568295 
6002.546291 
6002.610452 
6002.539534 
6002.563241 
6002.515022 
6002.531114 
6002.581479 
6002.598749 
6002.612367 
6002.552637 
6002.654312 
6002.560321 
6002.579572 
6002.571071 
6002.546681 
6002.543788 
6002.493082 
6002.524126 
6002.553157 
6002.466508 
6002.477241 
6002.562251 
6002.561115 
6002.460002 
6002.558662 
6002.556815 
6002.493171 
6002.591017 
6002.564029 
6002.577988 
6002.577645 
6002.554680 
6002.594675 
6002.561298 
6002.589623 
6002.554881 
6002.545866 
6002.595257 
6002.509357 
6002.591556 
6002.498215 
6002.540356 
6002.610654 
6002.567556 
6002.564871 
6002.501014 
6002.521501 
6002.538484 
6002.527810 
6002.585112 
6002.559616 
6002.608342 
6002.575201 
6002.546864 
6002.556909 
6002.517477 
6002.534519 
6002.565095 
6002.513730 
6002.537214 
6002.563487 
6002.537275 
6002.555745 
6002.613796 
6002.535491 
6002.578148 
6002.575290 
6002.576846 
6002.647369 
6002.538472 
6002.541010 
6002.535142 
6002.529116 
6002.524004 
6002.496158 
6002.560931 
6002.541721 
6002.535803 
6002.564604 
6002.530900 
6002.540221 
6002.582947 
6002.506456 
6002.509698 
6002.569649 
6002.590658 
6002.527973 
6002.519597 
6002.604834 
6002.558750 
6002.577594 
6002.570313 
6002.524416 
6002.522025 
6002.549336 
6002.564484 
6002.612009 
6002.561405 
6002.578384 
6002.565156 
6002.542011 
6002.564476 
6002.563902 
6002.530672 
6002.562120 
6002.555417 
6002.561598 
6002.606689 
6002.547491 
6002.571314 
6002.560560 
6002.520766 
6002.579213 
6002.528152 
6002.529223 
6002.551960 
6002.503295 
6002.515435 
6002.549276 
6002.561625 
6002.565660 
6002.543270 
6002.539256 
6002.535977 
6002.571637 
6002.522042 
6002.545234 
6002.577894 
6002.574232 
6002.525866 
6002.596896 
6002.541781 
6002.527819 
6002.504026 
6002.568881 
6002.495693 
6002.468350 
6002.583808 
6002.577819 
6002.590051 
6002.583787 
6002.553799 
6002.516709 
6002.515297 
6002.557499 
6002.592388 
6002.536714 
6002.541299 
6002.597491 
6002.549796 
6002.591616 
6002.566767 
6002.625281 
6002.593697 
6002.547276 
6002.572958 
6002.570081 
6002.543499 
6002.590376 
6002.583400 
6002.551711 
6002.560629 
6002.515731 
6002.519349 
6002.546261 
6002.526742 
6002.541993 
6002.506818 
6002.568300 
6002.520223 
6002.569006 
6002.556553 
6002.571053 
6002.583225 
6002.608261 
6002.534616 
6002.562710 
6002.612231 
6002.591964 
6002.546565 
6002.564115 
6002.600156 
6002.608800 
6002.554337 
6002.504249 
6002.540160 
6002.513450 
6002.576962 
6002.543035 
6002.579633 
6002.545123 
6002.482279 
6002.464035 
6002.576494 
6002.550161 
6002.549999 
6002.576331 
6002.560790 
6002.564583 
6002.551974 
6002.554789 
6002.514871 
6002.528988 
6002.529364 
6002.574922 
6002.551039 
6002.552963 
6002.545041 
6002.567999 
6002.607538 
6002.586217 
6002.577424 
6002.559630 
6002.478815 
6002.552087 
6002.501808 
6002.564577 
6002.529749 
6002.522952 
6002.553960 
6002.512284 
6002.619950 
6002.617645 
6002.550041 
6002.571834 
6002.588635 
6002.593742 
6002.563517 
6002.531718 
6002.536810 
6002.493466 
6002.523941 
6002.547867 
6002.564142 
6002.550295 
6002.567511 
6002.572002 
6002.533020 
6002.528242 
6002.498247 
6002.525047 
6002.580229 
6002.492652 
6002.532802 
6002.555022 
6002.557506 
6002.523066 
6002.569785 
6002.513953 
6002.520432 
6002.513582 
6002.529346 
6002.576794 
6002.578223 
6002.565154 
6002.563715 
6002.521456 
6002.518041 
6002.559802 
6002.567712 
6002.641625 
6002.580974 
6002.525282 
6002.583726 
6002.506488 
6002.587818 
6002.568290 
6002.494542 
6002.528974 
6002.566614 
6002.533370 
6002.522455 
6002.558452 
6002.548545 
6002.596176 
6002.611561 
6002.638509 
6002.610655 
6002.550280 
6002.553694 
6002.552367 
6002.503092 
6002.504615 
6002.608515 
6002.604398 
6002.608257 
6002.560872 
6002.560151 
6002.581043 
6002.512829 
6002.603809 
6002.546782 
6002.595606 
6002.517092 
6002.530162 
6002.511874 
6002.581372 
6002.611470 
6002.591956 
6002.557529 
6002.498747 
6002.548956 
6002.541636 
6002.530575 
6002.605054 
6002.573904 
6002.537697 
6002.554309 
6002.557222 
6002.537254 
6002.567559 
6002.540092 
6002.518140 
6002.560811 
6002.508895 
6002.517017 
6002.558735 
6002.537291 
6002.525405 
6002.494054 
6002.574680 
6002.573801 
6002.542560 
6002.560534 
6002.544710 
6002.488194 
6002.501008 
6002.512911 
6002.556994 
6002.601963 
6002.556068 
6002.556756 
6002.561111 
6002.562826 
6002.533969 
6002.511693 
6002.581449 
6002.489107 
6002.500108 
6002.531999 
6002.537026 
6002.517193 
6002.562567 
6002.605638 
6002.609876 
6002.575692 
6002.589879 
6002.589876 
6002.537332 
6002.620013 
6002.526526 
6002.584562 
6002.557649 
6002.582939 
6002.592543 
6002.556982 
6002.568853 
6002.555627 
6002.533474 
6002.585376 
6002.531684 
6002.568491 
6002.570849 
6002.568787 
6002.494285 
6002.603622 
6002.630625 
6002.571039 
6002.588473 
6002.537876 
6002.602841 
6002.589619 
6002.536454 
6002.565817 
6002.611731 
6002.535587 
6002.590164 
6002.593141 
6002.561495 
6002.530329 
6002.522220 
6002.482418 
6002.530811 
6002.561115 
6002.527272 
6002.540769 
6002.541645 
6002.525903 
6002.526723 
6002.516236 
6002.543074 
6002.565525 
6002.564252 
6002.545975 
6002.554733 
6002.493331 
6002.483647 
6002.590516 
6002.553024 
6002.568176 
6002.548161 
6002.533867 
6002.514199 
6002.556931 
6002.565261 
6002.556866 
6002.567074 
6002.543830 
6002.562606 
6002.545265 
6002.531831 
6002.585212 
6002.503757 
6002.511408 
6002.504331 
6002.462966 
6002.577643 
6002.568466 
6002.572451 
6002.563691 
6002.547694 
6002.608096 
6002.589100 
6002.587563 
6002.594906 
6002.567394 
6002.534676 
6002.512111 
6002.463456 
6002.504373 
6002.555478 
6002.608416 
6002.570881 
6002.506166 
6002.586561 
6002.535254 
6002.502086 
6002.563702 
6002.550479 
6002.558808 
6002.514051 
6002.516323 
6002.484344 
6002.487611 
6002.593591 
6002.558311 
6002.544732 
6002.555747 
6002.561636 
6002.563938 
6002.585836 
6002.508464 
6002.551827 
6002.574997 
6002.611498 
6002.559491 
6002.609988 
6002.579829 
6002.548321 
6002.561284 
6002.565037 
6002.508474 
6002.659911 
6002.591414 
6002.571783 
6002.584179 
6002.600708 
6002.585923 
6002.584391 
6002.566544 
6002.552740 
6002.553936 
6002.501450 
6002.560820 
6002.600651 
6002.604344 
6002.638905 
6002.533171 
6002.525172 
6002.561563 
6002.562662 
6002.502381 
6002.556562 
6002.531384 
6002.543284 
6002.550662 
6002.561552 
6002.549436 
6002.538522 
6002.571468 
6002.558383 
6002.504887 
6002.543171 
6002.512572 
6002.534011 
6002.543363 
6002.597180 
6002.576781 
6002.603532 
6002.524225 
6002.537631 
6002.518145 
6002.526410 
6002.523481 
6002.524040 
6002.563215 
6002.563881 
6002.564092 
6002.596498 
6002.559245 
6002.570913 
6002.556283 
6002.587190 
6002.571666 
6002.462465 
6002.489269 
6002.515394 
6002.579408 
6002.556103 
6002.532517 
6002.580236 
6002.601407 
6002.594084 
6002.576441 
6002.539461 
6002.560581 
6002.578767 
6002.524860 
6002.533555 
6002.584321 
6002.631452 
6002.636287 
6002.624883 
6002.584735 
6002.596329 
6002.542133 
6002.566580 
6002.586147 
6002.528005 
6002.492689 
6002.484231 
6002.545368 
6002.538338 
6002.526009 
6002.572210 
