descriptor x_range  m_kepler 
5950.268658 -14.402391 
5950.368658 -14.623497 
5950.468658 -14.738273 
5950.568658 -14.746644 
5950.668658 -14.648856 
5950.768658 -14.445466 
5950.868658 -14.137349 
5950.968658 -13.725703 
5951.068658 -13.212076 
5951.168658 -12.598384 
5951.268658 -11.886955 
5951.368658 -11.080569 
5951.468658 -10.182509 
5951.568658 -9.196620 
5951.668658 -8.127373 
5951.768658 -6.979932 
5951.868658 -5.760229 
5951.968658 -4.475033 
5952.068658 -3.132020 
5952.168658 -1.739841 
5952.268658 -0.308170 
5952.368658 1.152254 
5952.468658 2.629612 
5952.568658 4.111020 
5952.668658 5.582570 
5952.768658 7.029427 
5952.868658 8.435961 
5952.968658 9.785940 
5953.068658 11.062770 
5953.168658 12.249802 
5953.268658 13.330675 
5953.368658 14.289706 
5953.468658 15.112309 
5953.568658 15.785419 
5953.668658 16.297902 
5953.768658 16.640941 
5953.868658 16.808341 
5953.968658 16.796779 
5954.068658 16.605932 
5954.168658 16.238515 
5954.268658 15.700199 
5954.368658 14.999421 
5954.468658 14.147109 
5954.568658 13.156324 
5954.668658 12.041853 
5954.768658 10.819770 
5954.868658 9.507000 
5954.968658 8.120892 
5955.068658 6.678833 
5955.168658 5.197903 
5955.268658 3.694588 
5955.368658 2.184558 
5955.468658 0.682489 
5955.568658 -0.798048 
5955.668658 -2.244655 
5955.768658 -3.646131 
5955.868658 -4.992465 
5955.968658 -6.274797 
5956.068658 -7.485365 
5956.168658 -8.617431 
5956.268658 -9.665208 
5956.368658 -10.623773 
5956.468658 -11.488991 
5956.568658 -12.257430 
5956.668658 -12.926288 
5956.768658 -13.493328 
5956.868658 -13.956812 
5956.968658 -14.315453 
5957.068658 -14.568367 
5957.168658 -14.715039 
5957.268658 -14.755294 
5957.368658 -14.689282 
5957.468658 -14.517469 
5957.568658 -14.240633 
5957.668658 -13.859874 
5957.768658 -13.376632 
5957.868658 -12.792709 
5957.968658 -12.110307 
5958.068658 -11.332064 
5958.168658 -10.461106 
5958.268658 -9.501105 
5958.368658 -8.456335 
5958.468658 -7.331746 
5958.568658 -6.133033 
5958.668658 -4.866705 
5958.768658 -3.540160 
5958.868658 -2.161751 
5958.968658 -0.740840 
5959.068658 0.712157 
5959.168658 2.185743 
5959.268658 3.667351 
5959.368658 5.143373 
5959.468658 6.599240 
5959.568658 8.019541 
5959.668658 9.388202 
5959.768658 10.688710 
5959.868658 11.904397 
5959.968658 13.018776 
5960.068658 14.015918 
5960.168658 14.880863 
5960.268658 15.600047 
5960.368658 16.161716 
5960.468658 16.556320 
5960.568658 16.776851 
5960.668658 16.819105 
5960.768658 16.681851 
5960.868658 16.366898 
5960.968658 15.879044 
5961.068658 15.225924 
5961.168658 14.417753 
5961.268658 13.466994 
5961.368658 12.387960 
5961.468658 11.196388 
5961.568658 9.908992 
5961.668658 8.543037 
5961.768658 7.115937 
5961.868658 5.644896 
5961.968658 4.146606 
5962.068658 2.637001 
5962.168658 1.131069 
5962.268658 -0.357278 
5962.368658 -1.815285 
5962.468658 -3.231393 
5962.568658 -4.595238 
5962.668658 -5.897618 
5962.768658 -7.130449 
5962.868658 -8.286695 
5962.968658 -9.360292 
5963.068658 -10.346067 
5963.168658 -11.239656 
5963.268658 -12.037425 
5963.368658 -12.736392 
5963.468658 -13.334156 
5963.568658 -13.828836 
5963.668658 -14.219014 
5963.768658 -14.503690 
5963.868658 -14.682241 
5963.968658 -14.754393 
5964.068658 -14.720200 
5964.168658 -14.580034 
5964.268658 -14.334578 
5964.368658 -13.984834 
5964.468658 -13.532139 
5964.568658 -12.978184 
5964.668658 -12.325044 
5964.768658 -11.575225 
5964.868658 -10.731699 
5964.968658 -9.797968 
5965.068658 -8.778120 
5965.168658 -7.676895 
5965.268658 -6.499756 
5965.368658 -5.252960 
5965.468658 -3.943634 
5965.568658 -2.579835 
5965.668658 -1.170619 
5965.768658 0.273917 
5965.868658 1.742602 
5965.968658 3.223188 
5966.068658 4.702371 
5966.168658 6.165861 
5966.268658 7.598484 
5966.368658 8.984343 
5966.468658 10.307028 
5966.568658 11.549885 
5966.668658 12.696336 
5966.768658 13.730241 
5966.868658 14.636308 
5966.968658 15.400508 
5967.068658 16.010502 
5967.168658 16.456040 
5967.268658 16.729323 
5967.368658 16.825281 
5967.468658 16.741783 
5967.568658 16.479726 
5967.668658 16.043022 
5967.768658 15.438480 
5967.868658 14.675573 
5967.968658 13.766128 
5968.068658 12.723950 
5968.168658 11.564393 
5968.268658 10.303925 
5968.368658 8.959690 
5968.468658 7.549097 
5968.568658 6.089446 
5968.668658 4.597613 
5968.768658 3.089781 
5968.868658 1.581237 
5968.968658 0.086227 
5969.068658 -1.382143 
5969.168658 -2.811952 
5969.268658 -4.192480 
5969.368658 -5.514182 
5969.468658 -6.768645 
5969.568658 -7.948527 
5969.668658 -9.047480 
5969.768658 -10.060072 
5969.868658 -10.981707 
5969.968658 -11.808540 
5970.068658 -12.537400 
5970.168658 -13.165719 
5970.268658 -13.691467 
5970.368658 -14.113093 
5970.468658 -14.429475 
5970.568658 -14.639881 
5970.668658 -14.743935 
5970.768658 -14.741594 
5970.868658 -14.633136 
5970.968658 -14.419150 
5971.068658 -14.100542 
5971.168658 -13.678546 
5971.268658 -13.154743 
5971.368658 -12.531092 
5971.468658 -11.809962 
5971.568658 -10.994182 
5971.668658 -10.087090 
5971.768658 -9.092589 
5971.868658 -8.015217 
5971.968658 -6.860214 
5972.068658 -5.633591 
5972.168658 -4.342206 
5972.268658 -2.993832 
5972.368658 -1.597218 
5972.468658 -0.162146 
5972.568658 1.300538 
5972.668658 2.778905 
5972.768658 4.259966 
5972.868658 5.729715 
5972.968658 7.173229 
5973.068658 8.574809 
5973.168658 9.918172 
5973.268658 11.186708 
5973.368658 12.363778 
5973.468658 13.433070 
5973.568658 14.378995 
5973.668658 15.187099 
5973.768658 15.844494 
5973.868658 16.340264 
5973.968658 16.665841 
5974.068658 16.815313 
5974.168658 16.785651 
5974.268658 16.576842 
5974.368658 16.191902 
5974.468658 15.636791 
5974.568658 14.920213 
5974.668658 14.053326 
5974.768658 13.049385 
5974.868658 11.923326 
5974.968658 10.691329 
5975.068658 9.370381 
5975.168658 7.977851 
5975.268658 6.531110 
5975.368658 5.047189 
5975.468658 3.542504 
5975.568658 2.032628 
5975.668658 0.532133 
5975.768658 -0.945527 
5975.868658 -2.388075 
5975.968658 -3.784429 
5976.068658 -5.124698 
5976.168658 -6.400134 
5976.268658 -7.603081 
5976.368658 -8.726902 
5976.468658 -9.765900 
5976.568658 -10.715236 
5976.668658 -11.570847 
5976.768658 -12.329370 
5976.868658 -12.988063 
5976.968658 -13.544740 
5977.068658 -13.997713 
5977.168658 -14.345736 
5977.268658 -14.587963 
5977.368658 -14.723915 
5977.468658 -14.753452 
5977.568658 -14.676754 
5977.668658 -14.494320 
5977.768658 -14.206958 
5977.868658 -13.815803 
5977.968658 -13.322329 
5978.068658 -12.728378 
5978.168658 -12.036192 
5978.268658 -11.248458 
5978.368658 -10.368353 
5978.468658 -9.399607 
5978.568658 -8.346559 
5978.668658 -7.214231 
5978.768658 -6.008397 
5978.868658 -4.735651 
5978.968658 -3.403487 
5979.068658 -2.020354 
5979.168658 -0.595720 
5979.268658 0.859889 
5979.368658 2.334871 
5979.468658 3.816550 
5979.568658 5.291216 
5979.668658 6.744210 
5979.768658 8.160046 
5979.868658 9.522594 
5979.968658 10.815310 
5980.068658 12.021531 
5980.168658 13.124807 
5980.268658 14.109288 
5980.368658 14.960136 
5980.468658 15.663949 
5980.568658 16.209178 
5980.668658 16.586517 
5980.768658 16.789229 
5980.868658 16.813402 
5980.968658 16.658113 
5981.068658 16.325473 
5981.168658 15.820578 
5981.268658 15.151333 
5981.368658 14.328198 
5981.468658 13.363840 
5981.568658 12.272735 
5981.668658 11.070739 
5981.768658 9.774640 
5981.868658 8.401737 
5981.968658 6.969437 
5982.068658 5.494905 
5982.168658 3.994767 
5982.268658 2.484870 
5982.368658 0.980099 
5982.468658 -0.505749 
5982.568658 -1.960039 
5982.668658 -3.371331 
5982.768658 -4.729381 
5982.868658 -6.025102 
5982.968658 -7.250519 
5983.068658 -8.398697 
5983.168658 -9.463666 
5983.268658 -10.440338 
5983.368658 -11.324427 
5983.468658 -12.112367 
5983.568658 -12.801237 
5983.668658 -13.388692 
5983.768658 -13.872900 
5983.868658 -14.252488 
5983.968658 -14.526494 
5984.068658 -14.694332 
5984.168658 -14.755762 
5984.268658 -14.710870 
5984.368658 -14.560060 
5984.468658 -14.304046 
5984.568658 -13.943863 
5984.668658 -13.480884 
5984.768658 -12.916834 
5984.868658 -12.253834 
5984.968658 -11.494430 
5985.068658 -10.641648 
5985.168658 -9.699045 
5985.268658 -8.670772 
5985.368658 -7.561639 
5985.468658 -6.377184 
5985.568658 -5.123751 
5985.668658 -3.808555 
5985.768658 -2.439754 
5985.868658 -1.026504 
5985.968658 0.420989 
5986.068658 1.891446 
5986.168658 3.372510 
5986.268658 4.850776 
5986.368658 6.311857 
5986.468658 7.740498 
5986.568658 9.120742 
5986.668658 10.436140 
5986.768658 11.670031 
5986.868658 12.805863 
5986.968658 13.827564 
5987.068658 14.719949 
5987.168658 15.469139 
5987.268658 16.062990 
5987.368658 16.491483 
5987.468658 16.747082 
5987.568658 16.825007 
5987.668658 16.723428 
5987.768658 16.443548 
5987.868658 15.989580 
5987.968658 15.368611 
5988.068658 14.590369 
5988.168658 13.666897 
5988.268658 12.612174 
5988.368658 11.441690 
5988.468658 10.171998 
5988.568658 8.820288 
5988.668658 7.403973 
5988.768658 5.940326 
5988.868658 4.446161 
5988.968658 2.937580 
5989.068658 1.429773 
5989.168658 -0.063127 
5989.268658 -1.528131 
5989.368658 -2.953441 
5989.468658 -4.328456 
5989.568658 -5.643746 
5989.668658 -6.891011 
5989.768658 -8.063010 
5989.868658 -9.153494 
5989.968658 -10.157118 
5990.068658 -11.069364 
5990.168658 -11.886458 
5990.268658 -12.605295 
5990.368658 -13.223364 
5990.468658 -13.738685 
5990.568658 -14.149751 
5990.668658 -14.455483 
5990.768658 -14.655185 
5990.868658 -14.748516 
5990.968658 -14.735467 
5991.068658 -14.616345 
5991.168658 -14.391771 
5991.268658 -14.062686 
5991.368658 -13.630355 
5991.468658 -13.096397 
5991.568658 -12.462810 
5991.668658 -11.732008 
5991.768658 -10.906868 
5991.868658 -9.990782 
5991.968658 -8.987715 
5992.068658 -7.902273 
5992.168658 -6.739768 
5992.268658 -5.506295 
5992.368658 -4.208801 
5992.468658 -2.855153 
5992.568658 -1.454204 
5992.668658 -0.015840 
5992.768658 1.448981 
5992.868658 2.928226 
5992.968658 4.408797 
5993.068658 5.876594 
5993.168658 7.316606 
5993.268658 8.713065 
5993.368658 10.049645 
5993.468658 11.309717 
5993.568658 12.476658 
5993.668658 13.534212 
5993.768658 14.466883 
5993.868658 15.260358 
5993.968658 15.901927 
5994.068658 16.380896 
5994.168658 16.688952 
5994.268658 16.820463 
5994.368658 16.772703 
5994.468658 16.545961 
5994.568658 16.143559 
5994.668658 15.571743 
5994.768658 14.839477 
5994.868658 13.958150 
5994.968658 12.941205 
5995.068658 11.803723 
5995.168658 10.561985 
5995.268658 9.233035 
5995.368658 7.834260 
5995.468658 6.383009 
5995.568658 4.896265 
5995.668658 3.390367 
5995.768658 1.880795 
5995.868658 0.382010 
5995.968658 -1.092649 
5996.068658 -2.531025 
5996.168658 -3.922157 
5996.268658 -5.256271 
5996.368658 -6.524733 
5996.468658 -7.719993 
5996.568658 -8.835511 
5996.668658 -9.865681 
5996.768658 -10.805746 
5996.868658 -11.651717 
5996.968658 -12.400296 
5997.068658 -13.048801 
5997.168658 -13.595099 
5997.268658 -14.037548 
5997.368658 -14.374943 
5997.468658 -14.606479 
5997.568658 -14.731711 
5997.668658 -14.750531 
5997.768658 -14.663153 
5997.868658 -14.470105 
5997.968658 -14.172229 
5998.068658 -13.770692 
5998.168658 -13.267005 
5998.268658 -12.663048 
5998.368658 -11.961107 
5998.468658 -11.163913 
5998.568658 -10.274699 
5998.668658 -9.297252 
5998.768658 -8.235978 
5998.868658 -7.095970 
5998.968658 -5.883080 
5999.068658 -4.603994 
5999.168658 -3.266295 
5999.268658 -1.878534 
5999.368658 -0.450285 
5999.468658 1.007820 
5999.568658 2.484068 
5999.668658 3.965677 
5999.768658 5.438839 
5999.868658 6.888803 
5999.968658 8.300010 
6000.068658 9.656276 
6000.168658 10.941033 
6000.268658 12.137620 
6000.368658 13.229631 
6000.468658 14.201301 
6000.568658 15.037914 
6000.668658 15.726238 
6000.768658 16.254934 
6000.868658 16.614939 
6000.968658 16.799791 
6001.068658 16.805875 
6001.168658 16.632571 
6001.268658 16.282298 
6001.368658 15.760441 
6001.468658 15.075179 
6001.568658 14.237208 
6001.668658 13.259397 
6001.768658 12.156383 
6001.868658 10.944134 
6001.968658 9.639509 
6002.068658 8.259834 
6002.168658 6.822508 
6002.268658 5.344655 
6002.368658 3.842831 
6002.468658 2.332793 
6002.568658 0.829322 
6002.668658 -0.653899 
6002.768658 -2.104355 
6002.868658 -3.510728 
6002.968658 -4.862890 
6003.068658 -6.151872 
6003.168658 -7.369804 
6003.268658 -8.509854 
6003.368658 -9.566144 
6003.468658 -10.533670 
6003.568658 -11.408222 
6003.668658 -12.186302 
6003.768658 -12.865052 
6003.868658 -13.442180 
6003.968658 -13.915902 
6004.068658 -14.284890 
6004.168658 -14.548220 
6004.268658 -14.705342 
6004.368658 -14.756051 
6004.468658 -14.700465 
6004.568658 -14.539017 
6004.668658 -14.272456 
6004.768658 -13.901849 
6004.868658 -13.428602 
6004.968658 -12.854480 
6005.068658 -12.181644 
6005.168658 -11.412687 
6005.268658 -10.550685 
6005.368658 -9.599252 
6005.468658 -8.562603 
6005.568658 -7.445617 
6005.668658 -6.253912 
6005.768658 -4.993914 
6005.868658 -3.672932 
6005.968658 -2.299220 
6006.068658 -0.882040 
6006.168658 0.568295 
6006.268658 2.040399 
6006.368658 3.521805 
6006.468658 4.999006 
6006.568658 6.457523 
6006.668658 7.882022 
6006.768658 9.256483 
6006.868658 10.564425 
6006.968658 11.789181 
6007.068658 12.914231 
6007.168658 13.923573 
6007.268658 14.802134 
6007.368658 15.536191 
6007.468658 16.113797 
6007.568658 16.525169 
6007.668658 16.763036 
6007.768658 16.822909 
6007.868658 16.703261 
6007.968658 16.405601 
6008.068658 15.934440 
6008.168658 15.297144 
6008.268658 14.503689 
6008.368658 13.566331 
6008.468658 12.499223 
6008.568658 11.317979 
6008.668658 10.039239 
6008.768658 8.680230 
6008.868658 7.258370 
6008.968658 5.790896 
6009.068658 4.294563 
6009.168658 2.785389 
6009.268658 1.278462 
6009.368658 -0.212196 
6009.468658 -1.673716 
6009.568658 -3.094419 
6009.668658 -4.463825 
6009.768658 -5.772619 
6009.868658 -7.012612 
6009.968658 -8.176666 
6010.068658 -9.258626 
6010.168658 -10.253235 
6010.268658 -11.156054 
6010.368658 -11.963379 
6010.468658 -12.672168 
6010.568658 -13.279966 
6010.668658 -13.784844 
6010.768658 -14.185340 
6010.868658 -14.480415 
6010.968658 -14.669410 
6011.068658 -14.752018 
6011.168658 -14.728262 
6011.268658 -14.598483 
6011.368658 -14.363332 
6011.468658 -14.023781 
6011.568658 -13.581132 
6011.668658 -13.037039 
6011.768658 -12.393541 
6011.868658 -11.653096 
6011.968658 -10.818631 
6012.068658 -9.893591 
6012.168658 -8.882005 
6012.268658 -7.788546 
6012.368658 -6.618601 
6012.468658 -5.378348 
6012.568658 -4.074824 
6012.668658 -2.715993 
6012.768658 -1.310809 
6012.868658 0.130735 
6012.968658 1.597572 
6013.068658 3.077561 
6013.168658 4.557500 
6013.268658 6.023191 
6013.368658 7.459541 
6013.468658 8.850714 
6013.568658 10.180342 
6013.668658 11.431780 
6013.768658 12.588428 
6013.868658 13.634085 
6013.968658 14.553358 
6014.068658 15.332073 
6014.168658 15.957707 
6014.268658 16.419791 
6014.368658 16.710268 
6014.468658 16.823792 
6014.568658 16.757935 
6014.668658 16.513295 
6014.768658 16.093494 
6014.868658 15.505064 
6014.968658 14.757227 
6015.068658 13.861597 
6015.168658 12.831801 
6015.268658 11.683061 
6015.368658 10.431755 
6015.468658 9.094981 
6015.568658 7.690136 
6015.668658 6.234549 
6015.768658 4.745148 
6015.868658 3.238194 
6015.968658 1.729071 
6016.068658 0.232132 
6016.168658 -1.239402 
6016.268658 -2.673494 
6016.368658 -4.059305 
6016.468658 -5.387178 
6016.568658 -6.648589 
6016.668658 -7.836095 
6016.768658 -8.943253 
6016.868658 -9.964547 
6016.968658 -10.895301 
6017.068658 -11.731598 
6017.168658 -12.470207 
6017.268658 -13.108502 
6017.368658 -13.644404 
6017.468658 -14.076316 
6017.568658 -14.403076 
6017.668658 -14.623917 
6017.768658 -14.738426 
6017.868658 -14.746532 
6017.968658 -14.648479 
6018.068658 -14.444825 
6018.168658 -14.136447 
6018.268658 -13.724545 
6018.368658 -13.210664 
6018.468658 -12.596724 
6018.568658 -11.885054 
6018.668658 -11.078435 
6018.768658 -10.180150 
6018.868658 -9.194046 
6018.968658 -8.124597 
6019.068658 -6.976967 
6019.168658 -5.757092 
6019.268658 -4.471740 
6019.368658 -3.128594 
6019.468658 -1.736303 
6019.568658 -0.304546 
6019.668658 1.155935 
6019.768658 2.633320 
6019.868658 4.114720 
6019.968658 5.586228 
6020.068658 7.033004 
6020.168658 8.439417 
6020.268658 9.789233 
6020.368658 11.065860 
6020.468658 12.252647 
6020.568658 13.333234 
6020.668658 14.291941 
6020.768658 15.114186 
6020.868658 15.786906 
6020.968658 16.298976 
6021.068658 16.641581 
6021.168658 16.808537 
6021.268658 16.796525 
6021.368658 16.605231 
6021.468658 16.237379 
6021.568658 15.698644 
6021.668658 14.997472 
6021.768658 14.144797 
6021.868658 13.153683 
6021.968658 12.038922 
6022.068658 10.816591 
6022.168658 9.503615 
6022.268658 8.117346 
6022.368658 6.675169 
6022.468658 5.194162 
6022.568658 3.690812 
6022.668658 2.180783 
6022.768658 0.678752 
6022.868658 -0.801715 
6022.968658 -2.248223 
6023.068658 -3.649573 
6023.168658 -4.995757 
6023.268658 -6.277919 
6023.368658 -7.488298 
6023.468658 -8.620161 
6023.568658 -9.667720 
6023.668658 -10.626057 
6023.768658 -11.491036 
6023.868658 -12.259229 
6023.968658 -12.927835 
6024.068658 -13.494617 
6024.168658 -13.957841 
6024.268658 -14.316219 
6024.368658 -14.568867 
6024.468658 -14.715272 
6024.568658 -14.755261 
6024.668658 -14.688984 
6024.768658 -14.516907 
6024.868658 -14.239809 
6024.968658 -13.858792 
6025.068658 -13.375295 
6025.168658 -12.791124 
6025.268658 -12.108478 
6025.368658 -11.329999 
6025.468658 -10.458813 
6025.568658 -9.498594 
6025.668658 -8.453618 
6025.768658 -7.328837 
6025.868658 -6.129945 
6025.968658 -4.863457 
6026.068658 -3.536772 
6026.168658 -2.158244 
6026.268658 -0.737239 
6026.368658 0.715824 
6026.468658 2.189446 
6026.568658 3.671058 
6026.668658 5.147048 
6026.768658 6.602845 
6026.868658 8.023038 
6026.968658 9.391549 
6027.068658 10.691865 
6027.168658 11.907319 
6027.268658 13.021424 
6027.368658 14.018253 
6027.468658 14.882850 
6027.568658 15.601654 
6027.668658 16.162916 
6027.768658 16.557092 
6027.868658 16.777181 
6027.968658 16.818985 
6028.068658 16.681283 
6028.168658 16.365890 
6028.268658 15.877612 
6028.368658 15.224090 
6028.468658 14.415546 
6028.568658 13.464448 
6028.668658 12.385112 
6028.768658 11.193279 
6028.868658 9.905665 
6028.968658 8.539535 
6029.068658 7.112304 
6029.168658 5.641174 
6029.268658 4.142836 
6029.368658 2.633221 
6029.468658 1.127317 
6029.568658 -0.360969 
6029.668658 -1.818886 
6029.768658 -3.234876 
6029.868658 -4.598577 
6029.968658 -5.900793 
6030.068658 -7.133441 
6030.168658 -8.289487 
6030.268658 -9.362870 
6030.368658 -10.348420 
6030.468658 -11.241774 
6030.568658 -12.039299 
6030.668658 -12.738015 
6030.768658 -13.335523 
6030.868658 -13.829943 
6030.968658 -14.219859 
6031.068658 -14.504269 
6031.168658 -14.682554 
6031.268658 -14.754440 
6031.368658 -14.719981 
6031.468658 -14.579551 
6031.568658 -14.333832 
6031.668658 -13.983829 
6031.768658 -13.530879 
6031.868658 -12.976672 
6031.968658 -12.323287 
6032.068658 -11.573229 
6032.168658 -10.729473 
6032.268658 -9.795522 
6032.368658 -8.775464 
6032.468658 -7.674041 
6032.568658 -6.496720 
6032.668658 -5.249759 
6032.768658 -3.940285 
6032.868658 -2.576361 
6032.968658 -1.167044 
6033.068658 0.277567 
6033.168658 1.746298 
6033.268658 3.226897 
6033.368658 4.706060 
6033.468658 6.169492 
6033.568658 7.602017 
6033.668658 8.987738 
6033.768658 10.310244 
6033.868658 11.552881 
6033.968658 12.699070 
6034.068658 13.732675 
6034.168658 14.638403 
6034.268658 15.402232 
6034.368658 16.011826 
6034.468658 16.456942 
6034.568658 16.729786 
6034.668658 16.825297 
6034.768658 16.741349 
6034.868658 16.478849 
6034.968658 16.041716 
6035.068658 15.436764 
6035.168658 14.673474 
6035.268658 13.763680 
6035.368658 12.721188 
6035.468658 11.561357 
6035.568658 10.300658 
6035.668658 8.956235 
6035.768658 7.545498 
6035.868658 6.085746 
6035.968658 4.593853 
6036.068658 3.086000 
6036.168658 1.577473 
6036.268658 0.082514 
6036.368658 -1.385774 
6036.468658 -2.815472 
6036.568658 -4.195865 
6036.668658 -5.517408 
6036.768658 -6.771694 
6036.868658 -7.951380 
6036.968658 -9.050123 
6037.068658 -10.062494 
6037.168658 -10.983896 
6037.268658 -11.810487 
6037.368658 -12.539098 
6037.468658 -13.167163 
6037.568658 -13.692653 
6037.668658 -14.114016 
6037.768658 -14.430134 
6037.868658 -14.640274 
6037.968658 -14.744062 
6038.068658 -14.741455 
6038.168658 -14.632732 
6038.268658 -14.418483 
6038.368658 -14.099614 
6038.468658 -13.677361 
6038.568658 -13.153306 
6038.668658 -12.529408 
6038.768658 -11.808038 
6038.868658 -10.992025 
6038.968658 -10.084708 
6039.068658 -9.089994 
6039.168658 -8.012421 
6039.268658 -6.857231 
6039.368658 -5.630437 
6039.468658 -4.338900 
6039.568658 -2.990393 
6039.668658 -1.593670 
6039.768658 -0.158515 
6039.868658 1.304223 
6039.968658 2.782614 
6040.068658 4.263664 
6040.168658 5.733366 
6040.268658 7.176795 
6040.368658 8.578250 
6040.468658 9.921447 
6040.568658 11.189775 
6040.668658 12.366595 
6040.768658 13.435598 
6040.868658 14.381195 
6040.968658 15.188938 
6041.068658 15.845941 
6041.168658 16.341294 
6041.268658 16.666437 
6041.368658 16.815463 
6041.468658 16.785352 
6041.568658 16.576097 
6041.668658 16.190722 
6041.768658 15.635195 
6041.868658 14.918226 
6041.968658 14.050979 
6042.068658 13.046713 
6042.168658 11.920368 
6042.268658 10.688127 
6042.368658 9.366978 
6042.468658 7.974291 
6042.568658 6.527436 
6042.668658 5.043443 
6042.768658 3.538725 
6042.868658 2.028856 
6042.968658 0.528401 
6043.068658 -0.949186 
6043.168658 -2.391631 
6043.268658 -3.787857 
6043.368658 -5.127974 
6043.468658 -6.403237 
6043.568658 -7.605995 
6043.668658 -8.729610 
6043.768658 -9.768389 
6043.868658 -10.717495 
6043.968658 -11.572868 
6044.068658 -12.331144 
6044.168658 -12.989584 
6044.268658 -13.546003 
6044.368658 -13.998715 
6044.468658 -14.346474 
6044.568658 -14.588436 
6044.668658 -14.724122 
6044.768658 -14.753392 
6044.868658 -14.676430 
6044.968658 -14.493731 
6045.068658 -14.206108 
6045.168658 -13.814695 
6045.268658 -13.320967 
6045.368658 -12.726767 
6045.468658 -12.034339 
6045.568658 -11.246369 
6045.668658 -10.366038 
6045.768658 -9.397075 
6045.868658 -8.343822 
6045.968658 -7.211303 
6046.068658 -6.005292 
6046.168658 -4.732388 
6046.268658 -3.400085 
6046.368658 -2.016836 
6046.468658 -0.592111 
6046.568658 0.863561 
6046.668658 2.338576 
6046.768658 3.820255 
6046.868658 5.294885 
6046.968658 6.747806 
6047.068658 8.163529 
6047.168658 9.525923 
6047.268658 10.818444 
6047.368658 12.024427 
6047.468658 13.127425 
6047.568658 14.111590 
6047.668658 14.962086 
6047.768658 15.665515 
6047.868658 16.210335 
6047.968658 16.587245 
6048.068658 16.789513 
6048.168658 16.813237 
6048.268658 16.657500 
6048.368658 16.324422 
6048.468658 15.819104 
6048.568658 15.149460 
6048.668658 14.325955 
6048.768658 13.361261 
6048.868658 12.269859 
6048.968658 11.067606 
6049.068658 9.771293 
6049.168658 8.398220 
6049.268658 6.965792 
6049.368658 5.491176 
6049.468658 3.990995 
6049.568658 2.481092 
6049.668658 0.976352 
6049.768658 -0.509433 
6049.868658 -1.963629 
6049.968658 -3.374800 
6050.068658 -4.732704 
6050.168658 -6.028259 
6050.268658 -7.253492 
6050.368658 -8.401469 
6050.468658 -9.466223 
6050.568658 -10.442668 
6050.668658 -11.326520 
6050.768658 -12.114215 
6050.868658 -12.802834 
6050.968658 -13.390033 
6051.068658 -13.873981 
6051.168658 -14.253306 
6051.268658 -14.527047 
6051.368658 -14.694618 
6051.468658 -14.755782 
6051.568658 -14.710625 
6051.668658 -14.559550 
6051.768658 -14.303274 
6051.868658 -13.942833 
6051.968658 -13.479597 
6052.068658 -12.915298 
6052.168658 -12.252052 
6052.268658 -11.492411 
6052.368658 -10.639400 
6052.468658 -9.696577 
6052.568658 -8.668095 
6052.668658 -7.558766 
6052.768658 -6.374131 
6052.868658 -5.120534 
6052.968658 -3.805193 
6053.068658 -2.436268 
6053.168658 -1.022920 
6053.268658 0.424645 
6053.368658 1.895145 
6053.468658 3.376219 
6053.568658 4.854460 
6053.668658 6.315479 
6053.768658 7.744020 
6053.868658 9.124121 
6053.968658 10.439336 
6054.068658 11.673003 
6054.168658 12.808569 
6054.268658 13.829965 
6054.368658 14.722008 
6054.468658 15.470824 
6054.568658 16.064272 
6054.668658 16.492341 
6054.768658 16.747500 
6054.868658 16.824977 
6054.968658 16.722949 
6055.068658 16.442627 
6055.168658 15.988231 
6055.268658 15.366856 
6055.368658 14.588233 
6055.468658 13.664415 
6055.568658 12.609383 
6055.668658 11.438629 
6055.768658 10.168711 
6055.868658 8.816817 
6055.968658 7.400362 
6056.068658 5.936618 
6056.168658 4.442397 
6056.268658 2.933800 
6056.368658 1.426013 
6056.468658 -0.066833 
6056.568658 -1.531752 
6056.668658 -2.956949 
6056.768658 -4.331826 
6056.868658 -5.646956 
6056.968658 -6.894041 
6057.068658 -8.065843 
6057.168658 -9.156116 
6057.268658 -10.159516 
6057.368658 -11.071529 
6057.468658 -11.888381 
6057.568658 -12.606969 
6057.668658 -13.224783 
6057.768658 -13.739844 
6057.868658 -14.150648 
6057.968658 -14.456116 
6058.068658 -14.655552 
6058.168658 -14.748617 
6058.268658 -14.735301 
6058.368658 -14.615914 
6058.468658 -14.391078 
6058.568658 -14.061732 
6058.668658 -13.629145 
6058.768658 -13.094935 
6058.868658 -12.461101 
6058.968658 -11.730060 
6059.068658 -10.904688 
6059.168658 -9.988379 
6059.268658 -8.985100 
6059.368658 -7.899457 
6059.468658 -6.736767 
6059.568658 -5.503125 
6059.668658 -4.205480 
6059.768658 -2.851702 
6059.868658 -1.450646 
6059.968658 -0.012203 
6060.068658 1.452670 
6060.168658 2.931935 
6060.268658 4.412493 
6060.368658 5.880238 
6060.468658 7.320161 
6060.568658 8.716491 
6060.668658 10.052901 
6060.768658 11.312760 
6060.868658 12.479448 
6060.968658 13.536708 
6061.068658 14.469049 
6061.168658 15.262158 
6061.268658 15.903332 
6061.368658 16.381883 
6061.468658 16.689503 
6061.568658 16.820568 
6061.668658 16.772358 
6061.768658 16.545172 
6061.868658 16.142337 
6061.968658 15.570106 
6062.068658 14.837452 
6062.168658 13.955769 
6062.268658 12.938502 
6062.368658 11.800738 
6062.468658 10.558761 
6062.568658 9.229615 
6062.668658 7.830686 
6062.768658 6.379326 
6062.868658 4.892514 
6062.968658 3.386588 
6063.068658 1.877025 
6063.168658 0.378284 
6063.268658 -1.096299 
6063.368658 -2.534569 
6063.468658 -3.925571 
6063.568658 -5.259531 
6063.668658 -6.527819 
6063.768658 -7.722887 
6063.868658 -8.838198 
6063.968658 -9.868148 
6064.068658 -10.807982 
6064.168658 -11.653714 
6064.268658 -12.402045 
6064.368658 -13.050297 
6064.468658 -13.596337 
6064.568658 -14.038524 
6064.668658 -14.375655 
6064.768658 -14.606926 
6064.868658 -14.731891 
6064.968658 -14.750445 
6065.068658 -14.662801 
6065.168658 -14.469490 
6065.268658 -14.171353 
6065.368658 -13.769558 
6065.468658 -13.265618 
6065.568658 -12.661413 
6065.668658 -11.959230 
6065.768658 -11.161802 
6065.868658 -10.272362 
6065.968658 -9.294699 
6066.068658 -8.233221 
6066.168658 -7.093023 
6066.268658 -5.879959 
6066.368658 -4.600716 
6066.468658 -3.262880 
6066.568658 -1.875006 
6066.668658 -0.446669 
6066.768658 1.011496 
6066.868658 2.487775 
6066.968658 3.969381 
6067.068658 5.442503 
6067.168658 6.892390 
6067.268658 8.303480 
6067.368658 9.659588 
6067.468658 10.944144 
6067.568658 12.140490 
6067.668658 13.232220 
6067.768658 14.203569 
6067.868658 15.039827 
6067.968658 15.727765 
6068.068658 16.256049 
6068.168658 16.615622 
6068.268658 16.800030 
6068.368658 16.805665 
6068.468658 16.631914 
6068.568658 16.281203 
6068.668658 15.758926 
6068.768658 15.073267 
6068.868658 14.234930 
6068.968658 13.256787 
6069.068658 12.153479 
6069.168658 10.940977 
6069.268658 9.636143 
6069.368658 8.256302 
6069.468658 6.818853 
6069.568658 5.340920 
6069.668658 3.839056 
6069.768658 2.329017 
6069.868658 0.825580 
6069.968658 -0.657575 
6070.068658 -2.107934 
6070.168658 -3.514183 
6070.268658 -4.866198 
6070.368658 -6.155011 
6070.468658 -7.372757 
6070.568658 -8.512605 
6070.668658 -9.568678 
6070.768658 -10.535976 
6070.868658 -11.410290 
6070.968658 -12.188126 
6071.068658 -12.866624 
6071.168658 -13.443495 
6071.268658 -13.916957 
6071.368658 -14.285681 
6071.468658 -14.548746 
6071.568658 -14.705602 
6071.668658 -14.756044 
6071.768658 -14.700192 
6071.868658 -14.538481 
6071.968658 -14.271658 
6072.068658 -13.900792 
6072.168658 -13.427290 
6072.268658 -12.852918 
6072.368658 -12.179838 
6072.468658 -11.410644 
6072.568658 -10.548414 
6072.668658 -9.596763 
6072.768658 -8.559906 
6072.868658 -7.442726 
6072.968658 -6.250841 
6073.068658 -4.990681 
6073.168658 -3.669556 
6073.268658 -2.295724 
6073.368658 -0.878448 
6073.468658 0.571957 
6073.568658 2.044100 
6073.668658 3.525513 
6073.768658 5.002686 
6073.868658 6.461137 
6073.968658 7.885531 
6074.068658 9.259846 
6074.168658 10.567600 
6074.268658 11.792128 
6074.368658 12.916908 
6074.468658 13.925941 
6074.568658 14.804156 
6074.668658 15.537837 
6074.768658 16.115038 
6074.868658 16.525984 
6074.968658 16.763409 
6075.068658 16.822833 
6075.168658 16.702737 
6075.268658 16.404636 
6075.368658 15.933049 
6075.468658 15.295349 
6075.568658 14.501517 
6075.668658 13.563816 
6075.768658 12.496403 
6075.868658 11.314894 
6075.968658 10.035931 
6076.068658 8.676743 
6076.168658 7.254747 
6076.268658 5.787180 
6076.368658 4.290796 
6076.468658 2.781609 
6076.568658 1.274706 
6076.668658 -0.215895 
6076.768658 -1.677327 
6076.868658 -3.097914 
6076.968658 -4.467179 
6077.068658 -5.775811 
6077.168658 -7.015622 
6077.268658 -8.179478 
6077.368658 -9.261226 
6077.468658 -10.255610 
6077.568658 -11.158194 
6077.668658 -11.965277 
6077.768658 -12.673816 
6077.868658 -13.281359 
6077.968658 -13.785977 
6078.068658 -14.186210 
6078.168658 -14.481020 
6078.268658 -14.669749 
6078.368658 -14.752091 
6078.468658 -14.728070 
6078.568658 -14.598025 
6078.668658 -14.362612 
6078.768658 -14.022801 
6078.868658 -13.579896 
6078.968658 -13.035552 
6079.068658 -12.391808 
6079.168658 -11.651124 
6079.268658 -10.816427 
6079.368658 -9.891166 
6079.468658 -8.879369 
6079.568658 -7.785711 
6079.668658 -6.615582 
6079.768658 -5.375162 
6079.868658 -4.071489 
6079.968658 -2.712530 
6080.068658 -1.307242 
6080.168658 0.134379 
6080.268658 1.601265 
6080.368658 3.081271 
6080.468658 4.561192 
6080.568658 6.026829 
6080.668658 7.463085 
6080.768658 8.854125 
6080.868658 10.183578 
6080.968658 11.434800 
6081.068658 12.591190 
6081.168658 13.636550 
6081.268658 14.555487 
6081.368658 15.333834 
6081.468658 15.959072 
6081.568658 16.420735 
6081.668658 16.710775 
6081.768658 16.823851 
6081.868658 16.757545 
6081.968658 16.512461 
6082.068658 16.092229 
6082.168658 15.503387 
6082.268658 14.755165 
6082.368658 13.859181 
6082.468658 12.829068 
6082.568658 11.680050 
6082.668658 10.428510 
6082.768658 9.091543 
6082.868658 7.686550 
6082.968658 6.230857 
6083.068658 4.741392 
6083.168658 3.234414 
6083.268658 1.725304 
6083.368658 0.228413 
6083.468658 -1.243042 
6083.568658 -2.677027 
6083.668658 -4.062705 
6083.768658 -5.390421 
6083.868658 -6.651656 
6083.968658 -7.838968 
6084.068658 -8.945919 
6084.168658 -9.966991 
6084.268658 -10.897513 
6084.368658 -11.733570 
6084.468658 -12.471930 
6084.568658 -13.109972 
6084.668658 -13.645615 
6084.768658 -14.077265 
6084.868658 -14.403762 
6084.968658 -14.624336 
6085.068658 -14.738580 
6085.168658 -14.746419 
6085.268658 -14.648100 
6085.368658 -14.444184 
6085.468658 -14.135545 
6085.568658 -13.723385 
6085.668658 -13.209251 
6085.768658 -12.595064 
6085.868658 -11.883153 
6085.968658 -11.076300 
6086.068658 -10.177790 
6086.168658 -9.191472 
6086.268658 -8.121820 
6086.368658 -6.974002 
6086.468658 -5.753954 
6086.568658 -4.468448 
6086.668658 -3.125167 
6086.768658 -1.732765 
6086.868658 -0.300923 
6086.968658 1.159616 
6087.068658 2.637028 
6087.168658 4.118421 
6087.268658 5.589886 
6087.368658 7.036581 
6087.468658 8.442873 
6087.568658 9.792526 
6087.668658 11.068949 
6087.768658 12.255490 
6087.868658 13.335791 
6087.968658 14.294175 
6088.068658 15.116061 
6088.168658 15.788392 
6088.268658 16.300048 
6088.368658 16.642220 
6088.468658 16.808731 
6088.568658 16.796269 
6088.668658 16.604529 
6088.768658 16.236241 
6088.868658 15.697088 
6088.968658 14.995522 
6089.068658 14.142483 
6089.168658 13.151042 
6089.268658 12.035990 
6089.368658 10.813411 
6089.468658 9.500231 
6089.568658 8.113800 
6089.668658 6.671504 
6089.768658 5.190421 
6089.868658 3.687035 
6089.968658 2.177009 
6090.068658 0.675015 
6090.168658 -0.805382 
6090.268658 -2.251790 
6090.368658 -3.653014 
6090.468658 -4.999049 
6090.568658 -6.281041 
6090.668658 -7.491231 
6090.768658 -8.622890 
6090.868658 -9.670231 
6090.968658 -10.628339 
6091.068658 -11.493081 
6091.168658 -12.261027 
6091.268658 -12.929381 
6091.368658 -13.495906 
6091.468658 -13.958869 
6091.568658 -14.316983 
6091.668658 -14.569366 
6091.768658 -14.715505 
6091.868658 -14.755228 
6091.968658 -14.688685 
6092.068658 -14.516344 
6092.168658 -14.238985 
6092.268658 -13.857709 
6092.368658 -13.373958 
6092.468658 -12.789537 
6092.568658 -12.106648 
6092.668658 -11.327933 
6092.768658 -10.456520 
6092.868658 -9.496083 
6092.968658 -8.450901 
6093.068658 -7.325926 
6093.168658 -6.126858 
6093.268658 -4.860209 
6093.368658 -3.533383 
6093.468658 -2.154737 
6093.568658 -0.733638 
6093.668658 0.719491 
6093.768658 2.193150 
6093.868658 3.674764 
6093.968658 5.150723 
6094.068658 6.606450 
6094.168658 8.026534 
6094.268658 9.394895 
6094.368658 10.695020 
6094.468658 11.910240 
6094.568658 13.024071 
6094.668658 14.020588 
6094.768658 14.884837 
6094.868658 15.603260 
6094.968658 16.164114 
6095.068658 16.557862 
6095.168658 16.777509 
6095.268658 16.818865 
6095.368658 16.680715 
6095.468658 16.364881 
6095.568658 15.876179 
6095.668658 15.222255 
6095.768658 14.413338 
6095.868658 13.461900 
6095.968658 12.382263 
6096.068658 11.190169 
6096.168658 9.902337 
6096.268658 8.536033 
6096.368658 7.108670 
6096.468658 5.637451 
6096.568658 4.139066 
6096.668658 2.629442 
6096.768658 1.123565 
6096.868658 -0.364661 
6096.968658 -1.822486 
6097.068658 -3.238358 
6097.168658 -4.601916 
6097.268658 -5.903967 
6097.368658 -7.136432 
6097.468658 -8.292279 
6097.568658 -9.365448 
6097.668658 -10.350772 
6097.768658 -11.243890 
6097.868658 -12.041172 
6097.968658 -12.739638 
6098.068658 -13.336890 
6098.168658 -13.831050 
6098.268658 -14.220702 
6098.368658 -14.504848 
6098.468658 -14.682867 
6098.568658 -14.754486 
6098.668658 -14.719762 
6098.768658 -14.579067 
6098.868658 -14.333086 
6098.968658 -13.982824 
6099.068658 -13.529617 
6099.168658 -12.975160 
6099.268658 -12.321530 
6099.368658 -11.571233 
6099.468658 -10.727247 
6099.568658 -9.793075 
6099.668658 -8.772807 
6099.768658 -7.671187 
6099.868658 -6.493683 
6099.968658 -5.246557 
6100.068658 -3.936937 
6100.168658 -2.572887 
6100.268658 -1.163468 
6100.368658 0.281217 
6100.468658 1.749994 
6100.568658 3.230606 
6100.668658 4.709748 
6100.768658 6.173121 
6100.868658 7.605550 
6100.968658 8.991134 
6101.068658 10.313461 
6101.168658 11.555877 
6101.268658 12.701804 
6101.368658 13.735107 
6101.468658 14.640498 
6101.568658 15.403955 
6101.668658 16.013149 
6101.768658 16.457842 
6101.868658 16.730247 
6101.968658 16.825311 
6102.068658 16.740914 
6102.168658 16.477970 
6102.268658 16.040408 
6102.368658 15.435047 
6102.468658 14.671375 
6102.568658 13.761231 
6102.668658 12.718425 
6102.768658 11.558321 
6102.868658 10.297391 
6102.968658 8.952781 
6103.068658 7.541899 
6103.168658 6.082046 
6103.268658 4.590093 
6103.368658 3.082220 
6103.468658 1.573709 
6103.568658 0.078801 
6103.668658 -1.389404 
6103.768658 -2.818993 
6103.868658 -4.199249 
6103.968658 -5.520634 
6104.068658 -6.774742 
6104.168658 -7.954233 
6104.268658 -9.052767 
6104.368658 -10.064915 
6104.468658 -10.986085 
6104.568658 -11.812434 
6104.668658 -12.540797 
6104.768658 -13.168607 
6104.868658 -13.693838 
6104.968658 -14.114939 
6105.068658 -14.430792 
6105.168658 -14.640667 
6105.268658 -14.744188 
6105.368658 -14.741315 
6105.468658 -14.632327 
6105.568658 -14.417815 
6105.668658 -14.098686 
6105.768658 -13.676176 
6105.868658 -13.151869 
6105.968658 -12.527723 
6106.068658 -11.806112 
6106.168658 -10.989867 
6106.268658 -10.082326 
6106.368658 -9.087399 
6106.468658 -8.009625 
6106.568658 -6.854248 
6106.668658 -5.627283 
6106.768658 -4.335593 
6106.868658 -2.986954 
6106.968658 -1.590122 
6107.068658 -0.154884 
6107.168658 1.307908 
6107.268658 2.786322 
6107.368658 4.267362 
6107.468658 5.737017 
6107.568658 7.180362 
6107.668658 8.581691 
6107.768658 9.924721 
6107.868658 11.192841 
6107.968658 12.369411 
6108.068658 13.438124 
6108.168658 14.383394 
6108.268658 15.190775 
6108.368658 15.847386 
6108.468658 16.342324 
6108.568658 16.667032 
6108.668658 16.815612 
6108.768658 16.785051 
6108.868658 16.575350 
6108.968658 16.189541 
6109.068658 15.633599 
6109.168658 14.916238 
6109.268658 14.048631 
6109.368658 13.044040 
6109.468658 11.917410 
6109.568658 10.684925 
6109.668658 9.363575 
6109.768658 7.970731 
6109.868658 6.523761 
6109.968658 5.039696 
6110.068658 3.534947 
6110.168658 2.025083 
6110.268658 0.524670 
6110.368658 -0.952844 
6110.468658 -2.395187 
6110.568658 -3.791285 
6110.668658 -5.131249 
6110.768658 -6.406341 
6110.868658 -7.608908 
6110.968658 -8.732318 
6111.068658 -9.770878 
6111.168658 -10.719755 
6111.268658 -11.574888 
6111.368658 -12.332917 
6111.468658 -12.991104 
6111.568658 -13.547266 
6111.668658 -13.999717 
6111.768658 -14.347212 
6111.868658 -14.588908 
6111.968658 -14.724328 
6112.068658 -14.753332 
6112.168658 -14.676104 
6112.268658 -14.493142 
6112.368658 -14.205257 
6112.468658 -13.813586 
6112.568658 -13.319604 
6112.668658 -12.725156 
6112.768658 -12.032485 
6112.868658 -11.244280 
6112.968658 -10.363722 
6113.068658 -9.394542 
6113.168658 -8.341085 
6113.268658 -7.208374 
6113.368658 -6.002187 
6113.468658 -4.729125 
6113.568658 -3.396684 
6113.668658 -2.013318 
6113.768658 -0.588503 
6113.868658 0.867234 
6113.968658 2.342281 
6114.068658 3.823960 
6114.168658 5.298555 
6114.268658 6.751402 
6114.368658 8.167012 
6114.468658 9.529251 
6114.568658 10.821577 
6114.668658 12.027323 
6114.768658 13.130043 
6114.868658 14.113891 
6114.968658 14.964035 
6115.068658 15.667081 
6115.168658 16.211492 
6115.268658 16.587971 
6115.368658 16.789796 
6115.468658 16.813071 
6115.568658 16.656886 
6115.668658 16.323370 
6115.768658 15.817630 
6115.868658 15.147587 
6115.968658 14.323712 
6116.068658 13.358682 
6116.168658 12.266982 
6116.268658 11.064472 
6116.368658 9.767946 
6116.468658 8.394702 
6116.568658 6.962148 
6116.668658 5.487447 
6116.768658 3.987222 
6116.868658 2.477314 
6116.968658 0.972604 
6117.068658 -0.513116 
6117.168658 -1.967218 
6117.268658 -3.378269 
6117.368658 -4.736028 
6117.468658 -6.031416 
6117.568658 -7.256463 
6117.668658 -8.404239 
6117.768658 -9.468778 
6117.868658 -10.444997 
6117.968658 -11.328613 
6118.068658 -12.116063 
6118.168658 -12.804431 
6118.268658 -13.391374 
6118.368658 -13.875062 
6118.468658 -14.254123 
6118.568658 -14.527599 
6118.668658 -14.694904 
6118.768658 -14.755801 
6118.868658 -14.710379 
6118.968658 -14.559039 
6119.068658 -14.302501 
6119.168658 -13.941801 
6119.268658 -13.478311 
6119.368658 -12.913760 
6119.468658 -12.250270 
6119.568658 -11.490391 
6119.668658 -10.637151 
6119.768658 -9.694108 
6119.868658 -8.665418 
6119.968658 -7.555893 
6120.068658 -6.371077 
6120.168658 -5.117316 
6120.268658 -3.801831 
6120.368658 -2.432783 
6120.468658 -1.019336 
6120.568658 0.428301 
6120.668658 1.898843 
6120.768658 3.379927 
6120.868658 4.858144 
6120.968658 6.319101 
6121.068658 7.747541 
6121.168658 9.127501 
6121.268658 10.442532 
6121.368658 11.675974 
6121.468658 12.811274 
6121.568658 13.832365 
6121.668658 14.724066 
6121.768658 15.472507 
6121.868658 16.065553 
6121.968658 16.493198 
6122.068658 16.747918 
6122.168658 16.824946 
6122.268658 16.722469 
6122.368658 16.441705 
6122.468658 15.986881 
6122.568658 15.365099 
6122.668658 14.586097 
6122.768658 13.661932 
6122.868658 12.606591 
6122.968658 11.435568 
6123.068658 10.165423 
6123.168658 8.813346 
6123.268658 7.396751 
6123.368658 5.932910 
6123.468658 4.438633 
6123.568658 2.930020 
6123.668658 1.422253 
6123.768658 -0.070539 
6123.868658 -1.535373 
6123.968658 -2.960457 
6124.068658 -4.335195 
6124.168658 -5.650165 
6124.268658 -6.897070 
6124.368658 -8.068676 
6124.468658 -9.158737 
6124.568658 -10.161914 
6124.668658 -11.073693 
6124.768658 -11.890303 
6124.868658 -12.608642 
6124.968658 -13.226201 
6125.068658 -13.741003 
6125.168658 -14.151544 
6125.268658 -14.456747 
6125.368658 -14.655918 
6125.468658 -14.748716 
6125.568658 -14.735134 
6125.668658 -14.615483 
6125.768658 -14.390384 
6125.868658 -14.060778 
6125.968658 -13.627934 
6126.068658 -13.093472 
6126.168658 -12.459392 
6126.268658 -11.728111 
6126.368658 -10.902507 
6126.468658 -9.985975 
6126.568658 -8.982484 
6126.668658 -7.896642 
6126.768658 -6.733766 
6126.868658 -5.499954 
6126.968658 -4.202158 
6127.068658 -2.848251 
6127.168658 -1.447089 
6127.268658 -0.008565 
6127.368658 1.456359 
6127.468658 2.935644 
6127.568658 4.416188 
6127.668658 5.883883 
6127.768658 7.323717 
6127.868658 8.719917 
6127.968658 10.056156 
6128.068658 11.315803 
6128.168658 12.482237 
6128.268658 13.539204 
6128.368658 14.471213 
6128.468658 15.263957 
6128.568658 15.904737 
6128.668658 16.382869 
6128.768658 16.690053 
6128.868658 16.820672 
6128.968658 16.772012 
6129.068658 16.544381 
6129.168658 16.141113 
6129.268658 15.568469 
6129.368658 14.835427 
6129.468658 13.953386 
6129.568658 12.935799 
6129.668658 11.797754 
6129.768658 10.555536 
6129.868658 9.226194 
6129.968658 7.827113 
6130.068658 6.375643 
6130.168658 4.888763 
6130.268658 3.382808 
6130.368658 1.873255 
6130.468658 0.374558 
6130.568658 -1.099948 
6130.668658 -2.538113 
6130.768658 -3.928984 
6130.868658 -5.262790 
6130.968658 -6.530904 
6131.068658 -7.725780 
6131.168658 -8.840884 
6131.268658 -9.870614 
6131.368658 -10.810218 
6131.468658 -11.655709 
6131.568658 -12.403793 
6131.668658 -13.051792 
6131.768658 -13.597573 
6131.868658 -14.039499 
6131.968658 -14.376366 
6132.068658 -14.607371 
6132.168658 -14.732070 
6132.268658 -14.750358 
6132.368658 -14.662449 
6132.468658 -14.468874 
6132.568658 -14.170476 
6132.668658 -13.768424 
6132.768658 -13.264230 
6132.868658 -12.659777 
6132.968658 -11.957352 
6133.068658 -11.159689 
6133.168658 -10.270024 
6133.268658 -9.292145 
6133.368658 -8.230463 
6133.468658 -7.090075 
6133.568658 -5.876838 
6133.668658 -4.597438 
6133.768658 -3.259466 
6133.868658 -1.871478 
6133.968658 -0.443052 
6134.068658 1.015173 
6134.168658 2.491481 
6134.268658 3.973084 
6134.368658 5.446167 
6134.468658 6.895976 
6134.568658 8.306949 
6134.668658 9.662898 
6134.768658 10.947255 
6134.868658 12.143359 
6134.968658 13.234807 
6135.068658 14.205836 
6135.168658 15.041739 
6135.268658 15.729290 
6135.368658 16.257163 
6135.468658 16.616305 
6135.568658 16.800269 
6135.668658 16.805454 
6135.768658 16.631256 
6135.868658 16.280108 
6135.968658 15.757410 
6136.068658 15.071355 
6136.168658 14.232651 
6136.268658 13.254176 
6136.368658 12.150574 
6136.468658 10.937820 
6136.568658 9.632776 
6136.668658 8.252770 
6136.768658 6.815198 
6136.868658 5.337184 
6136.968658 3.835281 
6137.068658 2.325240 
6137.168658 0.821837 
6137.268658 -0.661250 
6137.368658 -2.111512 
6137.468658 -3.517638 
6137.568658 -4.869506 
6137.668658 -6.158150 
6137.768658 -7.375710 
6137.868658 -8.515354 
6137.968658 -9.571211 
6138.068658 -10.538282 
6138.168658 -11.412359 
6138.268658 -12.189949 
6138.368658 -12.868195 
6138.468658 -13.444809 
6138.568658 -13.918011 
6138.668658 -14.286471 
6138.768658 -14.549271 
6138.868658 -14.705861 
6138.968658 -14.756037 
6139.068658 -14.699920 
6139.168658 -14.537944 
6139.268658 -14.270859 
6139.368658 -13.899735 
6139.468658 -13.425978 
6139.568658 -12.851356 
6139.668658 -12.178032 
6139.768658 -11.408601 
6139.868658 -10.546142 
6139.968658 -9.594272 
6140.068658 -8.557208 
6140.168658 -7.439834 
6140.268658 -6.247770 
6140.368658 -4.987448 
6140.468658 -3.666180 
6140.568658 -2.292227 
6140.668658 -0.874855 
6140.768658 0.575619 
6140.868658 2.047801 
6140.968658 3.529220 
6141.068658 5.006365 
6141.168658 6.464751 
6141.268658 7.889039 
6141.368658 9.263209 
6141.468658 10.570776 
6141.568658 11.795074 
6141.668658 12.919584 
6141.768658 13.928308 
6141.868658 14.806178 
6141.968658 15.539481 
6142.068658 16.116277 
6142.168658 16.526797 
6142.268658 16.763782 
6142.368658 16.822757 
6142.468658 16.702211 
6142.568658 16.403670 
6142.668658 15.931657 
6142.768658 15.293553 
6142.868658 14.499344 
6142.968658 13.561301 
6143.068658 12.493582 
6143.168658 11.311808 
6143.268658 10.032622 
6143.368658 8.673256 
6143.468658 7.251124 
6143.568658 5.783465 
6143.668658 4.287029 
6143.768658 2.777829 
6143.868658 1.270950 
6143.968658 -0.219594 
6144.068658 -1.680938 
6144.168658 -3.101409 
6144.268658 -4.470533 
6144.368658 -5.779003 
6144.468658 -7.018632 
6144.568658 -8.182290 
6144.668658 -9.263825 
6144.768658 -10.257985 
6144.868658 -11.160335 
6144.968658 -11.967174 
6145.068658 -12.675463 
6145.168658 -13.282751 
6145.268658 -13.787109 
6145.368658 -14.187080 
6145.468658 -14.481625 
6145.568658 -14.670088 
6145.668658 -14.752164 
6145.768658 -14.727876 
6145.868658 -14.597567 
6145.968658 -14.361891 
6146.068658 -14.021821 
6146.168658 -13.578660 
6146.268658 -13.034064 
6146.368658 -12.390074 
6146.468658 -11.649151 
6146.568658 -10.814223 
6146.668658 -9.888740 
6146.768658 -8.876732 
6146.868658 -7.782876 
6146.968658 -6.612563 
6147.068658 -5.371976 
6147.168658 -4.068154 
6147.268658 -2.709067 
6147.368658 -1.303676 
6147.468658 0.138023 
6147.568658 1.604958 
6147.668658 3.084980 
6147.768658 4.564884 
6147.868658 6.030466 
6147.968658 7.466629 
6148.068658 8.857536 
6148.168658 10.186814 
6148.268658 11.437819 
6148.368658 12.593951 
