descriptor x_range  m_kepler 
5950.268658 13.815453 
5950.368658 13.852574 
5950.468658 13.842218 
5950.568658 13.782567 
5950.668658 13.672189 
5950.768658 13.510093 
5950.868658 13.295780 
5950.968658 13.029283 
5951.068658 12.711195 
5951.168658 12.342686 
5951.268658 11.925494 
5951.368658 11.461915 
5951.468658 10.954761 
5951.568658 10.407311 
5951.668658 9.823248 
5951.768658 9.206586 
5951.868658 8.561585 
5951.968658 7.892669 
5952.068658 7.204338 
5952.168658 6.501089 
5952.268658 5.787338 
5952.368658 5.067352 
5952.468658 4.345194 
5952.568658 3.624672 
5952.668658 2.909310 
5952.768658 2.202318 
5952.868658 1.506581 
5952.968658 0.824652 
5953.068658 0.158755 
5953.168658 -0.489203 
5953.268658 -1.117620 
5953.368658 -1.725180 
5953.468658 -2.310833 
5953.568658 -2.873769 
5953.668658 -3.413398 
5953.768658 -3.929324 
5953.868658 -4.421324 
5953.968658 -4.889325 
5954.068658 -5.333384 
5954.168658 -5.753669 
5954.268658 -6.150439 
5954.368658 -6.524032 
5954.468658 -6.874849 
5954.568658 -7.203340 
5954.668658 -7.509994 
5954.768658 -7.795329 
5954.868658 -8.059886 
5954.968658 -8.304218 
5955.068658 -8.528883 
5955.168658 -8.734443 
5955.268658 -8.921460 
5955.368658 -9.090484 
5955.468658 -9.242061 
5955.568658 -9.376722 
5955.668658 -9.494985 
5955.768658 -9.597356 
5955.868658 -9.684319 
5955.968658 -9.756345 
5956.068658 -9.813886 
5956.168658 -9.857376 
5956.268658 -9.887229 
5956.368658 -9.903843 
5956.468658 -9.907597 
5956.568658 -9.898850 
5956.668658 -9.877945 
5956.768658 -9.845208 
5956.868658 -9.800946 
5956.968658 -9.745450 
5957.068658 -9.678997 
5957.168658 -9.601845 
5957.268658 -9.514238 
5957.368658 -9.416407 
5957.468658 -9.308567 
5957.568658 -9.190919 
5957.668658 -9.063653 
5957.768658 -8.926945 
5957.868658 -8.780958 
5957.968658 -8.625847 
5958.068658 -8.461752 
5958.168658 -8.288805 
5958.268658 -8.107127 
5958.368658 -7.916830 
5958.468658 -7.718016 
5958.568658 -7.510780 
5958.668658 -7.295208 
5958.768658 -7.071379 
5958.868658 -6.839364 
5958.968658 -6.599228 
5959.068658 -6.351032 
5959.168658 -6.094828 
5959.268658 -5.830667 
5959.368658 -5.558593 
5959.468658 -5.278648 
5959.568658 -4.990870 
5959.668658 -4.695297 
5959.768658 -4.391962 
5959.868658 -4.080902 
5959.968658 -3.762150 
5960.068658 -3.435744 
5960.168658 -3.101721 
5960.268658 -2.760125 
5960.368658 -2.411003 
5960.468658 -2.054408 
5960.568658 -1.690401 
5960.668658 -1.319052 
5960.768658 -0.940444 
5960.868658 -0.554671 
5960.968658 -0.161843 
5961.068658 0.237910 
5961.168658 0.644441 
5961.268658 1.057578 
5961.368658 1.477120 
5961.468658 1.902840 
5961.568658 2.334474 
5961.668658 2.771720 
5961.768658 3.214236 
5961.868658 3.661628 
5961.968658 4.113453 
5962.068658 4.569207 
5962.168658 5.028320 
5962.268658 5.490154 
5962.368658 5.953990 
5962.468658 6.419024 
5962.568658 6.884359 
5962.668658 7.348997 
5962.768658 7.811833 
5962.868658 8.271642 
5962.968658 8.727078 
5963.068658 9.176665 
5963.168658 9.618786 
5963.268658 10.051687 
5963.368658 10.473465 
5963.468658 10.882070 
5963.568658 11.275306 
5963.668658 11.650836 
5963.768658 12.006186 
5963.868658 12.338763 
5963.968658 12.645865 
5964.068658 12.924709 
5964.168658 13.172458 
5964.268658 13.386253 
5964.368658 13.563260 
5964.468658 13.700711 
5964.568658 13.795964 
5964.668658 13.846555 
5964.768658 13.850262 
5964.868658 13.805168 
5964.968658 13.709721 
5965.068658 13.562798 
5965.168658 13.363749 
5965.268658 13.112450 
5965.368658 12.809328 
5965.468658 12.455383 
5965.568658 12.052190 
5965.668658 11.601884 
5965.768658 11.107131 
5965.868658 10.571080 
5965.968658 9.997304 
5966.068658 9.389728 
5966.168658 8.752548 
5966.268658 8.090150 
5966.368658 7.407021 
5966.468658 6.707666 
5966.568658 5.996532 
5966.668658 5.277936 
5966.768658 4.556005 
5966.868658 3.834629 
5966.968658 3.117414 
5967.068658 2.407667 
5967.168658 1.708365 
5967.268658 1.022161 
5967.368658 0.351372 
5967.468658 -0.302001 
5967.568658 -0.936271 
5967.668658 -1.550040 
5967.768658 -2.142182 
5967.868658 -2.711820 
5967.968658 -3.258302 
5968.068658 -3.781178 
5968.168658 -4.280176 
5968.268658 -4.755183 
5968.368658 -5.206218 
5968.468658 -5.633420 
5968.568658 -6.037023 
5968.668658 -6.417344 
5968.768658 -6.774765 
5968.868658 -7.109724 
5968.968658 -7.422700 
5969.068658 -7.714204 
5969.168658 -7.984771 
5969.268658 -8.234948 
5969.368658 -8.465296 
5969.468658 -8.676376 
5969.568658 -8.868749 
5969.668658 -9.042969 
5969.768658 -9.199583 
5969.868658 -9.339128 
5969.968658 -9.462126 
5970.068658 -9.569085 
5970.168658 -9.660497 
5970.268658 -9.736836 
5970.368658 -9.798560 
5970.468658 -9.846108 
5970.568658 -9.879900 
5970.668658 -9.900339 
5970.768658 -9.907809 
5970.868658 -9.902675 
5970.968658 -9.885285 
5971.068658 -9.855969 
5971.168658 -9.815041 
5971.268658 -9.762795 
5971.368658 -9.699513 
5971.468658 -9.625459 
5971.568658 -9.540880 
5971.668658 -9.446010 
5971.768658 -9.341070 
5971.868658 -9.226266 
5971.968658 -9.101789 
5972.068658 -8.967819 
5972.168658 -8.824525 
5972.268658 -8.672063 
5972.368658 -8.510576 
5972.468658 -8.340201 
5972.568658 -8.161059 
5972.668658 -7.973267 
5972.768658 -7.776930 
5972.868658 -7.572143 
5972.968658 -7.358996 
5973.068658 -7.137569 
5973.168658 -6.907937 
5973.268658 -6.670166 
5973.368658 -6.424316 
5973.468658 -6.170445 
5973.568658 -5.908602 
5973.668658 -5.638834 
5973.768658 -5.361182 
5973.868658 -5.075687 
5973.968658 -4.782386 
5974.068658 -4.481313 
5974.168658 -4.172505 
5974.268658 -3.855995 
5974.368658 -3.531819 
5974.468658 -3.200016 
5974.568658 -2.860626 
5974.668658 -2.513696 
5974.768658 -2.159276 
5974.868658 -1.797426 
5974.968658 -1.428212 
5975.068658 -1.051714 
5975.168658 -0.668022 
5975.268658 -0.277242 
5975.368658 0.120504 
5975.468658 0.525074 
5975.568658 0.936301 
5975.668658 1.353995 
5975.768658 1.777937 
5975.868658 2.207874 
5975.968658 2.643516 
5976.068658 3.084532 
5976.168658 3.530544 
5976.268658 3.981124 
5976.368658 4.435786 
5976.468658 4.893982 
5976.568658 5.355092 
5976.668658 5.818423 
5976.768658 6.283196 
5976.868658 6.748541 
5976.968658 7.213492 
5977.068658 7.676975 
5977.168658 8.137801 
5977.268658 8.594661 
5977.368658 9.046116 
5977.468658 9.490592 
5977.568658 9.926374 
5977.668658 10.351604 
5977.768658 10.764275 
5977.868658 11.162233 
5977.968658 11.543182 
5978.068658 11.904686 
5978.168658 12.244186 
5978.268658 12.559010 
5978.368658 12.846394 
5978.468658 13.103516 
5978.568658 13.327518 
5978.668658 13.515554 
5978.768658 13.664832 
5978.868658 13.772668 
5978.968658 13.836538 
5979.068658 13.854145 
5979.168658 13.823474 
5979.268658 13.742864 
5979.368658 13.611057 
5979.468658 13.427261 
5979.568658 13.191196 
5979.668658 12.903125 
5979.768658 12.563879 
5979.868658 12.174867 
5979.968658 11.738062 
5980.068658 11.255979 
5980.168658 10.731633 
5980.268658 10.168478 
5980.368658 9.570346 
5980.468658 8.941362 
5980.568658 8.285865 
5980.668658 7.608321 
5980.768658 6.913239 
5980.868658 6.205090 
5980.968658 5.488237 
5981.068658 4.766866 
5981.168658 4.044942 
5981.268658 3.326157 
5981.368658 2.613907 
5981.468658 1.911267 
5981.568658 1.220985 
5981.668658 0.545476 
5981.768658 -0.113169 
5981.868658 -0.753173 
5981.968658 -1.373055 
5982.068658 -1.971612 
5982.168658 -2.547896 
5982.268658 -3.101193 
5982.368658 -3.630996 
5982.468658 -4.136983 
5982.568658 -4.618997 
5982.668658 -5.077021 
5982.768658 -5.511160 
5982.868658 -5.921623 
5982.968658 -6.308703 
5983.068658 -6.672766 
5983.168658 -7.014235 
5983.268658 -7.333577 
5983.368658 -7.631295 
5983.468658 -7.907917 
5983.568658 -8.163990 
5983.668658 -8.400068 
5983.768658 -8.616715 
5983.868658 -8.814491 
5983.968658 -8.993953 
5984.068658 -9.155651 
5984.168658 -9.300124 
5984.268658 -9.427900 
5984.368658 -9.539489 
5984.468658 -9.635390 
5984.568658 -9.716081 
5984.668658 -9.782025 
5984.768658 -9.833667 
5984.868658 -9.871433 
5984.968658 -9.895729 
5985.068658 -9.906947 
5985.168658 -9.905455 
5985.268658 -9.891608 
5985.368658 -9.865741 
5985.468658 -9.828171 
5985.568658 -9.779200 
5985.668658 -9.719112 
5985.768658 -9.648176 
5985.868658 -9.566644 
5985.968658 -9.474756 
5986.068658 -9.372734 
5986.168658 -9.260788 
5986.268658 -9.139116 
5986.368658 -9.007899 
5986.468658 -8.867311 
5986.568658 -8.717509 
5986.668658 -8.558643 
5986.768658 -8.390849 
5986.868658 -8.214254 
5986.968658 -8.028977 
5987.068658 -7.835123 
5987.168658 -7.632794 
5987.268658 -7.422078 
5987.368658 -7.203061 
5987.468658 -6.975817 
5987.568658 -6.740415 
5987.668658 -6.496918 
5987.768658 -6.245383 
5987.868658 -5.985862 
5987.968658 -5.718403 
5988.068658 -5.443048 
5988.168658 -5.159839 
5988.268658 -4.868813 
5988.368658 -4.570005 
5988.468658 -4.263451 
5988.568658 -3.949186 
5988.668658 -3.627244 
5988.768658 -3.297664 
5988.868658 -2.960484 
5988.968658 -2.615750 
5989.068658 -2.263511 
5989.168658 -1.903823 
5989.268658 -1.536752 
5989.368658 -1.162372 
5989.468658 -0.780769 
5989.568658 -0.392046 
5989.668658 0.003680 
5989.768658 0.406273 
5989.868658 0.815576 
5989.968658 1.231404 
5990.068658 1.653546 
5990.168658 2.081761 
5990.268658 2.515770 
5990.368658 2.955254 
5990.468658 3.399849 
5990.568658 3.849143 
5990.668658 4.302668 
5990.768658 4.759893 
5990.868658 5.220220 
5990.968658 5.682979 
5991.068658 6.147417 
5991.168658 6.612691 
5991.268658 7.077863 
5991.368658 7.541892 
5991.468658 8.003623 
5991.568658 8.461784 
5991.668658 8.914973 
5991.768658 9.361657 
5991.868658 9.800163 
5991.968658 10.228675 
5992.068658 10.645228 
5992.168658 11.047712 
5992.268658 11.433872 
5992.368658 11.801312 
5992.468658 12.147507 
5992.568658 12.469816 
5992.668658 12.765501 
5992.768658 13.031751 
5992.868658 13.265717 
5992.968658 13.464544 
5993.068658 13.625420 
5993.168658 13.745623 
5993.268658 13.822577 
5993.368658 13.853911 
5993.468658 13.837523 
5993.568658 13.771640 
5993.668658 13.654882 
5993.768658 13.486316 
5993.868658 13.265507 
5993.968658 12.992557 
5994.068658 12.668131 
5994.168658 12.293468 
5994.268658 11.870378 
5994.368658 11.401223 
5994.468658 10.888876 
5994.568658 10.336669 
5994.668658 9.748333 
5994.768658 9.127915 
5994.868658 8.479700 
5994.968658 7.808127 
5995.068658 7.117699 
5995.168658 6.412908 
5995.268658 5.698154 
5995.368658 4.977682 
5995.468658 4.255525 
5995.568658 3.535459 
5995.668658 2.820969 
5995.768658 2.115225 
5995.868658 1.421071 
5995.968658 0.741019 
5996.068658 0.077253 
5996.168658 -0.568359 
5996.268658 -1.194251 
5996.368658 -1.799142 
5996.468658 -2.382012 
5996.568658 -2.942081 
5996.668658 -3.478783 
5996.768658 -3.991746 
5996.868658 -4.480765 
5996.968658 -4.945787 
5997.068658 -5.386882 
5997.168658 -5.804229 
5997.268658 -6.198101 
5997.368658 -6.568842 
5997.468658 -6.916860 
5997.568658 -7.242611 
5997.668658 -7.546588 
5997.768658 -7.829312 
5997.868658 -8.091327 
5997.968658 -8.333184 
5998.068658 -8.555446 
5998.168658 -8.758672 
5998.268658 -8.943424 
5998.368658 -9.110251 
5998.468658 -9.259698 
5998.568658 -9.392294 
5998.668658 -9.508557 
5998.768658 -9.608987 
5998.868658 -9.694069 
5998.968658 -9.764272 
5999.068658 -9.820044 
5999.168658 -9.861818 
5999.268658 -9.890005 
5999.368658 -9.905002 
5999.468658 -9.907183 
5999.568658 -9.896907 
5999.668658 -9.874516 
5999.768658 -9.840330 
5999.868658 -9.794657 
5999.968658 -9.737786 
6000.068658 -9.669990 
6000.168658 -9.591526 
6000.268658 -9.502637 
6000.368658 -9.403551 
6000.468658 -9.294482 
6000.568658 -9.175629 
6000.668658 -9.047181 
6000.768658 -8.909311 
6000.868658 -8.762184 
6000.968658 -8.605949 
6001.068658 -8.440747 
6001.168658 -8.266709 
6001.268658 -8.083955 
6001.368658 -7.892594 
6001.468658 -7.692729 
6001.568658 -7.484453 
6001.668658 -7.267851 
6001.768658 -7.043001 
6001.868658 -6.809974 
6001.968658 -6.568834 
6002.068658 -6.319640 
6002.168658 -6.062445 
6002.268658 -5.797299 
6002.368658 -5.524245 
6002.468658 -5.243325 
6002.568658 -4.954577 
6002.668658 -4.658037 
6002.768658 -4.353741 
6002.868658 -4.041723 
6002.968658 -3.722019 
6003.068658 -3.394664 
6003.168658 -3.059698 
6003.268658 -2.717165 
6003.368658 -2.367111 
6003.468658 -2.009592 
6003.568658 -1.644669 
6003.668658 -1.272414 
6003.768658 -0.892910 
6003.868658 -0.506254 
6003.968658 -0.112559 
6004.068658 0.288045 
6004.168658 0.695407 
6004.268658 1.109350 
6004.368658 1.529673 
6004.468658 1.956142 
6004.568658 2.388491 
6004.668658 2.826412 
6004.768658 3.269555 
6004.868658 3.717524 
6004.968658 4.169865 
6005.068658 4.626068 
6005.168658 5.085556 
6005.268658 5.547680 
6005.368658 6.011710 
6005.468658 6.476832 
6005.568658 6.942137 
6005.668658 7.406614 
6005.768658 7.869142 
6005.868658 8.328484 
6005.968658 8.783277 
6006.068658 9.232027 
6006.168658 9.673101 
6006.268658 10.104727 
6006.368658 10.524983 
6006.468658 10.931801 
6006.568658 11.322967 
6006.668658 11.696128 
6006.768658 12.048793 
6006.868658 12.378354 
6006.968658 12.682099 
6007.068658 12.957235 
6007.168658 13.200921 
6007.268658 13.410300 
6007.368658 13.582541 
6007.468658 13.714892 
6007.568658 13.804726 
6007.668658 13.849608 
6007.768658 13.847350 
6007.868658 13.796077 
6007.968658 13.694288 
6008.068658 13.540914 
6008.168658 13.335371 
6008.268658 13.077599 
6008.368658 12.768098 
6008.468658 12.407938 
6008.568658 11.998765 
6008.668658 11.542783 
6008.768658 11.042719 
6008.868658 10.501780 
6008.968658 9.923585 
6009.068658 9.312098 
6009.168658 8.671544 
6009.268658 8.006326 
6009.368658 7.320936 
6009.468658 6.619878 
6009.568658 5.907586 
6009.668658 5.188355 
6009.768658 4.466288 
6009.868658 3.745238 
6009.968658 3.028778 
6010.068658 2.320172 
6010.168658 1.622360 
6010.268658 0.937951 
6010.368658 0.269224 
6010.468658 -0.381862 
6010.568658 -1.013655 
6010.668658 -1.624794 
6010.768658 -2.214184 
6010.868658 -2.780976 
6010.968658 -3.324546 
6011.068658 -3.844467 
6011.168658 -4.340488 
6011.268658 -4.812514 
6011.368658 -5.260579 
6011.468658 -5.684835 
6011.568658 -6.085527 
6011.668658 -6.462981 
6011.768658 -6.817587 
6011.868658 -7.149788 
6011.968658 -7.460069 
6012.068658 -7.748943 
6012.168658 -8.016946 
6012.268658 -8.264630 
6012.368658 -8.492554 
6012.468658 -8.701280 
6012.568658 -8.891367 
6012.668658 -9.063370 
6012.768658 -9.217835 
6012.868658 -9.355297 
6012.968658 -9.476275 
6013.068658 -9.581276 
6013.168658 -9.670790 
6013.268658 -9.745289 
6013.368658 -9.805229 
6013.468658 -9.851045 
6013.568658 -9.883157 
6013.668658 -9.901965 
6013.768658 -9.907849 
6013.868658 -9.901174 
6013.968658 -9.882285 
6014.068658 -9.851510 
6014.168658 -9.809160 
6014.268658 -9.755529 
6014.368658 -9.690895 
6014.468658 -9.615520 
6014.568658 -9.529650 
6014.668658 -9.433518 
6014.768658 -9.327342 
6014.868658 -9.211325 
6014.968658 -9.085659 
6015.068658 -8.950523 
6015.168658 -8.806082 
6015.268658 -8.652490 
6015.368658 -8.489893 
6015.468658 -8.318422 
6015.568658 -8.138200 
6015.668658 -7.949341 
6015.768658 -7.751948 
6015.868658 -7.546119 
6015.968658 -7.331939 
6016.068658 -7.109489 
6016.168658 -6.878842 
6016.268658 -6.640064 
6016.368658 -6.393215 
6016.468658 -6.138351 
6016.568658 -5.875521 
6016.668658 -5.604771 
6016.768658 -5.326143 
6016.868658 -5.039677 
6016.968658 -4.745408 
6017.068658 -4.443373 
6017.168658 -4.133605 
6017.268658 -3.816141 
6017.368658 -3.491016 
6017.468658 -3.158268 
6017.568658 -2.817939 
6017.668658 -2.470075 
6017.768658 -2.114729 
6017.868658 -1.751960 
6017.968658 -1.381838 
6018.068658 -1.004440 
6018.168658 -0.619862 
6018.268658 -0.228209 
6018.368658 0.170393 
6018.468658 0.575799 
6018.568658 0.987840 
6018.668658 1.406324 
6018.768658 1.831025 
6018.868658 2.261687 
6018.968658 2.698015 
6019.068658 3.139673 
6019.168658 3.586277 
6019.268658 4.037392 
6019.368658 4.492524 
6019.468658 4.951117 
6019.568658 5.412543 
6019.668658 5.876097 
6019.768658 6.340990 
6019.868658 6.806341 
6019.968658 7.271170 
6020.068658 7.734390 
6020.168658 8.194797 
6020.268658 8.651066 
6020.368658 9.101743 
6020.468658 9.545235 
6020.568658 9.979811 
6020.668658 10.403593 
6020.768658 10.814556 
6020.868658 11.210529 
6020.968658 11.589197 
6021.068658 11.948110 
6021.168658 12.284692 
6021.268658 12.596259 
6021.368658 12.880039 
6021.468658 13.133202 
6021.568658 13.352890 
6021.668658 13.536262 
6021.768658 13.680535 
6021.868658 13.783043 
6021.968658 13.841286 
6022.068658 13.852998 
6022.168658 13.816207 
6022.268658 13.729296 
6022.368658 13.591064 
6022.468658 13.400780 
6022.568658 13.158229 
6022.668658 12.863743 
6022.768658 12.518227 
6022.868658 12.123159 
6022.968658 11.680583 
6023.068658 11.193076 
6023.168658 10.663713 
6023.268658 10.095998 
6023.368658 9.493803 
6023.468658 8.861286 
6023.568658 8.202806 
6023.668658 7.522838 
6023.768658 6.825892 
6023.868658 6.116427 
6023.968658 5.398789 
6024.068658 4.677139 
6024.168658 3.955410 
6024.268658 3.237259 
6024.368658 2.526042 
6024.468658 1.824794 
6024.568658 1.136222 
6024.668658 0.462701 
6024.768658 -0.193719 
6024.868658 -0.831298 
6024.968658 -1.448591 
6025.068658 -2.044428 
6025.168658 -2.617891 
6025.268658 -3.168293 
6025.368658 -3.695151 
6025.468658 -4.198165 
6025.568658 -4.677197 
6025.668658 -5.132246 
6025.768658 -5.563431 
6025.868658 -5.970972 
6025.968658 -6.355172 
6026.068658 -6.716404 
6026.168658 -7.055098 
6026.268658 -7.371726 
6026.368658 -7.666794 
6026.468658 -7.940834 
6026.568658 -8.194392 
6026.668658 -8.428026 
6026.768658 -8.642298 
6026.868658 -8.837769 
6026.968658 -9.014995 
6027.068658 -9.174524 
6027.168658 -9.316895 
6027.268658 -9.442632 
6027.368658 -9.552246 
6027.468658 -9.646231 
6027.568658 -9.725066 
6027.668658 -9.789210 
6027.768658 -9.839105 
6027.868658 -9.875175 
6027.968658 -9.897827 
6028.068658 -9.907445 
6028.168658 -9.904400 
6028.268658 -9.889042 
6028.368658 -9.861704 
6028.468658 -9.822702 
6028.568658 -9.772335 
6028.668658 -9.710885 
6028.768658 -9.638619 
6028.868658 -9.555788 
6028.968658 -9.462629 
6029.068658 -9.359363 
6029.168658 -9.246199 
6029.268658 -9.123331 
6029.368658 -8.990942 
6029.468658 -8.849200 
6029.568658 -8.698265 
6029.668658 -8.538282 
6029.768658 -8.369388 
6029.868658 -8.191709 
6029.968658 -8.005360 
6030.068658 -7.810448 
6030.168658 -7.607072 
6030.268658 -7.395322 
6030.368658 -7.175278 
6030.468658 -6.947017 
6030.568658 -6.710606 
6030.668658 -6.466108 
6030.768658 -6.213578 
6030.868658 -5.953068 
6030.968658 -5.684626 
6031.068658 -5.408294 
6031.168658 -5.124112 
6031.268658 -4.832117 
6031.368658 -4.532345 
6031.468658 -4.224831 
6031.568658 -3.909610 
6031.668658 -3.586718 
6031.768658 -3.256191 
6031.868658 -2.918070 
6031.968658 -2.572401 
6032.068658 -2.219234 
6032.168658 -1.858625 
6032.268658 -1.490642 
6032.368658 -1.115359 
6032.468658 -0.732866 
6032.568658 -0.343267 
6032.668658 0.053321 
6032.768658 0.456756 
6032.868658 0.866880 
6032.968658 1.283504 
6033.068658 1.706415 
6033.168658 2.135366 
6033.268658 2.570073 
6033.368658 3.010212 
6033.468658 3.455415 
6033.568658 3.905261 
6033.668658 4.359276 
6033.768658 4.816920 
6033.868658 5.277588 
6033.968658 5.740598 
6034.068658 6.205187 
6034.168658 6.670501 
6034.268658 7.135590 
6034.368658 7.599399 
6034.468658 8.060759 
6034.568658 8.518380 
6034.668658 8.970848 
6034.768658 9.416610 
6034.868658 9.853976 
6034.968658 10.281112 
6035.068658 10.696035 
6035.168658 11.096617 
6035.268658 11.480585 
6035.368658 11.845525 
6035.468658 12.188899 
6035.568658 12.508052 
6035.668658 12.800234 
6035.768658 13.062629 
6035.868658 13.292385 
6035.968658 13.486649 
6036.068658 13.642619 
6036.168658 13.757586 
6036.268658 13.828996 
6036.368658 13.854511 
6036.468658 13.832063 
6036.568658 13.759927 
6036.668658 13.636774 
6036.768658 13.461731 
6036.868658 13.234429 
6036.968658 12.955037 
6037.068658 12.624291 
6037.168658 12.243502 
6037.268658 11.814550 
6037.368658 11.339864 
6037.468658 10.822375 
6037.568658 10.265470 
6037.668658 9.672923 
6037.768658 9.048815 
6037.868658 8.397455 
6037.968658 7.723294 
6038.068658 7.030839 
6038.168658 6.324573 
6038.268658 5.608882 
6038.368658 4.887986 
6038.468658 4.165889 
6038.568658 3.446332 
6038.668658 2.732763 
6038.768658 2.028311 
6038.868658 1.335778 
6038.968658 0.657637 
6039.068658 -0.003969 
6039.168658 -0.647210 
6039.268658 -1.270557 
6039.368658 -1.872764 
6039.468658 -2.452839 
6039.568658 -3.010032 
6039.668658 -3.543801 
6039.768658 -4.053798 
6039.868658 -4.539837 
6039.968658 -5.001880 
6040.068658 -5.440013 
6040.168658 -5.854428 
6040.268658 -6.245406 
6040.368658 -6.613301 
6040.468658 -6.958527 
6040.568658 -7.281545 
6040.668658 -7.582853 
6040.768658 -7.862976 
6040.868658 -8.122456 
6040.968658 -8.361849 
6041.068658 -8.581715 
6041.168658 -8.782616 
6041.268658 -8.965111 
6041.368658 -9.129750 
6041.468658 -9.277075 
6041.568658 -9.407615 
6041.668658 -9.521883 
6041.768658 -9.620381 
6041.868658 -9.703590 
6041.968658 -9.771976 
6042.068658 -9.825986 
6042.168658 -9.866050 
6042.268658 -9.892578 
6042.368658 -9.905962 
6042.468658 -9.906577 
6042.568658 -9.894778 
6042.668658 -9.870904 
6042.768658 -9.835275 
6042.868658 -9.788196 
6042.968658 -9.729953 
6043.068658 -9.660818 
6043.168658 -9.581046 
6043.268658 -9.490879 
6043.368658 -9.390541 
6043.468658 -9.280246 
6043.568658 -9.160191 
6043.668658 -9.030563 
6043.768658 -8.891535 
6043.868658 -8.743268 
6043.968658 -8.585912 
6044.068658 -8.419606 
6044.168658 -8.244479 
6044.268658 -8.060650 
6044.368658 -7.868227 
6044.468658 -7.667313 
6044.568658 -7.457998 
6044.668658 -7.240367 
6044.768658 -7.014497 
6044.868658 -6.780459 
6044.968658 -6.538315 
6045.068658 -6.288125 
6045.168658 -6.029940 
6045.268658 -5.763809 
6045.368658 -5.489775 
6045.468658 -5.207881 
6045.568658 -4.918163 
6045.668658 -4.620658 
6045.768658 -4.315401 
6045.868658 -4.002426 
6045.968658 -3.681769 
6046.068658 -3.353467 
6046.168658 -3.017559 
6046.268658 -2.674088 
6046.368658 -2.323104 
6046.468658 -1.964662 
6046.568658 -1.598823 
6046.668658 -1.225663 
6046.768658 -0.845265 
6046.868658 -0.457729 
6046.968658 -0.063168 
6047.068658 0.338284 
6047.168658 0.746473 
6047.268658 1.161221 
6047.368658 1.582321 
6047.468658 2.009536 
6047.568658 2.442594 
6047.668658 2.881183 
6047.768658 3.324949 
6047.868658 3.773487 
6047.968658 4.226337 
6048.068658 4.682981 
6048.168658 5.142833 
6048.268658 5.605234 
6048.368658 6.069447 
6048.468658 6.534643 
6048.568658 6.999902 
6048.668658 7.464200 
6048.768658 7.926402 
6048.868658 8.385256 
6048.968658 8.839382 
6049.068658 9.287270 
6049.168658 9.727271 
6049.268658 10.157591 
6049.368658 10.576293 
6049.468658 10.981290 
6049.568658 11.370351 
6049.668658 11.741103 
6049.768658 12.091043 
6049.868658 12.417546 
6049.968658 12.717890 
6050.068658 12.989275 
6050.168658 13.228855 
6050.268658 13.433773 
6050.368658 13.601207 
6050.468658 13.728415 
6050.568658 13.812794 
6050.668658 13.851933 
6050.768658 13.843682 
6050.868658 13.786207 
6050.968658 13.678059 
6051.068658 13.518226 
6051.168658 13.306186 
6051.268658 13.041950 
6051.368658 12.726085 
6051.468658 12.359736 
6051.568658 11.944617 
6051.668658 11.483000 
6051.768658 10.977676 
6051.868658 10.431904 
6051.968658 9.849352 
6052.068658 9.234020 
6052.168658 8.590160 
6052.268658 7.922190 
6052.368658 7.234610 
6052.468658 6.531917 
6052.568658 5.818533 
6052.668658 5.098732 
6052.768658 4.376586 
6052.868658 3.655918 
6052.968658 2.940263 
6053.068658 2.232845 
6053.168658 1.536563 
6053.268658 0.853984 
6053.368658 0.187349 
6053.468658 -0.461425 
6053.568658 -1.090721 
6053.668658 -1.699212 
6053.768658 -2.285836 
6053.868658 -2.849773 
6053.968658 -3.390425 
6054.068658 -3.907387 
6054.168658 -4.400430 
6054.268658 -4.869475 
6054.368658 -5.314572 
6054.468658 -5.735885 
6054.568658 -6.133672 
6054.668658 -6.508265 
6054.768658 -6.860063 
6054.868658 -7.189514 
6054.968658 -7.497107 
6055.068658 -7.783359 
6055.168658 -8.048808 
6055.268658 -8.294007 
6055.368658 -8.519515 
6055.468658 -8.725895 
6055.568658 -8.913706 
6055.668658 -9.083501 
6055.768658 -9.235825 
6055.868658 -9.371211 
6055.968658 -9.490177 
6056.068658 -9.593228 
6056.168658 -9.680852 
6056.268658 -9.753518 
6056.368658 -9.811680 
6056.468658 -9.855771 
6056.568658 -9.886209 
6056.668658 -9.903391 
6056.768658 -9.907696 
6056.868658 -9.899485 
6056.968658 -9.879102 
6057.068658 -9.846873 
6057.168658 -9.803106 
6057.268658 -9.748093 
6057.368658 -9.682111 
6057.468658 -9.605419 
6057.568658 -9.518262 
6057.668658 -9.420871 
6057.768658 -9.313461 
6057.868658 -9.196236 
6057.968658 -9.069384 
6058.068658 -8.933083 
6058.168658 -8.787497 
6058.268658 -8.632779 
6058.368658 -8.469072 
6058.468658 -8.296508 
6058.568658 -8.115207 
6058.668658 -7.925282 
6058.768658 -7.726837 
6058.868658 -7.519965 
6058.968658 -7.304754 
6059.068658 -7.081282 
6059.168658 -6.849621 
6059.268658 -6.609838 
6059.368658 -6.361990 
6059.468658 -6.106134 
6059.568658 -5.842318 
6059.668658 -5.570587 
6059.768658 -5.290983 
6059.868658 -5.003545 
6059.968658 -4.708310 
6060.068658 -4.405312 
6060.168658 -4.094587 
6060.268658 -3.776169 
6060.368658 -3.450095 
6060.468658 -3.116403 
6060.568658 -2.775135 
6060.668658 -2.426339 
6060.768658 -2.070068 
6060.868658 -1.706381 
6060.968658 -1.335350 
6061.068658 -0.957056 
6061.168658 -0.571592 
6061.268658 -0.179069 
6061.368658 0.220386 
6061.468658 0.626626 
6061.568658 1.039479 
6061.668658 1.458748 
6061.768658 1.884204 
6061.868658 2.315587 
6061.968658 2.752596 
6062.068658 3.194890 
6062.168658 3.642080 
6062.268658 4.093722 
6062.368658 4.549316 
6062.468658 5.008296 
6062.568658 5.470026 
6062.668658 5.933791 
6062.768658 6.398791 
6062.868658 6.864133 
6062.968658 7.328824 
6063.068658 7.791762 
6063.168658 8.251729 
6063.268658 8.707386 
6063.368658 9.157259 
6063.468658 9.599741 
6063.568658 10.033081 
6063.668658 10.455384 
6063.768658 10.864606 
6063.868658 11.258558 
6063.968658 11.634908 
6064.068658 11.991190 
6064.168658 12.324812 
6064.268658 12.633079 
6064.368658 12.913211 
6064.468658 13.162371 
6064.568658 13.377702 
6064.668658 13.556366 
6064.768658 13.695594 
6064.868658 13.792734 
6064.968658 13.845315 
6065.068658 13.851103 
6065.168658 13.808166 
6065.268658 13.714935 
6065.368658 13.570267 
6065.468658 13.373492 
6065.568658 13.124459 
6065.668658 12.823574 
6065.768658 12.471810 
6065.868658 12.070718 
6065.968658 11.622409 
6066.068658 11.129527 
6066.168658 10.595200 
6066.268658 10.022985 
6066.368658 9.416793 
6066.468658 8.780810 
6066.568658 8.119416 
6066.668658 7.437094 
6066.768658 6.738351 
6066.868658 6.027638 
6066.968658 5.309279 
6067.068658 4.587412 
6067.168658 3.865933 
6067.268658 3.148467 
6067.368658 2.438330 
6067.468658 1.738517 
6067.568658 1.051692 
6067.668658 0.380190 
6067.768658 -0.273978 
6067.868658 -0.909109 
6067.968658 -1.523795 
6068.068658 -2.116898 
6068.168658 -2.687529 
6068.268658 -3.235029 
6068.368658 -3.758938 
6068.468658 -4.258978 
6068.568658 -4.735028 
6068.668658 -5.187104 
6068.768658 -5.615338 
6068.868658 -6.019961 
6068.968658 -6.401286 
6069.068658 -6.759694 
6069.168658 -7.095621 
6069.268658 -7.409542 
6069.368658 -7.701969 
6069.468658 -7.973434 
6069.568658 -8.224487 
6069.668658 -8.455685 
6069.768658 -8.667591 
6069.868658 -8.860766 
6069.968658 -9.035763 
6070.068658 -9.193132 
6070.168658 -9.333408 
6070.268658 -9.457115 
6070.368658 -9.564761 
6070.468658 -9.656839 
6070.568658 -9.733824 
6070.668658 -9.796174 
6070.768658 -9.844329 
6070.868658 -9.878711 
6070.968658 -9.899723 
6071.068658 -9.907749 
6071.168658 -9.903155 
6071.268658 -9.886291 
6071.368658 -9.857487 
6071.468658 -9.817058 
6071.568658 -9.765299 
6071.668658 -9.702491 
6071.768658 -9.628899 
6071.868658 -9.544773 
6071.968658 -9.450346 
6072.068658 -9.345840 
6072.168658 -9.231460 
6072.268658 -9.107400 
6072.368658 -8.973840 
6072.468658 -8.830948 
6072.568658 -8.678881 
6072.668658 -8.517784 
6072.768658 -8.347792 
6072.868658 -8.169029 
6072.968658 -7.981611 
6073.068658 -7.785643 
6073.168658 -7.581222 
6073.268658 -7.368437 
6073.368658 -7.147368 
6073.468658 -6.918091 
6073.568658 -6.680673 
6073.668658 -6.435173 
6073.768658 -6.181650 
6073.868658 -5.920153 
6073.968658 -5.650728 
6074.068658 -5.373418 
6074.168658 -5.088264 
6074.268658 -4.795301 
6074.368658 -4.494565 
6074.468658 -4.186092 
6074.568658 -3.869916 
6074.668658 -3.546073 
6074.768658 -3.214601 
6074.868658 -2.875540 
6074.968658 -2.528937 
6075.068658 -2.174842 
6075.168658 -1.813313 
6075.268658 -1.444418 
6075.368658 -1.068235 
6075.468658 -0.684854 
6075.568658 -0.294379 
6075.668658 0.103067 
6075.768658 0.507343 
6075.868658 0.918284 
6075.968658 1.335702 
6076.068658 1.759377 
6076.168658 2.189059 
6076.268658 2.624459 
6076.368658 3.065249 
6076.468658 3.511053 
6076.568658 3.961444 
6076.668658 4.415940 
6076.768658 4.873994 
6076.868658 5.334991 
6076.968658 5.798241 
6077.068658 6.262968 
6077.168658 6.728308 
6077.268658 7.193298 
6077.368658 7.656869 
6077.468658 8.117836 
6077.568658 8.574898 
6077.668658 9.026619 
6077.768658 9.471433 
6077.868658 9.907632 
6077.968658 10.333361 
6078.068658 10.746622 
6078.168658 11.145266 
6078.268658 11.527004 
6078.368658 11.889406 
6078.468658 12.229918 
6078.568658 12.545871 
6078.668658 12.834507 
6078.768658 13.093004 
6078.868658 13.318505 
6078.968658 13.508164 
6079.068658 13.659184 
6079.168658 13.768876 
6079.268658 13.834707 
6079.368658 13.854370 
6079.468658 13.825836 
6079.568658 13.747426 
6079.668658 13.617865 
6079.768658 13.436340 
6079.868658 13.202546 
6079.968658 12.916723 
6080.068658 12.579677 
6080.168658 12.192792 
6080.268658 11.758016 
6080.368658 11.277843 
6080.468658 10.755265 
6080.568658 10.193721 
6080.668658 9.597025 
6080.768658 8.969294 
6080.868658 8.314858 
6080.968658 7.638179 
6081.068658 6.943766 
6081.168658 6.236093 
6081.268658 5.519530 
6081.368658 4.798272 
6081.468658 4.076293 
6081.568658 3.357298 
6081.668658 2.644698 
6081.768658 1.941581 
6081.868658 1.250708 
6081.968658 0.574511 
6082.068658 -0.084906 
6082.168658 -0.725754 
6082.268658 -1.346537 
6082.368658 -1.946043 
6082.468658 -2.523313 
6082.568658 -3.077621 
6082.668658 -3.608453 
6082.768658 -4.115480 
6082.868658 -4.598537 
6082.968658 -5.057603 
6083.068658 -5.492777 
6083.168658 -5.904264 
6083.268658 -6.292354 
6083.368658 -6.657410 
6083.468658 -6.999851 
6083.568658 -7.320145 
6083.668658 -7.618792 
6083.768658 -7.896321 
6083.868658 -8.153275 
6083.968658 -8.390212 
6084.068658 -8.607691 
6084.168658 -8.806276 
6084.268658 -8.986523 
6084.368658 -9.148982 
6084.468658 -9.294194 
6084.568658 -9.422684 
6084.668658 -9.534967 
6084.768658 -9.631539 
6084.868658 -9.712882 
6084.968658 -9.779459 
6085.068658 -9.831713 
6085.168658 -9.870074 
6085.268658 -9.894948 
6085.368658 -9.906726 
6085.468658 -9.905779 
6085.568658 -9.892463 
6085.668658 -9.867111 
6085.768658 -9.830044 
6085.868658 -9.781562 
6085.968658 -9.721952 
6086.068658 -9.651482 
6086.168658 -9.570406 
6086.268658 -9.478963 
6086.368658 -9.377377 
6086.468658 -9.265859 
6086.568658 -9.144606 
6086.668658 -9.013801 
6086.768658 -8.873616 
6086.868658 -8.724212 
6086.968658 -8.565737 
6087.068658 -8.398329 
6087.168658 -8.222114 
6087.268658 -8.037212 
6087.368658 -7.843729 
6087.468658 -7.641766 
6087.568658 -7.431414 
6087.668658 -7.212756 
6087.768658 -6.985868 
6087.868658 -6.750819 
6087.968658 -6.507673 
6088.068658 -6.256486 
6088.168658 -5.997312 
6088.268658 -5.730197 
6088.368658 -5.455185 
6088.468658 -5.172316 
6088.568658 -4.881629 
6088.668658 -4.583159 
6088.768658 -4.276941 
6088.868658 -3.963010 
6088.968658 -3.641402 
6089.068658 -3.312152 
6089.168658 -2.975303 
6089.268658 -2.630896 
6089.368658 -2.278982 
6089.468658 -1.919617 
6089.568658 -1.552865 
6089.668658 -1.178801 
6089.768658 -0.797511 
6089.868658 -0.409095 
6089.968658 -0.013670 
6090.068658 0.388627 
6090.168658 0.797642 
6090.268658 1.213190 
6090.368658 1.635063 
6090.468658 2.063019 
6090.568658 2.496782 
6090.668658 2.936035 
6090.768658 3.380417 
6090.868658 3.829516 
6090.968658 4.282867 
6091.068658 4.739943 
6091.168658 5.200149 
6091.268658 5.662818 
6091.368658 6.127199 
6091.468658 6.592455 
6091.568658 7.057653 
6091.668658 7.521754 
6091.768658 7.983611 
6091.868658 8.441955 
6091.968658 8.895391 
6092.068658 9.342392 
6092.168658 9.781291 
6092.268658 10.210277 
6092.368658 10.627392 
6092.468658 11.030534 
6092.568658 11.417453 
6092.668658 11.785758 
6092.768658 12.132931 
6092.868658 12.456335 
6092.968658 12.753235 
6093.068658 13.020825 
6093.168658 13.256254 
6093.268658 13.456668 
6093.368658 13.619252 
6093.468658 13.741278 
6093.568658 13.820163 
6093.668658 13.853527 
6093.768658 13.839253 
6093.868658 13.775554 
6093.968658 13.661031 
6094.068658 13.494730 
6094.168658 13.276195 
6094.268658 13.005503 
6094.368658 12.683293 
6094.468658 12.310781 
6094.568658 11.889751 
6094.668658 11.422543 
6094.768658 10.912008 
6094.868658 10.361460 
6094.968658 9.774612 
6095.068658 9.155501 
6095.168658 8.508403 
6095.268658 7.837752 
6095.368658 7.148051 
6095.468658 6.443792 
6095.568658 5.729381 
6095.668658 5.009072 
6095.768658 4.286908 
6095.868658 3.566676 
6095.968658 2.851875 
6096.068658 2.145690 
6096.168658 1.450977 
6096.268658 0.770264 
6096.368658 0.105749 
6096.468658 -0.540686 
6096.568658 -1.167465 
6096.668658 -1.773292 
6096.768658 -2.357138 
6096.868658 -2.918211 
6096.968658 -3.455938 
6097.068658 -3.969938 
6097.168658 -4.460001 
6097.268658 -4.926066 
6097.368658 -5.368198 
6097.468658 -5.786573 
6097.568658 -6.181459 
6097.668658 -6.553197 
6097.768658 -6.902194 
6097.868658 -7.228903 
6097.968658 -7.533816 
6098.068658 -7.817454 
6098.168658 -8.080357 
6098.268658 -8.323080 
6098.368658 -8.546181 
6098.468658 -8.750224 
6098.568658 -8.935767 
6098.668658 -9.103363 
6098.768658 -9.253554 
6098.868658 -9.386872 
6098.968658 -9.503834 
6099.068658 -9.604943 
6099.168658 -9.690683 
6099.268658 -9.761523 
6099.368658 -9.817914 
6099.468658 -9.860287 
6099.568658 -9.889057 
6099.668658 -9.904619 
6099.768658 -9.907350 
6099.868658 -9.897609 
6099.968658 -9.875737 
6100.068658 -9.842058 
6100.168658 -9.796878 
6100.268658 -9.740488 
6100.368658 -9.673161 
6100.468658 -9.595156 
6100.568658 -9.506716 
6100.668658 -9.408069 
6100.768658 -9.299429 
6100.868658 -9.180998 
6100.968658 -9.052963 
6101.068658 -8.915500 
6101.168658 -8.768771 
6101.268658 -8.612929 
6101.368658 -8.448115 
6101.468658 -8.274459 
6101.568658 -8.092081 
6101.668658 -7.901092 
6101.768658 -7.701595 
6101.868658 -7.493683 
6101.968658 -7.277441 
6102.068658 -7.052948 
6102.168658 -6.820275 
6102.268658 -6.579487 
6102.368658 -6.330642 
6102.468658 -6.073794 
6102.568658 -5.808992 
6102.668658 -5.536281 
6102.768658 -5.255702 
6102.868658 -4.967294 
6102.968658 -4.671092 
6103.068658 -4.367133 
6103.168658 -4.055450 
6103.268658 -3.736079 
6103.368658 -3.409056 
6103.468658 -3.074421 
6103.568658 -2.732215 
6103.668658 -2.382488 
6103.768658 -2.025292 
6103.868658 -1.660689 
6103.968658 -1.288751 
6104.068658 -0.909561 
6104.168658 -0.523214 
6104.268658 -0.129822 
6104.368658 0.270485 
6104.468658 0.677556 
6104.568658 1.091217 
6104.668658 1.511267 
6104.768658 1.937475 
6104.868658 2.369573 
6104.968658 2.807259 
6105.068658 3.250183 
6105.168658 3.697951 
6105.268658 4.150113 
6105.368658 4.606159 
6105.468658 5.065517 
6105.568658 5.527541 
6105.668658 5.991504 
6105.768658 6.456597 
6105.868658 6.921914 
6105.968658 7.386450 
6106.068658 7.849088 
6106.168658 8.308595 
6106.268658 8.763616 
6106.368658 9.212662 
6106.468658 9.654106 
6106.568658 10.086181 
6106.668658 10.506973 
6106.768658 10.914421 
6106.868658 11.306316 
6106.968658 11.680310 
6107.068658 12.033920 
6107.168658 12.364541 
6107.268658 12.669466 
6107.368658 12.945905 
6107.468658 13.191018 
6107.568658 13.401948 
6107.668658 13.575862 
6107.768658 13.710002 
6107.868658 13.801738 
6107.968658 13.848622 
6108.068658 13.848455 
6108.168658 13.799348 
6108.268658 13.699781 
6108.368658 13.548666 
6108.468658 13.345396 
6108.568658 13.089889 
6108.668658 12.782618 
6108.768658 12.424631 
6108.868658 12.017548 
6108.968658 11.563548 
6109.068658 11.065337 
6109.168658 10.526102 
6109.268658 9.949447 
6109.368658 9.339322 
6109.468658 8.699942 
6109.568658 8.035703 
6109.668658 7.351096 
6109.768658 6.650626 
6109.868658 5.938732 
6109.968658 5.219716 
6110.068658 4.497690 
6110.168658 3.776519 
6110.268658 3.059790 
6110.368658 2.350779 
6110.468658 1.652441 
6110.568658 0.967399 
6110.668658 0.297948 
6110.768658 -0.353942 
6110.868658 -0.986605 
6110.968658 -1.598666 
6111.068658 -2.189021 
6111.168658 -2.756810 
6111.268658 -3.301400 
6111.368658 -3.822356 
6111.468658 -4.319420 
6111.568658 -4.792488 
6111.668658 -5.241593 
6111.768658 -5.666880 
6111.868658 -6.068590 
6111.968658 -6.447047 
6112.068658 -6.802637 
6112.168658 -7.135803 
6112.268658 -7.447027 
6112.368658 -7.736820 
6112.468658 -8.005720 
6112.568658 -8.254275 
6112.668658 -8.483047 
6112.768658 -8.692596 
6112.868658 -8.883482 
6112.968658 -9.056260 
6113.068658 -9.211477 
6113.168658 -9.349666 
6113.268658 -9.471350 
6113.368658 -9.577036 
6113.468658 -9.667213 
6113.568658 -9.742356 
6113.668658 -9.802919 
6113.768658 -9.849341 
6113.868658 -9.882041 
6113.968658 -9.901418 
6114.068658 -9.907857 
6114.168658 -9.901721 
6114.268658 -9.883356 
6114.368658 -9.853091 
6114.468658 -9.811238 
6114.568658 -9.758092 
6114.668658 -9.693931 
6114.768658 -9.619017 
6114.868658 -9.533599 
6114.968658 -9.437908 
6115.068658 -9.332164 
6115.168658 -9.216572 
6115.268658 -9.091322 
6115.368658 -8.956593 
6115.468658 -8.812553 
6115.568658 -8.659357 
6115.668658 -8.497148 
6115.768658 -8.326060 
6115.868658 -8.146216 
6115.968658 -7.957731 
6116.068658 -7.760707 
6116.168658 -7.555243 
6116.268658 -7.341424 
6116.368658 -7.119332 
6116.468658 -6.889040 
6116.568658 -6.650614 
6116.668658 -6.404116 
6116.768658 -6.149599 
6116.868658 -5.887114 
6116.968658 -5.616708 
6117.068658 -5.338422 
6117.168658 -5.052295 
6117.268658 -4.758365 
6117.368658 -4.456666 
6117.468658 -4.147235 
6117.568658 -3.830104 
6117.668658 -3.505311 
6117.768658 -3.172894 
6117.868658 -2.832894 
6117.968658 -2.485357 
6118.068658 -2.130335 
6118.168658 -1.767887 
6118.268658 -1.398083 
6118.368658 -1.021000 
6118.468658 -0.636732 
6118.568658 -0.245384 
6118.668658 0.152919 
6118.768658 0.558032 
6118.868658 0.969789 
6118.968658 1.387996 
6119.068658 1.812432 
6119.168658 2.242841 
6119.268658 2.678929 
6119.368658 3.120363 
6119.468658 3.566761 
6119.568658 4.017690 
6119.668658 4.472658 
6119.768658 4.931113 
6119.868658 5.392430 
6119.968658 5.855907 
6120.068658 6.320759 
6120.168658 6.786110 
6120.268658 7.250984 
6120.368658 7.714298 
6120.468658 8.174854 
6120.568658 8.631333 
6120.668658 9.082284 
6120.768658 9.526124 
6120.868658 9.961126 
6120.968658 10.385418 
6121.068658 10.796983 
6121.168658 11.193654 
6121.268658 11.573125 
6121.368658 11.932950 
6121.468658 12.270558 
6121.568658 12.583269 
6121.668658 12.868316 
6121.768658 13.122869 
6121.868658 13.344072 
6121.968658 13.529082 
6122.068658 13.675112 
6122.168658 13.779489 
6122.268658 13.839706 
6122.368658 13.853485 
6122.468658 13.818839 
6122.568658 13.734135 
6122.668658 13.598153 
6122.768658 13.410141 
6122.868658 13.169860 
6122.968658 12.877618 
6123.068658 12.534294 
6123.168658 12.141342 
6123.268658 11.700781 
6123.368658 11.215168 
6123.468658 10.687554 
6123.568658 10.121429 
6123.668658 9.520649 
6123.768658 8.889361 
6123.868658 8.231917 
6123.968658 7.552790 
6124.068658 6.856488 
6124.168658 6.147476 
6124.268658 5.430105 
6124.368658 4.708547 
6124.468658 3.986743 
6124.568658 3.268364 
6124.668658 2.556780 
6124.768658 1.855040 
6124.868658 1.165865 
6124.968658 0.491645 
6125.068658 -0.165557 
6125.168658 -0.803988 
6125.268658 -1.422189 
6125.368658 -2.018979 
6125.468658 -2.593431 
6125.568658 -3.144847 
6125.668658 -3.672737 
6125.768658 -4.176792 
6125.868658 -4.656868 
6125.968658 -5.112958 
6126.068658 -5.545177 
6126.168658 -5.953740 
6126.268658 -6.338947 
6126.368658 -6.701169 
6126.468658 -7.040834 
6126.568658 -7.358411 
6126.668658 -7.654405 
6126.768658 -7.929348 
6126.868658 -8.183785 
6126.968658 -8.418274 
6127.068658 -8.633377 
6127.168658 -8.829653 
6127.268658 -9.007661 
6127.368658 -9.167948 
6127.468658 -9.311054 
6127.568658 -9.437503 
6127.668658 -9.547808 
6127.768658 -9.642463 
6127.868658 -9.721947 
6127.968658 -9.786720 
6128.068658 -9.837226 
6128.168658 -9.873889 
6128.268658 -9.897115 
6128.368658 -9.907293 
6128.468658 -9.904791 
6128.568658 -9.889961 
6128.668658 -9.863138 
6128.768658 -9.824636 
6128.868658 -9.774757 
6128.968658 -9.713784 
6129.068658 -9.641983 
6129.168658 -9.559606 
6129.268658 -9.466891 
6129.368658 -9.364061 
6129.468658 -9.251323 
6129.568658 -9.128873 
6129.668658 -8.996894 
6129.768658 -8.855556 
6129.868658 -8.705017 
6129.968658 -8.545425 
6130.068658 -8.376915 
6130.168658 -8.199616 
6130.268658 -8.013641 
6130.368658 -7.819100 
6130.468658 -7.616090 
6130.568658 -7.404702 
6130.668658 -7.185017 
6130.768658 -6.957112 
6130.868658 -6.721054 
6130.968658 -6.476906 
6131.068658 -6.224724 
6131.168658 -5.964561 
6131.268658 -5.696463 
6131.368658 -5.420473 
6131.468658 -5.136631 
6131.568658 -4.844975 
6131.668658 -4.545541 
6131.768658 -4.238363 
6131.868658 -3.923476 
6131.968658 -3.600916 
6132.068658 -3.270721 
6132.168658 -2.932930 
6132.268658 -2.587588 
6132.368658 -2.234745 
6132.468658 -1.874459 
6132.568658 -1.506794 
6132.668658 -1.131827 
6132.768658 -0.749646 
6132.868658 -0.360353 
6132.968658 0.035933 
6133.068658 0.439074 
6133.168658 0.848910 
6133.268658 1.265257 
6133.368658 1.687899 
6133.468658 2.116593 
6133.568658 2.551056 
6133.668658 2.990966 
6133.768658 3.435957 
6133.868658 3.885611 
6133.968658 4.339455 
6134.068658 4.796953 
6134.168658 5.257503 
6134.268658 5.720427 
6134.368658 6.184964 
6134.468658 6.650266 
6134.568658 7.115386 
6134.668658 7.579274 
6134.768658 8.040766 
6134.868658 8.498579 
6134.968658 8.951302 
6135.068658 9.397390 
6135.168658 9.835158 
6135.268658 10.262779 
6135.368658 10.678276 
6135.468658 11.079528 
6135.568658 11.464267 
6135.668658 11.830087 
6135.768658 12.174453 
6135.868658 12.494715 
6135.968658 12.788128 
6136.068658 13.051878 
6136.168658 13.283112 
6136.268658 13.478979 
6136.368658 13.636671 
6136.468658 13.753475 
6136.568658 13.826830 
6136.668658 13.854385 
6136.768658 13.834061 
6136.868658 13.764116 
6136.968658 13.643203 
6137.068658 13.470428 
6137.168658 13.245399 
6137.268658 12.968260 
6137.368658 12.639724 
6137.468658 12.261076 
6137.568658 11.834172 
6137.668658 11.361417 
6137.768658 10.845722 
6137.868658 10.290455 
6137.968658 9.699374 
6138.068658 9.076550 
6138.168658 8.426283 
6138.268658 7.753020 
6138.368658 7.061267 
6138.468658 6.355510 
6138.568658 5.640139 
6138.668658 4.919384 
6138.768658 4.197260 
6138.868658 3.477519 
6138.968658 2.763621 
6139.068658 2.058712 
6139.168658 1.365608 
6139.268658 0.686794 
6139.368658 0.024429 
6139.468658 -0.619645 
6139.568658 -1.243885 
6139.668658 -1.847033 
6139.768658 -2.428088 
6139.868658 -2.986288 
6139.968658 -3.521085 
6140.068658 -4.032120 
6140.168658 -4.519202 
6140.268658 -4.982288 
6140.368658 -5.421457 
6140.468658 -5.836898 
6140.568658 -6.228888 
6140.668658 -6.597779 
6140.768658 -6.943981 
6140.868658 -7.267955 
6140.968658 -7.570197 
6141.068658 -7.851229 
6141.168658 -8.111595 
6141.268658 -8.351850 
6141.368658 -8.572553 
6141.468658 -8.774268 
6141.568658 -8.957551 
6141.668658 -9.122956 
6141.768658 -9.271022 
6141.868658 -9.402281 
6141.968658 -9.517246 
6142.068658 -9.616420 
6142.168658 -9.700284 
6142.268658 -9.769305 
6142.368658 -9.823931 
6142.468658 -9.864593 
6142.568658 -9.891701 
6142.668658 -9.905648 
6142.768658 -9.906811 
6142.868658 -9.895545 
6142.968658 -9.872189 
6143.068658 -9.837065 
6143.168658 -9.790477 
6143.268658 -9.732714 
6143.368658 -9.664047 
6143.468658 -9.584733 
6143.568658 -9.495012 
6143.668658 -9.395112 
6143.768658 -9.285246 
6143.868658 -9.165612 
6143.968658 -9.036396 
6144.068658 -8.897774 
6144.168658 -8.749905 
6144.268658 -8.592941 
6144.368658 -8.427022 
6144.468658 -8.252276 
6144.568658 -8.068822 
6144.668658 -7.876771 
6144.768658 -7.676224 
6144.868658 -7.467272 
6144.968658 -7.250002 
6145.068658 -7.024489 
6145.168658 -6.790804 
6145.268658 -6.549012 
6145.368658 -6.299170 
6145.468658 -6.041332 
6145.568658 -5.775545 
6145.668658 -5.501854 
6145.768658 -5.220301 
6145.868658 -4.930922 
6145.968658 -4.633755 
6146.068658 -4.328834 
6146.168658 -4.016195 
6146.268658 -3.695871 
6146.368658 -3.367900 
6146.468658 -3.032322 
6146.568658 -2.689180 
6146.668658 -2.338521 
6146.768658 -1.980401 
6146.868658 -1.614883 
6146.968658 -1.242040 
6147.068658 -0.861955 
6147.168658 -0.474726 
6147.268658 -0.080468 
6147.368658 0.320687 
6147.468658 0.728587 
6147.568658 1.143054 
6147.668658 1.563882 
6147.768658 1.990836 
6147.868658 2.423647 
6147.968658 2.862003 
6148.068658 3.305551 
6148.168658 3.753890 
6148.268658 4.206563 
6148.368658 4.663054 
