descriptor Tc_phase m_phase 
-1.500000 -3.770823 
-1.499000 -3.724550 
-1.498000 -3.678120 
-1.497000 -3.631533 
-1.496000 -3.584790 
-1.495000 -3.537889 
-1.494000 -3.490832 
-1.493000 -3.443618 
-1.492000 -3.396248 
-1.491000 -3.348721 
-1.490000 -3.301039 
-1.489000 -3.253200 
-1.488000 -3.205206 
-1.487000 -3.157055 
-1.486000 -3.108749 
-1.485000 -3.060288 
-1.484000 -3.011671 
-1.483000 -2.962898 
-1.482000 -2.913971 
-1.481000 -2.864889 
-1.480000 -2.815652 
-1.479000 -2.766260 
-1.478000 -2.716713 
-1.477000 -2.667012 
-1.476000 -2.617157 
-1.475000 -2.567148 
-1.474000 -2.516985 
-1.473000 -2.466668 
-1.472000 -2.416197 
-1.471000 -2.365573 
-1.470000 -2.314796 
-1.469000 -2.263865 
-1.468000 -2.212782 
-1.467000 -2.161545 
-1.466000 -2.110156 
-1.465000 -2.058615 
-1.464000 -2.006922 
-1.463000 -1.955076 
-1.462000 -1.903079 
-1.461000 -1.850930 
-1.460000 -1.798630 
-1.459000 -1.746178 
-1.458000 -1.693575 
-1.457000 -1.640822 
-1.456000 -1.587918 
-1.455000 -1.534864 
-1.454000 -1.481660 
-1.453000 -1.428306 
-1.452000 -1.374802 
-1.451000 -1.321149 
-1.450000 -1.267347 
-1.449000 -1.213396 
-1.448000 -1.159296 
-1.447000 -1.105048 
-1.446000 -1.050652 
-1.445000 -0.996109 
-1.444000 -0.941418 
-1.443000 -0.886579 
-1.442000 -0.831594 
-1.441000 -0.776463 
-1.440000 -0.721185 
-1.439000 -0.665761 
-1.438000 -0.610192 
-1.437000 -0.554478 
-1.436000 -0.498619 
-1.435000 -0.442615 
-1.434000 -0.386467 
-1.433000 -0.330175 
-1.432000 -0.273740 
-1.431000 -0.217162 
-1.430000 -0.160441 
-1.429000 -0.103578 
-1.428000 -0.046573 
-1.427000 0.010574 
-1.426000 0.067861 
-1.425000 0.125289 
-1.424000 0.182857 
-1.423000 0.240564 
-1.422000 0.298411 
-1.421000 0.356396 
-1.420000 0.414520 
-1.419000 0.472782 
-1.418000 0.531180 
-1.417000 0.589715 
-1.416000 0.648387 
-1.415000 0.707194 
-1.414000 0.766136 
-1.413000 0.825213 
-1.412000 0.884424 
-1.411000 0.943768 
-1.410000 1.003244 
-1.409000 1.062853 
-1.408000 1.122594 
-1.407000 1.182465 
-1.406000 1.242467 
-1.405000 1.302598 
-1.404000 1.362858 
-1.403000 1.423246 
-1.402000 1.483762 
-1.401000 1.544405 
-1.400000 1.605174 
-1.399000 1.666068 
-1.398000 1.727086 
-1.397000 1.788229 
-1.396000 1.849494 
-1.395000 1.910882 
-1.394000 1.972391 
-1.393000 2.034021 
-1.392000 2.095770 
-1.391000 2.157638 
-1.390000 2.219624 
-1.389000 2.281728 
-1.388000 2.343947 
-1.387000 2.406281 
-1.386000 2.468730 
-1.385000 2.531292 
-1.384000 2.593966 
-1.383000 2.656751 
-1.382000 2.719647 
-1.381000 2.782652 
-1.380000 2.845764 
-1.379000 2.908984 
-1.378000 2.972310 
-1.377000 3.035740 
-1.376000 3.099274 
-1.375000 3.162910 
-1.374000 3.226648 
-1.373000 3.290486 
-1.372000 3.354422 
-1.371000 3.418456 
-1.370000 3.482586 
-1.369000 3.546810 
-1.368000 3.611129 
-1.367000 3.675539 
-1.366000 3.740041 
-1.365000 3.804632 
-1.364000 3.869310 
-1.363000 3.934076 
-1.362000 3.998926 
-1.361000 4.063860 
-1.360000 4.128875 
-1.359000 4.193971 
-1.358000 4.259146 
-1.357000 4.324399 
-1.356000 4.389726 
-1.355000 4.455128 
-1.354000 4.520601 
-1.353000 4.586145 
-1.352000 4.651758 
-1.351000 4.717438 
-1.350000 4.783183 
-1.349000 4.848990 
-1.348000 4.914859 
-1.347000 4.980788 
-1.346000 5.046774 
-1.345000 5.112815 
-1.344000 5.178910 
-1.343000 5.245056 
-1.342000 5.311251 
-1.341000 5.377494 
-1.340000 5.443781 
-1.339000 5.510112 
-1.338000 5.576482 
-1.337000 5.642892 
-1.336000 5.709337 
-1.335000 5.775816 
-1.334000 5.842326 
-1.333000 5.908865 
-1.332000 5.975430 
-1.331000 6.042020 
-1.330000 6.108631 
-1.329000 6.175260 
-1.328000 6.241906 
-1.327000 6.308566 
-1.326000 6.375236 
-1.325000 6.441915 
-1.324000 6.508599 
-1.323000 6.575286 
-1.322000 6.641972 
-1.321000 6.708655 
-1.320000 6.775332 
-1.319000 6.842000 
-1.318000 6.908656 
-1.317000 6.975296 
-1.316000 7.041918 
-1.315000 7.108519 
-1.314000 7.175094 
-1.313000 7.241642 
-1.312000 7.308158 
-1.311000 7.374640 
-1.310000 7.441083 
-1.309000 7.507485 
-1.308000 7.573842 
-1.307000 7.640150 
-1.306000 7.706405 
-1.305000 7.772605 
-1.304000 7.838745 
-1.303000 7.904821 
-1.302000 7.970831 
-1.301000 8.036769 
-1.300000 8.102632 
-1.299000 8.168416 
-1.298000 8.234116 
-1.297000 8.299730 
-1.296000 8.365252 
-1.295000 8.430679 
-1.294000 8.496006 
-1.293000 8.561229 
-1.292000 8.626343 
-1.291000 8.691344 
-1.290000 8.756228 
-1.289000 8.820990 
-1.288000 8.885626 
-1.287000 8.950130 
-1.286000 9.014499 
-1.285000 9.078726 
-1.284000 9.142809 
-1.283000 9.206740 
-1.282000 9.270517 
-1.281000 9.334133 
-1.280000 9.397583 
-1.279000 9.460863 
-1.278000 9.523968 
-1.277000 9.586891 
-1.276000 9.649628 
-1.275000 9.712173 
-1.274000 9.774521 
-1.273000 9.836666 
-1.272000 9.898603 
-1.271000 9.960326 
-1.270000 10.021829 
-1.269000 10.083107 
-1.268000 10.144154 
-1.267000 10.204964 
-1.266000 10.265532 
-1.265000 10.325850 
-1.264000 10.385913 
-1.263000 10.445715 
-1.262000 10.505249 
-1.261000 10.564511 
-1.260000 10.623492 
-1.259000 10.682187 
-1.258000 10.740589 
-1.257000 10.798692 
-1.256000 10.856489 
-1.255000 10.913974 
-1.254000 10.971140 
-1.253000 11.027981 
-1.252000 11.084488 
-1.251000 11.140656 
-1.250000 11.196478 
-1.249000 11.251947 
-1.248000 11.307055 
-1.247000 11.361796 
-1.246000 11.416162 
-1.245000 11.470146 
-1.244000 11.523742 
-1.243000 11.576941 
-1.242000 11.629736 
-1.241000 11.682120 
-1.240000 11.734086 
-1.239000 11.785626 
-1.238000 11.836731 
-1.237000 11.887396 
-1.236000 11.937611 
-1.235000 11.987370 
-1.234000 12.036665 
-1.233000 12.085487 
-1.232000 12.133829 
-1.231000 12.181683 
-1.230000 12.229041 
-1.229000 12.275895 
-1.228000 12.322237 
-1.227000 12.368059 
-1.226000 12.413353 
-1.225000 12.458110 
-1.224000 12.502324 
-1.223000 12.545984 
-1.222000 12.589084 
-1.221000 12.631615 
-1.220000 12.673569 
-1.219000 12.714937 
-1.218000 12.755711 
-1.217000 12.795883 
-1.216000 12.835444 
-1.215000 12.874386 
-1.214000 12.912701 
-1.213000 12.950380 
-1.212000 12.987415 
-1.211000 13.023797 
-1.210000 13.059518 
-1.209000 13.094570 
-1.208000 13.128944 
-1.207000 13.162631 
-1.206000 13.195624 
-1.205000 13.227914 
-1.204000 13.259492 
-1.203000 13.290351 
-1.202000 13.320481 
-1.201000 13.349875 
-1.200000 13.378523 
-1.199000 13.406419 
-1.198000 13.433553 
-1.197000 13.459917 
-1.196000 13.485504 
-1.195000 13.510304 
-1.194000 13.534310 
-1.193000 13.557514 
-1.192000 13.579907 
-1.191000 13.601482 
-1.190000 13.622231 
-1.189000 13.642146 
-1.188000 13.661219 
-1.187000 13.679442 
-1.186000 13.696807 
-1.185000 13.713308 
-1.184000 13.728936 
-1.183000 13.743684 
-1.182000 13.757545 
-1.181000 13.770511 
-1.180000 13.782575 
-1.179000 13.793731 
-1.178000 13.803970 
-1.177000 13.813287 
-1.176000 13.821673 
-1.175000 13.829124 
-1.174000 13.835631 
-1.173000 13.841189 
-1.172000 13.845791 
-1.171000 13.849432 
-1.170000 13.852104 
-1.169000 13.853802 
-1.168000 13.854520 
-1.167000 13.854253 
-1.166000 13.852994 
-1.165000 13.850740 
-1.164000 13.847483 
-1.163000 13.843219 
-1.162000 13.837944 
-1.161000 13.831652 
-1.160000 13.824339 
-1.159000 13.816000 
-1.158000 13.806631 
-1.157000 13.796229 
-1.156000 13.784788 
-1.155000 13.772306 
-1.154000 13.758779 
-1.153000 13.744203 
-1.152000 13.728576 
-1.151000 13.711893 
-1.150000 13.694154 
-1.149000 13.675354 
-1.148000 13.655492 
-1.147000 13.634566 
-1.146000 13.612573 
-1.145000 13.589511 
-1.144000 13.565381 
-1.143000 13.540179 
-1.142000 13.513905 
-1.141000 13.486558 
-1.140000 13.458137 
-1.139000 13.428643 
-1.138000 13.398074 
-1.137000 13.366431 
-1.136000 13.333715 
-1.135000 13.299925 
-1.134000 13.265062 
-1.133000 13.229129 
-1.132000 13.192124 
-1.131000 13.154051 
-1.130000 13.114911 
-1.129000 13.074706 
-1.128000 13.033438 
-1.127000 12.991109 
-1.126000 12.947723 
-1.125000 12.903281 
-1.124000 12.857788 
-1.123000 12.811247 
-1.122000 12.763660 
-1.121000 12.715034 
-1.120000 12.665370 
-1.119000 12.614675 
-1.118000 12.562951 
-1.117000 12.510206 
-1.116000 12.456442 
-1.115000 12.401666 
-1.114000 12.345884 
-1.113000 12.289101 
-1.112000 12.231323 
-1.111000 12.172556 
-1.110000 12.112808 
-1.109000 12.052084 
-1.108000 11.990392 
-1.107000 11.927740 
-1.106000 11.864133 
-1.105000 11.799581 
-1.104000 11.734090 
-1.103000 11.667670 
-1.102000 11.600327 
-1.101000 11.532072 
-1.100000 11.462912 
-1.099000 11.392856 
-1.098000 11.321914 
-1.097000 11.250095 
-1.096000 11.177407 
-1.095000 11.103862 
-1.094000 11.029469 
-1.093000 10.954237 
-1.092000 10.878177 
-1.091000 10.801300 
-1.090000 10.723616 
-1.089000 10.645135 
-1.088000 10.565869 
-1.087000 10.485828 
-1.086000 10.405024 
-1.085000 10.323469 
-1.084000 10.241172 
-1.083000 10.158147 
-1.082000 10.074404 
-1.081000 9.989956 
-1.080000 9.904815 
-1.079000 9.818992 
-1.078000 9.732500 
-1.077000 9.645352 
-1.076000 9.557558 
-1.075000 9.469133 
-1.074000 9.380088 
-1.073000 9.290437 
-1.072000 9.200191 
-1.071000 9.109365 
-1.070000 9.017970 
-1.069000 8.926019 
-1.068000 8.833526 
-1.067000 8.740504 
-1.066000 8.646965 
-1.065000 8.552924 
-1.064000 8.458392 
-1.063000 8.363383 
-1.062000 8.267911 
-1.061000 8.171989 
-1.060000 8.075630 
-1.059000 7.978847 
-1.058000 7.881654 
-1.057000 7.784063 
-1.056000 7.686089 
-1.055000 7.587744 
-1.054000 7.489042 
-1.053000 7.389996 
-1.052000 7.290620 
-1.051000 7.190925 
-1.050000 7.090926 
-1.049000 6.990636 
-1.048000 6.890068 
-1.047000 6.789235 
-1.046000 6.688149 
-1.045000 6.586824 
-1.044000 6.485274 
-1.043000 6.383509 
-1.042000 6.281545 
-1.041000 6.179392 
-1.040000 6.077064 
-1.039000 5.974573 
-1.038000 5.871932 
-1.037000 5.769153 
-1.036000 5.666249 
-1.035000 5.563231 
-1.034000 5.460113 
-1.033000 5.356905 
-1.032000 5.253620 
-1.031000 5.150270 
-1.030000 5.046866 
-1.029000 4.943421 
-1.028000 4.839945 
-1.027000 4.736450 
-1.026000 4.632947 
-1.025000 4.529448 
-1.024000 4.425964 
-1.023000 4.322506 
-1.022000 4.219083 
-1.021000 4.115709 
-1.020000 4.012391 
-1.019000 3.909142 
-1.018000 3.805972 
-1.017000 3.702891 
-1.016000 3.599908 
-1.015000 3.497034 
-1.014000 3.394279 
-1.013000 3.291652 
-1.012000 3.189164 
-1.011000 3.086822 
-1.010000 2.984637 
-1.009000 2.882618 
-1.008000 2.780774 
-1.007000 2.679113 
-1.006000 2.577644 
-1.005000 2.476377 
-1.004000 2.375319 
-1.003000 2.274478 
-1.002000 2.173864 
-1.001000 2.073483 
-1.000000 1.973344 
-0.999000 1.873455 
-0.998000 1.773823 
-0.997000 1.674455 
-0.996000 1.575360 
-0.995000 1.476543 
-0.994000 1.378013 
-0.993000 1.279776 
-0.992000 1.181839 
-0.991000 1.084208 
-0.990000 0.986890 
-0.989000 0.889892 
-0.988000 0.793219 
-0.987000 0.696878 
-0.986000 0.600875 
-0.985000 0.505215 
-0.984000 0.409904 
-0.983000 0.314948 
-0.982000 0.220352 
-0.981000 0.126122 
-0.980000 0.032262 
-0.979000 -0.061222 
-0.978000 -0.154326 
-0.977000 -0.247044 
-0.976000 -0.339372 
-0.975000 -0.431306 
-0.974000 -0.522841 
-0.973000 -0.613972 
-0.972000 -0.704696 
-0.971000 -0.795009 
-0.970000 -0.884906 
-0.969000 -0.974383 
-0.968000 -1.063438 
-0.967000 -1.152066 
-0.966000 -1.240265 
-0.965000 -1.328030 
-0.964000 -1.415358 
-0.963000 -1.502246 
-0.962000 -1.588692 
-0.961000 -1.674692 
-0.960000 -1.760243 
-0.959000 -1.845343 
-0.958000 -1.929989 
-0.957000 -2.014178 
-0.956000 -2.097909 
-0.955000 -2.181178 
-0.954000 -2.263984 
-0.953000 -2.346324 
-0.952000 -2.428196 
-0.951000 -2.509599 
-0.950000 -2.590530 
-0.949000 -2.670988 
-0.948000 -2.750972 
-0.947000 -2.830478 
-0.946000 -2.909507 
-0.945000 -2.988055 
-0.944000 -3.066123 
-0.943000 -3.143709 
-0.942000 -3.220812 
-0.941000 -3.297430 
-0.940000 -3.373562 
-0.939000 -3.449208 
-0.938000 -3.524367 
-0.937000 -3.599038 
-0.936000 -3.673219 
-0.935000 -3.746911 
-0.934000 -3.820112 
-0.933000 -3.892823 
-0.932000 -3.965043 
-0.931000 -4.036770 
-0.930000 -4.108006 
-0.929000 -4.178749 
-0.928000 -4.249000 
-0.927000 -4.318758 
-0.926000 -4.388023 
-0.925000 -4.456795 
-0.924000 -4.525074 
-0.923000 -4.592861 
-0.922000 -4.660154 
-0.921000 -4.726955 
-0.920000 -4.793263 
-0.919000 -4.859079 
-0.918000 -4.924403 
-0.917000 -4.989235 
-0.916000 -5.053577 
-0.915000 -5.117427 
-0.914000 -5.180787 
-0.913000 -5.243658 
-0.912000 -5.306039 
-0.911000 -5.367932 
-0.910000 -5.429336 
-0.909000 -5.490254 
-0.908000 -5.550685 
-0.907000 -5.610630 
-0.906000 -5.670090 
-0.905000 -5.729066 
-0.904000 -5.787559 
-0.903000 -5.845569 
-0.902000 -5.903098 
-0.901000 -5.960146 
-0.900000 -6.016715 
-0.899000 -6.072805 
-0.898000 -6.128418 
-0.897000 -6.183554 
-0.896000 -6.238215 
-0.895000 -6.292402 
-0.894000 -6.346115 
-0.893000 -6.399357 
-0.892000 -6.452128 
-0.891000 -6.504430 
-0.890000 -6.556263 
-0.889000 -6.607630 
-0.888000 -6.658531 
-0.887000 -6.708967 
-0.886000 -6.758940 
-0.885000 -6.808452 
-0.884000 -6.857503 
-0.883000 -6.906096 
-0.882000 -6.954230 
-0.881000 -7.001909 
-0.880000 -7.049133 
-0.879000 -7.095904 
-0.878000 -7.142222 
-0.877000 -7.188091 
-0.876000 -7.233510 
-0.875000 -7.278482 
-0.874000 -7.323008 
-0.873000 -7.367090 
-0.872000 -7.410728 
-0.871000 -7.453926 
-0.870000 -7.496683 
-0.869000 -7.539003 
-0.868000 -7.580886 
-0.867000 -7.622333 
-0.866000 -7.663347 
-0.865000 -7.703930 
-0.864000 -7.744081 
-0.863000 -7.783804 
-0.862000 -7.823100 
-0.861000 -7.861971 
-0.860000 -7.900417 
-0.859000 -7.938442 
-0.858000 -7.976045 
-0.857000 -8.013230 
-0.856000 -8.049997 
-0.855000 -8.086348 
-0.854000 -8.122286 
-0.853000 -8.157811 
-0.852000 -8.192925 
-0.851000 -8.227630 
-0.850000 -8.261927 
-0.849000 -8.295818 
-0.848000 -8.329306 
-0.847000 -8.362390 
-0.846000 -8.395074 
-0.845000 -8.427359 
-0.844000 -8.459246 
-0.843000 -8.490737 
-0.842000 -8.521834 
-0.841000 -8.552538 
-0.840000 -8.582851 
-0.839000 -8.612775 
-0.838000 -8.642311 
-0.837000 -8.671461 
-0.836000 -8.700227 
-0.835000 -8.728610 
-0.834000 -8.756612 
-0.833000 -8.784234 
-0.832000 -8.811479 
-0.831000 -8.838347 
-0.830000 -8.864841 
-0.829000 -8.890962 
-0.828000 -8.916712 
-0.827000 -8.942092 
-0.826000 -8.967103 
-0.825000 -8.991749 
-0.824000 -9.016029 
-0.823000 -9.039946 
-0.822000 -9.063502 
-0.821000 -9.086697 
-0.820000 -9.109534 
-0.819000 -9.132014 
-0.818000 -9.154139 
-0.817000 -9.175910 
-0.816000 -9.197329 
-0.815000 -9.218397 
-0.814000 -9.239116 
-0.813000 -9.259488 
-0.812000 -9.279513 
-0.811000 -9.299194 
-0.810000 -9.318533 
-0.809000 -9.337530 
-0.808000 -9.356187 
-0.807000 -9.374505 
-0.806000 -9.392487 
-0.805000 -9.410134 
-0.804000 -9.427446 
-0.803000 -9.444427 
-0.802000 -9.461076 
-0.801000 -9.477396 
-0.800000 -9.493388 
-0.799000 -9.509054 
-0.798000 -9.524395 
-0.797000 -9.539412 
-0.796000 -9.554107 
-0.795000 -9.568481 
-0.794000 -9.582536 
-0.793000 -9.596273 
-0.792000 -9.609694 
-0.791000 -9.622800 
-0.790000 -9.635592 
-0.789000 -9.648072 
-0.788000 -9.660241 
-0.787000 -9.672101 
-0.786000 -9.683652 
-0.785000 -9.694897 
-0.784000 -9.705837 
-0.783000 -9.716472 
-0.782000 -9.726804 
-0.781000 -9.736836 
-0.780000 -9.746567 
-0.779000 -9.755999 
-0.778000 -9.765134 
-0.777000 -9.773973 
-0.776000 -9.782517 
-0.775000 -9.790768 
-0.774000 -9.798726 
-0.773000 -9.806393 
-0.772000 -9.813770 
-0.771000 -9.820859 
-0.770000 -9.827661 
-0.769000 -9.834176 
-0.768000 -9.840407 
-0.767000 -9.846354 
-0.766000 -9.852019 
-0.765000 -9.857403 
-0.764000 -9.862507 
-0.763000 -9.867332 
-0.762000 -9.871879 
-0.761000 -9.876151 
-0.760000 -9.880146 
-0.759000 -9.883868 
-0.758000 -9.887317 
-0.757000 -9.890494 
-0.756000 -9.893400 
-0.755000 -9.896037 
-0.754000 -9.898406 
-0.753000 -9.900507 
-0.752000 -9.902342 
-0.751000 -9.903912 
-0.750000 -9.905218 
-0.749000 -9.906261 
-0.748000 -9.907043 
-0.747000 -9.907563 
-0.746000 -9.907824 
-0.745000 -9.907826 
-0.744000 -9.907571 
-0.743000 -9.907059 
-0.742000 -9.906291 
-0.741000 -9.905269 
-0.740000 -9.903994 
-0.739000 -9.902466 
-0.738000 -9.900686 
-0.737000 -9.898656 
-0.736000 -9.896377 
-0.735000 -9.893849 
-0.734000 -9.891073 
-0.733000 -9.888051 
-0.732000 -9.884783 
-0.731000 -9.881271 
-0.730000 -9.877515 
-0.729000 -9.873515 
-0.728000 -9.869274 
-0.727000 -9.864793 
-0.726000 -9.860070 
-0.725000 -9.855109 
-0.724000 -9.849910 
-0.723000 -9.844473 
-0.722000 -9.838800 
-0.721000 -9.832891 
-0.720000 -9.826747 
-0.719000 -9.820370 
-0.718000 -9.813759 
-0.717000 -9.806916 
-0.716000 -9.799842 
-0.715000 -9.792538 
-0.714000 -9.785003 
-0.713000 -9.777240 
-0.712000 -9.769249 
-0.711000 -9.761031 
-0.710000 -9.752586 
-0.709000 -9.743916 
-0.708000 -9.735021 
-0.707000 -9.725901 
-0.706000 -9.716559 
-0.705000 -9.706994 
-0.704000 -9.697207 
-0.703000 -9.687199 
-0.702000 -9.676971 
-0.701000 -9.666524 
-0.700000 -9.655858 
-0.699000 -9.644973 
-0.698000 -9.633872 
-0.697000 -9.622553 
-0.696000 -9.611019 
-0.695000 -9.599270 
-0.694000 -9.587306 
-0.693000 -9.575129 
-0.692000 -9.562738 
-0.691000 -9.550135 
-0.690000 -9.537320 
-0.689000 -9.524294 
-0.688000 -9.511058 
-0.687000 -9.497612 
-0.686000 -9.483957 
-0.685000 -9.470093 
-0.684000 -9.456022 
-0.683000 -9.441743 
-0.682000 -9.427258 
-0.681000 -9.412567 
-0.680000 -9.397670 
-0.679000 -9.382569 
-0.678000 -9.367264 
-0.677000 -9.351755 
-0.676000 -9.336043 
-0.675000 -9.320129 
-0.674000 -9.304013 
-0.673000 -9.287696 
-0.672000 -9.271178 
-0.671000 -9.254460 
-0.670000 -9.237543 
-0.669000 -9.220427 
-0.668000 -9.203112 
-0.667000 -9.185600 
-0.666000 -9.167890 
-0.665000 -9.149984 
-0.664000 -9.131881 
-0.663000 -9.113582 
-0.662000 -9.095089 
-0.661000 -9.076400 
-0.660000 -9.057518 
-0.659000 -9.038441 
-0.658000 -9.019172 
-0.657000 -8.999710 
-0.656000 -8.980055 
-0.655000 -8.960209 
-0.654000 -8.940172 
-0.653000 -8.919944 
-0.652000 -8.899525 
-0.651000 -8.878917 
-0.650000 -8.858119 
-0.649000 -8.837133 
-0.648000 -8.815957 
-0.647000 -8.794594 
-0.646000 -8.773043 
-0.645000 -8.751305 
-0.644000 -8.729380 
-0.643000 -8.707269 
-0.642000 -8.684972 
-0.641000 -8.662490 
-0.640000 -8.639822 
-0.639000 -8.616970 
-0.638000 -8.593933 
-0.637000 -8.570713 
-0.636000 -8.547309 
-0.635000 -8.523722 
-0.634000 -8.499952 
-0.633000 -8.476000 
-0.632000 -8.451866 
-0.631000 -8.427550 
-0.630000 -8.403053 
-0.629000 -8.378375 
-0.628000 -8.353517 
-0.627000 -8.328479 
-0.626000 -8.303260 
-0.625000 -8.277863 
-0.624000 -8.252286 
-0.623000 -8.226530 
-0.622000 -8.200596 
-0.621000 -8.174484 
-0.620000 -8.148195 
-0.619000 -8.121727 
-0.618000 -8.095083 
-0.617000 -8.068262 
-0.616000 -8.041264 
-0.615000 -8.014090 
-0.614000 -7.986740 
-0.613000 -7.959215 
-0.612000 -7.931514 
-0.611000 -7.903638 
-0.610000 -7.875588 
-0.609000 -7.847363 
-0.608000 -7.818964 
-0.607000 -7.790391 
-0.606000 -7.761644 
-0.605000 -7.732724 
-0.604000 -7.703632 
-0.603000 -7.674366 
-0.602000 -7.644928 
-0.601000 -7.615317 
-0.600000 -7.585535 
-0.599000 -7.555580 
-0.598000 -7.525455 
-0.597000 -7.495158 
-0.596000 -7.464690 
-0.595000 -7.434051 
-0.594000 -7.403241 
-0.593000 -7.372262 
-0.592000 -7.341112 
-0.591000 -7.309792 
-0.590000 -7.278303 
-0.589000 -7.246644 
-0.588000 -7.214817 
-0.587000 -7.182820 
-0.586000 -7.150654 
-0.585000 -7.118320 
-0.584000 -7.085817 
-0.583000 -7.053147 
-0.582000 -7.020308 
-0.581000 -6.987302 
-0.580000 -6.954128 
-0.579000 -6.920786 
-0.578000 -6.887278 
-0.577000 -6.853602 
-0.576000 -6.819760 
-0.575000 -6.785751 
-0.574000 -6.751576 
-0.573000 -6.717234 
-0.572000 -6.682727 
-0.571000 -6.648053 
-0.570000 -6.613214 
-0.569000 -6.578209 
-0.568000 -6.543038 
-0.567000 -6.507703 
-0.566000 -6.472202 
-0.565000 -6.436537 
-0.564000 -6.400706 
-0.563000 -6.364712 
-0.562000 -6.328552 
-0.561000 -6.292229 
-0.560000 -6.255741 
-0.559000 -6.219089 
-0.558000 -6.182273 
-0.557000 -6.145294 
-0.556000 -6.108151 
-0.555000 -6.070844 
-0.554000 -6.033375 
-0.553000 -5.995742 
-0.552000 -5.957946 
-0.551000 -5.919987 
-0.550000 -5.881866 
-0.549000 -5.843581 
-0.548000 -5.805135 
-0.547000 -5.766526 
-0.546000 -5.727754 
-0.545000 -5.688821 
-0.544000 -5.649725 
-0.543000 -5.610468 
-0.542000 -5.571049 
-0.541000 -5.531468 
-0.540000 -5.491726 
-0.539000 -5.451822 
-0.538000 -5.411757 
-0.537000 -5.371531 
-0.536000 -5.331144 
-0.535000 -5.290595 
-0.534000 -5.249886 
-0.533000 -5.209017 
-0.532000 -5.167986 
-0.531000 -5.126795 
-0.530000 -5.085444 
-0.529000 -5.043932 
-0.528000 -5.002260 
-0.527000 -4.960428 
-0.526000 -4.918436 
-0.525000 -4.876284 
-0.524000 -4.833973 
-0.523000 -4.791501 
-0.522000 -4.748870 
-0.521000 -4.706080 
-0.520000 -4.663130 
-0.519000 -4.620021 
-0.518000 -4.576753 
-0.517000 -4.533326 
-0.516000 -4.489739 
-0.515000 -4.445994 
-0.514000 -4.402090 
-0.513000 -4.358028 
-0.512000 -4.313807 
-0.511000 -4.269427 
-0.510000 -4.224889 
-0.509000 -4.180193 
-0.508000 -4.135339 
-0.507000 -4.090326 
-0.506000 -4.045156 
-0.505000 -3.999828 
-0.504000 -3.954342 
-0.503000 -3.908699 
-0.502000 -3.862898 
-0.501000 -3.816939 
-0.500000 -3.770823 
-0.499000 -3.724550 
-0.498000 -3.678120 
-0.497000 -3.631533 
-0.496000 -3.584790 
-0.495000 -3.537889 
-0.494000 -3.490832 
-0.493000 -3.443618 
-0.492000 -3.396248 
-0.491000 -3.348721 
-0.490000 -3.301039 
-0.489000 -3.253200 
-0.488000 -3.205206 
-0.487000 -3.157055 
-0.486000 -3.108749 
-0.485000 -3.060288 
-0.484000 -3.011671 
-0.483000 -2.962898 
-0.482000 -2.913971 
-0.481000 -2.864889 
-0.480000 -2.815652 
-0.479000 -2.766260 
-0.478000 -2.716713 
-0.477000 -2.667012 
-0.476000 -2.617157 
-0.475000 -2.567148 
-0.474000 -2.516985 
-0.473000 -2.466668 
-0.472000 -2.416197 
-0.471000 -2.365573 
-0.470000 -2.314796 
-0.469000 -2.263865 
-0.468000 -2.212782 
-0.467000 -2.161545 
-0.466000 -2.110156 
-0.465000 -2.058615 
-0.464000 -2.006922 
-0.463000 -1.955076 
-0.462000 -1.903079 
-0.461000 -1.850930 
-0.460000 -1.798630 
-0.459000 -1.746178 
-0.458000 -1.693575 
-0.457000 -1.640822 
-0.456000 -1.587918 
-0.455000 -1.534864 
-0.454000 -1.481660 
-0.453000 -1.428306 
-0.452000 -1.374802 
-0.451000 -1.321149 
-0.450000 -1.267347 
-0.449000 -1.213396 
-0.448000 -1.159296 
-0.447000 -1.105048 
-0.446000 -1.050652 
-0.445000 -0.996109 
-0.444000 -0.941418 
-0.443000 -0.886579 
-0.442000 -0.831594 
-0.441000 -0.776463 
-0.440000 -0.721185 
-0.439000 -0.665761 
-0.438000 -0.610192 
-0.437000 -0.554478 
-0.436000 -0.498619 
-0.435000 -0.442615 
-0.434000 -0.386467 
-0.433000 -0.330175 
-0.432000 -0.273740 
-0.431000 -0.217162 
-0.430000 -0.160441 
-0.429000 -0.103578 
-0.428000 -0.046573 
-0.427000 0.010574 
-0.426000 0.067861 
-0.425000 0.125289 
-0.424000 0.182857 
-0.423000 0.240564 
-0.422000 0.298411 
-0.421000 0.356396 
-0.420000 0.414520 
-0.419000 0.472782 
-0.418000 0.531180 
-0.417000 0.589715 
-0.416000 0.648387 
-0.415000 0.707194 
-0.414000 0.766136 
-0.413000 0.825213 
-0.412000 0.884424 
-0.411000 0.943768 
-0.410000 1.003244 
-0.409000 1.062853 
-0.408000 1.122594 
-0.407000 1.182465 
-0.406000 1.242467 
-0.405000 1.302598 
-0.404000 1.362858 
-0.403000 1.423246 
-0.402000 1.483762 
-0.401000 1.544405 
-0.400000 1.605174 
-0.399000 1.666068 
-0.398000 1.727086 
-0.397000 1.788229 
-0.396000 1.849494 
-0.395000 1.910882 
-0.394000 1.972391 
-0.393000 2.034021 
-0.392000 2.095770 
-0.391000 2.157638 
-0.390000 2.219624 
-0.389000 2.281728 
-0.388000 2.343947 
-0.387000 2.406281 
-0.386000 2.468730 
-0.385000 2.531292 
-0.384000 2.593966 
-0.383000 2.656751 
-0.382000 2.719647 
-0.381000 2.782652 
-0.380000 2.845764 
-0.379000 2.908984 
-0.378000 2.972310 
-0.377000 3.035740 
-0.376000 3.099274 
-0.375000 3.162910 
-0.374000 3.226648 
-0.373000 3.290486 
-0.372000 3.354422 
-0.371000 3.418456 
-0.370000 3.482586 
-0.369000 3.546810 
-0.368000 3.611129 
-0.367000 3.675539 
-0.366000 3.740041 
-0.365000 3.804632 
-0.364000 3.869310 
-0.363000 3.934076 
-0.362000 3.998926 
-0.361000 4.063860 
-0.360000 4.128875 
-0.359000 4.193971 
-0.358000 4.259146 
-0.357000 4.324399 
-0.356000 4.389726 
-0.355000 4.455128 
-0.354000 4.520601 
-0.353000 4.586145 
-0.352000 4.651758 
-0.351000 4.717438 
-0.350000 4.783183 
-0.349000 4.848990 
-0.348000 4.914859 
-0.347000 4.980788 
-0.346000 5.046774 
-0.345000 5.112815 
-0.344000 5.178910 
-0.343000 5.245056 
-0.342000 5.311251 
-0.341000 5.377494 
-0.340000 5.443781 
-0.339000 5.510112 
-0.338000 5.576482 
-0.337000 5.642892 
-0.336000 5.709337 
-0.335000 5.775816 
-0.334000 5.842326 
-0.333000 5.908865 
-0.332000 5.975430 
-0.331000 6.042020 
-0.330000 6.108631 
-0.329000 6.175260 
-0.328000 6.241906 
-0.327000 6.308566 
-0.326000 6.375236 
-0.325000 6.441915 
-0.324000 6.508599 
-0.323000 6.575286 
-0.322000 6.641972 
-0.321000 6.708655 
-0.320000 6.775332 
-0.319000 6.842000 
-0.318000 6.908656 
-0.317000 6.975296 
-0.316000 7.041918 
-0.315000 7.108519 
-0.314000 7.175094 
-0.313000 7.241642 
-0.312000 7.308158 
-0.311000 7.374640 
-0.310000 7.441083 
-0.309000 7.507485 
-0.308000 7.573842 
-0.307000 7.640150 
-0.306000 7.706405 
-0.305000 7.772605 
-0.304000 7.838745 
-0.303000 7.904821 
-0.302000 7.970831 
-0.301000 8.036769 
-0.300000 8.102632 
-0.299000 8.168416 
-0.298000 8.234116 
-0.297000 8.299730 
-0.296000 8.365252 
-0.295000 8.430679 
-0.294000 8.496006 
-0.293000 8.561229 
-0.292000 8.626343 
-0.291000 8.691344 
-0.290000 8.756228 
-0.289000 8.820990 
-0.288000 8.885626 
-0.287000 8.950130 
-0.286000 9.014499 
-0.285000 9.078726 
-0.284000 9.142809 
-0.283000 9.206740 
-0.282000 9.270517 
-0.281000 9.334133 
-0.280000 9.397583 
-0.279000 9.460863 
-0.278000 9.523968 
-0.277000 9.586891 
-0.276000 9.649628 
-0.275000 9.712173 
-0.274000 9.774521 
-0.273000 9.836666 
-0.272000 9.898603 
-0.271000 9.960326 
-0.270000 10.021829 
-0.269000 10.083107 
-0.268000 10.144154 
-0.267000 10.204964 
-0.266000 10.265532 
-0.265000 10.325850 
-0.264000 10.385913 
-0.263000 10.445715 
-0.262000 10.505249 
-0.261000 10.564511 
-0.260000 10.623492 
-0.259000 10.682187 
-0.258000 10.740589 
-0.257000 10.798692 
-0.256000 10.856489 
-0.255000 10.913974 
-0.254000 10.971140 
-0.253000 11.027981 
-0.252000 11.084488 
-0.251000 11.140656 
-0.250000 11.196478 
-0.249000 11.251947 
-0.248000 11.307055 
-0.247000 11.361796 
-0.246000 11.416162 
-0.245000 11.470146 
-0.244000 11.523742 
-0.243000 11.576941 
-0.242000 11.629736 
-0.241000 11.682120 
-0.240000 11.734086 
-0.239000 11.785626 
-0.238000 11.836731 
-0.237000 11.887396 
-0.236000 11.937611 
-0.235000 11.987370 
-0.234000 12.036665 
-0.233000 12.085487 
-0.232000 12.133829 
-0.231000 12.181683 
-0.230000 12.229041 
-0.229000 12.275895 
-0.228000 12.322237 
-0.227000 12.368059 
-0.226000 12.413353 
-0.225000 12.458110 
-0.224000 12.502324 
-0.223000 12.545984 
-0.222000 12.589084 
-0.221000 12.631615 
-0.220000 12.673569 
-0.219000 12.714937 
-0.218000 12.755711 
-0.217000 12.795883 
-0.216000 12.835444 
-0.215000 12.874386 
-0.214000 12.912701 
-0.213000 12.950380 
-0.212000 12.987415 
-0.211000 13.023797 
-0.210000 13.059518 
-0.209000 13.094570 
-0.208000 13.128944 
-0.207000 13.162631 
-0.206000 13.195624 
-0.205000 13.227914 
-0.204000 13.259492 
-0.203000 13.290351 
-0.202000 13.320481 
-0.201000 13.349875 
-0.200000 13.378523 
-0.199000 13.406419 
-0.198000 13.433553 
-0.197000 13.459917 
-0.196000 13.485504 
-0.195000 13.510304 
-0.194000 13.534310 
-0.193000 13.557514 
-0.192000 13.579907 
-0.191000 13.601482 
-0.190000 13.622231 
-0.189000 13.642146 
-0.188000 13.661219 
-0.187000 13.679442 
-0.186000 13.696807 
-0.185000 13.713308 
-0.184000 13.728936 
-0.183000 13.743684 
-0.182000 13.757545 
-0.181000 13.770511 
-0.180000 13.782575 
-0.179000 13.793731 
-0.178000 13.803970 
-0.177000 13.813287 
-0.176000 13.821673 
-0.175000 13.829124 
-0.174000 13.835631 
-0.173000 13.841189 
-0.172000 13.845791 
-0.171000 13.849432 
-0.170000 13.852104 
-0.169000 13.853802 
-0.168000 13.854520 
-0.167000 13.854253 
-0.166000 13.852994 
-0.165000 13.850740 
-0.164000 13.847483 
-0.163000 13.843219 
-0.162000 13.837944 
-0.161000 13.831652 
-0.160000 13.824339 
-0.159000 13.816000 
-0.158000 13.806631 
-0.157000 13.796229 
-0.156000 13.784788 
-0.155000 13.772306 
-0.154000 13.758779 
-0.153000 13.744203 
-0.152000 13.728576 
-0.151000 13.711893 
-0.150000 13.694154 
-0.149000 13.675354 
-0.148000 13.655492 
-0.147000 13.634566 
-0.146000 13.612573 
-0.145000 13.589511 
-0.144000 13.565381 
-0.143000 13.540179 
-0.142000 13.513905 
-0.141000 13.486558 
-0.140000 13.458137 
-0.139000 13.428643 
-0.138000 13.398074 
-0.137000 13.366431 
-0.136000 13.333715 
-0.135000 13.299925 
-0.134000 13.265062 
-0.133000 13.229129 
-0.132000 13.192124 
-0.131000 13.154051 
-0.130000 13.114911 
-0.129000 13.074706 
-0.128000 13.033438 
-0.127000 12.991109 
-0.126000 12.947723 
-0.125000 12.903281 
-0.124000 12.857788 
-0.123000 12.811247 
-0.122000 12.763660 
-0.121000 12.715034 
-0.120000 12.665370 
-0.119000 12.614675 
-0.118000 12.562951 
-0.117000 12.510206 
-0.116000 12.456442 
-0.115000 12.401666 
-0.114000 12.345884 
-0.113000 12.289101 
-0.112000 12.231323 
-0.111000 12.172556 
-0.110000 12.112808 
-0.109000 12.052084 
-0.108000 11.990392 
-0.107000 11.927740 
-0.106000 11.864133 
-0.105000 11.799581 
-0.104000 11.734090 
-0.103000 11.667670 
-0.102000 11.600327 
-0.101000 11.532072 
-0.100000 11.462912 
-0.099000 11.392856 
-0.098000 11.321914 
-0.097000 11.250095 
-0.096000 11.177407 
-0.095000 11.103862 
-0.094000 11.029469 
-0.093000 10.954237 
-0.092000 10.878177 
-0.091000 10.801300 
-0.090000 10.723616 
-0.089000 10.645135 
-0.088000 10.565869 
-0.087000 10.485828 
-0.086000 10.405024 
-0.085000 10.323469 
-0.084000 10.241172 
-0.083000 10.158147 
-0.082000 10.074404 
-0.081000 9.989956 
-0.080000 9.904815 
-0.079000 9.818992 
-0.078000 9.732500 
-0.077000 9.645352 
-0.076000 9.557558 
-0.075000 9.469133 
-0.074000 9.380088 
-0.073000 9.290437 
-0.072000 9.200191 
-0.071000 9.109365 
-0.070000 9.017970 
-0.069000 8.926019 
-0.068000 8.833526 
-0.067000 8.740504 
-0.066000 8.646965 
-0.065000 8.552924 
-0.064000 8.458392 
-0.063000 8.363383 
-0.062000 8.267911 
-0.061000 8.171989 
-0.060000 8.075630 
-0.059000 7.978847 
-0.058000 7.881654 
-0.057000 7.784063 
-0.056000 7.686089 
-0.055000 7.587744 
-0.054000 7.489042 
-0.053000 7.389996 
-0.052000 7.290620 
-0.051000 7.190925 
-0.050000 7.090926 
-0.049000 6.990636 
-0.048000 6.890068 
-0.047000 6.789235 
-0.046000 6.688149 
-0.045000 6.586824 
-0.044000 6.485274 
-0.043000 6.383509 
-0.042000 6.281545 
-0.041000 6.179392 
-0.040000 6.077064 
-0.039000 5.974573 
-0.038000 5.871932 
-0.037000 5.769153 
-0.036000 5.666249 
-0.035000 5.563231 
-0.034000 5.460113 
-0.033000 5.356905 
-0.032000 5.253620 
-0.031000 5.150270 
-0.030000 5.046866 
-0.029000 4.943421 
-0.028000 4.839945 
-0.027000 4.736450 
-0.026000 4.632947 
-0.025000 4.529448 
-0.024000 4.425964 
-0.023000 4.322506 
-0.022000 4.219083 
-0.021000 4.115709 
-0.020000 4.012391 
-0.019000 3.909142 
-0.018000 3.805972 
-0.017000 3.702891 
-0.016000 3.599908 
-0.015000 3.497034 
-0.014000 3.394279 
-0.013000 3.291652 
-0.012000 3.189164 
-0.011000 3.086822 
-0.010000 2.984637 
-0.009000 2.882618 
-0.008000 2.780774 
-0.007000 2.679113 
-0.006000 2.577644 
-0.005000 2.476377 
-0.004000 2.375319 
-0.003000 2.274478 
-0.002000 2.173864 
-0.001000 2.073483 
-0.000000 1.973344 
0.001000 1.873455 
0.002000 1.773823 
0.003000 1.674455 
0.004000 1.575360 
0.005000 1.476543 
0.006000 1.378013 
0.007000 1.279776 
0.008000 1.181839 
0.009000 1.084208 
0.010000 0.986890 
0.011000 0.889892 
0.012000 0.793219 
0.013000 0.696878 
0.014000 0.600875 
0.015000 0.505215 
0.016000 0.409904 
0.017000 0.314948 
0.018000 0.220352 
0.019000 0.126122 
0.020000 0.032262 
0.021000 -0.061222 
0.022000 -0.154326 
0.023000 -0.247044 
0.024000 -0.339372 
0.025000 -0.431306 
0.026000 -0.522841 
0.027000 -0.613972 
0.028000 -0.704696 
0.029000 -0.795009 
0.030000 -0.884906 
0.031000 -0.974383 
0.032000 -1.063438 
0.033000 -1.152066 
0.034000 -1.240265 
0.035000 -1.328030 
0.036000 -1.415358 
0.037000 -1.502246 
0.038000 -1.588692 
0.039000 -1.674692 
0.040000 -1.760243 
0.041000 -1.845343 
0.042000 -1.929989 
0.043000 -2.014178 
0.044000 -2.097909 
0.045000 -2.181178 
0.046000 -2.263984 
0.047000 -2.346324 
0.048000 -2.428196 
0.049000 -2.509599 
0.050000 -2.590530 
0.051000 -2.670988 
0.052000 -2.750972 
0.053000 -2.830478 
0.054000 -2.909507 
0.055000 -2.988055 
0.056000 -3.066123 
0.057000 -3.143709 
0.058000 -3.220812 
0.059000 -3.297430 
0.060000 -3.373562 
0.061000 -3.449208 
0.062000 -3.524367 
0.063000 -3.599038 
0.064000 -3.673219 
0.065000 -3.746911 
0.066000 -3.820112 
0.067000 -3.892823 
0.068000 -3.965043 
0.069000 -4.036770 
0.070000 -4.108006 
0.071000 -4.178749 
0.072000 -4.249000 
0.073000 -4.318758 
0.074000 -4.388023 
0.075000 -4.456795 
0.076000 -4.525074 
0.077000 -4.592861 
0.078000 -4.660154 
0.079000 -4.726955 
0.080000 -4.793263 
0.081000 -4.859079 
0.082000 -4.924403 
0.083000 -4.989235 
0.084000 -5.053577 
0.085000 -5.117427 
0.086000 -5.180787 
0.087000 -5.243658 
0.088000 -5.306039 
0.089000 -5.367932 
0.090000 -5.429336 
0.091000 -5.490254 
0.092000 -5.550685 
0.093000 -5.610630 
0.094000 -5.670090 
0.095000 -5.729066 
0.096000 -5.787559 
0.097000 -5.845569 
0.098000 -5.903098 
0.099000 -5.960146 
0.100000 -6.016715 
0.101000 -6.072805 
0.102000 -6.128418 
0.103000 -6.183554 
0.104000 -6.238215 
0.105000 -6.292402 
0.106000 -6.346115 
0.107000 -6.399357 
0.108000 -6.452128 
0.109000 -6.504430 
0.110000 -6.556263 
0.111000 -6.607630 
0.112000 -6.658531 
0.113000 -6.708967 
0.114000 -6.758940 
0.115000 -6.808452 
0.116000 -6.857503 
0.117000 -6.906096 
0.118000 -6.954230 
0.119000 -7.001909 
0.120000 -7.049133 
0.121000 -7.095904 
0.122000 -7.142222 
0.123000 -7.188091 
0.124000 -7.233510 
0.125000 -7.278482 
0.126000 -7.323008 
0.127000 -7.367090 
0.128000 -7.410728 
0.129000 -7.453926 
0.130000 -7.496683 
0.131000 -7.539003 
0.132000 -7.580886 
0.133000 -7.622333 
0.134000 -7.663347 
0.135000 -7.703930 
0.136000 -7.744081 
0.137000 -7.783804 
0.138000 -7.823100 
0.139000 -7.861971 
0.140000 -7.900417 
0.141000 -7.938442 
0.142000 -7.976045 
0.143000 -8.013230 
0.144000 -8.049997 
0.145000 -8.086348 
0.146000 -8.122286 
0.147000 -8.157811 
0.148000 -8.192925 
0.149000 -8.227630 
0.150000 -8.261927 
0.151000 -8.295818 
0.152000 -8.329306 
0.153000 -8.362390 
0.154000 -8.395074 
0.155000 -8.427359 
0.156000 -8.459246 
0.157000 -8.490737 
0.158000 -8.521834 
0.159000 -8.552538 
0.160000 -8.582851 
0.161000 -8.612775 
0.162000 -8.642311 
0.163000 -8.671461 
0.164000 -8.700227 
0.165000 -8.728610 
0.166000 -8.756612 
0.167000 -8.784234 
0.168000 -8.811479 
0.169000 -8.838347 
0.170000 -8.864841 
0.171000 -8.890962 
0.172000 -8.916712 
0.173000 -8.942092 
0.174000 -8.967103 
0.175000 -8.991749 
0.176000 -9.016029 
0.177000 -9.039946 
0.178000 -9.063502 
0.179000 -9.086697 
0.180000 -9.109534 
0.181000 -9.132014 
0.182000 -9.154139 
0.183000 -9.175910 
0.184000 -9.197329 
0.185000 -9.218397 
0.186000 -9.239116 
0.187000 -9.259488 
0.188000 -9.279513 
0.189000 -9.299194 
0.190000 -9.318533 
0.191000 -9.337530 
0.192000 -9.356187 
0.193000 -9.374505 
0.194000 -9.392487 
0.195000 -9.410134 
0.196000 -9.427446 
0.197000 -9.444427 
0.198000 -9.461076 
0.199000 -9.477396 
0.200000 -9.493388 
0.201000 -9.509054 
0.202000 -9.524395 
0.203000 -9.539412 
0.204000 -9.554107 
0.205000 -9.568481 
0.206000 -9.582536 
0.207000 -9.596273 
0.208000 -9.609694 
0.209000 -9.622800 
0.210000 -9.635592 
0.211000 -9.648072 
0.212000 -9.660241 
0.213000 -9.672101 
0.214000 -9.683652 
0.215000 -9.694897 
0.216000 -9.705837 
0.217000 -9.716472 
0.218000 -9.726804 
0.219000 -9.736836 
0.220000 -9.746567 
0.221000 -9.755999 
0.222000 -9.765134 
0.223000 -9.773973 
0.224000 -9.782517 
0.225000 -9.790768 
0.226000 -9.798726 
0.227000 -9.806393 
0.228000 -9.813770 
0.229000 -9.820859 
0.230000 -9.827661 
0.231000 -9.834176 
0.232000 -9.840407 
0.233000 -9.846354 
0.234000 -9.852019 
0.235000 -9.857403 
0.236000 -9.862507 
0.237000 -9.867332 
0.238000 -9.871879 
0.239000 -9.876151 
0.240000 -9.880146 
0.241000 -9.883868 
0.242000 -9.887317 
0.243000 -9.890494 
0.244000 -9.893400 
0.245000 -9.896037 
0.246000 -9.898406 
0.247000 -9.900507 
0.248000 -9.902342 
0.249000 -9.903912 
0.250000 -9.905218 
0.251000 -9.906261 
0.252000 -9.907043 
0.253000 -9.907563 
0.254000 -9.907824 
0.255000 -9.907826 
0.256000 -9.907571 
0.257000 -9.907059 
0.258000 -9.906291 
0.259000 -9.905269 
0.260000 -9.903994 
0.261000 -9.902466 
0.262000 -9.900686 
0.263000 -9.898656 
0.264000 -9.896377 
0.265000 -9.893849 
0.266000 -9.891073 
0.267000 -9.888051 
0.268000 -9.884783 
0.269000 -9.881271 
0.270000 -9.877515 
0.271000 -9.873515 
0.272000 -9.869274 
0.273000 -9.864793 
0.274000 -9.860070 
0.275000 -9.855109 
0.276000 -9.849910 
0.277000 -9.844473 
0.278000 -9.838800 
0.279000 -9.832891 
0.280000 -9.826747 
0.281000 -9.820370 
0.282000 -9.813759 
0.283000 -9.806916 
0.284000 -9.799842 
0.285000 -9.792538 
0.286000 -9.785003 
0.287000 -9.777240 
0.288000 -9.769249 
0.289000 -9.761031 
0.290000 -9.752586 
0.291000 -9.743916 
0.292000 -9.735021 
0.293000 -9.725901 
0.294000 -9.716559 
0.295000 -9.706994 
0.296000 -9.697207 
0.297000 -9.687199 
0.298000 -9.676971 
0.299000 -9.666524 
0.300000 -9.655858 
0.301000 -9.644973 
0.302000 -9.633872 
0.303000 -9.622553 
0.304000 -9.611019 
0.305000 -9.599270 
0.306000 -9.587306 
0.307000 -9.575129 
0.308000 -9.562738 
0.309000 -9.550135 
0.310000 -9.537320 
0.311000 -9.524294 
0.312000 -9.511058 
0.313000 -9.497612 
0.314000 -9.483957 
0.315000 -9.470093 
0.316000 -9.456022 
0.317000 -9.441743 
0.318000 -9.427258 
0.319000 -9.412567 
0.320000 -9.397670 
0.321000 -9.382569 
0.322000 -9.367264 
0.323000 -9.351755 
0.324000 -9.336043 
0.325000 -9.320129 
0.326000 -9.304013 
0.327000 -9.287696 
0.328000 -9.271178 
0.329000 -9.254460 
0.330000 -9.237543 
0.331000 -9.220427 
0.332000 -9.203112 
0.333000 -9.185600 
0.334000 -9.167890 
0.335000 -9.149984 
0.336000 -9.131881 
0.337000 -9.113582 
0.338000 -9.095089 
0.339000 -9.076400 
0.340000 -9.057518 
0.341000 -9.038441 
0.342000 -9.019172 
0.343000 -8.999710 
0.344000 -8.980055 
0.345000 -8.960209 
0.346000 -8.940172 
0.347000 -8.919944 
0.348000 -8.899525 
0.349000 -8.878917 
0.350000 -8.858119 
0.351000 -8.837133 
0.352000 -8.815957 
0.353000 -8.794594 
0.354000 -8.773043 
0.355000 -8.751305 
0.356000 -8.729380 
0.357000 -8.707269 
0.358000 -8.684972 
0.359000 -8.662490 
0.360000 -8.639822 
0.361000 -8.616970 
0.362000 -8.593933 
0.363000 -8.570713 
0.364000 -8.547309 
0.365000 -8.523722 
0.366000 -8.499952 
0.367000 -8.476000 
0.368000 -8.451866 
0.369000 -8.427550 
0.370000 -8.403053 
0.371000 -8.378375 
0.372000 -8.353517 
0.373000 -8.328479 
0.374000 -8.303260 
0.375000 -8.277863 
0.376000 -8.252286 
0.377000 -8.226530 
0.378000 -8.200596 
0.379000 -8.174484 
0.380000 -8.148195 
0.381000 -8.121727 
0.382000 -8.095083 
0.383000 -8.068262 
0.384000 -8.041264 
0.385000 -8.014090 
0.386000 -7.986740 
0.387000 -7.959215 
0.388000 -7.931514 
0.389000 -7.903638 
0.390000 -7.875588 
0.391000 -7.847363 
0.392000 -7.818964 
0.393000 -7.790391 
0.394000 -7.761644 
0.395000 -7.732724 
0.396000 -7.703632 
0.397000 -7.674366 
0.398000 -7.644928 
0.399000 -7.615317 
0.400000 -7.585535 
0.401000 -7.555580 
0.402000 -7.525455 
0.403000 -7.495158 
0.404000 -7.464690 
0.405000 -7.434051 
0.406000 -7.403241 
0.407000 -7.372262 
0.408000 -7.341112 
0.409000 -7.309792 
0.410000 -7.278303 
0.411000 -7.246644 
0.412000 -7.214817 
0.413000 -7.182820 
0.414000 -7.150654 
0.415000 -7.118320 
0.416000 -7.085817 
0.417000 -7.053147 
0.418000 -7.020308 
0.419000 -6.987302 
0.420000 -6.954128 
0.421000 -6.920786 
0.422000 -6.887278 
0.423000 -6.853602 
0.424000 -6.819760 
0.425000 -6.785751 
0.426000 -6.751576 
0.427000 -6.717234 
0.428000 -6.682727 
0.429000 -6.648053 
0.430000 -6.613214 
0.431000 -6.578209 
0.432000 -6.543038 
0.433000 -6.507703 
0.434000 -6.472202 
0.435000 -6.436537 
0.436000 -6.400706 
0.437000 -6.364712 
0.438000 -6.328552 
0.439000 -6.292229 
0.440000 -6.255741 
0.441000 -6.219089 
0.442000 -6.182273 
0.443000 -6.145294 
0.444000 -6.108151 
0.445000 -6.070844 
0.446000 -6.033375 
0.447000 -5.995742 
0.448000 -5.957946 
0.449000 -5.919987 
0.450000 -5.881866 
0.451000 -5.843581 
0.452000 -5.805135 
0.453000 -5.766526 
0.454000 -5.727754 
0.455000 -5.688821 
0.456000 -5.649725 
0.457000 -5.610468 
0.458000 -5.571049 
0.459000 -5.531468 
0.460000 -5.491726 
0.461000 -5.451822 
0.462000 -5.411757 
0.463000 -5.371531 
0.464000 -5.331144 
0.465000 -5.290595 
0.466000 -5.249886 
0.467000 -5.209017 
0.468000 -5.167986 
0.469000 -5.126795 
0.470000 -5.085444 
0.471000 -5.043932 
0.472000 -5.002260 
0.473000 -4.960428 
0.474000 -4.918436 
0.475000 -4.876284 
0.476000 -4.833973 
0.477000 -4.791501 
0.478000 -4.748870 
0.479000 -4.706080 
0.480000 -4.663130 
0.481000 -4.620021 
0.482000 -4.576753 
0.483000 -4.533326 
0.484000 -4.489739 
0.485000 -4.445994 
0.486000 -4.402090 
0.487000 -4.358028 
0.488000 -4.313807 
0.489000 -4.269427 
0.490000 -4.224889 
0.491000 -4.180193 
0.492000 -4.135339 
0.493000 -4.090326 
0.494000 -4.045156 
0.495000 -3.999828 
0.496000 -3.954342 
0.497000 -3.908699 
0.498000 -3.862898 
0.499000 -3.816939 
0.500000 -3.770823 
0.501000 -3.724550 
0.502000 -3.678120 
0.503000 -3.631533 
0.504000 -3.584790 
0.505000 -3.537889 
0.506000 -3.490832 
0.507000 -3.443618 
0.508000 -3.396248 
0.509000 -3.348721 
0.510000 -3.301039 
0.511000 -3.253200 
0.512000 -3.205206 
0.513000 -3.157055 
0.514000 -3.108749 
0.515000 -3.060288 
0.516000 -3.011671 
0.517000 -2.962898 
0.518000 -2.913971 
0.519000 -2.864889 
0.520000 -2.815652 
0.521000 -2.766260 
0.522000 -2.716713 
0.523000 -2.667012 
0.524000 -2.617157 
0.525000 -2.567148 
0.526000 -2.516985 
0.527000 -2.466668 
0.528000 -2.416197 
0.529000 -2.365573 
0.530000 -2.314796 
0.531000 -2.263865 
0.532000 -2.212782 
0.533000 -2.161545 
0.534000 -2.110156 
0.535000 -2.058615 
0.536000 -2.006922 
0.537000 -1.955076 
0.538000 -1.903079 
0.539000 -1.850930 
0.540000 -1.798630 
0.541000 -1.746178 
0.542000 -1.693575 
0.543000 -1.640822 
0.544000 -1.587918 
0.545000 -1.534864 
0.546000 -1.481660 
0.547000 -1.428306 
0.548000 -1.374802 
0.549000 -1.321149 
0.550000 -1.267347 
0.551000 -1.213396 
0.552000 -1.159296 
0.553000 -1.105048 
0.554000 -1.050652 
0.555000 -0.996109 
0.556000 -0.941418 
0.557000 -0.886579 
0.558000 -0.831594 
0.559000 -0.776463 
0.560000 -0.721185 
0.561000 -0.665761 
0.562000 -0.610192 
0.563000 -0.554478 
0.564000 -0.498619 
0.565000 -0.442615 
0.566000 -0.386467 
0.567000 -0.330175 
0.568000 -0.273740 
0.569000 -0.217162 
0.570000 -0.160441 
0.571000 -0.103578 
0.572000 -0.046573 
0.573000 0.010574 
0.574000 0.067861 
0.575000 0.125289 
0.576000 0.182857 
0.577000 0.240564 
0.578000 0.298411 
0.579000 0.356396 
0.580000 0.414520 
0.581000 0.472782 
0.582000 0.531180 
0.583000 0.589715 
0.584000 0.648387 
0.585000 0.707194 
0.586000 0.766136 
0.587000 0.825213 
0.588000 0.884424 
0.589000 0.943768 
0.590000 1.003244 
0.591000 1.062853 
0.592000 1.122594 
0.593000 1.182465 
0.594000 1.242467 
0.595000 1.302598 
0.596000 1.362858 
0.597000 1.423246 
0.598000 1.483762 
0.599000 1.544405 
0.600000 1.605174 
0.601000 1.666068 
0.602000 1.727086 
0.603000 1.788229 
0.604000 1.849494 
0.605000 1.910882 
0.606000 1.972391 
0.607000 2.034021 
0.608000 2.095770 
0.609000 2.157638 
0.610000 2.219624 
0.611000 2.281728 
0.612000 2.343947 
0.613000 2.406281 
0.614000 2.468730 
0.615000 2.531292 
0.616000 2.593966 
0.617000 2.656751 
0.618000 2.719647 
0.619000 2.782652 
0.620000 2.845764 
0.621000 2.908984 
0.622000 2.972310 
0.623000 3.035740 
0.624000 3.099274 
0.625000 3.162910 
0.626000 3.226648 
0.627000 3.290486 
0.628000 3.354422 
0.629000 3.418456 
0.630000 3.482586 
0.631000 3.546810 
0.632000 3.611129 
0.633000 3.675539 
0.634000 3.740041 
0.635000 3.804632 
0.636000 3.869310 
0.637000 3.934076 
0.638000 3.998926 
0.639000 4.063860 
0.640000 4.128875 
0.641000 4.193971 
0.642000 4.259146 
0.643000 4.324399 
0.644000 4.389726 
0.645000 4.455128 
0.646000 4.520601 
0.647000 4.586145 
0.648000 4.651758 
0.649000 4.717438 
0.650000 4.783183 
0.651000 4.848990 
0.652000 4.914859 
0.653000 4.980788 
0.654000 5.046774 
0.655000 5.112815 
0.656000 5.178910 
0.657000 5.245056 
0.658000 5.311251 
0.659000 5.377494 
0.660000 5.443781 
0.661000 5.510112 
0.662000 5.576482 
0.663000 5.642892 
0.664000 5.709337 
0.665000 5.775816 
0.666000 5.842326 
0.667000 5.908865 
0.668000 5.975430 
0.669000 6.042020 
0.670000 6.108631 
0.671000 6.175260 
0.672000 6.241906 
0.673000 6.308566 
0.674000 6.375236 
0.675000 6.441915 
0.676000 6.508599 
0.677000 6.575286 
0.678000 6.641972 
0.679000 6.708655 
0.680000 6.775332 
0.681000 6.842000 
0.682000 6.908656 
0.683000 6.975296 
0.684000 7.041918 
0.685000 7.108519 
0.686000 7.175094 
0.687000 7.241642 
0.688000 7.308158 
0.689000 7.374640 
0.690000 7.441083 
0.691000 7.507485 
0.692000 7.573842 
0.693000 7.640150 
0.694000 7.706405 
0.695000 7.772605 
0.696000 7.838745 
0.697000 7.904821 
0.698000 7.970831 
0.699000 8.036769 
0.700000 8.102632 
0.701000 8.168416 
0.702000 8.234116 
0.703000 8.299730 
0.704000 8.365252 
0.705000 8.430679 
0.706000 8.496006 
0.707000 8.561229 
0.708000 8.626343 
0.709000 8.691344 
0.710000 8.756228 
0.711000 8.820990 
0.712000 8.885626 
0.713000 8.950130 
0.714000 9.014499 
0.715000 9.078726 
0.716000 9.142809 
0.717000 9.206740 
0.718000 9.270517 
0.719000 9.334133 
0.720000 9.397583 
0.721000 9.460863 
0.722000 9.523968 
0.723000 9.586891 
0.724000 9.649628 
0.725000 9.712173 
0.726000 9.774521 
0.727000 9.836666 
0.728000 9.898603 
0.729000 9.960326 
0.730000 10.021829 
0.731000 10.083107 
0.732000 10.144154 
0.733000 10.204964 
0.734000 10.265532 
0.735000 10.325850 
0.736000 10.385913 
0.737000 10.445715 
0.738000 10.505249 
0.739000 10.564511 
0.740000 10.623492 
0.741000 10.682187 
0.742000 10.740589 
0.743000 10.798692 
0.744000 10.856489 
0.745000 10.913974 
0.746000 10.971140 
0.747000 11.027981 
0.748000 11.084488 
0.749000 11.140656 
0.750000 11.196478 
0.751000 11.251947 
0.752000 11.307055 
0.753000 11.361796 
0.754000 11.416162 
0.755000 11.470146 
0.756000 11.523742 
0.757000 11.576941 
0.758000 11.629736 
0.759000 11.682120 
0.760000 11.734086 
0.761000 11.785626 
0.762000 11.836731 
0.763000 11.887396 
0.764000 11.937611 
0.765000 11.987370 
0.766000 12.036665 
0.767000 12.085487 
0.768000 12.133829 
0.769000 12.181683 
0.770000 12.229041 
0.771000 12.275895 
0.772000 12.322237 
0.773000 12.368059 
0.774000 12.413353 
0.775000 12.458110 
0.776000 12.502324 
0.777000 12.545984 
0.778000 12.589084 
0.779000 12.631615 
0.780000 12.673569 
0.781000 12.714937 
0.782000 12.755711 
0.783000 12.795883 
0.784000 12.835444 
0.785000 12.874386 
0.786000 12.912701 
0.787000 12.950380 
0.788000 12.987415 
0.789000 13.023797 
0.790000 13.059518 
0.791000 13.094570 
0.792000 13.128944 
0.793000 13.162631 
0.794000 13.195624 
0.795000 13.227914 
0.796000 13.259492 
0.797000 13.290351 
0.798000 13.320481 
0.799000 13.349875 
0.800000 13.378523 
0.801000 13.406419 
0.802000 13.433553 
0.803000 13.459917 
0.804000 13.485504 
0.805000 13.510304 
0.806000 13.534310 
0.807000 13.557514 
0.808000 13.579907 
0.809000 13.601482 
0.810000 13.622231 
0.811000 13.642146 
0.812000 13.661219 
0.813000 13.679442 
0.814000 13.696807 
0.815000 13.713308 
0.816000 13.728936 
0.817000 13.743684 
0.818000 13.757545 
0.819000 13.770511 
0.820000 13.782575 
0.821000 13.793731 
0.822000 13.803970 
0.823000 13.813287 
0.824000 13.821673 
0.825000 13.829124 
0.826000 13.835631 
0.827000 13.841189 
0.828000 13.845791 
0.829000 13.849432 
0.830000 13.852104 
0.831000 13.853802 
0.832000 13.854520 
0.833000 13.854253 
0.834000 13.852994 
0.835000 13.850740 
0.836000 13.847483 
0.837000 13.843219 
0.838000 13.837944 
0.839000 13.831652 
0.840000 13.824339 
0.841000 13.816000 
0.842000 13.806631 
0.843000 13.796229 
0.844000 13.784788 
0.845000 13.772306 
0.846000 13.758779 
0.847000 13.744203 
0.848000 13.728576 
0.849000 13.711893 
0.850000 13.694154 
0.851000 13.675354 
0.852000 13.655492 
0.853000 13.634566 
0.854000 13.612573 
0.855000 13.589511 
0.856000 13.565381 
0.857000 13.540179 
0.858000 13.513905 
0.859000 13.486558 
0.860000 13.458137 
0.861000 13.428643 
0.862000 13.398074 
0.863000 13.366431 
0.864000 13.333715 
0.865000 13.299925 
0.866000 13.265062 
0.867000 13.229129 
0.868000 13.192124 
0.869000 13.154051 
0.870000 13.114911 
0.871000 13.074706 
0.872000 13.033438 
0.873000 12.991109 
0.874000 12.947723 
0.875000 12.903281 
0.876000 12.857788 
0.877000 12.811247 
0.878000 12.763660 
0.879000 12.715034 
0.880000 12.665370 
0.881000 12.614675 
0.882000 12.562951 
0.883000 12.510206 
0.884000 12.456442 
0.885000 12.401666 
0.886000 12.345884 
0.887000 12.289101 
0.888000 12.231323 
0.889000 12.172556 
0.890000 12.112808 
0.891000 12.052084 
0.892000 11.990392 
0.893000 11.927740 
0.894000 11.864133 
0.895000 11.799581 
0.896000 11.734090 
0.897000 11.667670 
0.898000 11.600327 
0.899000 11.532072 
0.900000 11.462912 
0.901000 11.392856 
0.902000 11.321914 
0.903000 11.250095 
0.904000 11.177407 
0.905000 11.103862 
0.906000 11.029469 
0.907000 10.954237 
0.908000 10.878177 
0.909000 10.801300 
0.910000 10.723616 
0.911000 10.645135 
0.912000 10.565869 
0.913000 10.485828 
0.914000 10.405024 
0.915000 10.323469 
0.916000 10.241172 
0.917000 10.158147 
0.918000 10.074404 
0.919000 9.989956 
0.920000 9.904815 
0.921000 9.818992 
0.922000 9.732500 
0.923000 9.645352 
0.924000 9.557558 
0.925000 9.469133 
0.926000 9.380088 
0.927000 9.290437 
0.928000 9.200191 
0.929000 9.109365 
0.930000 9.017970 
0.931000 8.926019 
0.932000 8.833526 
0.933000 8.740504 
0.934000 8.646965 
0.935000 8.552924 
0.936000 8.458392 
0.937000 8.363383 
0.938000 8.267911 
0.939000 8.171989 
0.940000 8.075630 
0.941000 7.978847 
0.942000 7.881654 
0.943000 7.784063 
0.944000 7.686089 
0.945000 7.587744 
0.946000 7.489042 
0.947000 7.389996 
0.948000 7.290620 
0.949000 7.190925 
0.950000 7.090926 
0.951000 6.990636 
0.952000 6.890068 
0.953000 6.789235 
0.954000 6.688149 
0.955000 6.586824 
0.956000 6.485274 
0.957000 6.383509 
0.958000 6.281545 
0.959000 6.179392 
0.960000 6.077064 
0.961000 5.974573 
0.962000 5.871932 
0.963000 5.769153 
0.964000 5.666249 
0.965000 5.563231 
0.966000 5.460113 
0.967000 5.356905 
0.968000 5.253620 
0.969000 5.150270 
0.970000 5.046866 
0.971000 4.943421 
0.972000 4.839945 
0.973000 4.736450 
0.974000 4.632947 
0.975000 4.529448 
0.976000 4.425964 
0.977000 4.322506 
0.978000 4.219083 
0.979000 4.115709 
0.980000 4.012391 
0.981000 3.909142 
0.982000 3.805972 
0.983000 3.702891 
0.984000 3.599908 
0.985000 3.497034 
0.986000 3.394279 
0.987000 3.291652 
0.988000 3.189164 
0.989000 3.086822 
0.990000 2.984637 
0.991000 2.882618 
0.992000 2.780774 
0.993000 2.679113 
0.994000 2.577644 
0.995000 2.476377 
0.996000 2.375319 
0.997000 2.274478 
0.998000 2.173864 
0.999000 2.073483 
1.000000 1.973344 
1.001000 1.873455 
1.002000 1.773823 
1.003000 1.674455 
1.004000 1.575360 
1.005000 1.476543 
1.006000 1.378013 
1.007000 1.279776 
1.008000 1.181839 
1.009000 1.084208 
1.010000 0.986890 
1.011000 0.889892 
1.012000 0.793219 
1.013000 0.696878 
1.014000 0.600875 
1.015000 0.505215 
1.016000 0.409904 
1.017000 0.314948 
1.018000 0.220352 
1.019000 0.126122 
1.020000 0.032262 
1.021000 -0.061222 
1.022000 -0.154326 
1.023000 -0.247044 
1.024000 -0.339372 
1.025000 -0.431306 
1.026000 -0.522841 
1.027000 -0.613972 
1.028000 -0.704696 
1.029000 -0.795009 
1.030000 -0.884906 
1.031000 -0.974383 
1.032000 -1.063438 
1.033000 -1.152066 
1.034000 -1.240265 
1.035000 -1.328030 
1.036000 -1.415358 
1.037000 -1.502246 
1.038000 -1.588692 
1.039000 -1.674692 
1.040000 -1.760243 
1.041000 -1.845343 
1.042000 -1.929989 
1.043000 -2.014178 
1.044000 -2.097909 
1.045000 -2.181178 
1.046000 -2.263984 
1.047000 -2.346324 
1.048000 -2.428196 
1.049000 -2.509599 
1.050000 -2.590530 
1.051000 -2.670988 
1.052000 -2.750972 
1.053000 -2.830478 
1.054000 -2.909507 
1.055000 -2.988055 
1.056000 -3.066123 
1.057000 -3.143709 
1.058000 -3.220812 
1.059000 -3.297430 
1.060000 -3.373562 
1.061000 -3.449208 
1.062000 -3.524367 
1.063000 -3.599038 
1.064000 -3.673219 
1.065000 -3.746911 
1.066000 -3.820112 
1.067000 -3.892823 
1.068000 -3.965043 
1.069000 -4.036770 
1.070000 -4.108006 
1.071000 -4.178749 
1.072000 -4.249000 
1.073000 -4.318758 
1.074000 -4.388023 
1.075000 -4.456795 
1.076000 -4.525074 
1.077000 -4.592861 
1.078000 -4.660154 
1.079000 -4.726955 
1.080000 -4.793263 
1.081000 -4.859079 
1.082000 -4.924403 
1.083000 -4.989235 
1.084000 -5.053577 
1.085000 -5.117427 
1.086000 -5.180787 
1.087000 -5.243658 
1.088000 -5.306039 
1.089000 -5.367932 
1.090000 -5.429336 
1.091000 -5.490254 
1.092000 -5.550685 
1.093000 -5.610630 
1.094000 -5.670090 
1.095000 -5.729066 
1.096000 -5.787559 
1.097000 -5.845569 
1.098000 -5.903098 
1.099000 -5.960146 
1.100000 -6.016715 
1.101000 -6.072805 
1.102000 -6.128418 
1.103000 -6.183554 
1.104000 -6.238215 
1.105000 -6.292402 
1.106000 -6.346115 
1.107000 -6.399357 
1.108000 -6.452128 
1.109000 -6.504430 
1.110000 -6.556263 
1.111000 -6.607630 
1.112000 -6.658531 
1.113000 -6.708967 
1.114000 -6.758940 
1.115000 -6.808452 
1.116000 -6.857503 
1.117000 -6.906096 
1.118000 -6.954230 
1.119000 -7.001909 
1.120000 -7.049133 
1.121000 -7.095904 
1.122000 -7.142222 
1.123000 -7.188091 
1.124000 -7.233510 
1.125000 -7.278482 
1.126000 -7.323008 
1.127000 -7.367090 
1.128000 -7.410728 
1.129000 -7.453926 
1.130000 -7.496683 
1.131000 -7.539003 
1.132000 -7.580886 
1.133000 -7.622333 
1.134000 -7.663347 
1.135000 -7.703930 
1.136000 -7.744081 
1.137000 -7.783804 
1.138000 -7.823100 
1.139000 -7.861971 
1.140000 -7.900417 
1.141000 -7.938442 
1.142000 -7.976045 
1.143000 -8.013230 
1.144000 -8.049997 
1.145000 -8.086348 
1.146000 -8.122286 
1.147000 -8.157811 
1.148000 -8.192925 
1.149000 -8.227630 
1.150000 -8.261927 
1.151000 -8.295818 
1.152000 -8.329306 
1.153000 -8.362390 
1.154000 -8.395074 
1.155000 -8.427359 
1.156000 -8.459246 
1.157000 -8.490737 
1.158000 -8.521834 
1.159000 -8.552538 
1.160000 -8.582851 
1.161000 -8.612775 
1.162000 -8.642311 
1.163000 -8.671461 
1.164000 -8.700227 
1.165000 -8.728610 
1.166000 -8.756612 
1.167000 -8.784234 
1.168000 -8.811479 
1.169000 -8.838347 
1.170000 -8.864841 
1.171000 -8.890962 
1.172000 -8.916712 
1.173000 -8.942092 
1.174000 -8.967103 
1.175000 -8.991749 
1.176000 -9.016029 
1.177000 -9.039946 
1.178000 -9.063502 
1.179000 -9.086697 
1.180000 -9.109534 
1.181000 -9.132014 
1.182000 -9.154139 
1.183000 -9.175910 
1.184000 -9.197329 
1.185000 -9.218397 
1.186000 -9.239116 
1.187000 -9.259488 
1.188000 -9.279513 
1.189000 -9.299194 
1.190000 -9.318533 
1.191000 -9.337530 
1.192000 -9.356187 
1.193000 -9.374505 
1.194000 -9.392487 
1.195000 -9.410134 
1.196000 -9.427446 
1.197000 -9.444427 
1.198000 -9.461076 
1.199000 -9.477396 
1.200000 -9.493388 
1.201000 -9.509054 
1.202000 -9.524395 
1.203000 -9.539412 
1.204000 -9.554107 
1.205000 -9.568481 
1.206000 -9.582536 
1.207000 -9.596273 
1.208000 -9.609694 
1.209000 -9.622800 
1.210000 -9.635592 
1.211000 -9.648072 
1.212000 -9.660241 
1.213000 -9.672101 
1.214000 -9.683652 
1.215000 -9.694897 
1.216000 -9.705837 
1.217000 -9.716472 
1.218000 -9.726804 
1.219000 -9.736836 
1.220000 -9.746567 
1.221000 -9.755999 
1.222000 -9.765134 
1.223000 -9.773973 
1.224000 -9.782517 
1.225000 -9.790768 
1.226000 -9.798726 
1.227000 -9.806393 
1.228000 -9.813770 
1.229000 -9.820859 
1.230000 -9.827661 
1.231000 -9.834176 
1.232000 -9.840407 
1.233000 -9.846354 
1.234000 -9.852019 
1.235000 -9.857403 
1.236000 -9.862507 
1.237000 -9.867332 
1.238000 -9.871879 
1.239000 -9.876151 
1.240000 -9.880146 
1.241000 -9.883868 
1.242000 -9.887317 
1.243000 -9.890494 
1.244000 -9.893400 
1.245000 -9.896037 
1.246000 -9.898406 
1.247000 -9.900507 
1.248000 -9.902342 
1.249000 -9.903912 
1.250000 -9.905218 
1.251000 -9.906261 
1.252000 -9.907043 
1.253000 -9.907563 
1.254000 -9.907824 
1.255000 -9.907826 
1.256000 -9.907571 
1.257000 -9.907059 
1.258000 -9.906291 
1.259000 -9.905269 
1.260000 -9.903994 
1.261000 -9.902466 
1.262000 -9.900686 
1.263000 -9.898656 
1.264000 -9.896377 
1.265000 -9.893849 
1.266000 -9.891073 
1.267000 -9.888051 
1.268000 -9.884783 
1.269000 -9.881271 
1.270000 -9.877515 
1.271000 -9.873515 
1.272000 -9.869274 
1.273000 -9.864793 
1.274000 -9.860070 
1.275000 -9.855109 
1.276000 -9.849910 
1.277000 -9.844473 
1.278000 -9.838800 
1.279000 -9.832891 
1.280000 -9.826747 
1.281000 -9.820370 
1.282000 -9.813759 
1.283000 -9.806916 
1.284000 -9.799842 
1.285000 -9.792538 
1.286000 -9.785003 
1.287000 -9.777240 
1.288000 -9.769249 
1.289000 -9.761031 
1.290000 -9.752586 
1.291000 -9.743916 
1.292000 -9.735021 
1.293000 -9.725901 
1.294000 -9.716559 
1.295000 -9.706994 
1.296000 -9.697207 
1.297000 -9.687199 
1.298000 -9.676971 
1.299000 -9.666524 
1.300000 -9.655858 
1.301000 -9.644973 
1.302000 -9.633872 
1.303000 -9.622553 
1.304000 -9.611019 
1.305000 -9.599270 
1.306000 -9.587306 
1.307000 -9.575129 
1.308000 -9.562738 
1.309000 -9.550135 
1.310000 -9.537320 
1.311000 -9.524294 
1.312000 -9.511058 
1.313000 -9.497612 
1.314000 -9.483957 
1.315000 -9.470093 
1.316000 -9.456022 
1.317000 -9.441743 
1.318000 -9.427258 
1.319000 -9.412567 
1.320000 -9.397670 
1.321000 -9.382569 
1.322000 -9.367264 
1.323000 -9.351755 
1.324000 -9.336043 
1.325000 -9.320129 
1.326000 -9.304013 
1.327000 -9.287696 
1.328000 -9.271178 
1.329000 -9.254460 
1.330000 -9.237543 
1.331000 -9.220427 
1.332000 -9.203112 
1.333000 -9.185600 
1.334000 -9.167890 
1.335000 -9.149984 
1.336000 -9.131881 
1.337000 -9.113582 
1.338000 -9.095089 
1.339000 -9.076400 
1.340000 -9.057518 
1.341000 -9.038441 
1.342000 -9.019172 
1.343000 -8.999710 
1.344000 -8.980055 
1.345000 -8.960209 
1.346000 -8.940172 
1.347000 -8.919944 
1.348000 -8.899525 
1.349000 -8.878917 
1.350000 -8.858119 
1.351000 -8.837133 
1.352000 -8.815957 
1.353000 -8.794594 
1.354000 -8.773043 
1.355000 -8.751305 
1.356000 -8.729380 
1.357000 -8.707269 
1.358000 -8.684972 
1.359000 -8.662490 
1.360000 -8.639822 
1.361000 -8.616970 
1.362000 -8.593933 
1.363000 -8.570713 
1.364000 -8.547309 
1.365000 -8.523722 
1.366000 -8.499952 
1.367000 -8.476000 
1.368000 -8.451866 
1.369000 -8.427550 
1.370000 -8.403053 
1.371000 -8.378375 
1.372000 -8.353517 
1.373000 -8.328479 
1.374000 -8.303260 
1.375000 -8.277863 
1.376000 -8.252286 
1.377000 -8.226530 
1.378000 -8.200596 
1.379000 -8.174484 
1.380000 -8.148195 
1.381000 -8.121727 
1.382000 -8.095083 
1.383000 -8.068262 
1.384000 -8.041264 
1.385000 -8.014090 
1.386000 -7.986740 
1.387000 -7.959215 
1.388000 -7.931514 
1.389000 -7.903638 
1.390000 -7.875588 
1.391000 -7.847363 
1.392000 -7.818964 
1.393000 -7.790391 
1.394000 -7.761644 
1.395000 -7.732724 
1.396000 -7.703632 
1.397000 -7.674366 
1.398000 -7.644928 
1.399000 -7.615317 
1.400000 -7.585535 
1.401000 -7.555580 
1.402000 -7.525455 
1.403000 -7.495158 
1.404000 -7.464690 
1.405000 -7.434051 
1.406000 -7.403241 
1.407000 -7.372262 
1.408000 -7.341112 
1.409000 -7.309792 
1.410000 -7.278303 
1.411000 -7.246644 
1.412000 -7.214817 
1.413000 -7.182820 
1.414000 -7.150654 
1.415000 -7.118320 
1.416000 -7.085817 
1.417000 -7.053147 
1.418000 -7.020308 
1.419000 -6.987302 
1.420000 -6.954128 
1.421000 -6.920786 
1.422000 -6.887278 
1.423000 -6.853602 
1.424000 -6.819760 
1.425000 -6.785751 
1.426000 -6.751576 
1.427000 -6.717234 
1.428000 -6.682727 
1.429000 -6.648053 
1.430000 -6.613214 
1.431000 -6.578209 
1.432000 -6.543038 
1.433000 -6.507703 
1.434000 -6.472202 
1.435000 -6.436537 
1.436000 -6.400706 
1.437000 -6.364712 
1.438000 -6.328552 
1.439000 -6.292229 
1.440000 -6.255741 
1.441000 -6.219089 
1.442000 -6.182273 
1.443000 -6.145294 
1.444000 -6.108151 
1.445000 -6.070844 
1.446000 -6.033375 
1.447000 -5.995742 
1.448000 -5.957946 
1.449000 -5.919987 
1.450000 -5.881866 
1.451000 -5.843581 
1.452000 -5.805135 
1.453000 -5.766526 
1.454000 -5.727754 
1.455000 -5.688821 
1.456000 -5.649725 
1.457000 -5.610468 
1.458000 -5.571049 
1.459000 -5.531468 
1.460000 -5.491726 
1.461000 -5.451822 
1.462000 -5.411757 
1.463000 -5.371531 
1.464000 -5.331144 
1.465000 -5.290595 
1.466000 -5.249886 
1.467000 -5.209017 
1.468000 -5.167986 
1.469000 -5.126795 
1.470000 -5.085444 
1.471000 -5.043932 
1.472000 -5.002260 
1.473000 -4.960428 
1.474000 -4.918436 
1.475000 -4.876284 
1.476000 -4.833973 
1.477000 -4.791501 
1.478000 -4.748870 
1.479000 -4.706080 
1.480000 -4.663130 
1.481000 -4.620021 
1.482000 -4.576753 
1.483000 -4.533326 
1.484000 -4.489739 
1.485000 -4.445994 
1.486000 -4.402090 
1.487000 -4.358028 
1.488000 -4.313807 
1.489000 -4.269427 
1.490000 -4.224889 
1.491000 -4.180193 
1.492000 -4.135339 
1.493000 -4.090326 
1.494000 -4.045156 
1.495000 -3.999828 
1.496000 -3.954342 
1.497000 -3.908699 
1.498000 -3.862898 
1.499000 -3.816939 
