descriptor x_phase m_phase 
-1.500000 13.191672 
-1.499000 13.224048 
-1.498000 13.255712 
-1.497000 13.286658 
-1.496000 13.316877 
-1.495000 13.346360 
-1.494000 13.375099 
-1.493000 13.403087 
-1.492000 13.430313 
-1.491000 13.456771 
-1.490000 13.482452 
-1.489000 13.507348 
-1.488000 13.531450 
-1.487000 13.554751 
-1.486000 13.577243 
-1.485000 13.598918 
-1.484000 13.619767 
-1.483000 13.639783 
-1.482000 13.658958 
-1.481000 13.677284 
-1.480000 13.694754 
-1.479000 13.711359 
-1.478000 13.727093 
-1.477000 13.741948 
-1.476000 13.755917 
-1.475000 13.768991 
-1.474000 13.781165 
-1.473000 13.792431 
-1.472000 13.802781 
-1.471000 13.812209 
-1.470000 13.820709 
-1.469000 13.828273 
-1.468000 13.834895 
-1.467000 13.840568 
-1.466000 13.845286 
-1.465000 13.849043 
-1.464000 13.851832 
-1.463000 13.853649 
-1.462000 13.854486 
-1.461000 13.854338 
-1.460000 13.853199 
-1.459000 13.851065 
-1.458000 13.847930 
-1.457000 13.843788 
-1.456000 13.838636 
-1.455000 13.832467 
-1.454000 13.825277 
-1.453000 13.817063 
-1.452000 13.807819 
-1.451000 13.797542 
-1.450000 13.786227 
-1.449000 13.773871 
-1.448000 13.760470 
-1.447000 13.746021 
-1.446000 13.730521 
-1.445000 13.713966 
-1.444000 13.696355 
-1.443000 13.677684 
-1.442000 13.657950 
-1.441000 13.637152 
-1.440000 13.615288 
-1.439000 13.592357 
-1.438000 13.568355 
-1.437000 13.543283 
-1.436000 13.517138 
-1.435000 13.489921 
-1.434000 13.461630 
-1.433000 13.432266 
-1.432000 13.401827 
-1.431000 13.370314 
-1.430000 13.337727 
-1.429000 13.304067 
-1.428000 13.269335 
-1.427000 13.233530 
-1.426000 13.196655 
-1.425000 13.158711 
-1.424000 13.119700 
-1.423000 13.079624 
-1.422000 13.038484 
-1.421000 12.996283 
-1.420000 12.953024 
-1.419000 12.908710 
-1.418000 12.863344 
-1.417000 12.816929 
-1.416000 12.769469 
-1.415000 12.720968 
-1.414000 12.671430 
-1.413000 12.620859 
-1.412000 12.569260 
-1.411000 12.516637 
-1.410000 12.462996 
-1.409000 12.408343 
-1.408000 12.352682 
-1.407000 12.296019 
-1.406000 12.238361 
-1.405000 12.179714 
-1.404000 12.120084 
-1.403000 12.059478 
-1.402000 11.997903 
-1.401000 11.935366 
-1.400000 11.871874 
-1.399000 11.807436 
-1.398000 11.742058 
-1.397000 11.675750 
-1.396000 11.608518 
-1.395000 11.540373 
-1.394000 11.471322 
-1.393000 11.401374 
-1.392000 11.330538 
-1.391000 11.258824 
-1.390000 11.186242 
-1.389000 11.112800 
-1.388000 11.038508 
-1.387000 10.963377 
-1.386000 10.887417 
-1.385000 10.810638 
-1.384000 10.733051 
-1.383000 10.654666 
-1.382000 10.575494 
-1.381000 10.495547 
-1.380000 10.414834 
-1.379000 10.333369 
-1.378000 10.251161 
-1.377000 10.168224 
-1.376000 10.084567 
-1.375000 10.000204 
-1.374000 9.915146 
-1.373000 9.829405 
-1.372000 9.742993 
-1.371000 9.655923 
-1.370000 9.568207 
-1.369000 9.479857 
-1.368000 9.390887 
-1.367000 9.301308 
-1.366000 9.211134 
-1.365000 9.120377 
-1.364000 9.029050 
-1.363000 8.937166 
-1.362000 8.844738 
-1.361000 8.751779 
-1.360000 8.658302 
-1.359000 8.564320 
-1.358000 8.469847 
-1.357000 8.374896 
-1.356000 8.279479 
-1.355000 8.183610 
-1.354000 8.087303 
-1.353000 7.990571 
-1.352000 7.893427 
-1.351000 7.795884 
-1.350000 7.697955 
-1.349000 7.599654 
-1.348000 7.500995 
-1.347000 7.401990 
-1.346000 7.302652 
-1.345000 7.202995 
-1.344000 7.103033 
-1.343000 7.002777 
-1.342000 6.902242 
-1.341000 6.801440 
-1.340000 6.700384 
-1.339000 6.599088 
-1.338000 6.497563 
-1.337000 6.395824 
-1.336000 6.293883 
-1.335000 6.191752 
-1.334000 6.089445 
-1.333000 5.986973 
-1.332000 5.884350 
-1.331000 5.781587 
-1.330000 5.678697 
-1.329000 5.575693 
-1.328000 5.472585 
-1.327000 5.369388 
-1.326000 5.266112 
-1.325000 5.162769 
-1.324000 5.059371 
-1.323000 4.955930 
-1.322000 4.852457 
-1.321000 4.748964 
-1.320000 4.645462 
-1.319000 4.541962 
-1.318000 4.438475 
-1.317000 4.335013 
-1.316000 4.231586 
-1.315000 4.128204 
-1.314000 4.024880 
-1.313000 3.921622 
-1.312000 3.818442 
-1.311000 3.715349 
-1.310000 3.612354 
-1.309000 3.509466 
-1.308000 3.406696 
-1.307000 3.304054 
-1.306000 3.201548 
-1.305000 3.099188 
-1.304000 2.996983 
-1.303000 2.894944 
-1.302000 2.793078 
-1.301000 2.691394 
-1.300000 2.589902 
-1.299000 2.488610 
-1.298000 2.387526 
-1.297000 2.286659 
-1.296000 2.186017 
-1.295000 2.085607 
-1.294000 1.985439 
-1.293000 1.885519 
-1.292000 1.785855 
-1.291000 1.686455 
-1.290000 1.587327 
-1.289000 1.488476 
-1.288000 1.389911 
-1.287000 1.291638 
-1.286000 1.193664 
-1.285000 1.095996 
-1.284000 0.998640 
-1.283000 0.901602 
-1.282000 0.804890 
-1.281000 0.708509 
-1.280000 0.612464 
-1.279000 0.516762 
-1.278000 0.421409 
-1.277000 0.326410 
-1.276000 0.231770 
-1.275000 0.137495 
-1.274000 0.043590 
-1.273000 -0.049940 
-1.272000 -0.143089 
-1.271000 -0.235854 
-1.270000 -0.328230 
-1.269000 -0.420212 
-1.268000 -0.511795 
-1.267000 -0.602975 
-1.266000 -0.693749 
-1.265000 -0.784111 
-1.264000 -0.874059 
-1.263000 -0.963587 
-1.262000 -1.052693 
-1.261000 -1.141373 
-1.260000 -1.229624 
-1.259000 -1.317441 
-1.258000 -1.404823 
-1.257000 -1.491764 
-1.256000 -1.578264 
-1.255000 -1.664317 
-1.254000 -1.749923 
-1.253000 -1.835078 
-1.252000 -1.919779 
-1.251000 -2.004023 
-1.250000 -2.087809 
-1.249000 -2.171135 
-1.248000 -2.253997 
-1.247000 -2.336393 
-1.246000 -2.418322 
-1.245000 -2.499782 
-1.244000 -2.580770 
-1.243000 -2.661286 
-1.242000 -2.741326 
-1.241000 -2.820891 
-1.240000 -2.899977 
-1.239000 -2.978584 
-1.238000 -3.056710 
-1.237000 -3.134354 
-1.236000 -3.211515 
-1.235000 -3.288192 
-1.234000 -3.364383 
-1.233000 -3.440088 
-1.232000 -3.515306 
-1.231000 -3.590035 
-1.230000 -3.664276 
-1.229000 -3.738027 
-1.228000 -3.811288 
-1.227000 -3.884058 
-1.226000 -3.956337 
-1.225000 -4.028124 
-1.224000 -4.099419 
-1.223000 -4.170222 
-1.222000 -4.240533 
-1.221000 -4.310350 
-1.220000 -4.379675 
-1.219000 -4.448506 
-1.218000 -4.516845 
-1.217000 -4.584691 
-1.216000 -4.652044 
-1.215000 -4.718904 
-1.214000 -4.785272 
-1.213000 -4.851147 
-1.212000 -4.916531 
-1.211000 -4.981423 
-1.210000 -5.045823 
-1.209000 -5.109733 
-1.208000 -5.173153 
-1.207000 -5.236082 
-1.206000 -5.298523 
-1.205000 -5.360474 
-1.204000 -5.421938 
-1.203000 -5.482914 
-1.202000 -5.543404 
-1.201000 -5.603408 
-1.200000 -5.662927 
-1.199000 -5.721961 
-1.198000 -5.780512 
-1.197000 -5.838581 
-1.196000 -5.896168 
-1.195000 -5.953274 
-1.194000 -6.009901 
-1.193000 -6.066049 
-1.192000 -6.121719 
-1.191000 -6.176913 
-1.190000 -6.231631 
-1.189000 -6.285875 
-1.188000 -6.339646 
-1.187000 -6.392945 
-1.186000 -6.445773 
-1.185000 -6.498131 
-1.184000 -6.550021 
-1.183000 -6.601444 
-1.182000 -6.652401 
-1.181000 -6.702893 
-1.180000 -6.752923 
-1.179000 -6.802490 
-1.178000 -6.851597 
-1.177000 -6.900245 
-1.176000 -6.948435 
-1.175000 -6.996169 
-1.174000 -7.043447 
-1.173000 -7.090273 
-1.172000 -7.136646 
-1.171000 -7.182569 
-1.170000 -7.228042 
-1.169000 -7.273068 
-1.168000 -7.317648 
-1.167000 -7.361783 
-1.166000 -7.405476 
-1.165000 -7.448726 
-1.164000 -7.491537 
-1.163000 -7.533909 
-1.162000 -7.575845 
-1.161000 -7.617345 
-1.160000 -7.658411 
-1.159000 -7.699046 
-1.158000 -7.739250 
-1.157000 -7.779024 
-1.156000 -7.818372 
-1.155000 -7.857294 
-1.154000 -7.895791 
-1.153000 -7.933867 
-1.152000 -7.971521 
-1.151000 -8.008756 
-1.150000 -8.045574 
-1.149000 -8.081975 
-1.148000 -8.117963 
-1.147000 -8.153537 
-1.146000 -8.188701 
-1.145000 -8.223455 
-1.144000 -8.257802 
-1.143000 -8.291742 
-1.142000 -8.325278 
-1.141000 -8.358412 
-1.140000 -8.391144 
-1.139000 -8.423477 
-1.138000 -8.455412 
-1.137000 -8.486950 
-1.136000 -8.518095 
-1.135000 -8.548846 
-1.134000 -8.579207 
-1.133000 -8.609178 
-1.132000 -8.638761 
-1.131000 -8.667957 
-1.130000 -8.696769 
-1.129000 -8.725199 
-1.128000 -8.753246 
-1.127000 -8.780915 
-1.126000 -8.808205 
-1.125000 -8.835119 
-1.124000 -8.861658 
-1.123000 -8.887824 
-1.122000 -8.913618 
-1.121000 -8.939043 
-1.120000 -8.964099 
-1.119000 -8.988788 
-1.118000 -9.013113 
-1.117000 -9.037074 
-1.116000 -9.060673 
-1.115000 -9.083912 
-1.114000 -9.106792 
-1.113000 -9.129315 
-1.112000 -9.151483 
-1.111000 -9.173297 
-1.110000 -9.194758 
-1.109000 -9.215868 
-1.108000 -9.236630 
-1.107000 -9.257043 
-1.106000 -9.277110 
-1.105000 -9.296833 
-1.104000 -9.316213 
-1.103000 -9.335251 
-1.102000 -9.353949 
-1.101000 -9.372308 
-1.100000 -9.390331 
-1.099000 -9.408018 
-1.098000 -9.425371 
-1.097000 -9.442391 
-1.096000 -9.459081 
-1.095000 -9.475440 
-1.094000 -9.491472 
-1.093000 -9.507177 
-1.092000 -9.522557 
-1.091000 -9.537613 
-1.090000 -9.552347 
-1.089000 -9.566760 
-1.088000 -9.580854 
-1.087000 -9.594629 
-1.086000 -9.608088 
-1.085000 -9.621232 
-1.084000 -9.634062 
-1.083000 -9.646580 
-1.082000 -9.658786 
-1.081000 -9.670683 
-1.080000 -9.682272 
-1.079000 -9.693554 
-1.078000 -9.704530 
-1.077000 -9.715202 
-1.076000 -9.725571 
-1.075000 -9.735639 
-1.074000 -9.745406 
-1.073000 -9.754875 
-1.072000 -9.764046 
-1.071000 -9.772920 
-1.070000 -9.781500 
-1.069000 -9.789786 
-1.068000 -9.797779 
-1.067000 -9.805481 
-1.066000 -9.812894 
-1.065000 -9.820017 
-1.064000 -9.826854 
-1.063000 -9.833404 
-1.062000 -9.839669 
-1.061000 -9.845650 
-1.060000 -9.851349 
-1.059000 -9.856767 
-1.058000 -9.861905 
-1.057000 -9.866763 
-1.056000 -9.871344 
-1.055000 -9.875649 
-1.054000 -9.879678 
-1.053000 -9.883433 
-1.052000 -9.886914 
-1.051000 -9.890124 
-1.050000 -9.893063 
-1.049000 -9.895733 
-1.048000 -9.898134 
-1.047000 -9.900267 
-1.046000 -9.902134 
-1.045000 -9.903736 
-1.044000 -9.905074 
-1.043000 -9.906149 
-1.042000 -9.906962 
-1.041000 -9.907514 
-1.040000 -9.907806 
-1.039000 -9.907840 
-1.038000 -9.907615 
-1.037000 -9.907134 
-1.036000 -9.906398 
-1.035000 -9.905406 
-1.034000 -9.904162 
-1.033000 -9.902664 
-1.032000 -9.900915 
-1.031000 -9.898915 
-1.030000 -9.896666 
-1.029000 -9.894168 
-1.028000 -9.891422 
-1.027000 -9.888430 
-1.026000 -9.885192 
-1.025000 -9.881709 
-1.024000 -9.877982 
-1.023000 -9.874012 
-1.022000 -9.869800 
-1.021000 -9.865347 
-1.020000 -9.860654 
-1.019000 -9.855722 
-1.018000 -9.850551 
-1.017000 -9.845143 
-1.016000 -9.839498 
-1.015000 -9.833618 
-1.014000 -9.827502 
-1.013000 -9.821153 
-1.012000 -9.814571 
-1.011000 -9.807756 
-1.010000 -9.800710 
-1.009000 -9.793433 
-1.008000 -9.785927 
-1.007000 -9.778191 
-1.006000 -9.770228 
-1.005000 -9.762037 
-1.004000 -9.753619 
-1.003000 -9.744976 
-1.002000 -9.736108 
-1.001000 -9.727016 
-1.000000 -9.717700 
-0.999000 -9.708162 
-0.998000 -9.698402 
-0.997000 -9.688421 
-0.996000 -9.678220 
-0.995000 -9.667799 
-0.994000 -9.657159 
-0.993000 -9.646301 
-0.992000 -9.635225 
-0.991000 -9.623933 
-0.990000 -9.612425 
-0.989000 -9.600702 
-0.988000 -9.588764 
-0.987000 -9.576612 
-0.986000 -9.564248 
-0.985000 -9.551670 
-0.984000 -9.538881 
-0.983000 -9.525880 
-0.982000 -9.512670 
-0.981000 -9.499249 
-0.980000 -9.485619 
-0.979000 -9.471780 
-0.978000 -9.457734 
-0.977000 -9.443480 
-0.976000 -9.429020 
-0.975000 -9.414354 
-0.974000 -9.399482 
-0.973000 -9.384406 
-0.972000 -9.369125 
-0.971000 -9.353641 
-0.970000 -9.337953 
-0.969000 -9.322064 
-0.968000 -9.305972 
-0.967000 -9.289679 
-0.966000 -9.273186 
-0.965000 -9.256492 
-0.964000 -9.239599 
-0.963000 -9.222507 
-0.962000 -9.205216 
-0.961000 -9.187728 
-0.960000 -9.170042 
-0.959000 -9.152159 
-0.958000 -9.134080 
-0.957000 -9.115805 
-0.956000 -9.097335 
-0.955000 -9.078670 
-0.954000 -9.059811 
-0.953000 -9.040758 
-0.952000 -9.021512 
-0.951000 -9.002073 
-0.950000 -8.982442 
-0.949000 -8.962619 
-0.948000 -8.942605 
-0.947000 -8.922400 
-0.946000 -8.902004 
-0.945000 -8.881419 
-0.944000 -8.860644 
-0.943000 -8.839680 
-0.942000 -8.818528 
-0.941000 -8.797187 
-0.940000 -8.775659 
-0.939000 -8.753944 
-0.938000 -8.732041 
-0.937000 -8.709953 
-0.936000 -8.687678 
-0.935000 -8.665218 
-0.934000 -8.642573 
-0.933000 -8.619743 
-0.932000 -8.596728 
-0.931000 -8.573530 
-0.930000 -8.550148 
-0.929000 -8.526583 
-0.928000 -8.502835 
-0.927000 -8.478905 
-0.926000 -8.454793 
-0.925000 -8.430500 
-0.924000 -8.406025 
-0.923000 -8.381369 
-0.922000 -8.356532 
-0.921000 -8.331515 
-0.920000 -8.306319 
-0.919000 -8.280943 
-0.918000 -8.255388 
-0.917000 -8.229654 
-0.916000 -8.203742 
-0.915000 -8.177651 
-0.914000 -8.151383 
-0.913000 -8.124937 
-0.912000 -8.098314 
-0.911000 -8.071514 
-0.910000 -8.044537 
-0.909000 -8.017385 
-0.908000 -7.990056 
-0.907000 -7.962552 
-0.906000 -7.934872 
-0.905000 -7.907018 
-0.904000 -7.878988 
-0.903000 -7.850785 
-0.902000 -7.822407 
-0.901000 -7.793855 
-0.900000 -7.765129 
-0.899000 -7.736230 
-0.898000 -7.707158 
-0.897000 -7.677913 
-0.896000 -7.648496 
-0.895000 -7.618906 
-0.894000 -7.589145 
-0.893000 -7.559211 
-0.892000 -7.529106 
-0.891000 -7.498830 
-0.890000 -7.468383 
-0.889000 -7.437764 
-0.888000 -7.406976 
-0.887000 -7.376017 
-0.886000 -7.344887 
-0.885000 -7.313588 
-0.884000 -7.282119 
-0.883000 -7.250481 
-0.882000 -7.218674 
-0.881000 -7.186697 
-0.880000 -7.154552 
-0.879000 -7.122238 
-0.878000 -7.089756 
-0.877000 -7.057106 
-0.876000 -7.024287 
-0.875000 -6.991301 
-0.874000 -6.958147 
-0.873000 -6.924826 
-0.872000 -6.891338 
-0.871000 -6.857683 
-0.870000 -6.823861 
-0.869000 -6.789872 
-0.868000 -6.755717 
-0.867000 -6.721395 
-0.866000 -6.686908 
-0.865000 -6.652254 
-0.864000 -6.617435 
-0.863000 -6.582450 
-0.862000 -6.547300 
-0.861000 -6.511984 
-0.860000 -6.476503 
-0.859000 -6.440858 
-0.858000 -6.405047 
-0.857000 -6.369072 
-0.856000 -6.332933 
-0.855000 -6.296629 
-0.854000 -6.260161 
-0.853000 -6.223529 
-0.852000 -6.186733 
-0.851000 -6.149774 
-0.850000 -6.112650 
-0.849000 -6.075364 
-0.848000 -6.037914 
-0.847000 -6.000301 
-0.846000 -5.962524 
-0.845000 -5.924585 
-0.844000 -5.886483 
-0.843000 -5.848219 
-0.842000 -5.809792 
-0.841000 -5.771202 
-0.840000 -5.732451 
-0.839000 -5.693537 
-0.838000 -5.654461 
-0.837000 -5.615223 
-0.836000 -5.575824 
-0.835000 -5.536262 
-0.834000 -5.496540 
-0.833000 -5.456655 
-0.832000 -5.416610 
-0.831000 -5.376403 
-0.830000 -5.336035 
-0.829000 -5.295507 
-0.828000 -5.254817 
-0.827000 -5.213967 
-0.826000 -5.172956 
-0.825000 -5.131784 
-0.824000 -5.090452 
-0.823000 -5.048960 
-0.822000 -5.007307 
-0.821000 -4.965494 
-0.820000 -4.923522 
-0.819000 -4.881389 
-0.818000 -4.839097 
-0.817000 -4.796645 
-0.816000 -4.754033 
-0.815000 -4.711262 
-0.814000 -4.668332 
-0.813000 -4.625242 
-0.812000 -4.581993 
-0.811000 -4.538585 
-0.810000 -4.495018 
-0.809000 -4.451292 
-0.808000 -4.407407 
-0.807000 -4.363364 
-0.806000 -4.319162 
-0.805000 -4.274801 
-0.804000 -4.230283 
-0.803000 -4.185606 
-0.802000 -4.140770 
-0.801000 -4.095777 
-0.800000 -4.050626 
-0.799000 -4.005317 
-0.798000 -3.959850 
-0.797000 -3.914226 
-0.796000 -3.868444 
-0.795000 -3.822504 
-0.794000 -3.776407 
-0.793000 -3.730153 
-0.792000 -3.683742 
-0.791000 -3.637174 
-0.790000 -3.590450 
-0.789000 -3.543568 
-0.788000 -3.496530 
-0.787000 -3.449335 
-0.786000 -3.401983 
-0.785000 -3.354476 
-0.784000 -3.306812 
-0.783000 -3.258992 
-0.782000 -3.211017 
-0.781000 -3.162885 
-0.780000 -3.114598 
-0.779000 -3.066155 
-0.778000 -3.017557 
-0.777000 -2.968804 
-0.776000 -2.919895 
-0.775000 -2.870831 
-0.774000 -2.821613 
-0.773000 -2.772240 
-0.772000 -2.722712 
-0.771000 -2.673030 
-0.770000 -2.623193 
-0.769000 -2.573203 
-0.768000 -2.523058 
-0.767000 -2.472760 
-0.766000 -2.422308 
-0.765000 -2.371702 
-0.764000 -2.320943 
-0.763000 -2.270031 
-0.762000 -2.218966 
-0.761000 -2.167748 
-0.760000 -2.116378 
-0.759000 -2.064855 
-0.758000 -2.013180 
-0.757000 -1.961353 
-0.756000 -1.909374 
-0.755000 -1.857243 
-0.754000 -1.804961 
-0.753000 -1.752528 
-0.752000 -1.699943 
-0.751000 -1.647208 
-0.750000 -1.594323 
-0.749000 -1.541287 
-0.748000 -1.488100 
-0.747000 -1.434764 
-0.746000 -1.381279 
-0.745000 -1.327644 
-0.744000 -1.273860 
-0.743000 -1.219927 
-0.742000 -1.165845 
-0.741000 -1.111615 
-0.740000 -1.057237 
-0.739000 -1.002711 
-0.738000 -0.948038 
-0.737000 -0.893218 
-0.736000 -0.838250 
-0.735000 -0.783136 
-0.734000 -0.727876 
-0.733000 -0.672470 
-0.732000 -0.616919 
-0.731000 -0.561222 
-0.730000 -0.505380 
-0.729000 -0.449394 
-0.728000 -0.393263 
-0.727000 -0.336989 
-0.726000 -0.280571 
-0.725000 -0.224010 
-0.724000 -0.167306 
-0.723000 -0.110460 
-0.722000 -0.053473 
-0.721000 0.003657 
-0.720000 0.060927 
-0.719000 0.118338 
-0.718000 0.175889 
-0.717000 0.233580 
-0.716000 0.291410 
-0.715000 0.349378 
-0.714000 0.407485 
-0.713000 0.465730 
-0.712000 0.524112 
-0.711000 0.582631 
-0.710000 0.641286 
-0.709000 0.700077 
-0.708000 0.759003 
-0.707000 0.818063 
-0.706000 0.877257 
-0.705000 0.936585 
-0.704000 0.996046 
-0.703000 1.055639 
-0.702000 1.115364 
-0.701000 1.175219 
-0.700000 1.235205 
-0.699000 1.295321 
-0.698000 1.355565 
-0.697000 1.415938 
-0.696000 1.476439 
-0.695000 1.537066 
-0.694000 1.597820 
-0.693000 1.658699 
-0.692000 1.719702 
-0.691000 1.780830 
-0.690000 1.842080 
-0.689000 1.903453 
-0.688000 1.964948 
-0.687000 2.026563 
-0.686000 2.088298 
-0.685000 2.150152 
-0.684000 2.212124 
-0.683000 2.274213 
-0.682000 2.336418 
-0.681000 2.398738 
-0.680000 2.461173 
-0.679000 2.523722 
-0.678000 2.586382 
-0.677000 2.649154 
-0.676000 2.712036 
-0.675000 2.775028 
-0.674000 2.838128 
-0.673000 2.901335 
-0.672000 2.964648 
-0.671000 3.028065 
-0.670000 3.091587 
-0.669000 3.155211 
-0.668000 3.218936 
-0.667000 3.282762 
-0.666000 3.346686 
-0.665000 3.410708 
-0.664000 3.474827 
-0.663000 3.539040 
-0.662000 3.603347 
-0.661000 3.667747 
-0.660000 3.732237 
-0.659000 3.796817 
-0.658000 3.861486 
-0.657000 3.926240 
-0.656000 3.991080 
-0.655000 4.056004 
-0.654000 4.121010 
-0.653000 4.186097 
-0.652000 4.251262 
-0.651000 4.316505 
-0.650000 4.381824 
-0.649000 4.447216 
-0.648000 4.512681 
-0.647000 4.578217 
-0.646000 4.643822 
-0.645000 4.709493 
-0.644000 4.775230 
-0.643000 4.841030 
-0.642000 4.906892 
-0.641000 4.972814 
-0.640000 5.038793 
-0.639000 5.104827 
-0.638000 5.170916 
-0.637000 5.237056 
-0.636000 5.303245 
-0.635000 5.369482 
-0.634000 5.435764 
-0.633000 5.502090 
-0.632000 5.568456 
-0.631000 5.634860 
-0.630000 5.701301 
-0.629000 5.767776 
-0.628000 5.834283 
-0.627000 5.900818 
-0.626000 5.967381 
-0.625000 6.033967 
-0.624000 6.100576 
-0.623000 6.167204 
-0.622000 6.233848 
-0.621000 6.300506 
-0.620000 6.367175 
-0.619000 6.433853 
-0.618000 6.500536 
-0.617000 6.567223 
-0.616000 6.633909 
-0.615000 6.700593 
-0.614000 6.767271 
-0.613000 6.833940 
-0.612000 6.900597 
-0.611000 6.967240 
-0.610000 7.033864 
-0.609000 7.100467 
-0.608000 7.167046 
-0.607000 7.233598 
-0.606000 7.300118 
-0.605000 7.366604 
-0.604000 7.433052 
-0.603000 7.499459 
-0.602000 7.565821 
-0.601000 7.632135 
-0.600000 7.698397 
-0.599000 7.764604 
-0.598000 7.830751 
-0.597000 7.896836 
-0.596000 7.962853 
-0.595000 8.028800 
-0.594000 8.094673 
-0.593000 8.160466 
-0.592000 8.226177 
-0.591000 8.291802 
-0.590000 8.357335 
-0.589000 8.422774 
-0.588000 8.488113 
-0.587000 8.553348 
-0.586000 8.618476 
-0.585000 8.683491 
-0.584000 8.748390 
-0.583000 8.813167 
-0.582000 8.877818 
-0.581000 8.942338 
-0.580000 9.006723 
-0.579000 9.070968 
-0.578000 9.135068 
-0.577000 9.199019 
-0.576000 9.262814 
-0.575000 9.326450 
-0.574000 9.389921 
-0.573000 9.453222 
-0.572000 9.516347 
-0.571000 9.579293 
-0.570000 9.642052 
-0.569000 9.704621 
-0.568000 9.766993 
-0.567000 9.829163 
-0.566000 9.891125 
-0.565000 9.952875 
-0.564000 10.014405 
-0.563000 10.075711 
-0.562000 10.136786 
-0.561000 10.197625 
-0.560000 10.258222 
-0.559000 10.318570 
-0.558000 10.378665 
-0.557000 10.438498 
-0.556000 10.498066 
-0.555000 10.557360 
-0.554000 10.616376 
-0.553000 10.675106 
-0.552000 10.733544 
-0.551000 10.791683 
-0.550000 10.849518 
-0.549000 10.907041 
-0.548000 10.964246 
-0.547000 11.021126 
-0.546000 11.077674 
-0.545000 11.133884 
-0.544000 11.189748 
-0.543000 11.245259 
-0.542000 11.300411 
-0.541000 11.355197 
-0.540000 11.409609 
-0.539000 11.463640 
-0.538000 11.517283 
-0.537000 11.570530 
-0.536000 11.623375 
-0.535000 11.675809 
-0.534000 11.727826 
-0.533000 11.779417 
-0.532000 11.830576 
-0.531000 11.881294 
-0.530000 11.931564 
-0.529000 11.981379 
-0.528000 12.030730 
-0.527000 12.079609 
-0.526000 12.128010 
-0.525000 12.175923 
-0.524000 12.223341 
-0.523000 12.270257 
-0.522000 12.316661 
-0.521000 12.362546 
-0.520000 12.407905 
-0.519000 12.452728 
-0.518000 12.497007 
-0.517000 12.540735 
-0.516000 12.583903 
-0.515000 12.626504 
-0.514000 12.668527 
-0.513000 12.709967 
-0.512000 12.750813 
-0.511000 12.791058 
-0.510000 12.830693 
-0.509000 12.869711 
-0.508000 12.908102 
-0.507000 12.945858 
-0.506000 12.982971 
-0.505000 13.019433 
-0.504000 13.055235 
-0.503000 13.090368 
-0.502000 13.124824 
-0.501000 13.158595 
-0.500000 13.191672 
-0.499000 13.224048 
-0.498000 13.255712 
-0.497000 13.286658 
-0.496000 13.316877 
-0.495000 13.346360 
-0.494000 13.375099 
-0.493000 13.403087 
-0.492000 13.430313 
-0.491000 13.456771 
-0.490000 13.482452 
-0.489000 13.507348 
-0.488000 13.531450 
-0.487000 13.554751 
-0.486000 13.577243 
-0.485000 13.598918 
-0.484000 13.619767 
-0.483000 13.639783 
-0.482000 13.658958 
-0.481000 13.677284 
-0.480000 13.694754 
-0.479000 13.711359 
-0.478000 13.727093 
-0.477000 13.741948 
-0.476000 13.755917 
-0.475000 13.768991 
-0.474000 13.781165 
-0.473000 13.792431 
-0.472000 13.802781 
-0.471000 13.812209 
-0.470000 13.820709 
-0.469000 13.828273 
-0.468000 13.834895 
-0.467000 13.840568 
-0.466000 13.845286 
-0.465000 13.849043 
-0.464000 13.851832 
-0.463000 13.853649 
-0.462000 13.854486 
-0.461000 13.854338 
-0.460000 13.853199 
-0.459000 13.851065 
-0.458000 13.847930 
-0.457000 13.843788 
-0.456000 13.838636 
-0.455000 13.832467 
-0.454000 13.825277 
-0.453000 13.817063 
-0.452000 13.807819 
-0.451000 13.797542 
-0.450000 13.786227 
-0.449000 13.773871 
-0.448000 13.760470 
-0.447000 13.746021 
-0.446000 13.730521 
-0.445000 13.713966 
-0.444000 13.696355 
-0.443000 13.677684 
-0.442000 13.657950 
-0.441000 13.637152 
-0.440000 13.615288 
-0.439000 13.592357 
-0.438000 13.568355 
-0.437000 13.543283 
-0.436000 13.517138 
-0.435000 13.489921 
-0.434000 13.461630 
-0.433000 13.432266 
-0.432000 13.401827 
-0.431000 13.370314 
-0.430000 13.337727 
-0.429000 13.304067 
-0.428000 13.269335 
-0.427000 13.233530 
-0.426000 13.196655 
-0.425000 13.158711 
-0.424000 13.119700 
-0.423000 13.079624 
-0.422000 13.038484 
-0.421000 12.996283 
-0.420000 12.953024 
-0.419000 12.908710 
-0.418000 12.863344 
-0.417000 12.816929 
-0.416000 12.769469 
-0.415000 12.720968 
-0.414000 12.671430 
-0.413000 12.620859 
-0.412000 12.569260 
-0.411000 12.516637 
-0.410000 12.462996 
-0.409000 12.408343 
-0.408000 12.352682 
-0.407000 12.296019 
-0.406000 12.238361 
-0.405000 12.179714 
-0.404000 12.120084 
-0.403000 12.059478 
-0.402000 11.997903 
-0.401000 11.935366 
-0.400000 11.871874 
-0.399000 11.807436 
-0.398000 11.742058 
-0.397000 11.675750 
-0.396000 11.608518 
-0.395000 11.540373 
-0.394000 11.471322 
-0.393000 11.401374 
-0.392000 11.330538 
-0.391000 11.258824 
-0.390000 11.186242 
-0.389000 11.112800 
-0.388000 11.038508 
-0.387000 10.963377 
-0.386000 10.887417 
-0.385000 10.810638 
-0.384000 10.733051 
-0.383000 10.654666 
-0.382000 10.575494 
-0.381000 10.495547 
-0.380000 10.414834 
-0.379000 10.333369 
-0.378000 10.251161 
-0.377000 10.168224 
-0.376000 10.084567 
-0.375000 10.000204 
-0.374000 9.915146 
-0.373000 9.829405 
-0.372000 9.742993 
-0.371000 9.655923 
-0.370000 9.568207 
-0.369000 9.479857 
-0.368000 9.390887 
-0.367000 9.301308 
-0.366000 9.211134 
-0.365000 9.120377 
-0.364000 9.029050 
-0.363000 8.937166 
-0.362000 8.844738 
-0.361000 8.751779 
-0.360000 8.658302 
-0.359000 8.564320 
-0.358000 8.469847 
-0.357000 8.374896 
-0.356000 8.279479 
-0.355000 8.183610 
-0.354000 8.087303 
-0.353000 7.990571 
-0.352000 7.893427 
-0.351000 7.795884 
-0.350000 7.697955 
-0.349000 7.599654 
-0.348000 7.500995 
-0.347000 7.401990 
-0.346000 7.302652 
-0.345000 7.202995 
-0.344000 7.103033 
-0.343000 7.002777 
-0.342000 6.902242 
-0.341000 6.801440 
-0.340000 6.700384 
-0.339000 6.599088 
-0.338000 6.497563 
-0.337000 6.395824 
-0.336000 6.293883 
-0.335000 6.191752 
-0.334000 6.089445 
-0.333000 5.986973 
-0.332000 5.884350 
-0.331000 5.781587 
-0.330000 5.678697 
-0.329000 5.575693 
-0.328000 5.472585 
-0.327000 5.369388 
-0.326000 5.266112 
-0.325000 5.162769 
-0.324000 5.059371 
-0.323000 4.955930 
-0.322000 4.852457 
-0.321000 4.748964 
-0.320000 4.645462 
-0.319000 4.541962 
-0.318000 4.438475 
-0.317000 4.335013 
-0.316000 4.231586 
-0.315000 4.128204 
-0.314000 4.024880 
-0.313000 3.921622 
-0.312000 3.818442 
-0.311000 3.715349 
-0.310000 3.612354 
-0.309000 3.509466 
-0.308000 3.406696 
-0.307000 3.304054 
-0.306000 3.201548 
-0.305000 3.099188 
-0.304000 2.996983 
-0.303000 2.894944 
-0.302000 2.793078 
-0.301000 2.691394 
-0.300000 2.589902 
-0.299000 2.488610 
-0.298000 2.387526 
-0.297000 2.286659 
-0.296000 2.186017 
-0.295000 2.085607 
-0.294000 1.985439 
-0.293000 1.885519 
-0.292000 1.785855 
-0.291000 1.686455 
-0.290000 1.587327 
-0.289000 1.488476 
-0.288000 1.389911 
-0.287000 1.291638 
-0.286000 1.193664 
-0.285000 1.095996 
-0.284000 0.998640 
-0.283000 0.901602 
-0.282000 0.804890 
-0.281000 0.708509 
-0.280000 0.612464 
-0.279000 0.516762 
-0.278000 0.421409 
-0.277000 0.326410 
-0.276000 0.231770 
-0.275000 0.137495 
-0.274000 0.043590 
-0.273000 -0.049940 
-0.272000 -0.143089 
-0.271000 -0.235854 
-0.270000 -0.328230 
-0.269000 -0.420212 
-0.268000 -0.511795 
-0.267000 -0.602975 
-0.266000 -0.693749 
-0.265000 -0.784111 
-0.264000 -0.874059 
-0.263000 -0.963587 
-0.262000 -1.052693 
-0.261000 -1.141373 
-0.260000 -1.229624 
-0.259000 -1.317441 
-0.258000 -1.404823 
-0.257000 -1.491764 
-0.256000 -1.578264 
-0.255000 -1.664317 
-0.254000 -1.749923 
-0.253000 -1.835078 
-0.252000 -1.919779 
-0.251000 -2.004023 
-0.250000 -2.087809 
-0.249000 -2.171135 
-0.248000 -2.253997 
-0.247000 -2.336393 
-0.246000 -2.418322 
-0.245000 -2.499782 
-0.244000 -2.580770 
-0.243000 -2.661286 
-0.242000 -2.741326 
-0.241000 -2.820891 
-0.240000 -2.899977 
-0.239000 -2.978584 
-0.238000 -3.056710 
-0.237000 -3.134354 
-0.236000 -3.211515 
-0.235000 -3.288192 
-0.234000 -3.364383 
-0.233000 -3.440088 
-0.232000 -3.515306 
-0.231000 -3.590035 
-0.230000 -3.664276 
-0.229000 -3.738027 
-0.228000 -3.811288 
-0.227000 -3.884058 
-0.226000 -3.956337 
-0.225000 -4.028124 
-0.224000 -4.099419 
-0.223000 -4.170222 
-0.222000 -4.240533 
-0.221000 -4.310350 
-0.220000 -4.379675 
-0.219000 -4.448506 
-0.218000 -4.516845 
-0.217000 -4.584691 
-0.216000 -4.652044 
-0.215000 -4.718904 
-0.214000 -4.785272 
-0.213000 -4.851147 
-0.212000 -4.916531 
-0.211000 -4.981423 
-0.210000 -5.045823 
-0.209000 -5.109733 
-0.208000 -5.173153 
-0.207000 -5.236082 
-0.206000 -5.298523 
-0.205000 -5.360474 
-0.204000 -5.421938 
-0.203000 -5.482914 
-0.202000 -5.543404 
-0.201000 -5.603408 
-0.200000 -5.662927 
-0.199000 -5.721961 
-0.198000 -5.780512 
-0.197000 -5.838581 
-0.196000 -5.896168 
-0.195000 -5.953274 
-0.194000 -6.009901 
-0.193000 -6.066049 
-0.192000 -6.121719 
-0.191000 -6.176913 
-0.190000 -6.231631 
-0.189000 -6.285875 
-0.188000 -6.339646 
-0.187000 -6.392945 
-0.186000 -6.445773 
-0.185000 -6.498131 
-0.184000 -6.550021 
-0.183000 -6.601444 
-0.182000 -6.652401 
-0.181000 -6.702893 
-0.180000 -6.752923 
-0.179000 -6.802490 
-0.178000 -6.851597 
-0.177000 -6.900245 
-0.176000 -6.948435 
-0.175000 -6.996169 
-0.174000 -7.043447 
-0.173000 -7.090273 
-0.172000 -7.136646 
-0.171000 -7.182569 
-0.170000 -7.228042 
-0.169000 -7.273068 
-0.168000 -7.317648 
-0.167000 -7.361783 
-0.166000 -7.405476 
-0.165000 -7.448726 
-0.164000 -7.491537 
-0.163000 -7.533909 
-0.162000 -7.575845 
-0.161000 -7.617345 
-0.160000 -7.658411 
-0.159000 -7.699046 
-0.158000 -7.739250 
-0.157000 -7.779024 
-0.156000 -7.818372 
-0.155000 -7.857294 
-0.154000 -7.895791 
-0.153000 -7.933867 
-0.152000 -7.971521 
-0.151000 -8.008756 
-0.150000 -8.045574 
-0.149000 -8.081975 
-0.148000 -8.117963 
-0.147000 -8.153537 
-0.146000 -8.188701 
-0.145000 -8.223455 
-0.144000 -8.257802 
-0.143000 -8.291742 
-0.142000 -8.325278 
-0.141000 -8.358412 
-0.140000 -8.391144 
-0.139000 -8.423477 
-0.138000 -8.455412 
-0.137000 -8.486950 
-0.136000 -8.518095 
-0.135000 -8.548846 
-0.134000 -8.579207 
-0.133000 -8.609178 
-0.132000 -8.638761 
-0.131000 -8.667957 
-0.130000 -8.696769 
-0.129000 -8.725199 
-0.128000 -8.753246 
-0.127000 -8.780915 
-0.126000 -8.808205 
-0.125000 -8.835119 
-0.124000 -8.861658 
-0.123000 -8.887824 
-0.122000 -8.913618 
-0.121000 -8.939043 
-0.120000 -8.964099 
-0.119000 -8.988788 
-0.118000 -9.013113 
-0.117000 -9.037074 
-0.116000 -9.060673 
-0.115000 -9.083912 
-0.114000 -9.106792 
-0.113000 -9.129315 
-0.112000 -9.151483 
-0.111000 -9.173297 
-0.110000 -9.194758 
-0.109000 -9.215868 
-0.108000 -9.236630 
-0.107000 -9.257043 
-0.106000 -9.277110 
-0.105000 -9.296833 
-0.104000 -9.316213 
-0.103000 -9.335251 
-0.102000 -9.353949 
-0.101000 -9.372308 
-0.100000 -9.390331 
-0.099000 -9.408018 
-0.098000 -9.425371 
-0.097000 -9.442391 
-0.096000 -9.459081 
-0.095000 -9.475440 
-0.094000 -9.491472 
-0.093000 -9.507177 
-0.092000 -9.522557 
-0.091000 -9.537613 
-0.090000 -9.552347 
-0.089000 -9.566760 
-0.088000 -9.580854 
-0.087000 -9.594629 
-0.086000 -9.608088 
-0.085000 -9.621232 
-0.084000 -9.634062 
-0.083000 -9.646580 
-0.082000 -9.658786 
-0.081000 -9.670683 
-0.080000 -9.682272 
-0.079000 -9.693554 
-0.078000 -9.704530 
-0.077000 -9.715202 
-0.076000 -9.725571 
-0.075000 -9.735639 
-0.074000 -9.745406 
-0.073000 -9.754875 
-0.072000 -9.764046 
-0.071000 -9.772920 
-0.070000 -9.781500 
-0.069000 -9.789786 
-0.068000 -9.797779 
-0.067000 -9.805481 
-0.066000 -9.812894 
-0.065000 -9.820017 
-0.064000 -9.826854 
-0.063000 -9.833404 
-0.062000 -9.839669 
-0.061000 -9.845650 
-0.060000 -9.851349 
-0.059000 -9.856767 
-0.058000 -9.861905 
-0.057000 -9.866763 
-0.056000 -9.871344 
-0.055000 -9.875649 
-0.054000 -9.879678 
-0.053000 -9.883433 
-0.052000 -9.886914 
-0.051000 -9.890124 
-0.050000 -9.893063 
-0.049000 -9.895733 
-0.048000 -9.898134 
-0.047000 -9.900267 
-0.046000 -9.902134 
-0.045000 -9.903736 
-0.044000 -9.905074 
-0.043000 -9.906149 
-0.042000 -9.906962 
-0.041000 -9.907514 
-0.040000 -9.907806 
-0.039000 -9.907840 
-0.038000 -9.907615 
-0.037000 -9.907134 
-0.036000 -9.906398 
-0.035000 -9.905406 
-0.034000 -9.904162 
-0.033000 -9.902664 
-0.032000 -9.900915 
-0.031000 -9.898915 
-0.030000 -9.896666 
-0.029000 -9.894168 
-0.028000 -9.891422 
-0.027000 -9.888430 
-0.026000 -9.885192 
-0.025000 -9.881709 
-0.024000 -9.877982 
-0.023000 -9.874012 
-0.022000 -9.869800 
-0.021000 -9.865347 
-0.020000 -9.860654 
-0.019000 -9.855722 
-0.018000 -9.850551 
-0.017000 -9.845143 
-0.016000 -9.839498 
-0.015000 -9.833618 
-0.014000 -9.827502 
-0.013000 -9.821153 
-0.012000 -9.814571 
-0.011000 -9.807756 
-0.010000 -9.800710 
-0.009000 -9.793433 
-0.008000 -9.785927 
-0.007000 -9.778191 
-0.006000 -9.770228 
-0.005000 -9.762037 
-0.004000 -9.753619 
-0.003000 -9.744976 
-0.002000 -9.736108 
-0.001000 -9.727016 
-0.000000 -9.717700 
0.001000 -9.708162 
0.002000 -9.698402 
0.003000 -9.688421 
0.004000 -9.678220 
0.005000 -9.667799 
0.006000 -9.657159 
0.007000 -9.646301 
0.008000 -9.635225 
0.009000 -9.623933 
0.010000 -9.612425 
0.011000 -9.600702 
0.012000 -9.588764 
0.013000 -9.576612 
0.014000 -9.564248 
0.015000 -9.551670 
0.016000 -9.538881 
0.017000 -9.525880 
0.018000 -9.512670 
0.019000 -9.499249 
0.020000 -9.485619 
0.021000 -9.471780 
0.022000 -9.457734 
0.023000 -9.443480 
0.024000 -9.429020 
0.025000 -9.414354 
0.026000 -9.399482 
0.027000 -9.384406 
0.028000 -9.369125 
0.029000 -9.353641 
0.030000 -9.337953 
0.031000 -9.322064 
0.032000 -9.305972 
0.033000 -9.289679 
0.034000 -9.273186 
0.035000 -9.256492 
0.036000 -9.239599 
0.037000 -9.222507 
0.038000 -9.205216 
0.039000 -9.187728 
0.040000 -9.170042 
0.041000 -9.152159 
0.042000 -9.134080 
0.043000 -9.115805 
0.044000 -9.097335 
0.045000 -9.078670 
0.046000 -9.059811 
0.047000 -9.040758 
0.048000 -9.021512 
0.049000 -9.002073 
0.050000 -8.982442 
0.051000 -8.962619 
0.052000 -8.942605 
0.053000 -8.922400 
0.054000 -8.902004 
0.055000 -8.881419 
0.056000 -8.860644 
0.057000 -8.839680 
0.058000 -8.818528 
0.059000 -8.797187 
0.060000 -8.775659 
0.061000 -8.753944 
0.062000 -8.732041 
0.063000 -8.709953 
0.064000 -8.687678 
0.065000 -8.665218 
0.066000 -8.642573 
0.067000 -8.619743 
0.068000 -8.596728 
0.069000 -8.573530 
0.070000 -8.550148 
0.071000 -8.526583 
0.072000 -8.502835 
0.073000 -8.478905 
0.074000 -8.454793 
0.075000 -8.430500 
0.076000 -8.406025 
0.077000 -8.381369 
0.078000 -8.356532 
0.079000 -8.331515 
0.080000 -8.306319 
0.081000 -8.280943 
0.082000 -8.255388 
0.083000 -8.229654 
0.084000 -8.203742 
0.085000 -8.177651 
0.086000 -8.151383 
0.087000 -8.124937 
0.088000 -8.098314 
0.089000 -8.071514 
0.090000 -8.044537 
0.091000 -8.017385 
0.092000 -7.990056 
0.093000 -7.962552 
0.094000 -7.934872 
0.095000 -7.907018 
0.096000 -7.878988 
0.097000 -7.850785 
0.098000 -7.822407 
0.099000 -7.793855 
0.100000 -7.765129 
0.101000 -7.736230 
0.102000 -7.707158 
0.103000 -7.677913 
0.104000 -7.648496 
0.105000 -7.618906 
0.106000 -7.589145 
0.107000 -7.559211 
0.108000 -7.529106 
0.109000 -7.498830 
0.110000 -7.468383 
0.111000 -7.437764 
0.112000 -7.406976 
0.113000 -7.376017 
0.114000 -7.344887 
0.115000 -7.313588 
0.116000 -7.282119 
0.117000 -7.250481 
0.118000 -7.218674 
0.119000 -7.186697 
0.120000 -7.154552 
0.121000 -7.122238 
0.122000 -7.089756 
0.123000 -7.057106 
0.124000 -7.024287 
0.125000 -6.991301 
0.126000 -6.958147 
0.127000 -6.924826 
0.128000 -6.891338 
0.129000 -6.857683 
0.130000 -6.823861 
0.131000 -6.789872 
0.132000 -6.755717 
0.133000 -6.721395 
0.134000 -6.686908 
0.135000 -6.652254 
0.136000 -6.617435 
0.137000 -6.582450 
0.138000 -6.547300 
0.139000 -6.511984 
0.140000 -6.476503 
0.141000 -6.440858 
0.142000 -6.405047 
0.143000 -6.369072 
0.144000 -6.332933 
0.145000 -6.296629 
0.146000 -6.260161 
0.147000 -6.223529 
0.148000 -6.186733 
0.149000 -6.149774 
0.150000 -6.112650 
0.151000 -6.075364 
0.152000 -6.037914 
0.153000 -6.000301 
0.154000 -5.962524 
0.155000 -5.924585 
0.156000 -5.886483 
0.157000 -5.848219 
0.158000 -5.809792 
0.159000 -5.771202 
0.160000 -5.732451 
0.161000 -5.693537 
0.162000 -5.654461 
0.163000 -5.615223 
0.164000 -5.575824 
0.165000 -5.536262 
0.166000 -5.496540 
0.167000 -5.456655 
0.168000 -5.416610 
0.169000 -5.376403 
0.170000 -5.336035 
0.171000 -5.295507 
0.172000 -5.254817 
0.173000 -5.213967 
0.174000 -5.172956 
0.175000 -5.131784 
0.176000 -5.090452 
0.177000 -5.048960 
0.178000 -5.007307 
0.179000 -4.965494 
0.180000 -4.923522 
0.181000 -4.881389 
0.182000 -4.839097 
0.183000 -4.796645 
0.184000 -4.754033 
0.185000 -4.711262 
0.186000 -4.668332 
0.187000 -4.625242 
0.188000 -4.581993 
0.189000 -4.538585 
0.190000 -4.495018 
0.191000 -4.451292 
0.192000 -4.407407 
0.193000 -4.363364 
0.194000 -4.319162 
0.195000 -4.274801 
0.196000 -4.230283 
0.197000 -4.185606 
0.198000 -4.140770 
0.199000 -4.095777 
0.200000 -4.050626 
0.201000 -4.005317 
0.202000 -3.959850 
0.203000 -3.914226 
0.204000 -3.868444 
0.205000 -3.822504 
0.206000 -3.776407 
0.207000 -3.730153 
0.208000 -3.683742 
0.209000 -3.637174 
0.210000 -3.590450 
0.211000 -3.543568 
0.212000 -3.496530 
0.213000 -3.449335 
0.214000 -3.401983 
0.215000 -3.354476 
0.216000 -3.306812 
0.217000 -3.258992 
0.218000 -3.211017 
0.219000 -3.162885 
0.220000 -3.114598 
0.221000 -3.066155 
0.222000 -3.017557 
0.223000 -2.968804 
0.224000 -2.919895 
0.225000 -2.870831 
0.226000 -2.821613 
0.227000 -2.772240 
0.228000 -2.722712 
0.229000 -2.673030 
0.230000 -2.623193 
0.231000 -2.573203 
0.232000 -2.523058 
0.233000 -2.472760 
0.234000 -2.422308 
0.235000 -2.371702 
0.236000 -2.320943 
0.237000 -2.270031 
0.238000 -2.218966 
0.239000 -2.167748 
0.240000 -2.116378 
0.241000 -2.064855 
0.242000 -2.013180 
0.243000 -1.961353 
0.244000 -1.909374 
0.245000 -1.857243 
0.246000 -1.804961 
0.247000 -1.752528 
0.248000 -1.699943 
0.249000 -1.647208 
0.250000 -1.594323 
0.251000 -1.541287 
0.252000 -1.488100 
0.253000 -1.434764 
0.254000 -1.381279 
0.255000 -1.327644 
0.256000 -1.273860 
0.257000 -1.219927 
0.258000 -1.165845 
0.259000 -1.111615 
0.260000 -1.057237 
0.261000 -1.002711 
0.262000 -0.948038 
0.263000 -0.893218 
0.264000 -0.838250 
0.265000 -0.783136 
0.266000 -0.727876 
0.267000 -0.672470 
0.268000 -0.616919 
0.269000 -0.561222 
0.270000 -0.505380 
0.271000 -0.449394 
0.272000 -0.393263 
0.273000 -0.336989 
0.274000 -0.280571 
0.275000 -0.224010 
0.276000 -0.167306 
0.277000 -0.110460 
0.278000 -0.053473 
0.279000 0.003657 
0.280000 0.060927 
0.281000 0.118338 
0.282000 0.175889 
0.283000 0.233580 
0.284000 0.291410 
0.285000 0.349378 
0.286000 0.407485 
0.287000 0.465730 
0.288000 0.524112 
0.289000 0.582631 
0.290000 0.641286 
0.291000 0.700077 
0.292000 0.759003 
0.293000 0.818063 
0.294000 0.877257 
0.295000 0.936585 
0.296000 0.996046 
0.297000 1.055639 
0.298000 1.115364 
0.299000 1.175219 
0.300000 1.235205 
0.301000 1.295321 
0.302000 1.355565 
0.303000 1.415938 
0.304000 1.476439 
0.305000 1.537066 
0.306000 1.597820 
0.307000 1.658699 
0.308000 1.719702 
0.309000 1.780830 
0.310000 1.842080 
0.311000 1.903453 
0.312000 1.964948 
0.313000 2.026563 
0.314000 2.088298 
0.315000 2.150152 
0.316000 2.212124 
0.317000 2.274213 
0.318000 2.336418 
0.319000 2.398738 
0.320000 2.461173 
0.321000 2.523722 
0.322000 2.586382 
0.323000 2.649154 
0.324000 2.712036 
0.325000 2.775028 
0.326000 2.838128 
0.327000 2.901335 
0.328000 2.964648 
0.329000 3.028065 
0.330000 3.091587 
0.331000 3.155211 
0.332000 3.218936 
0.333000 3.282762 
0.334000 3.346686 
0.335000 3.410708 
0.336000 3.474827 
0.337000 3.539040 
0.338000 3.603347 
0.339000 3.667747 
0.340000 3.732237 
0.341000 3.796817 
0.342000 3.861486 
0.343000 3.926240 
0.344000 3.991080 
0.345000 4.056004 
0.346000 4.121010 
0.347000 4.186097 
0.348000 4.251262 
0.349000 4.316505 
0.350000 4.381824 
0.351000 4.447216 
0.352000 4.512681 
0.353000 4.578217 
0.354000 4.643822 
0.355000 4.709493 
0.356000 4.775230 
0.357000 4.841030 
0.358000 4.906892 
0.359000 4.972814 
0.360000 5.038793 
0.361000 5.104827 
0.362000 5.170916 
0.363000 5.237056 
0.364000 5.303245 
0.365000 5.369482 
0.366000 5.435764 
0.367000 5.502090 
0.368000 5.568456 
0.369000 5.634860 
0.370000 5.701301 
0.371000 5.767776 
0.372000 5.834283 
0.373000 5.900818 
0.374000 5.967381 
0.375000 6.033967 
0.376000 6.100576 
0.377000 6.167203 
0.378000 6.233848 
0.379000 6.300506 
0.380000 6.367175 
0.381000 6.433853 
0.382000 6.500536 
0.383000 6.567223 
0.384000 6.633909 
0.385000 6.700593 
0.386000 6.767271 
0.387000 6.833940 
0.388000 6.900597 
0.389000 6.967240 
0.390000 7.033864 
0.391000 7.100467 
0.392000 7.167046 
0.393000 7.233598 
0.394000 7.300118 
0.395000 7.366604 
0.396000 7.433052 
0.397000 7.499459 
0.398000 7.565821 
0.399000 7.632135 
0.400000 7.698397 
0.401000 7.764604 
0.402000 7.830751 
0.403000 7.896836 
0.404000 7.962853 
0.405000 8.028800 
0.406000 8.094673 
0.407000 8.160466 
0.408000 8.226177 
0.409000 8.291802 
0.410000 8.357335 
0.411000 8.422774 
0.412000 8.488113 
0.413000 8.553348 
0.414000 8.618476 
0.415000 8.683491 
0.416000 8.748390 
0.417000 8.813167 
0.418000 8.877818 
0.419000 8.942338 
0.420000 9.006723 
0.421000 9.070968 
0.422000 9.135068 
0.423000 9.199019 
0.424000 9.262814 
0.425000 9.326450 
0.426000 9.389921 
0.427000 9.453222 
0.428000 9.516347 
0.429000 9.579293 
0.430000 9.642052 
0.431000 9.704621 
0.432000 9.766993 
0.433000 9.829163 
0.434000 9.891125 
0.435000 9.952875 
0.436000 10.014405 
0.437000 10.075711 
0.438000 10.136786 
0.439000 10.197625 
0.440000 10.258222 
0.441000 10.318570 
0.442000 10.378665 
0.443000 10.438498 
0.444000 10.498066 
0.445000 10.557360 
0.446000 10.616376 
0.447000 10.675106 
0.448000 10.733544 
0.449000 10.791683 
0.450000 10.849518 
0.451000 10.907041 
0.452000 10.964246 
0.453000 11.021126 
0.454000 11.077674 
0.455000 11.133884 
0.456000 11.189748 
0.457000 11.245259 
0.458000 11.300411 
0.459000 11.355197 
0.460000 11.409609 
0.461000 11.463640 
0.462000 11.517283 
0.463000 11.570530 
0.464000 11.623375 
0.465000 11.675809 
0.466000 11.727826 
0.467000 11.779417 
0.468000 11.830576 
0.469000 11.881294 
0.470000 11.931564 
0.471000 11.981379 
0.472000 12.030730 
0.473000 12.079609 
0.474000 12.128010 
0.475000 12.175923 
0.476000 12.223341 
0.477000 12.270257 
0.478000 12.316661 
0.479000 12.362546 
0.480000 12.407905 
0.481000 12.452728 
0.482000 12.497007 
0.483000 12.540735 
0.484000 12.583903 
0.485000 12.626504 
0.486000 12.668527 
0.487000 12.709967 
0.488000 12.750813 
0.489000 12.791058 
0.490000 12.830693 
0.491000 12.869711 
0.492000 12.908102 
0.493000 12.945858 
0.494000 12.982971 
0.495000 13.019433 
0.496000 13.055235 
0.497000 13.090368 
0.498000 13.124824 
0.499000 13.158595 
0.500000 13.191672 
0.501000 13.224048 
0.502000 13.255712 
0.503000 13.286658 
0.504000 13.316877 
0.505000 13.346360 
0.506000 13.375099 
0.507000 13.403087 
0.508000 13.430313 
0.509000 13.456771 
0.510000 13.482452 
0.511000 13.507348 
0.512000 13.531450 
0.513000 13.554751 
0.514000 13.577243 
0.515000 13.598918 
0.516000 13.619767 
0.517000 13.639783 
0.518000 13.658958 
0.519000 13.677284 
0.520000 13.694754 
0.521000 13.711359 
0.522000 13.727093 
0.523000 13.741948 
0.524000 13.755917 
0.525000 13.768991 
0.526000 13.781165 
0.527000 13.792431 
0.528000 13.802781 
0.529000 13.812209 
0.530000 13.820709 
0.531000 13.828273 
0.532000 13.834895 
0.533000 13.840568 
0.534000 13.845286 
0.535000 13.849043 
0.536000 13.851832 
0.537000 13.853649 
0.538000 13.854486 
0.539000 13.854338 
0.540000 13.853199 
0.541000 13.851065 
0.542000 13.847930 
0.543000 13.843788 
0.544000 13.838636 
0.545000 13.832467 
0.546000 13.825277 
0.547000 13.817063 
0.548000 13.807819 
0.549000 13.797542 
0.550000 13.786227 
0.551000 13.773871 
0.552000 13.760470 
0.553000 13.746021 
0.554000 13.730521 
0.555000 13.713966 
0.556000 13.696355 
0.557000 13.677684 
0.558000 13.657950 
0.559000 13.637152 
0.560000 13.615288 
0.561000 13.592357 
0.562000 13.568355 
0.563000 13.543283 
0.564000 13.517138 
0.565000 13.489921 
0.566000 13.461630 
0.567000 13.432266 
0.568000 13.401827 
0.569000 13.370314 
0.570000 13.337727 
0.571000 13.304067 
0.572000 13.269335 
0.573000 13.233530 
0.574000 13.196655 
0.575000 13.158711 
0.576000 13.119700 
0.577000 13.079624 
0.578000 13.038484 
0.579000 12.996283 
0.580000 12.953024 
0.581000 12.908710 
0.582000 12.863344 
0.583000 12.816929 
0.584000 12.769469 
0.585000 12.720968 
0.586000 12.671430 
0.587000 12.620859 
0.588000 12.569260 
0.589000 12.516637 
0.590000 12.462996 
0.591000 12.408343 
0.592000 12.352682 
0.593000 12.296019 
0.594000 12.238361 
0.595000 12.179714 
0.596000 12.120084 
0.597000 12.059478 
0.598000 11.997903 
0.599000 11.935366 
0.600000 11.871874 
0.601000 11.807436 
0.602000 11.742058 
0.603000 11.675750 
0.604000 11.608518 
0.605000 11.540373 
0.606000 11.471322 
0.607000 11.401374 
0.608000 11.330538 
0.609000 11.258824 
0.610000 11.186242 
0.611000 11.112800 
0.612000 11.038508 
0.613000 10.963377 
0.614000 10.887417 
0.615000 10.810638 
0.616000 10.733051 
0.617000 10.654666 
0.618000 10.575494 
0.619000 10.495547 
0.620000 10.414834 
0.621000 10.333369 
0.622000 10.251161 
0.623000 10.168224 
0.624000 10.084567 
0.625000 10.000204 
0.626000 9.915146 
0.627000 9.829405 
0.628000 9.742993 
0.629000 9.655923 
0.630000 9.568207 
0.631000 9.479857 
0.632000 9.390887 
0.633000 9.301308 
0.634000 9.211134 
0.635000 9.120377 
0.636000 9.029050 
0.637000 8.937166 
0.638000 8.844738 
0.639000 8.751779 
0.640000 8.658302 
0.641000 8.564320 
0.642000 8.469847 
0.643000 8.374896 
0.644000 8.279479 
0.645000 8.183610 
0.646000 8.087303 
0.647000 7.990571 
0.648000 7.893427 
0.649000 7.795884 
0.650000 7.697955 
0.651000 7.599654 
0.652000 7.500995 
0.653000 7.401990 
0.654000 7.302652 
0.655000 7.202995 
0.656000 7.103033 
0.657000 7.002777 
0.658000 6.902242 
0.659000 6.801440 
0.660000 6.700384 
0.661000 6.599088 
0.662000 6.497563 
0.663000 6.395824 
0.664000 6.293883 
0.665000 6.191752 
0.666000 6.089445 
0.667000 5.986973 
0.668000 5.884350 
0.669000 5.781587 
0.670000 5.678697 
0.671000 5.575693 
0.672000 5.472585 
0.673000 5.369388 
0.674000 5.266112 
0.675000 5.162769 
0.676000 5.059371 
0.677000 4.955930 
0.678000 4.852457 
0.679000 4.748964 
0.680000 4.645462 
0.681000 4.541962 
0.682000 4.438475 
0.683000 4.335013 
0.684000 4.231586 
0.685000 4.128204 
0.686000 4.024880 
0.687000 3.921622 
0.688000 3.818442 
0.689000 3.715349 
0.690000 3.612354 
0.691000 3.509466 
0.692000 3.406696 
0.693000 3.304054 
0.694000 3.201548 
0.695000 3.099188 
0.696000 2.996983 
0.697000 2.894944 
0.698000 2.793078 
0.699000 2.691394 
0.700000 2.589902 
0.701000 2.488610 
0.702000 2.387526 
0.703000 2.286659 
0.704000 2.186017 
0.705000 2.085607 
0.706000 1.985439 
0.707000 1.885519 
0.708000 1.785855 
0.709000 1.686455 
0.710000 1.587327 
0.711000 1.488476 
0.712000 1.389911 
0.713000 1.291638 
0.714000 1.193664 
0.715000 1.095996 
0.716000 0.998640 
0.717000 0.901602 
0.718000 0.804890 
0.719000 0.708509 
0.720000 0.612464 
0.721000 0.516762 
0.722000 0.421409 
0.723000 0.326410 
0.724000 0.231770 
0.725000 0.137495 
0.726000 0.043590 
0.727000 -0.049940 
0.728000 -0.143089 
0.729000 -0.235854 
0.730000 -0.328230 
0.731000 -0.420212 
0.732000 -0.511795 
0.733000 -0.602975 
0.734000 -0.693749 
0.735000 -0.784111 
0.736000 -0.874059 
0.737000 -0.963587 
0.738000 -1.052693 
0.739000 -1.141373 
0.740000 -1.229624 
0.741000 -1.317441 
0.742000 -1.404823 
0.743000 -1.491764 
0.744000 -1.578264 
0.745000 -1.664317 
0.746000 -1.749923 
0.747000 -1.835078 
0.748000 -1.919779 
0.749000 -2.004023 
0.750000 -2.087809 
0.751000 -2.171135 
0.752000 -2.253997 
0.753000 -2.336393 
0.754000 -2.418322 
0.755000 -2.499782 
0.756000 -2.580770 
0.757000 -2.661286 
0.758000 -2.741326 
0.759000 -2.820891 
0.760000 -2.899977 
0.761000 -2.978584 
0.762000 -3.056710 
0.763000 -3.134354 
0.764000 -3.211515 
0.765000 -3.288192 
0.766000 -3.364383 
0.767000 -3.440088 
0.768000 -3.515306 
0.769000 -3.590035 
0.770000 -3.664276 
0.771000 -3.738027 
0.772000 -3.811288 
0.773000 -3.884058 
0.774000 -3.956337 
0.775000 -4.028124 
0.776000 -4.099419 
0.777000 -4.170222 
0.778000 -4.240533 
0.779000 -4.310350 
0.780000 -4.379675 
0.781000 -4.448506 
0.782000 -4.516845 
0.783000 -4.584691 
0.784000 -4.652044 
0.785000 -4.718904 
0.786000 -4.785272 
0.787000 -4.851147 
0.788000 -4.916531 
0.789000 -4.981423 
0.790000 -5.045823 
0.791000 -5.109733 
0.792000 -5.173153 
0.793000 -5.236082 
0.794000 -5.298523 
0.795000 -5.360474 
0.796000 -5.421938 
0.797000 -5.482914 
0.798000 -5.543404 
0.799000 -5.603408 
0.800000 -5.662927 
0.801000 -5.721961 
0.802000 -5.780512 
0.803000 -5.838581 
0.804000 -5.896168 
0.805000 -5.953274 
0.806000 -6.009901 
0.807000 -6.066049 
0.808000 -6.121719 
0.809000 -6.176913 
0.810000 -6.231631 
0.811000 -6.285875 
0.812000 -6.339646 
0.813000 -6.392945 
0.814000 -6.445773 
0.815000 -6.498131 
0.816000 -6.550021 
0.817000 -6.601444 
0.818000 -6.652401 
0.819000 -6.702893 
0.820000 -6.752923 
0.821000 -6.802490 
0.822000 -6.851597 
0.823000 -6.900245 
0.824000 -6.948435 
0.825000 -6.996169 
0.826000 -7.043447 
0.827000 -7.090273 
0.828000 -7.136646 
0.829000 -7.182569 
0.830000 -7.228042 
0.831000 -7.273068 
0.832000 -7.317648 
0.833000 -7.361783 
0.834000 -7.405476 
0.835000 -7.448726 
0.836000 -7.491537 
0.837000 -7.533909 
0.838000 -7.575845 
0.839000 -7.617345 
0.840000 -7.658411 
0.841000 -7.699046 
0.842000 -7.739250 
0.843000 -7.779024 
0.844000 -7.818372 
0.845000 -7.857294 
0.846000 -7.895791 
0.847000 -7.933867 
0.848000 -7.971521 
0.849000 -8.008756 
0.850000 -8.045574 
0.851000 -8.081975 
0.852000 -8.117963 
0.853000 -8.153537 
0.854000 -8.188701 
0.855000 -8.223455 
0.856000 -8.257802 
0.857000 -8.291742 
0.858000 -8.325278 
0.859000 -8.358412 
0.860000 -8.391144 
0.861000 -8.423477 
0.862000 -8.455412 
0.863000 -8.486950 
0.864000 -8.518095 
0.865000 -8.548846 
0.866000 -8.579207 
0.867000 -8.609178 
0.868000 -8.638761 
0.869000 -8.667957 
0.870000 -8.696769 
0.871000 -8.725199 
0.872000 -8.753246 
0.873000 -8.780915 
0.874000 -8.808205 
0.875000 -8.835119 
0.876000 -8.861658 
0.877000 -8.887824 
0.878000 -8.913618 
0.879000 -8.939043 
0.880000 -8.964099 
0.881000 -8.988788 
0.882000 -9.013113 
0.883000 -9.037074 
0.884000 -9.060673 
0.885000 -9.083912 
0.886000 -9.106792 
0.887000 -9.129315 
0.888000 -9.151483 
0.889000 -9.173297 
0.890000 -9.194758 
0.891000 -9.215868 
0.892000 -9.236630 
0.893000 -9.257043 
0.894000 -9.277110 
0.895000 -9.296833 
0.896000 -9.316213 
0.897000 -9.335251 
0.898000 -9.353949 
0.899000 -9.372308 
0.900000 -9.390331 
0.901000 -9.408018 
0.902000 -9.425371 
0.903000 -9.442391 
0.904000 -9.459081 
0.905000 -9.475440 
0.906000 -9.491472 
0.907000 -9.507177 
0.908000 -9.522557 
0.909000 -9.537613 
0.910000 -9.552347 
0.911000 -9.566760 
0.912000 -9.580854 
0.913000 -9.594629 
0.914000 -9.608088 
0.915000 -9.621232 
0.916000 -9.634062 
0.917000 -9.646580 
0.918000 -9.658786 
0.919000 -9.670683 
0.920000 -9.682272 
0.921000 -9.693554 
0.922000 -9.704530 
0.923000 -9.715202 
0.924000 -9.725571 
0.925000 -9.735639 
0.926000 -9.745406 
0.927000 -9.754875 
0.928000 -9.764046 
0.929000 -9.772920 
0.930000 -9.781500 
0.931000 -9.789786 
0.932000 -9.797779 
0.933000 -9.805481 
0.934000 -9.812894 
0.935000 -9.820017 
0.936000 -9.826854 
0.937000 -9.833404 
0.938000 -9.839669 
0.939000 -9.845650 
0.940000 -9.851349 
0.941000 -9.856767 
0.942000 -9.861905 
0.943000 -9.866763 
0.944000 -9.871344 
0.945000 -9.875649 
0.946000 -9.879678 
0.947000 -9.883433 
0.948000 -9.886914 
0.949000 -9.890124 
0.950000 -9.893063 
0.951000 -9.895733 
0.952000 -9.898134 
0.953000 -9.900267 
0.954000 -9.902134 
0.955000 -9.903736 
0.956000 -9.905074 
0.957000 -9.906149 
0.958000 -9.906962 
0.959000 -9.907514 
0.960000 -9.907806 
0.961000 -9.907840 
0.962000 -9.907615 
0.963000 -9.907134 
0.964000 -9.906398 
0.965000 -9.905406 
0.966000 -9.904162 
0.967000 -9.902664 
0.968000 -9.900915 
0.969000 -9.898915 
0.970000 -9.896666 
0.971000 -9.894168 
0.972000 -9.891422 
0.973000 -9.888430 
0.974000 -9.885192 
0.975000 -9.881709 
0.976000 -9.877982 
0.977000 -9.874012 
0.978000 -9.869800 
0.979000 -9.865347 
0.980000 -9.860654 
0.981000 -9.855722 
0.982000 -9.850551 
0.983000 -9.845143 
0.984000 -9.839498 
0.985000 -9.833618 
0.986000 -9.827502 
0.987000 -9.821153 
0.988000 -9.814571 
0.989000 -9.807756 
0.990000 -9.800710 
0.991000 -9.793433 
0.992000 -9.785927 
0.993000 -9.778191 
0.994000 -9.770228 
0.995000 -9.762037 
0.996000 -9.753619 
0.997000 -9.744976 
0.998000 -9.736108 
0.999000 -9.727016 
1.000000 -9.717700 
1.001000 -9.708162 
1.002000 -9.698402 
1.003000 -9.688421 
1.004000 -9.678220 
1.005000 -9.667799 
1.006000 -9.657159 
1.007000 -9.646301 
1.008000 -9.635225 
1.009000 -9.623933 
1.010000 -9.612425 
1.011000 -9.600702 
1.012000 -9.588764 
1.013000 -9.576612 
1.014000 -9.564248 
1.015000 -9.551670 
1.016000 -9.538881 
1.017000 -9.525880 
1.018000 -9.512670 
1.019000 -9.499249 
1.020000 -9.485619 
1.021000 -9.471780 
1.022000 -9.457734 
1.023000 -9.443480 
1.024000 -9.429020 
1.025000 -9.414354 
1.026000 -9.399482 
1.027000 -9.384406 
1.028000 -9.369125 
1.029000 -9.353641 
1.030000 -9.337953 
1.031000 -9.322064 
1.032000 -9.305972 
1.033000 -9.289679 
1.034000 -9.273186 
1.035000 -9.256492 
1.036000 -9.239599 
1.037000 -9.222507 
1.038000 -9.205216 
1.039000 -9.187728 
1.040000 -9.170042 
1.041000 -9.152159 
1.042000 -9.134080 
1.043000 -9.115805 
1.044000 -9.097335 
1.045000 -9.078670 
1.046000 -9.059811 
1.047000 -9.040758 
1.048000 -9.021512 
1.049000 -9.002073 
1.050000 -8.982442 
1.051000 -8.962619 
1.052000 -8.942605 
1.053000 -8.922400 
1.054000 -8.902004 
1.055000 -8.881419 
1.056000 -8.860644 
1.057000 -8.839680 
1.058000 -8.818528 
1.059000 -8.797187 
1.060000 -8.775659 
1.061000 -8.753944 
1.062000 -8.732041 
1.063000 -8.709953 
1.064000 -8.687678 
1.065000 -8.665218 
1.066000 -8.642573 
1.067000 -8.619743 
1.068000 -8.596728 
1.069000 -8.573530 
1.070000 -8.550148 
1.071000 -8.526583 
1.072000 -8.502835 
1.073000 -8.478905 
1.074000 -8.454793 
1.075000 -8.430500 
1.076000 -8.406025 
1.077000 -8.381369 
1.078000 -8.356532 
1.079000 -8.331515 
1.080000 -8.306319 
1.081000 -8.280943 
1.082000 -8.255388 
1.083000 -8.229654 
1.084000 -8.203742 
1.085000 -8.177651 
1.086000 -8.151383 
1.087000 -8.124937 
1.088000 -8.098314 
1.089000 -8.071514 
1.090000 -8.044537 
1.091000 -8.017385 
1.092000 -7.990056 
1.093000 -7.962552 
1.094000 -7.934872 
1.095000 -7.907018 
1.096000 -7.878988 
1.097000 -7.850785 
1.098000 -7.822407 
1.099000 -7.793855 
1.100000 -7.765129 
1.101000 -7.736230 
1.102000 -7.707158 
1.103000 -7.677913 
1.104000 -7.648496 
1.105000 -7.618906 
1.106000 -7.589145 
1.107000 -7.559211 
1.108000 -7.529106 
1.109000 -7.498830 
1.110000 -7.468383 
1.111000 -7.437764 
1.112000 -7.406976 
1.113000 -7.376017 
1.114000 -7.344887 
1.115000 -7.313588 
1.116000 -7.282119 
1.117000 -7.250481 
1.118000 -7.218674 
1.119000 -7.186697 
1.120000 -7.154552 
1.121000 -7.122238 
1.122000 -7.089756 
1.123000 -7.057106 
1.124000 -7.024287 
1.125000 -6.991301 
1.126000 -6.958147 
1.127000 -6.924826 
1.128000 -6.891338 
1.129000 -6.857683 
1.130000 -6.823861 
1.131000 -6.789872 
1.132000 -6.755717 
1.133000 -6.721395 
1.134000 -6.686908 
1.135000 -6.652254 
1.136000 -6.617435 
1.137000 -6.582450 
1.138000 -6.547300 
1.139000 -6.511984 
1.140000 -6.476503 
1.141000 -6.440858 
1.142000 -6.405047 
1.143000 -6.369072 
1.144000 -6.332933 
1.145000 -6.296629 
1.146000 -6.260161 
1.147000 -6.223529 
1.148000 -6.186733 
1.149000 -6.149774 
1.150000 -6.112650 
1.151000 -6.075364 
1.152000 -6.037914 
1.153000 -6.000301 
1.154000 -5.962524 
1.155000 -5.924585 
1.156000 -5.886483 
1.157000 -5.848219 
1.158000 -5.809792 
1.159000 -5.771202 
1.160000 -5.732451 
1.161000 -5.693537 
1.162000 -5.654461 
1.163000 -5.615223 
1.164000 -5.575824 
1.165000 -5.536262 
1.166000 -5.496540 
1.167000 -5.456655 
1.168000 -5.416610 
1.169000 -5.376403 
1.170000 -5.336035 
1.171000 -5.295507 
1.172000 -5.254817 
1.173000 -5.213967 
1.174000 -5.172956 
1.175000 -5.131784 
1.176000 -5.090452 
1.177000 -5.048960 
1.178000 -5.007307 
1.179000 -4.965494 
1.180000 -4.923522 
1.181000 -4.881389 
1.182000 -4.839097 
1.183000 -4.796645 
1.184000 -4.754033 
1.185000 -4.711262 
1.186000 -4.668332 
1.187000 -4.625242 
1.188000 -4.581993 
1.189000 -4.538585 
1.190000 -4.495018 
1.191000 -4.451292 
1.192000 -4.407407 
1.193000 -4.363364 
1.194000 -4.319162 
1.195000 -4.274801 
1.196000 -4.230283 
1.197000 -4.185606 
1.198000 -4.140770 
1.199000 -4.095777 
1.200000 -4.050626 
1.201000 -4.005317 
1.202000 -3.959850 
1.203000 -3.914226 
1.204000 -3.868444 
1.205000 -3.822504 
1.206000 -3.776407 
1.207000 -3.730153 
1.208000 -3.683742 
1.209000 -3.637174 
1.210000 -3.590450 
1.211000 -3.543568 
1.212000 -3.496530 
1.213000 -3.449335 
1.214000 -3.401983 
1.215000 -3.354476 
1.216000 -3.306812 
1.217000 -3.258992 
1.218000 -3.211017 
1.219000 -3.162885 
1.220000 -3.114598 
1.221000 -3.066155 
1.222000 -3.017557 
1.223000 -2.968804 
1.224000 -2.919895 
1.225000 -2.870831 
1.226000 -2.821613 
1.227000 -2.772240 
1.228000 -2.722712 
1.229000 -2.673030 
1.230000 -2.623193 
1.231000 -2.573203 
1.232000 -2.523058 
1.233000 -2.472760 
1.234000 -2.422308 
1.235000 -2.371702 
1.236000 -2.320943 
1.237000 -2.270031 
1.238000 -2.218966 
1.239000 -2.167748 
1.240000 -2.116378 
1.241000 -2.064855 
1.242000 -2.013180 
1.243000 -1.961353 
1.244000 -1.909374 
1.245000 -1.857243 
1.246000 -1.804961 
1.247000 -1.752528 
1.248000 -1.699943 
1.249000 -1.647208 
1.250000 -1.594323 
1.251000 -1.541287 
1.252000 -1.488100 
1.253000 -1.434764 
1.254000 -1.381279 
1.255000 -1.327644 
1.256000 -1.273860 
1.257000 -1.219927 
1.258000 -1.165845 
1.259000 -1.111615 
1.260000 -1.057237 
1.261000 -1.002711 
1.262000 -0.948038 
1.263000 -0.893218 
1.264000 -0.838250 
1.265000 -0.783136 
1.266000 -0.727876 
1.267000 -0.672470 
1.268000 -0.616919 
1.269000 -0.561222 
1.270000 -0.505380 
1.271000 -0.449394 
1.272000 -0.393263 
1.273000 -0.336989 
1.274000 -0.280571 
1.275000 -0.224010 
1.276000 -0.167306 
1.277000 -0.110460 
1.278000 -0.053473 
1.279000 0.003657 
1.280000 0.060927 
1.281000 0.118338 
1.282000 0.175889 
1.283000 0.233580 
1.284000 0.291410 
1.285000 0.349378 
1.286000 0.407485 
1.287000 0.465730 
1.288000 0.524112 
1.289000 0.582631 
1.290000 0.641286 
1.291000 0.700077 
1.292000 0.759003 
1.293000 0.818063 
1.294000 0.877257 
1.295000 0.936585 
1.296000 0.996046 
1.297000 1.055639 
1.298000 1.115364 
1.299000 1.175219 
1.300000 1.235205 
1.301000 1.295321 
1.302000 1.355565 
1.303000 1.415938 
1.304000 1.476439 
1.305000 1.537066 
1.306000 1.597820 
1.307000 1.658699 
1.308000 1.719702 
1.309000 1.780830 
1.310000 1.842080 
1.311000 1.903453 
1.312000 1.964948 
1.313000 2.026563 
1.314000 2.088298 
1.315000 2.150152 
1.316000 2.212124 
1.317000 2.274213 
1.318000 2.336418 
1.319000 2.398738 
1.320000 2.461173 
1.321000 2.523722 
1.322000 2.586382 
1.323000 2.649154 
1.324000 2.712036 
1.325000 2.775028 
1.326000 2.838128 
1.327000 2.901335 
1.328000 2.964648 
1.329000 3.028065 
1.330000 3.091587 
1.331000 3.155211 
1.332000 3.218936 
1.333000 3.282762 
1.334000 3.346686 
1.335000 3.410708 
1.336000 3.474827 
1.337000 3.539040 
1.338000 3.603347 
1.339000 3.667747 
1.340000 3.732237 
1.341000 3.796817 
1.342000 3.861486 
1.343000 3.926240 
1.344000 3.991080 
1.345000 4.056004 
1.346000 4.121010 
1.347000 4.186097 
1.348000 4.251262 
1.349000 4.316505 
1.350000 4.381824 
1.351000 4.447216 
1.352000 4.512681 
1.353000 4.578217 
1.354000 4.643822 
1.355000 4.709493 
1.356000 4.775230 
1.357000 4.841030 
1.358000 4.906892 
1.359000 4.972814 
1.360000 5.038793 
1.361000 5.104827 
1.362000 5.170916 
1.363000 5.237056 
1.364000 5.303245 
1.365000 5.369482 
1.366000 5.435764 
1.367000 5.502090 
1.368000 5.568456 
1.369000 5.634860 
1.370000 5.701301 
1.371000 5.767776 
1.372000 5.834283 
1.373000 5.900818 
1.374000 5.967381 
1.375000 6.033967 
1.376000 6.100576 
1.377000 6.167203 
1.378000 6.233848 
1.379000 6.300506 
1.380000 6.367175 
1.381000 6.433853 
1.382000 6.500536 
1.383000 6.567223 
1.384000 6.633909 
1.385000 6.700593 
1.386000 6.767271 
1.387000 6.833940 
1.388000 6.900597 
1.389000 6.967240 
1.390000 7.033864 
1.391000 7.100467 
1.392000 7.167046 
1.393000 7.233598 
1.394000 7.300118 
1.395000 7.366604 
1.396000 7.433052 
1.397000 7.499459 
1.398000 7.565821 
1.399000 7.632135 
1.400000 7.698397 
1.401000 7.764604 
1.402000 7.830751 
1.403000 7.896836 
1.404000 7.962853 
1.405000 8.028800 
1.406000 8.094673 
1.407000 8.160466 
1.408000 8.226177 
1.409000 8.291802 
1.410000 8.357335 
1.411000 8.422774 
1.412000 8.488113 
1.413000 8.553348 
1.414000 8.618476 
1.415000 8.683491 
1.416000 8.748390 
1.417000 8.813167 
1.418000 8.877818 
1.419000 8.942338 
1.420000 9.006723 
1.421000 9.070968 
1.422000 9.135068 
1.423000 9.199019 
1.424000 9.262814 
1.425000 9.326450 
1.426000 9.389921 
1.427000 9.453222 
1.428000 9.516347 
1.429000 9.579293 
1.430000 9.642052 
1.431000 9.704621 
1.432000 9.766993 
1.433000 9.829163 
1.434000 9.891125 
1.435000 9.952875 
1.436000 10.014405 
1.437000 10.075711 
1.438000 10.136786 
1.439000 10.197625 
1.440000 10.258222 
1.441000 10.318570 
1.442000 10.378665 
1.443000 10.438498 
1.444000 10.498066 
1.445000 10.557360 
1.446000 10.616376 
1.447000 10.675106 
1.448000 10.733544 
1.449000 10.791683 
1.450000 10.849518 
1.451000 10.907041 
1.452000 10.964246 
1.453000 11.021126 
1.454000 11.077674 
1.455000 11.133884 
1.456000 11.189748 
1.457000 11.245259 
1.458000 11.300411 
1.459000 11.355197 
1.460000 11.409609 
1.461000 11.463640 
1.462000 11.517283 
1.463000 11.570530 
1.464000 11.623375 
1.465000 11.675809 
1.466000 11.727826 
1.467000 11.779417 
1.468000 11.830576 
1.469000 11.881294 
1.470000 11.931564 
1.471000 11.981379 
1.472000 12.030730 
1.473000 12.079609 
1.474000 12.128010 
1.475000 12.175923 
1.476000 12.223341 
1.477000 12.270257 
1.478000 12.316661 
1.479000 12.362546 
1.480000 12.407905 
1.481000 12.452728 
1.482000 12.497007 
1.483000 12.540735 
1.484000 12.583903 
1.485000 12.626504 
1.486000 12.668527 
1.487000 12.709967 
1.488000 12.750813 
1.489000 12.791058 
1.490000 12.830693 
1.491000 12.869711 
1.492000 12.908102 
1.493000 12.945858 
1.494000 12.982971 
1.495000 13.019433 
1.496000 13.055235 
1.497000 13.090368 
1.498000 13.124824 
1.499000 13.158595 
