descriptor BJD mod 
5950.268658 -0.586938 
5950.368658 -0.770922 
5950.468658 -0.896055 
5950.568658 -0.964077 
5950.668658 -0.976667 
5950.768658 -0.935373 
5950.868658 -0.841568 
5950.968658 -0.696420 
5951.068658 -0.500880 
5951.168658 -0.255698 
5951.268658 0.038539 
5951.368658 0.381346 
5951.468658 0.772252 
5951.568658 1.210690 
5951.668658 1.695875 
5951.768658 2.226654 
5951.868658 2.801356 
5951.968658 3.417636 
5952.068658 4.072318 
5952.168658 4.761249 
5952.268658 5.479168 
5952.368658 6.219606 
5952.468658 6.974806 
5952.568658 7.735692 
5952.668658 8.491880 
5952.768658 9.231746 
5952.868658 9.942543 
5952.968658 10.610591 
5953.068658 11.221525 
5953.168658 11.760600 
5953.268658 12.213055 
5953.368658 12.564526 
5953.468658 12.801476 
5953.568658 12.911649 
5953.668658 12.884504 
5953.768658 12.711617 
5953.868658 12.387018 
5953.968658 11.907454 
5954.068658 11.272548 
5954.168658 10.484847 
5954.268658 9.549760 
5954.368658 8.475388 
5954.468658 7.272260 
5954.568658 5.952985 
5954.668658 4.531859 
5954.768658 3.024440 
5954.868658 1.447113 
5954.968658 -0.183325 
5955.068658 -1.850049 
5955.168658 -3.536541 
5955.268658 -5.226871 
5955.368658 -6.905926 
5955.468658 -8.559572 
5955.568658 -10.174770 
5955.668658 -11.739640 
5955.768658 -13.243487 
5955.868658 -14.676784 
5955.968658 -16.031143 
5956.068658 -17.299251 
5956.168658 -18.474807 
5956.268658 -19.552437 
5956.368658 -20.527617 
5956.468658 -21.396588 
5956.568658 -22.156279 
5956.668658 -22.804233 
5956.768658 -23.338535 
5956.868658 -23.757758 
5956.968658 -24.060904 
5957.068658 -24.247364 
5957.168658 -24.316883 
5957.268658 -24.269532 
5957.368658 -24.105689 
5957.468658 -23.826036 
5957.568658 -23.431552 
5957.668658 -22.923527 
5957.768658 -22.303576 
5957.868658 -21.573668 
5957.968658 -20.736154 
5958.068658 -19.793816 
5958.168658 -18.749912 
5958.268658 -17.608232 
5958.368658 -16.373165 
5958.468658 -15.049763 
5958.568658 -13.643813 
5958.668658 -12.161913 
5958.768658 -10.611539 
5958.868658 -9.001115 
5958.968658 -7.340068 
5959.068658 -5.638875 
5959.168658 -3.909085 
5959.268658 -2.163316 
5959.368658 -0.415220 
5959.468658 1.320592 
5959.568658 3.028671 
5959.668658 4.692906 
5959.768658 6.296748 
5959.868658 7.823495 
5959.968658 9.256626 
5960.068658 10.580174 
5960.168658 11.779142 
5960.268658 12.839922 
5960.368658 13.750713 
5960.468658 14.501912 
5960.568658 15.086451 
5960.668658 15.500053 
5960.768658 15.741407 
5960.868658 15.812227 
5960.968658 15.717201 
5961.068658 15.463834 
5961.168658 15.062194 
5961.268658 14.524571 
5961.368658 13.865080 
5961.468658 13.099228 
5961.568658 12.243466 
5961.668658 11.314758 
5961.768658 10.330173 
5961.868658 9.306524 
5961.968658 8.260059 
5962.068658 7.206207 
5962.168658 6.159389 
5962.268658 5.132876 
5962.368658 4.138705 
5962.468658 3.187631 
5962.568658 2.289122 
5962.668658 1.451380 
5962.768658 0.681384 
5962.868658 -0.015053 
5962.968658 -0.633214 
5963.068658 -1.169402 
5963.168658 -1.620870 
5963.268658 -1.985738 
5963.368658 -2.262927 
5963.468658 -2.452086 
5963.568658 -2.553530 
5963.668658 -2.568179 
5963.768658 -2.497504 
5963.868658 -2.343478 
5963.968658 -2.108527 
5964.068658 -1.795491 
5964.168658 -1.407576 
5964.268658 -0.948325 
5964.368658 -0.421575 
5964.468658 0.168572 
5964.568658 0.817781 
5964.668658 1.521511 
5964.768658 2.275037 
5964.868658 3.073469 
5964.968658 3.911753 
5965.068658 4.784678 
5965.168658 5.686854 
5965.268658 6.612694 
5965.368658 7.556367 
5965.468658 8.511749 
5965.568658 9.472355 
5965.668658 10.431265 
5965.768658 11.381048 
5965.868658 12.313683 
5965.968658 13.220492 
5966.068658 14.092099 
5966.168658 14.918410 
5966.268658 15.688634 
5966.368658 16.391363 
5966.468658 17.014693 
5966.568658 17.546417 
5966.668658 17.974271 
5966.768658 18.286247 
5966.868658 18.470937 
5966.968658 18.517923 
5967.068658 18.418168 
5967.168658 18.164405 
5967.268658 17.751483 
5967.368658 17.176654 
5967.468658 16.439782 
5967.568658 15.543455 
5967.668658 14.492982 
5967.768658 13.296298 
5967.868658 11.963753 
5967.968658 10.507826 
5968.068658 8.942772 
5968.168658 7.284217 
5968.268658 5.548742 
5968.368658 3.753471 
5968.468658 1.915676 
5968.568658 0.052423 
5968.668658 -1.819731 
5968.768658 -3.684984 
5968.868658 -5.528487 
5968.968658 -7.336474 
5969.068658 -9.096347 
5969.168658 -10.796723 
5969.268658 -12.427428 
5969.368658 -13.979478 
5969.468658 -15.445022 
5969.568658 -16.817275 
5969.668658 -18.090448 
5969.768658 -19.259655 
5969.868658 -20.320835 
5969.968658 -21.270666 
5970.068658 -22.106484 
5970.168658 -22.826215 
5970.268658 -23.428303 
5970.368658 -23.911653 
5970.468658 -24.275583 
5970.568658 -24.519781 
5970.668658 -24.644274 
5970.768658 -24.649403 
5970.868658 -24.535811 
5970.968658 -24.304435 
5971.068658 -23.956511 
5971.168658 -23.493586 
5971.268658 -22.917539 
5971.368658 -22.230605 
5971.468658 -21.435421 
5971.568658 -20.535062 
5971.668658 -19.533100 
5971.768658 -18.433659 
5971.868658 -17.241483 
5971.968658 -15.962003 
5972.068658 -14.601410 
5972.168658 -13.166731 
5972.268658 -11.665894 
5972.368658 -10.107794 
5972.468658 -8.502346 
5972.568658 -6.860522 
5972.668658 -5.194362 
5972.768658 -3.516964 
5972.868658 -1.842429 
5972.968658 -0.185767 
5973.068658 1.437239 
5973.168658 3.010235 
5973.268658 4.516542 
5973.368658 5.939461 
5973.468658 7.262625 
5973.568658 8.470393 
5973.668658 9.548266 
5973.768658 10.483312 
5973.868658 11.264577 
5973.968658 11.883455 
5974.068658 12.334000 
5974.168658 12.613147 
5974.268658 12.720847 
5974.368658 12.660083 
5974.468658 12.436776 
5974.568658 12.059587 
5974.668658 11.539630 
5974.768658 10.890109 
5974.868658 10.125900 
5974.968658 9.263117 
5975.068658 8.318666 
5975.168658 7.309829 
5975.268658 6.253868 
5975.368658 5.167693 
5975.468658 4.067577 
5975.568658 2.968929 
5975.668658 1.886128 
5975.768658 0.832410 
5975.868658 -0.180200 
5975.968658 -1.140913 
5976.068658 -2.040166 
5976.168658 -2.869590 
5976.268658 -3.621957 
5976.368658 -4.291116 
5976.468658 -4.871918 
5976.568658 -5.360143 
5976.668658 -5.752424 
5976.768658 -6.046174 
5976.868658 -6.239521 
5976.968658 -6.331247 
5977.068658 -6.320738 
5977.168658 -6.207934 
5977.268658 -5.993302 
5977.368658 -5.677799 
5977.468658 -5.262860 
5977.568658 -4.750380 
5977.668658 -4.142715 
5977.768658 -3.442683 
5977.868658 -2.653569 
5977.968658 -1.779147 
5978.068658 -0.823691 
5978.168658 0.207994 
5978.268658 1.310552 
5978.368658 2.478041 
5978.468658 3.703909 
5978.568658 4.980959 
5978.668658 6.301322 
5978.768658 7.656436 
5978.868658 9.037017 
5978.968658 10.433052 
5979.068658 11.833791 
5979.168658 13.227754 
5979.268658 14.602753 
5979.368658 15.945928 
5979.468658 17.243811 
5979.568658 18.482412 
5979.668658 19.647335 
5979.768658 20.723925 
5979.868658 21.697461 
5979.968658 22.553373 
5980.068658 23.277511 
5980.168658 23.856440 
5980.268658 24.277766 
5980.368658 24.530482 
5980.468658 24.605310 
5980.568658 24.495043 
5980.668658 24.194838 
5980.768658 23.702468 
5980.868658 23.018492 
5980.968658 22.146349 
5981.068658 21.092340 
5981.168658 19.865520 
5981.268658 18.477490 
5981.368658 16.942105 
5981.468658 15.275107 
5981.568658 13.493720 
5981.668658 11.616215 
5981.768658 9.661471 
5981.868658 7.648564 
5981.968658 5.596382 
5982.068658 3.523293 
5982.168658 1.446871 
5982.268658 -0.616323 
5982.368658 -2.650897 
5982.468658 -4.642732 
5982.568658 -6.579035 
5982.668658 -8.448352 
5982.768658 -10.240541 
5982.868658 -11.946725 
5982.968658 -13.559222 
5983.068658 -15.071464 
5983.168658 -16.477901 
5983.268658 -17.773915 
5983.368658 -18.955722 
5983.468658 -20.020284 
5983.568658 -20.965226 
5983.668658 -21.788760 
5983.768658 -22.489615 
5983.868658 -23.066979 
5983.968658 -23.520447 
5984.068658 -23.849983 
5984.168658 -24.055886 
5984.268658 -24.138770 
5984.368658 -24.099549 
5984.468658 -23.939435 
5984.568658 -23.659944 
5984.668658 -23.262909 
5984.768658 -22.750501 
5984.868658 -22.125266 
5984.968658 -21.390159 
5985.068658 -20.548595 
5985.168658 -19.604501 
5985.268658 -18.562380 
5985.368658 -17.427379 
5985.468658 -16.205355 
5985.568658 -14.902951 
5985.668658 -13.527667 
5985.768658 -12.087929 
5985.868658 -10.593148 
5985.968658 -9.053766 
5986.068658 -7.481287 
5986.168658 -5.888278 
5986.268658 -4.288340 
5986.368658 -2.696043 
5986.468658 -1.126812 
5986.568658 0.403232 
5986.668658 1.877497 
5986.768658 3.279182 
5986.868658 4.591608 
5986.968658 5.798588 
5987.068658 6.884825 
5987.168658 7.836346 
5987.268658 8.640911 
5987.368658 9.288423 
5987.468658 9.771266 
5987.568658 10.084593 
5987.668658 10.226511 
5987.768658 10.198165 
5987.868658 10.003718 
5987.968658 9.650209 
5988.068658 9.147320 
5988.168658 8.507057 
5988.268658 7.743362 
5988.368658 6.871684 
5988.468658 5.908547 
5988.568658 4.871102 
5988.668658 3.776729 
5988.768658 2.642662 
5988.868658 1.485677 
5988.968658 0.321830 
5989.068658 -0.833738 
5989.168658 -1.966950 
5989.268658 -3.064883 
5989.368658 -4.115813 
5989.468658 -5.109225 
5989.568658 -6.035793 
5989.668658 -6.887331 
5989.768658 -7.656737 
5989.868658 -8.337918 
5989.968658 -8.925714 
5990.068658 -9.415817 
5990.168658 -9.804697 
5990.268658 -10.089526 
5990.368658 -10.268111 
5990.468658 -10.338836 
5990.568658 -10.300608 
5990.668658 -10.152815 
5990.768658 -9.895293 
5990.868658 -9.528296 
5990.968658 -9.052487 
5991.068658 -8.468928 
5991.168658 -7.779081 
5991.268658 -6.984823 
5991.368658 -6.088463 
5991.468658 -5.092774 
5991.568658 -4.001026 
5991.668658 -2.817035 
5991.768658 -1.545211 
5991.868658 -0.190619 
5991.968658 1.240959 
5992.068658 2.742955 
5992.168658 4.307944 
5992.268658 5.927577 
5992.368658 7.592511 
5992.468658 9.292354 
5992.568658 11.015612 
5992.668658 12.749660 
5992.768658 14.480732 
5992.868658 16.193943 
5992.968658 17.873342 
5993.068658 19.502014 
5993.168658 21.062229 
5993.268658 22.535642 
5993.368658 23.903556 
5993.468658 25.147239 
5993.568658 26.248298 
5993.668658 27.189094 
5993.768658 27.953199 
5993.868658 28.525865 
5993.968658 28.894484 
5994.068658 29.049027 
5994.168658 28.982419 
5994.268658 28.690842 
5994.368658 28.173926 
5994.468658 27.434837 
5994.568658 26.480229 
5994.668658 25.320076 
5994.768658 23.967392 
5994.868658 22.437851 
5994.968658 20.749332 
5995.068658 18.921422 
5995.168658 16.974893 
5995.268658 14.931189 
5995.368658 12.811942 
5995.468658 10.638534 
5995.568658 8.431724 
5995.668658 6.211336 
5995.768658 3.996020 
5995.868658 1.803080 
5995.968658 -0.351631 
5996.068658 -2.453772 
5996.168658 -4.490516 
5996.268658 -6.450522 
5996.368658 -8.323875 
5996.468658 -10.102005 
5996.568658 -11.777592 
5996.668658 -13.344464 
5996.768658 -14.797492 
5996.868658 -16.132483 
5996.968658 -17.346084 
5997.068658 -18.435683 
5997.168658 -19.399329 
5997.268658 -20.235648 
5997.368658 -20.943785 
5997.468658 -21.523339 
5997.568658 -21.974322 
5997.668658 -22.297118 
5997.768658 -22.492465 
5997.868658 -22.561431 
5997.968658 -22.505413 
5998.068658 -22.326138 
5998.168658 -22.025678 
5998.268658 -21.606472 
5998.368658 -21.071358 
5998.468658 -20.423611 
5998.568658 -19.666994 
5998.668658 -18.805809 
5998.768658 -17.844964 
5998.868658 -16.790039 
5998.968658 -15.647353 
5999.068658 -14.424038 
5999.168658 -13.128112 
5999.268658 -11.768540 
5999.368658 -10.355287 
5999.468658 -8.899363 
5999.568658 -7.412839 
5999.668658 -5.908838 
5999.768658 -4.401491 
5999.868658 -2.905854 
5999.968658 -1.437776 
6000.068658 -0.013713 
6000.168658 1.349507 
6000.268658 2.634983 
6000.368658 3.826080 
6000.468658 4.906819 
6000.568658 5.862285 
6000.668658 6.679057 
6000.768658 7.345623 
6000.868658 7.852756 
6000.968658 8.193842 
6001.068658 8.365128 
6001.168658 8.365862 
6001.268658 8.198343 
6001.368658 7.867847 
6001.468658 7.382449 
6001.568658 6.752755 
6001.668658 5.991546 
6001.768658 5.113382 
6001.868658 4.134160 
6001.968658 3.070675 
6002.068658 1.940194 
6002.168658 0.760063 
6002.268658 -0.452644 
6002.368658 -1.681414 
6002.468658 -2.910532 
6002.568658 -4.125255 
6002.668658 -5.311936 
6002.768658 -6.458096 
6002.868658 -7.552451 
6002.968658 -8.584909 
6003.068658 -9.546536 
6003.168658 -10.429503 
6003.268658 -11.227019 
6003.368658 -11.933255 
6003.468658 -12.543262 
6003.568658 -13.052890 
6003.668658 -13.458716 
6003.768658 -13.757962 
6003.868658 -13.948434 
6003.968658 -14.028461 
6004.068658 -13.996845 
6004.168658 -13.852813 
6004.268658 -13.595992 
6004.368658 -13.226378 
6004.468658 -12.744322 
6004.568658 -12.150526 
6004.668658 -11.446044 
6004.768658 -10.632294 
6004.868658 -9.711078 
6004.968658 -8.684615 
6005.068658 -7.555575 
6005.168658 -6.327130 
6005.268658 -5.003005 
6005.368658 -3.587543 
6005.468658 -2.085771 
6005.568658 -0.503480 
6005.668658 1.152702 
6005.768658 2.875228 
6005.868658 4.655552 
6005.968658 6.484057 
6006.068658 8.349986 
6006.168658 10.241397 
6006.268658 12.145126 
6006.368658 14.046787 
6006.468658 15.930807 
6006.568658 17.780491 
6006.668658 19.578149 
6006.768658 21.305276 
6006.868658 22.942779 
6006.968658 24.471280 
6007.068658 25.871466 
6007.168658 27.124494 
6007.268658 28.212433 
6007.368658 29.118733 
6007.468658 29.828689 
6007.568658 30.329895 
6007.668658 30.612644 
6007.768658 30.670259 
6007.868658 30.499338 
6007.968658 30.099889 
6008.068658 29.475355 
6008.168658 28.632515 
6008.268658 27.581288 
6008.368658 26.334429 
6008.468658 24.907161 
6008.568658 23.316744 
6008.668658 21.582022 
6008.768658 19.722950 
6008.868658 17.760149 
6008.968658 15.714481 
6009.068658 13.606661 
6009.168658 11.456934 
6009.268658 9.284788 
6009.368658 7.108740 
6009.468658 4.946162 
6009.568658 2.813166 
6009.668658 0.724531 
6009.768658 -1.306331 
6009.868658 -3.267374 
6009.968658 -5.147888 
6010.068658 -6.938454 
6010.168658 -8.630874 
6010.268658 -10.218102 
6010.368658 -11.694155 
6010.468658 -13.054030 
6010.568658 -14.293622 
6010.668658 -15.409638 
6010.768658 -16.399524 
6010.868658 -17.261391 
6010.968658 -17.993956 
6011.068658 -18.596485 
6011.168658 -19.068751 
6011.268658 -19.410996 
6011.368658 -19.623911 
6011.468658 -19.708616 
6011.568658 -19.666658 
6011.668658 -19.500020 
6011.768658 -19.211128 
6011.868658 -18.802885 
6011.968658 -18.278700 
6012.068658 -17.642534 
6012.168658 -16.898951 
6012.268658 -16.053176 
6012.368658 -15.111155 
6012.468658 -14.079628 
6012.568658 -12.966191 
6012.668658 -11.779363 
6012.768658 -10.528644 
6012.868658 -9.224562 
6012.968658 -7.878702 
6013.068658 -6.503715 
6013.168658 -5.113290 
6013.268658 -3.722098 
6013.368658 -2.345688 
6013.468658 -1.000331 
6013.568658 0.297184 
6013.668658 1.529816 
6013.768658 2.680578 
6013.868658 3.732911 
6013.968658 4.671072 
6014.068658 5.480562 
6014.168658 6.148547 
6014.268658 6.664262 
6014.368658 7.019373 
6014.468658 7.208272 
6014.568658 7.228285 
6014.668658 7.079777 
6014.768658 6.766153 
6014.868658 6.293738 
6014.968658 5.671567 
6015.068658 4.911074 
6015.168658 4.025719 
6015.268658 3.030570 
6015.368658 1.941863 
6015.468658 0.776559 
6015.568658 -0.448064 
6015.668658 -1.714792 
6015.768658 -3.006800 
6015.868658 -4.307924 
6015.968658 -5.602867 
6016.068658 -6.877357 
6016.168658 -8.118244 
6016.268658 -9.313558 
6016.368658 -10.452521 
6016.468658 -11.525529 
6016.568658 -12.524110 
6016.668658 -13.440866 
6016.768658 -14.269397 
6016.868658 -15.004224 
6016.968658 -15.640709 
6017.068658 -16.174971 
6017.168658 -16.603812 
6017.268658 -16.924643 
6017.368658 -17.135419 
6017.468658 -17.234584 
6017.568658 -17.221015 
6017.668658 -17.093992 
6017.768658 -16.853156 
6017.868658 -16.498492 
6017.968658 -16.030316 
6018.068658 -15.449266 
6018.168658 -14.756309 
6018.268658 -13.952753 
6018.368658 -13.040271 
6018.468658 -12.020926 
6018.568658 -10.897214 
6018.668658 -9.672111 
6018.768658 -8.349125 
6018.868658 -6.932360 
6018.968658 -5.426582 
6019.068658 -3.837295 
6019.168658 -2.170815 
6019.268658 -0.434349 
6019.368658 1.363931 
6019.468658 3.214814 
6019.568658 5.107996 
6019.668658 7.032031 
6019.768658 8.974310 
6019.868658 10.921061 
6019.968658 12.857398 
6020.068658 14.767394 
6020.168658 16.634214 
6020.268658 18.440299 
6020.368658 20.167602 
6020.468658 21.797882 
6020.568658 23.313045 
6020.668658 24.695534 
6020.768658 25.928742 
6020.868658 26.997435 
6020.968658 27.888173 
6021.068658 28.589691 
6021.168658 29.093229 
6021.268658 29.392784 
6021.368658 29.485270 
6021.468658 29.370580 
6021.568658 29.051534 
6021.668658 28.533734 
6021.768658 27.825332 
6021.868658 26.936726 
6021.968658 25.880208 
6022.068658 24.669589 
6022.168658 23.319822 
6022.268658 21.846642 
6022.368658 20.266233 
6022.468658 18.594942 
6022.568658 16.849040 
6022.668658 15.044527 
6022.768658 13.196979 
6022.868658 11.321444 
6022.968658 9.432360 
6023.068658 7.543504 
6023.168658 5.667955 
6023.268658 3.818079 
6023.368658 2.005505 
6023.468658 0.241126 
6023.568658 -1.464914 
6023.668658 -3.103218 
6023.768658 -4.665145 
6023.868658 -6.142801 
6023.968658 -7.529046 
6024.068658 -8.817478 
6024.168658 -10.002431 
6024.268658 -11.078960 
6024.368658 -12.042826 
6024.468658 -12.890478 
6024.568658 -13.619038 
6024.668658 -14.226283 
6024.768658 -14.710626 
6024.868658 -15.071107 
6024.968658 -15.307383 
6025.068658 -15.419723 
6025.168658 -15.409014 
6025.268658 -15.276771 
6025.368658 -15.025149 
6025.468658 -14.656979 
6025.568658 -14.175791 
6025.668658 -13.585864 
6025.768658 -12.892268 
6025.868658 -12.100917 
6025.968658 -11.218629 
6026.068658 -10.253176 
6026.168658 -9.213342 
6026.268658 -8.108965 
6026.368658 -6.950970 
6026.468658 -5.751387 
6026.568658 -4.523334 
6026.668658 -3.280978 
6026.768658 -2.039453 
6026.868658 -0.814731 
6026.968658 0.376554 
6027.068658 1.517341 
6027.168658 2.590424 
6027.268658 3.578792 
6027.368658 4.466007 
6027.468658 5.236619 
6027.568658 5.876588 
6027.668658 6.373706 
6027.768658 6.717987 
6027.868658 6.902005 
6027.968658 6.921159 
6028.068658 6.773838 
6028.168658 6.461490 
6028.268658 5.988570 
6028.368658 5.362386 
6028.468658 4.592844 
6028.568658 3.692113 
6028.668658 2.674227 
6028.768658 1.554660 
6028.868658 0.349876 
6028.968658 -0.923094 
6029.068658 -2.247060 
6029.168658 -3.605025 
6029.268658 -4.980495 
6029.368658 -6.357720 
6029.468658 -7.721883 
6029.568658 -9.059234 
6029.668658 -10.357168 
6029.768658 -11.604264 
6029.868658 -12.790286 
6029.968658 -13.906153 
6030.068658 -14.943889 
6030.168658 -15.896560 
6030.268658 -16.758192 
6030.368658 -17.523698 
6030.468658 -18.188790 
6030.568658 -18.749905 
6030.668658 -19.204123 
6030.768658 -19.549101 
6030.868658 -19.783012 
6030.968658 -19.904485 
6031.068658 -19.912563 
6031.168658 -19.806666 
6031.268658 -19.586557 
6031.368658 -19.252327 
6031.468658 -18.804382 
6031.568658 -18.243443 
6031.668658 -17.570547 
6031.768658 -16.787069 
6031.868658 -15.894742 
6031.968658 -14.895689 
6032.068658 -13.792463 
6032.168658 -12.588098 
6032.268658 -11.286163 
6032.368658 -9.890823 
6032.468658 -8.406908 
6032.568658 -6.839986 
6032.668658 -5.196438 
6032.768658 -3.483529 
6032.868658 -1.709482 
6032.968658 0.116460 
6033.068658 1.983982 
6033.168658 3.881664 
6033.268658 5.796970 
6033.368658 7.716272 
6033.468658 9.624907 
6033.568658 11.507279 
6033.668658 13.347014 
6033.768658 15.127164 
6033.868658 16.830469 
6033.968658 18.439668 
6034.068658 19.937861 
6034.168658 21.308905 
6034.268658 22.537822 
6034.368658 23.611225 
6034.468658 24.517700 
6034.568658 25.248166 
6034.668658 25.796144 
6034.768658 26.157959 
6034.868658 26.332825 
6034.968658 26.322828 
6035.068658 26.132799 
6035.168658 25.770092 
6035.268658 25.244265 
6035.368658 24.566713 
6035.468658 23.750256 
6035.568658 22.808710 
6035.668658 21.756469 
6035.768658 20.608127 
6035.868658 19.378131 
6035.968658 18.080503 
6036.068658 16.728619 
6036.168658 15.335059 
6036.268658 13.911510 
6036.368658 12.468737 
6036.468658 11.016590 
6036.568658 9.564062 
6036.668658 8.119365 
6036.768658 6.690038 
6036.868658 5.283049 
6036.968658 3.904913 
6037.068658 2.561797 
6037.168658 1.259605 
6037.268658 0.004063 
6037.368658 -1.199235 
6037.468658 -2.344788 
6037.568658 -3.427182 
6037.668658 -4.441093 
6037.768658 -5.381319 
6037.868658 -6.242819 
6037.968658 -7.020768 
6038.068658 -7.710616 
6038.168658 -8.308159 
6038.268658 -8.809601 
6038.368658 -9.211628 
6038.468658 -9.511472 
6038.568658 -9.706974 
6038.668658 -9.796645 
6038.768658 -9.779727 
6038.868658 -9.656246 
6038.968658 -9.427071 
6039.068658 -9.093963 
6039.168658 -8.659631 
6039.268658 -8.127788 
6039.368658 -7.503201 
6039.468658 -6.791739 
6039.568658 -6.000425 
6039.668658 -5.137472 
6039.768658 -4.212313 
6039.868658 -3.235614 
6039.968658 -2.219266 
6040.068658 -1.176349 
6040.168658 -0.121062 
6040.268658 0.931390 
6040.368658 1.964949 
6040.468658 2.962920 
6040.568658 3.908229 
6040.668658 4.783741 
6040.768658 5.572622 
6040.868658 6.258739 
6040.968658 6.827089 
6041.068658 7.264226 
6041.168658 7.558678 
6041.268658 7.701326 
6041.368658 7.685712 
6041.468658 7.508277 
6041.568658 7.168482 
6041.668658 6.668839 
6041.768658 6.014814 
6041.868658 5.214636 
6041.968658 4.279003 
6042.068658 3.220727 
6042.168658 2.054318 
6042.268658 0.795549 
6042.368658 -0.538984 
6042.468658 -1.932286 
6042.568658 -3.367343 
6042.668658 -4.827461 
6042.768658 -6.296550 
6042.868658 -7.759340 
6042.968658 -9.201552 
6043.068658 -10.610004 
6043.168658 -11.972677 
6043.268658 -13.278736 
6043.368658 -14.518515 
6043.468658 -15.683483 
6043.568658 -16.766186 
6043.668658 -17.760174 
6043.768658 -18.659925 
6043.868658 -19.460764 
6043.968658 -20.158780 
6044.068658 -20.750750 
6044.168658 -21.234063 
6044.268658 -21.606653 
6044.368658 -21.866942 
6044.468658 -22.013787 
6044.568658 -22.046434 
6044.668658 -21.964489 
6044.768658 -21.767889 
6044.868658 -21.456888 
6044.968658 -21.032047 
6045.068658 -20.494233 
6045.168658 -19.844635 
6045.268658 -19.084776 
6045.368658 -18.216542 
6045.468658 -17.242220 
6045.568658 -16.164532 
6045.668658 -14.986696 
6045.768658 -13.712475 
6045.868658 -12.346248 
6045.968658 -10.893072 
6046.068658 -9.358759 
6046.168658 -7.749947 
6046.268658 -6.074174 
6046.368658 -4.339941 
6046.468658 -2.556773 
6046.568658 -0.735262 
6046.668658 1.112913 
6046.768658 2.974989 
6046.868658 4.837157 
6046.968658 6.684638 
6047.068658 8.501813 
6047.168658 10.272396 
6047.268658 11.979665 
6047.368658 13.606748 
6047.468658 15.136961 
6047.568658 16.554184 
6047.668658 17.843269 
6047.768658 18.990464 
6047.868658 19.983822 
6047.968658 20.813581 
6048.068658 21.472494 
6048.168658 21.956070 
6048.268658 22.262735 
6048.368658 22.393869 
6048.468658 22.353747 
6048.568658 22.149363 
6048.668658 21.790155 
6048.768658 21.287663 
6048.868658 20.655115 
6048.968658 19.906988 
6049.068658 19.058563 
6049.168658 18.125490 
6049.268658 17.123384 
6049.368658 16.067469 
6049.468658 14.972285 
6049.568658 13.851444 
6049.668658 12.717455 
6049.768658 11.581610 
6049.868658 10.453918 
6049.968658 9.343090 
6050.068658 8.256571 
6050.168658 7.200596 
6050.268658 6.180282 
6050.368658 5.199738 
6050.468658 4.262193 
6050.568658 3.370126 
6050.668658 2.525413 
6050.768658 1.729466 
6050.868658 0.983372 
6050.968658 0.288025 
6051.068658 -0.355756 
6051.168658 -0.947120 
6051.268658 -1.485097 
6051.368658 -1.968533 
6051.468658 -2.396046 
6051.568658 -2.766007 
6051.668658 -3.076549 
6051.768658 -3.325598 
6051.868658 -3.510929 
6051.968658 -3.630246 
6052.068658 -3.681278 
6052.168658 -3.661892 
6052.268658 -3.570220 
6052.368658 -3.404789 
6052.468658 -3.164660 
6052.568658 -2.849563 
6052.668658 -2.460034 
6052.768658 -1.997544 
6052.868658 -1.464616 
6052.968658 -0.864930 
6053.068658 -0.203423 
6053.168658 0.513643 
6053.268658 1.278630 
6053.368658 2.082493 
6053.468658 2.914794 
6053.568658 3.763739 
6053.668658 4.616267 
6053.768658 5.458184 
6053.868658 6.274348 
6053.968658 7.048911 
6054.068658 7.765615 
6054.168658 8.408138 
6054.268658 8.960490 
6054.368658 9.407436 
6054.468658 9.734938 
6054.568658 9.930600 
6054.668658 9.984077 
6054.768658 9.887438 
6054.868658 9.635463 
6054.968658 9.225842 
6055.068658 8.659268 
6055.168658 7.939423 
6055.268658 7.072849 
6055.368658 6.068718 
6055.468658 4.938520 
6055.568658 3.695677 
6055.668658 2.355128 
6055.768658 0.932885 
6055.868658 -0.554394 
6055.968658 -2.089815 
6056.068658 -3.656611 
6056.168658 -5.238455 
6056.268658 -6.819718 
6056.368658 -8.385667 
6056.468658 -9.922605 
6056.568658 -11.417962 
6056.668658 -12.860340 
6056.768658 -14.239522 
6056.868658 -15.546441 
6056.968658 -16.773143 
6057.068658 -17.912716 
6057.168658 -18.959222 
6057.268658 -19.907609 
6057.368658 -20.753639 
6057.468658 -21.493800 
6057.568658 -22.125231 
6057.668658 -22.645653 
6057.768658 -23.053305 
6057.868658 -23.346884 
6057.968658 -23.525500 
6058.068658 -23.588635 
6058.168658 -23.536113 
6058.268658 -23.368080 
6058.368658 -23.084986 
6058.468658 -22.687586 
6058.568658 -22.176939 
6058.668658 -21.554427 
6058.768658 -20.821772 
6058.868658 -19.981067 
6058.968658 -19.034813 
6059.068658 -17.985970 
6059.168658 -16.838000 
6059.268658 -15.594937 
6059.368658 -14.261448 
6059.468658 -12.842901 
6059.568658 -11.345443 
6059.668658 -9.776067 
6059.768658 -8.142685 
6059.868658 -6.454192 
6059.968658 -4.720513 
6060.068658 -2.952642 
6060.168658 -1.162652 
6060.268658 0.636324 
6060.368658 2.430144 
6060.468658 4.203759 
6060.568658 5.941356 
6060.668658 7.626562 
6060.768658 9.242693 
6060.868658 10.773067 
6060.968658 12.201358 
6061.068658 13.511993 
6061.168658 14.690566 
6061.268658 15.724264 
6061.368658 16.602270 
6061.468658 17.316129 
6061.568658 17.860047 
6061.668658 18.231106 
6061.768658 18.429376 
6061.868658 18.457923 
6061.968658 18.322702 
6062.068658 18.032343 
6062.168658 17.597848 
6062.268658 17.032224 
6062.368658 16.350054 
6062.468658 15.567057 
6062.568658 14.699641 
6062.668658 13.764477 
6062.768658 12.778117 
6062.868658 11.756647 
6062.968658 10.715411 
6063.068658 9.668786 
6063.168658 8.630013 
6063.268658 7.611087 
6063.368658 6.622690 
6063.468658 5.674170 
6063.568658 4.773550 
6063.668658 3.927565 
6063.768658 3.141719 
6063.868658 2.420360 
6063.968658 1.766760 
6064.068658 1.183208 
6064.168658 0.671099 
6064.268658 0.231034 
6064.368658 -0.137086 
6064.468658 -0.433966 
6064.568658 -0.660822 
6064.668658 -0.819289 
6064.768658 -0.911332 
6064.868658 -0.939157 
6064.968658 -0.905129 
6065.068658 -0.811698 
6065.168658 -0.661324 
6065.268658 -0.456417 
6065.368658 -0.199291 
6065.468658 0.107873 
6065.568658 0.463046 
6065.668658 0.864344 
6065.768658 1.310009 
6065.868658 1.798356 
6065.968658 2.327710 
6066.068658 2.896306 
6066.168658 3.502177 
6066.268658 4.143026 
6066.368658 4.816077 
6066.468658 5.517930 
6066.568658 6.244409 
6066.668658 6.990425 
6066.768658 7.749848 
6066.868658 8.515413 
6066.968658 9.278660 
6067.068658 10.029915 
6067.168658 10.758323 
6067.268658 11.451947 
6067.368658 12.097918 
6067.468658 12.682661 
6067.568658 13.192182 
6067.668658 13.612410 
6067.768658 13.929591 
6067.868658 14.130718 
6067.968658 14.203970 
6068.068658 14.139151 
6068.168658 13.928093 
6068.268658 13.565002 
6068.368658 13.046727 
6068.468658 12.372937 
6068.568658 11.546176 
6068.668658 10.571822 
6068.768658 9.457929 
6068.868658 8.214969 
6068.968658 6.855501 
6069.068658 5.393785 
6069.168658 3.845357 
6069.268658 2.226601 
6069.368658 0.554333 
6069.468658 -1.154581 
6069.568658 -2.883567 
6069.668658 -4.616630 
6069.768658 -6.338575 
6069.868658 -8.035186 
6069.968658 -9.693338 
6070.068658 -11.301066 
6070.168658 -12.847591 
6070.268658 -14.323313 
6070.368658 -15.719772 
6070.468658 -17.029596 
6070.568658 -18.246428 
6070.668658 -19.364852 
6070.768658 -20.380305 
6070.868658 -21.289002 
6070.968658 -22.087848 
6071.068658 -22.774372 
6071.168658 -23.346650 
6071.268658 -23.803248 
6071.368658 -24.143168 
6071.468658 -24.365803 
6071.568658 -24.470900 
6071.668658 -24.458535 
6071.768658 -24.329092 
6071.868658 -24.083254 
6071.968658 -23.722004 
6072.068658 -23.246632 
6072.168658 -22.658750 
6072.268658 -21.960318 
6072.368658 -21.153678 
6072.468658 -20.241592 
6072.568658 -19.227294 
6072.668658 -18.114546 
6072.768658 -16.907698 
6072.868658 -15.611755 
6072.968658 -14.232452 
6073.068658 -12.776324 
6073.168658 -11.250778 
6073.268658 -9.664160 
6073.368658 -8.025816 
6073.468658 -6.346134 
6073.568658 -4.636573 
6073.668658 -2.909661 
6073.768658 -1.178964 
6073.868658 0.540984 
6073.968658 2.234803 
6074.068658 3.886428 
6074.168658 5.479337 
6074.268658 6.996827 
6074.368658 8.422342 
6074.468658 9.739848 
6074.568658 10.934240 
6074.668658 11.991763 
6074.768658 12.900437 
6074.868658 13.650443 
6074.968658 14.234473 
6075.068658 14.647992 
6075.168658 14.889423 
6075.268658 14.960218 
6075.368658 14.864814 
6075.468658 14.610495 
6075.568658 14.207138 
6075.668658 13.666883 
6075.768658 13.003745 
6075.868658 12.233178 
6075.968658 11.371633 
6076.068658 10.436121 
6076.168658 9.443806 
6076.268658 8.411640 
6076.368658 7.356045 
6076.468658 6.292662 
6076.568658 5.236149 
6076.668658 4.200044 
6076.768658 3.196667 
6076.868658 2.237077 
6076.968658 1.331062 
6077.068658 0.487157 
6077.168658 -0.287314 
6077.268658 -0.986180 
6077.368658 -1.604357 
6077.468658 -2.137774 
6077.568658 -2.583297 
6077.668658 -2.938658 
6077.768658 -3.202383 
6077.868658 -3.373727 
6077.968658 -3.452616 
6078.068658 -3.439589 
6078.168658 -3.335754 
6078.268658 -3.142745 
6078.368658 -2.862685 
6078.468658 -2.498152 
6078.568658 -2.052154 
6078.668658 -1.528105 
6078.768658 -0.929797 
6078.868658 -0.261391 
6078.968658 0.472612 
6079.068658 1.267376 
6079.168658 2.117752 
6079.268658 3.018280 
6079.368658 3.963204 
6079.468658 4.946467 
6079.568658 5.961715 
6079.668658 7.002282 
6079.768658 8.061178 
6079.868658 9.131057 
6079.968658 10.204193 
6080.068658 11.272435 
6080.168658 12.327170 
6080.268658 13.359281 
6080.368658 14.359114 
6080.468658 15.316458 
6080.568658 16.220550 
6080.668658 17.060111 
6080.768658 17.823419 
6080.868658 18.498435 
6080.968658 19.072979 
6081.068658 19.534955 
6081.168658 19.872643 
6081.268658 20.075017 
6081.368658 20.132106 
6081.468658 20.035364 
6081.568658 19.778033 
6081.668658 19.355472 
6081.768658 18.765432 
6081.868658 18.008253 
6081.968658 17.086972 
6082.068658 16.007323 
6082.168658 14.777633 
6082.268658 13.408627 
6082.368658 11.913138 
6082.468658 10.305755 
6082.568658 8.602430 
6082.668658 6.820057 
6082.768658 4.976063 
6082.868658 3.088012 
6082.968658 1.173254 
6083.068658 -0.751385 
6083.168658 -2.669850 
6083.268658 -4.567050 
6083.368658 -6.428997 
6083.468658 -8.242893 
6083.568658 -9.997172 
6083.668658 -11.681497 
6083.768658 -13.286741 
6083.868658 -14.804931 
6083.968658 -16.229180 
6084.068658 -17.553610 
6084.168658 -18.773268 
6084.268658 -19.884036 
6084.368658 -20.882552 
6084.468658 -21.766124 
6084.568658 -22.532656 
6084.668658 -23.180582 
6084.768658 -23.708805 
6084.868658 -24.116644 
6084.968658 -24.403794 
6085.068658 -24.570293 
6085.168658 -24.616492 
6085.268658 -24.543048 
6085.368658 -24.350910 
6085.468658 -24.041324 
6085.568658 -23.615848 
6085.668658 -23.076363 
6085.768658 -22.425108 
6085.868658 -21.664715 
6085.968658 -20.798252 
6086.068658 -19.829272 
6086.168658 -18.761878 
6086.268658 -17.600783 
6086.368658 -16.351380 
6086.468658 -15.019813 
6086.568658 -13.613054 
6086.668658 -12.138968 
6086.768658 -10.606382 
6086.868658 -9.025135 
6086.968658 -7.406121 
6087.068658 -5.761301 
6087.168658 -4.103693 
6087.268658 -2.447326 
6087.368658 -0.807149 
6087.468658 0.801106 
6087.568658 2.361112 
6087.668658 3.856193 
6087.768658 5.269622 
6087.868658 6.584972 
6087.968658 7.786502 
6088.068658 8.859574 
6088.168658 9.791080 
6088.268658 10.569851 
6088.368658 11.187035 
6088.468658 11.636415 
6088.568658 11.914640 
6088.668658 12.021370 
6088.768658 11.959299 
6088.868658 11.734077 
6088.968658 11.354121 
6089.068658 10.830331 
6089.168658 10.175739 
6089.268658 9.405094 
6089.368658 8.534429 
6089.468658 7.580613 
6089.568658 6.560935 
6089.668658 5.492703 
6089.768658 4.392910 
6089.868658 3.277940 
6089.968658 2.163338 
6090.068658 1.063642 
6090.168658 -0.007741 
6090.268658 -1.038600 
6090.368658 -2.017951 
6090.468658 -2.936030 
6090.568658 -3.784258 
6090.668658 -4.555196 
6090.768658 -5.242473 
6090.868658 -5.840715 
6090.968658 -6.345472 
6091.068658 -6.753138 
6091.168658 -7.060878 
6091.268658 -7.266563 
6091.368658 -7.368708 
6091.468658 -7.366414 
6091.568658 -7.259330 
6091.668658 -7.047612 
6091.768658 -6.731894 
6091.868658 -6.313272 
6091.968658 -5.793294 
6092.068658 -5.173952 
6092.168658 -4.457694 
6092.268658 -3.647433 
6092.368658 -2.746566 
6092.468658 -1.759003 
6092.568658 -0.689196 
6092.668658 0.457826 
6092.768658 1.676411 
6092.868658 2.960252 
6092.968658 4.302335 
6093.068658 5.694899 
6093.168658 7.129396 
6093.268658 8.596459 
6093.368658 10.085869 
6093.468658 11.586541 
6093.568658 13.086525 
6093.668658 14.573017 
6093.768658 16.032403 
6093.868658 17.450318 
6093.968658 18.811753 
6094.068658 20.101180 
6094.168658 21.302729 
6094.268658 22.400398 
6094.368658 23.378313 
6094.468658 24.221021 
6094.568658 24.913822 
6094.668658 25.443131 
6094.768658 25.796844 
6094.868658 25.964719 
6094.968658 25.938726 
6095.068658 25.713363 
6095.168658 25.285912 
6095.268658 24.656617 
6095.368658 23.828765 
6095.468658 22.808673 
6095.568658 21.605560 
6095.668658 20.231328 
6095.768658 18.700246 
6095.868658 17.028577 
6095.968658 15.234139 
6096.068658 13.335859 
6096.168658 11.353314 
6096.268658 9.306297 
6096.368658 7.214419 
6096.468658 5.096765 
6096.568658 2.971601 
6096.668658 0.856150 
6096.768658 -1.233573 
6096.868658 -3.282872 
6096.968658 -5.278424 
6097.068658 -7.208296 
6097.168658 -9.061918 
6097.268658 -10.830033 
6097.368658 -12.504630 
6097.468658 -14.078852 
6097.568658 -15.546907 
6097.668658 -16.903969 
6097.768658 -18.146084 
6097.868658 -19.270075 
6097.968658 -20.273454 
6098.068658 -21.154344 
6098.168658 -21.911407 
6098.268658 -22.543782 
6098.368658 -23.051030 
6098.468658 -23.433091 
6098.568658 -23.690253 
6098.668658 -23.823125 
6098.768658 -23.832621 
6098.868658 -23.719958 
6098.968658 -23.486658 
6099.068658 -23.134560 
6099.168658 -22.665842 
6099.268658 -22.083053 
6099.368658 -21.389147 
6099.468658 -20.587534 
6099.568658 -19.682131 
6099.668658 -18.677426 
6099.768658 -17.578537 
6099.868658 -16.391292 
6099.968658 -15.122293 
6100.068658 -13.778994 
6100.168658 -12.369765 
6100.268658 -10.903956 
6100.368658 -9.391944 
6100.468658 -7.845163 
6100.568658 -6.276110 
6100.668658 -4.698321 
6100.768658 -3.126308 
6100.868658 -1.575448 
6100.968658 -0.061829 
6101.068658 1.397961 
6101.168658 2.787105 
6101.268658 4.088874 
6101.368658 5.286992 
6101.468658 6.366039 
6101.568658 7.311874 
6101.668658 8.112056 
6101.768658 8.756247 
6101.868658 9.236564 
6101.968658 9.547869 
6102.068658 9.687966 
6102.168658 9.657695 
6102.268658 9.460921 
6102.368658 9.104405 
6102.468658 8.597581 
6102.568658 7.952238 
6102.668658 7.182144 
6102.768658 6.302619 
6102.868658 5.330097 
6102.968658 4.281688 
6103.068658 3.174766 
6103.168658 2.026596 
6103.268658 0.854014 
6103.368658 -0.326836 
6103.468658 -1.500712 
6103.568658 -2.653415 
6103.668658 -3.771892 
6103.768658 -4.844284 
6103.868658 -5.859938 
6103.968658 -6.809385 
6104.068658 -7.684302 
6104.168658 -8.477447 
6104.268658 -9.182589 
6104.368658 -9.794430 
6104.468658 -10.308529 
6104.568658 -10.721217 
6104.668658 -11.029529 
6104.768658 -11.231132 
6104.868658 -11.324264 
6104.968658 -11.307680 
6105.068658 -11.180609 
6105.168658 -10.942716 
6105.268658 -10.594075 
6105.368658 -10.135156 
6105.468658 -9.566810 
6105.568658 -8.890274 
6105.668658 -8.107182 
6105.768658 -7.219579 
6105.868658 -6.229954 
6105.968658 -5.141273 
6106.068658 -3.957025 
6106.168658 -2.681271 
6106.268658 -1.318710 
6106.368658 0.125263 
6106.468658 1.644481 
6106.568658 3.231934 
6106.668658 4.879690 
6106.768658 6.578828 
6106.868658 8.319362 
6106.968658 10.090187 
6107.068658 11.879035 
6107.168658 13.672449 
6107.268658 15.455788 
6107.368658 17.213267 
6107.468658 18.928036 
6107.568658 20.582309 
6107.668658 22.157553 
6107.768658 23.634724 
6107.868658 24.994579 
6107.968658 26.218033 
6108.068658 27.286580 
6108.168658 28.182742 
6108.268658 28.890556 
6108.368658 29.396052 
6108.468658 29.687719 
6108.568658 29.756920 
6108.668658 29.598230 
6108.768658 29.209682 
6108.868658 28.592898 
6108.968658 27.753089 
6109.068658 26.698936 
6109.168658 25.442341 
6109.268658 23.998078 
6109.368658 22.383362 
6109.468658 20.617351 
6109.568658 18.720627 
6109.668658 16.714671 
6109.768658 14.621357 
6109.868658 12.462493 
6109.968658 10.259413 
6110.068658 8.032637 
6110.168658 5.801603 
6110.268658 3.584459 
6110.368658 1.397934 
6110.468658 -0.742746 
6110.568658 -2.823885 
6110.668658 -4.833302 
6110.768658 -6.760283 
6110.868658 -8.595513 
6110.968658 -10.330984 
6111.068658 -11.959899 
6111.168658 -13.476565 
6111.268658 -14.876288 
6111.368658 -16.155273 
6111.468658 -17.310524 
6111.568658 -18.339755 
6111.668658 -19.241310 
6111.768658 -20.014092 
6111.868658 -20.657498 
6111.968658 -21.171374 
6112.068658 -21.555969 
6112.168658 -21.811907 
6112.268658 -21.940168 
6112.368658 -21.942077 
6112.468658 -21.819306 
6112.568658 -21.573880 
6112.668658 -21.208203 
6112.768658 -20.725080 
6112.868658 -20.127762 
6112.968658 -19.419982 
6113.068658 -18.606019 
6113.168658 -17.690751 
6113.268658 -16.679725 
6113.368658 -15.579223 
6113.468658 -14.396339 
6113.568658 -13.139039 
6113.668658 -11.816238 
6113.768658 -10.437844 
6113.868658 -9.014807 
6113.968658 -7.559137 
6114.068658 -6.083898 
6114.168658 -4.603166 
6114.268658 -3.131954 
6114.368658 -1.686079 
6114.468658 -0.281987 
6114.568658 1.063485 
6114.668658 2.333392 
6114.768658 3.511026 
6114.868658 4.580292 
6114.968658 5.526127 
6115.068658 6.334917 
6115.168658 6.994920 
6115.268658 7.496649 
6115.368658 7.833203 
6115.468658 8.000518 
6115.568658 7.997529 
6115.668658 7.826222 
6115.768658 7.491570 
6115.868658 7.001370 
6115.968658 6.365981 
6116.068658 5.597974 
6116.168658 4.711739 
6116.268658 3.723048 
6116.368658 2.648613 
6116.468658 1.505662 
6116.568658 0.311533 
6116.668658 -0.916669 
6116.768658 -2.162377 
6116.868658 -3.409800 
6116.968658 -4.644104 
6117.068658 -5.851538 
6117.168658 -7.019513 
6117.268658 -8.136634 
6117.368658 -9.192694 
6117.468658 -10.178651 
6117.568658 -11.086568 
6117.668658 -11.909551 
6117.768658 -12.641672 
6117.868658 -13.277891 
6117.968658 -13.813970 
6118.068658 -14.246398 
6118.168658 -14.572319 
6118.268658 -14.789457 
6118.368658 -14.896062 
6118.468658 -14.890854 
6118.568658 -14.772982 
6118.668658 -14.541986 
6118.768658 -14.197770 
6118.868658 -13.740590 
6118.968658 -13.171043 
6119.068658 -12.490069 
6119.168658 -11.698960 
6119.268658 -10.799381 
6119.368658 -9.793397 
6119.468658 -8.683510 
6119.568658 -7.472702 
6119.668658 -6.164492 
6119.768658 -4.762995 
6119.868658 -3.272988 
6119.968658 -1.699986 
6120.068658 -0.050318 
6120.168658 1.668794 
6120.268658 3.449154 
6120.368658 5.281515 
6120.468658 7.155519 
6120.568658 9.059634 
6120.668658 10.981127 
6120.768658 12.906051 
6120.868658 14.819269 
6120.968658 16.704519 
6121.068658 18.544523 
6121.168658 20.321155 
6121.268658 22.015657 
6121.368658 23.608923 
6121.468658 25.081831 
6121.568658 26.415634 
6121.668658 27.592382 
6121.768658 28.595377 
6121.868658 29.409626 
6121.968658 30.022280 
6122.068658 30.423029 
6122.168658 30.604435 
6122.268658 30.562175 
6122.368658 30.295189 
6122.468658 29.805720 
6122.568658 29.099234 
6122.668658 28.184251 
6122.768658 27.072073 
6122.868658 25.776451 
6122.968658 24.313186 
6123.068658 22.699717 
6123.168658 20.954688 
6123.268658 19.097532 
6123.368658 17.148078 
6123.468658 15.126187 
6123.568658 13.051449 
6123.668658 10.942902 
6123.768658 8.818822 
6123.868658 6.696544 
6123.968658 4.592333 
6124.068658 2.521293 
6124.168658 0.497312 
6124.268658 -1.466964 
6124.368658 -3.360129 
6124.468658 -5.171995 
6124.568658 -6.893551 
6124.668658 -8.516913 
6124.768658 -10.035263 
6124.868658 -11.442776 
6124.968658 -12.734556 
6125.068658 -13.906560 
6125.168658 -14.955532 
6125.268658 -15.878936 
6125.368658 -16.674897 
6125.468658 -17.342147 
6125.568658 -17.879982 
6125.668658 -18.288219 
6125.768658 -18.567176 
6125.868658 -18.717645 
6125.968658 -18.740892 
6126.068658 -18.638649 
6126.168658 -18.413132 
6126.268658 -18.067058 
6126.368658 -17.603676 
6126.468658 -17.026809 
6126.568658 -16.340894 
6126.668658 -15.551047 
6126.768658 -14.663114 
6126.868658 -13.683740 
6126.968658 -12.620433 
6127.068658 -11.481627 
6127.168658 -10.276742 
6127.268658 -9.016226 
6127.368658 -7.711589 
6127.468658 -6.375410 
6127.568658 -5.021316 
6127.668658 -3.663925 
6127.768658 -2.318746 
6127.868658 -1.002029 
6127.968658 0.269436 
6128.068658 1.478577 
6128.168658 2.608348 
6128.268658 3.642088 
6128.368658 4.563920 
6128.468658 5.359166 
6128.568658 6.014776 
6128.668658 6.519732 
6128.768658 6.865417 
6128.868658 7.045915 
6128.968658 7.058229 
6129.068658 6.902398 
6129.168658 6.581507 
6129.268658 6.101577 
6129.368658 5.471366 
6129.468658 4.702064 
6129.568658 3.806926 
6129.668658 2.800860 
6129.768658 1.699981 
6129.868658 0.521177 
6129.968658 -0.718312 
6130.068658 -2.001273 
6130.168658 -3.310853 
6130.268658 -4.630833 
6130.368658 -5.945845 
6130.468658 -7.241532 
6130.568658 -8.504650 
6130.668658 -9.723131 
6130.768658 -10.886096 
6130.868658 -11.983844 
6130.968658 -13.007810 
6131.068658 -13.950504 
6131.168658 -14.805445 
6131.268658 -15.567077 
6131.368658 -16.230690 
6131.468658 -16.792340 
6131.568658 -17.248768 
6131.668658 -17.597332 
6131.768658 -17.835936 
6131.868658 -17.962975 
6131.968658 -17.977283 
6132.068658 -17.878092 
6132.168658 -17.665000 
6132.268658 -17.337945 
6132.368658 -16.897194 
6132.468658 -16.343333 
6132.568658 -15.677270 
6132.668658 -14.900252 
6132.768658 -14.013877 
6132.868658 -13.020130 
6132.968658 -11.921419 
6133.068658 -10.720615 
6133.168658 -9.421113 
6133.268658 -8.026889 
6133.368658 -6.542564 
6133.468658 -4.973483 
6133.568658 -3.325782 
6133.668658 -1.606472 
6133.768658 0.176491 
6133.868658 2.014133 
6133.968658 3.896403 
6134.068658 5.812127 
6134.168658 7.748985 
6134.268658 9.693511 
6134.368658 11.631131 
6134.468658 13.546242 
6134.568658 15.422335 
6134.668658 17.242173 
6134.768658 18.988021 
6134.868658 20.641938 
6134.968658 22.186109 
6135.068658 23.603225 
6135.168658 24.876897 
6135.268658 25.992069 
6135.368658 26.935439 
6135.468658 27.695833 
6135.568658 28.264536 
6135.668658 28.635541 
6135.768658 28.805709 
6135.868658 28.774823 
6135.968658 28.545539 
6136.068658 28.123233 
6136.168658 27.515763 
6136.268658 26.733155 
6136.368658 25.787245 
6136.468658 24.691295 
6136.568658 23.459606 
6136.668658 22.107154 
6136.768658 20.649259 
6136.868658 19.101300 
6136.968658 17.478484 
6137.068658 15.795669 
6137.168658 14.067236 
6137.268658 12.307010 
6137.368658 10.528211 
6137.468658 8.743438 
6137.568658 6.964667 
6137.668658 5.203266 
6137.768658 3.470012 
6137.868658 1.775101 
6137.968658 0.128163 
6138.068658 -1.461731 
6138.168658 -2.986075 
6138.268658 -4.436929 
6138.368658 -5.806928 
6138.468658 -7.089299 
6138.568658 -8.277872 
6138.668658 -9.367087 
6138.768658 -10.352011 
6138.868658 -11.228342 
6138.968658 -11.992416 
6139.068658 -12.641207 
6139.168658 -13.172336 
6139.268658 -13.584065 
6139.368658 -13.875306 
6139.468658 -14.045622 
6139.568658 -14.095241 
6139.668658 -14.025065 
6139.768658 -13.836689 
6139.868658 -13.532431 
6139.968658 -13.115357 
6140.068658 -12.589328 
6140.168658 -11.959036 
6140.268658 -11.230058 
6140.368658 -10.408905 
6140.468658 -9.503078 
6140.568658 -8.521115 
6140.668658 -7.472634 
6140.768658 -6.368362 
6140.868658 -5.220155 
6140.968658 -4.040976 
6141.068658 -2.844864 
6141.168658 -1.646845 
6141.268658 -0.462811 
6141.368658 0.690655 
6141.468658 1.796508 
6141.568658 2.837523 
6141.668658 3.796628 
6141.768658 4.657286 
6141.868658 5.403898 
6141.968658 6.022235 
6142.068658 6.499858 
6142.168658 6.826513 
6142.268658 6.994477 
6142.368658 6.998826 
6142.468658 6.837619 
6142.568658 6.511969 
6142.668658 6.026009 
6142.768658 5.386742 
6142.868658 4.603800 
6142.968658 3.689112 
6143.068658 2.656517 
6143.168658 1.521331 
6143.268658 0.299908 
6143.368658 -0.990791 
6143.468658 -2.333608 
6143.568658 -3.711547 
6143.668658 -5.108084 
6143.768658 -6.507417 
6143.868658 -7.894662 
6143.968658 -9.255991 
6144.068658 -10.578711 
6144.168658 -11.851314 
6144.268658 -13.063474 
6144.368658 -14.206025 
6144.468658 -15.270908 
6144.568658 -16.251112 
6144.668658 -17.140596 
6144.768658 -17.934209 
6144.868658 -18.627607 
6144.968658 -19.217176 
6145.068658 -19.699952 
6145.168658 -20.073555 
6145.268658 -20.336121 
6145.368658 -20.486250 
6145.468658 -20.522957 
6145.568658 -20.445633 
6145.668658 -20.254018 
6145.768658 -19.948177 
6145.868658 -19.528490 
6145.968658 -18.995647 
6146.068658 -18.350655 
6146.168658 -17.594854 
6146.268658 -16.729935 
6146.368658 -15.757974 
6146.468658 -14.681473 
6146.568658 -13.503403 
6146.668658 -12.227261 
6146.768658 -10.857134 
6146.868658 -9.397759 
6146.968658 -7.854603 
6147.068658 -6.233930 
6147.168658 -4.542880 
6147.268658 -2.789535 
6147.368658 -0.982988 
6147.468658 0.866610 
6147.568658 2.748011 
6147.668658 4.648862 
6147.768658 6.555720 
6147.868658 8.454113 
6147.968658 10.328632 
6148.068658 12.163087 
6148.168658 13.940704 
6148.268658 15.644382 
6148.368658 17.257005 
