descriptor BJD Tc_folded phase mod 
5950.268658 1.553517 0.610471 -14.402391
5950.368658 1.653517 0.625330 -14.623497
5950.468658 1.753517 0.640189 -14.738273
5950.568658 1.853517 0.655048 -14.746644
5950.668658 1.953517 0.669907 -14.648856
5950.768658 2.053517 0.684766 -14.445466
5950.868658 2.153517 0.699625 -14.137349
5950.968658 2.253517 0.714484 -13.725703
5951.068658 2.353517 0.729343 -13.212076
5951.168658 2.453517 0.744202 -12.598384
5951.268658 2.553517 0.759060 -11.886955
5951.368658 2.653517 0.773919 -11.080569
5951.468658 2.753517 0.788778 -10.182509
5951.568658 2.853517 0.803637 -9.196620
5951.668658 2.953517 0.818496 -8.127373
5951.768658 3.053517 0.833355 -6.979932
5951.868658 3.153517 0.848214 -5.760229
5951.968658 3.253517 0.863073 -4.475033
5952.068658 3.353517 0.877932 -3.132020
5952.168658 -3.276458 0.892791 -1.739841
5952.268658 -3.176458 0.907649 -0.308170
5952.368658 -3.076458 0.922508 1.152254
5952.468658 -2.976458 0.937367 2.629612
5952.568658 -2.876458 0.952226 4.111020
5952.668658 -2.776458 0.967085 5.582570
5952.768658 -2.676458 0.981944 7.029427
5952.868658 -2.576458 0.996803 8.435961
5952.968658 -2.476458 0.011662 9.785940
5953.068658 -2.376458 0.026521 11.062770
5953.168658 -2.276458 0.041379 12.249802
5953.268658 -2.176458 0.056238 13.330675
5953.368658 -2.076458 0.071097 14.289706
5953.468658 -1.976458 0.085956 15.112309
5953.568658 -1.876458 0.100815 15.785419
5953.668658 -1.776458 0.115674 16.297902
5953.768658 -1.676458 0.130533 16.640941
5953.868658 -1.576458 0.145392 16.808341
5953.968658 -1.476458 0.160251 16.796779
5954.068658 -1.376458 0.175110 16.605932
5954.168658 -1.276458 0.189968 16.238515
5954.268658 -1.176458 0.204827 15.700199
5954.368658 -1.076458 0.219686 14.999421
5954.468658 -0.976458 0.234545 14.147109
5954.568658 -0.876458 0.249404 13.156324
5954.668658 -0.776458 0.264263 12.041853
5954.768658 -0.676458 0.279122 10.819770
5954.868658 -0.576458 0.293981 9.507000
5954.968658 -0.476458 0.308840 8.120892
5955.068658 -0.376458 0.323699 6.678833
5955.168658 -0.276458 0.338557 5.197903
5955.268658 -0.176458 0.353416 3.694588
5955.368658 -0.076458 0.368275 2.184558
5955.468658 0.023542 0.383134 0.682489
5955.568658 0.123542 0.397993 -0.798048
5955.668658 0.223542 0.412852 -2.244655
5955.768658 0.323542 0.427711 -3.646131
5955.868658 0.423542 0.442570 -4.992465
5955.968658 0.523542 0.457429 -6.274797
5956.068658 0.623542 0.472287 -7.485365
5956.168658 0.723542 0.487146 -8.617431
5956.268658 0.823542 0.502005 -9.665208
5956.368658 0.923542 0.516864 -10.623773
5956.468658 1.023542 0.531723 -11.488991
5956.568658 1.123542 0.546582 -12.257430
5956.668658 1.223542 0.561441 -12.926288
5956.768658 1.323542 0.576300 -13.493328
5956.868658 1.423542 0.591159 -13.956812
5956.968658 1.523542 0.606018 -14.315453
5957.068658 1.623542 0.620876 -14.568367
5957.168658 1.723542 0.635735 -14.715039
5957.268658 1.823542 0.650594 -14.755294
5957.368658 1.923542 0.665453 -14.689282
5957.468658 2.023542 0.680312 -14.517469
5957.568658 2.123542 0.695171 -14.240633
5957.668658 2.223542 0.710030 -13.859874
5957.768658 2.323542 0.724889 -13.376632
5957.868658 2.423542 0.739748 -12.792709
5957.968658 2.523542 0.754606 -12.110307
5958.068658 2.623542 0.769465 -11.332064
5958.168658 2.723542 0.784324 -10.461106
5958.268658 2.823542 0.799183 -9.501105
5958.368658 2.923542 0.814042 -8.456335
5958.468658 3.023542 0.828901 -7.331746
5958.568658 3.123542 0.843760 -6.133033
5958.668658 3.223542 0.858619 -4.866705
5958.768658 3.323542 0.873478 -3.540160
5958.868658 -3.306433 0.888337 -2.161751
5958.968658 -3.206433 0.903195 -0.740840
5959.068658 -3.106433 0.918054 0.712157
5959.168658 -3.006433 0.932913 2.185743
5959.268658 -2.906433 0.947772 3.667351
5959.368658 -2.806433 0.962631 5.143373
5959.468658 -2.706433 0.977490 6.599240
5959.568658 -2.606433 0.992349 8.019541
5959.668658 -2.506433 0.007208 9.388202
5959.768658 -2.406433 0.022067 10.688710
5959.868658 -2.306433 0.036926 11.904397
5959.968658 -2.206433 0.051784 13.018776
5960.068658 -2.106433 0.066643 14.015918
5960.168658 -2.006433 0.081502 14.880863
5960.268658 -1.906433 0.096361 15.600047
5960.368658 -1.806433 0.111220 16.161716
5960.468658 -1.706433 0.126079 16.556320
5960.568658 -1.606433 0.140938 16.776851
5960.668658 -1.506433 0.155797 16.819105
5960.768658 -1.406433 0.170656 16.681851
5960.868658 -1.306433 0.185514 16.366898
5960.968658 -1.206433 0.200373 15.879044
5961.068658 -1.106433 0.215232 15.225924
5961.168658 -1.006433 0.230091 14.417753
5961.268658 -0.906433 0.244950 13.466994
5961.368658 -0.806433 0.259809 12.387960
5961.468658 -0.706433 0.274668 11.196388
5961.568658 -0.606433 0.289527 9.908992
5961.668658 -0.506433 0.304386 8.543037
5961.768658 -0.406433 0.319245 7.115937
5961.868658 -0.306433 0.334103 5.644896
5961.968658 -0.206433 0.348962 4.146606
5962.068658 -0.106433 0.363821 2.637001
5962.168658 -0.006433 0.378680 1.131069
5962.268658 0.093567 0.393539 -0.357278
5962.368658 0.193567 0.408398 -1.815285
5962.468658 0.293567 0.423257 -3.231393
5962.568658 0.393567 0.438116 -4.595238
5962.668658 0.493567 0.452975 -5.897618
5962.768658 0.593567 0.467834 -7.130449
5962.868658 0.693567 0.482692 -8.286695
5962.968658 0.793567 0.497551 -9.360292
5963.068658 0.893567 0.512410 -10.346067
5963.168658 0.993567 0.527269 -11.239656
5963.268658 1.093567 0.542128 -12.037425
5963.368658 1.193567 0.556987 -12.736392
5963.468658 1.293567 0.571846 -13.334156
5963.568658 1.393567 0.586705 -13.828836
5963.668658 1.493567 0.601564 -14.219014
5963.768658 1.593567 0.616422 -14.503690
5963.868658 1.693567 0.631281 -14.682241
5963.968658 1.793567 0.646140 -14.754393
5964.068658 1.893567 0.660999 -14.720200
5964.168658 1.993567 0.675858 -14.580034
5964.268658 2.093567 0.690717 -14.334578
5964.368658 2.193567 0.705576 -13.984834
5964.468658 2.293567 0.720435 -13.532139
5964.568658 2.393567 0.735294 -12.978184
5964.668658 2.493567 0.750153 -12.325044
5964.768658 2.593567 0.765011 -11.575225
5964.868658 2.693567 0.779870 -10.731699
5964.968658 2.793567 0.794729 -9.797968
5965.068658 2.893567 0.809588 -8.778120
5965.168658 2.993567 0.824447 -7.676895
5965.268658 3.093567 0.839306 -6.499756
5965.368658 3.193567 0.854165 -5.252960
5965.468658 3.293567 0.869024 -3.943634
5965.568658 -3.336408 0.883883 -2.579835
5965.668658 -3.236408 0.898742 -1.170619
5965.768658 -3.136408 0.913600 0.273917
5965.868658 -3.036408 0.928459 1.742602
5965.968658 -2.936408 0.943318 3.223188
5966.068658 -2.836408 0.958177 4.702371
5966.168658 -2.736408 0.973036 6.165861
5966.268658 -2.636408 0.987895 7.598484
5966.368658 -2.536408 0.002754 8.984343
5966.468658 -2.436408 0.017613 10.307028
5966.568658 -2.336408 0.032472 11.549885
5966.668658 -2.236408 0.047330 12.696336
5966.768658 -2.136408 0.062189 13.730241
5966.868658 -2.036408 0.077048 14.636308
5966.968658 -1.936408 0.091907 15.400508
5967.068658 -1.836408 0.106766 16.010502
5967.168658 -1.736408 0.121625 16.456040
5967.268658 -1.636408 0.136484 16.729323
5967.368658 -1.536408 0.151343 16.825281
5967.468658 -1.436408 0.166202 16.741783
5967.568658 -1.336408 0.181061 16.479726
5967.668658 -1.236408 0.195919 16.043022
5967.768658 -1.136408 0.210778 15.438480
5967.868658 -1.036408 0.225637 14.675573
5967.968658 -0.936408 0.240496 13.766128
5968.068658 -0.836408 0.255355 12.723950
5968.168658 -0.736408 0.270214 11.564393
5968.268658 -0.636408 0.285073 10.303925
5968.368658 -0.536408 0.299932 8.959690
5968.468658 -0.436408 0.314791 7.549097
5968.568658 -0.336408 0.329649 6.089446
5968.668658 -0.236408 0.344508 4.597613
5968.768658 -0.136408 0.359367 3.089781
5968.868658 -0.036408 0.374226 1.581237
5968.968658 0.063592 0.389085 0.086227
5969.068658 0.163592 0.403944 -1.382143
5969.168658 0.263592 0.418803 -2.811952
5969.268658 0.363592 0.433662 -4.192480
5969.368658 0.463592 0.448521 -5.514182
5969.468658 0.563592 0.463380 -6.768645
5969.568658 0.663592 0.478238 -7.948527
5969.668658 0.763592 0.493097 -9.047480
5969.768658 0.863592 0.507956 -10.060072
5969.868658 0.963592 0.522815 -10.981707
5969.968658 1.063592 0.537674 -11.808540
5970.068658 1.163592 0.552533 -12.537400
5970.168658 1.263592 0.567392 -13.165719
5970.268658 1.363592 0.582251 -13.691467
5970.368658 1.463592 0.597110 -14.113093
5970.468658 1.563592 0.611969 -14.429475
5970.568658 1.663592 0.626827 -14.639881
5970.668658 1.763592 0.641686 -14.743935
5970.768658 1.863592 0.656545 -14.741594
5970.868658 1.963592 0.671404 -14.633136
5970.968658 2.063592 0.686263 -14.419150
5971.068658 2.163592 0.701122 -14.100542
5971.168658 2.263592 0.715981 -13.678546
5971.268658 2.363592 0.730840 -13.154743
5971.368658 2.463592 0.745699 -12.531092
5971.468658 2.563592 0.760557 -11.809962
5971.568658 2.663592 0.775416 -10.994182
5971.668658 2.763592 0.790275 -10.087090
5971.768658 2.863592 0.805134 -9.092589
5971.868658 2.963592 0.819993 -8.015217
5971.968658 3.063592 0.834852 -6.860214
5972.068658 3.163592 0.849711 -5.633591
5972.168658 3.263592 0.864570 -4.342206
5972.268658 3.363592 0.879429 -2.993832
5972.368658 -3.266383 0.894288 -1.597218
5972.468658 -3.166383 0.909146 -0.162146
5972.568658 -3.066383 0.924005 1.300538
5972.668658 -2.966383 0.938864 2.778905
5972.768658 -2.866383 0.953723 4.259966
5972.868658 -2.766383 0.968582 5.729715
5972.968658 -2.666383 0.983441 7.173229
5973.068658 -2.566383 0.998300 8.574809
5973.168658 -2.466383 0.013159 9.918172
5973.268658 -2.366383 0.028018 11.186708
5973.368658 -2.266383 0.042877 12.363778
5973.468658 -2.166383 0.057735 13.433070
5973.568658 -2.066383 0.072594 14.378995
5973.668658 -1.966383 0.087453 15.187099
5973.768658 -1.866383 0.102312 15.844494
5973.868658 -1.766383 0.117171 16.340264
5973.968658 -1.666383 0.132030 16.665841
5974.068658 -1.566383 0.146889 16.815313
5974.168658 -1.466383 0.161748 16.785651
5974.268658 -1.366383 0.176607 16.576842
5974.368658 -1.266383 0.191465 16.191902
5974.468658 -1.166383 0.206324 15.636791
5974.568658 -1.066383 0.221183 14.920213
5974.668658 -0.966383 0.236042 14.053326
5974.768658 -0.866383 0.250901 13.049385
5974.868658 -0.766383 0.265760 11.923326
5974.968658 -0.666383 0.280619 10.691329
5975.068658 -0.566383 0.295478 9.370381
5975.168658 -0.466383 0.310337 7.977851
5975.268658 -0.366383 0.325196 6.531110
5975.368658 -0.266383 0.340054 5.047189
5975.468658 -0.166383 0.354913 3.542504
5975.568658 -0.066383 0.369772 2.032628
5975.668658 0.033617 0.384631 0.532133
5975.768658 0.133617 0.399490 -0.945527
5975.868658 0.233617 0.414349 -2.388075
5975.968658 0.333617 0.429208 -3.784429
5976.068658 0.433617 0.444067 -5.124698
5976.168658 0.533617 0.458926 -6.400134
5976.268658 0.633617 0.473785 -7.603081
5976.368658 0.733617 0.488643 -8.726902
5976.468658 0.833617 0.503502 -9.765900
5976.568658 0.933617 0.518361 -10.715236
5976.668658 1.033617 0.533220 -11.570847
5976.768658 1.133617 0.548079 -12.329370
5976.868658 1.233617 0.562938 -12.988063
5976.968658 1.333617 0.577797 -13.544740
5977.068658 1.433617 0.592656 -13.997713
5977.168658 1.533617 0.607515 -14.345736
5977.268658 1.633617 0.622373 -14.587963
5977.368658 1.733617 0.637232 -14.723915
5977.468658 1.833617 0.652091 -14.753452
5977.568658 1.933617 0.666950 -14.676754
5977.668658 2.033617 0.681809 -14.494320
5977.768658 2.133617 0.696668 -14.206958
5977.868658 2.233617 0.711527 -13.815803
5977.968658 2.333617 0.726386 -13.322329
5978.068658 2.433617 0.741245 -12.728378
5978.168658 2.533617 0.756104 -12.036192
5978.268658 2.633617 0.770962 -11.248458
5978.368658 2.733617 0.785821 -10.368353
5978.468658 2.833617 0.800680 -9.399607
5978.568658 2.933617 0.815539 -8.346559
5978.668658 3.033617 0.830398 -7.214231
5978.768658 3.133617 0.845257 -6.008397
5978.868658 3.233617 0.860116 -4.735651
5978.968658 3.333617 0.874975 -3.403487
5979.068658 -3.296358 0.889834 -2.020354
5979.168658 -3.196358 0.904693 -0.595720
5979.268658 -3.096358 0.919551 0.859889
5979.368658 -2.996358 0.934410 2.334871
5979.468658 -2.896358 0.949269 3.816550
5979.568658 -2.796358 0.964128 5.291216
5979.668658 -2.696358 0.978987 6.744210
5979.768658 -2.596358 0.993846 8.160046
5979.868658 -2.496358 0.008705 9.522594
5979.968658 -2.396358 0.023564 10.815310
5980.068658 -2.296358 0.038423 12.021531
5980.168658 -2.196358 0.053281 13.124807
5980.268658 -2.096358 0.068140 14.109288
5980.368658 -1.996358 0.082999 14.960136
5980.468658 -1.896358 0.097858 15.663949
5980.568658 -1.796358 0.112717 16.209178
5980.668658 -1.696358 0.127576 16.586517
5980.768658 -1.596358 0.142435 16.789229
5980.868658 -1.496358 0.157294 16.813402
5980.968658 -1.396358 0.172153 16.658113
5981.068658 -1.296358 0.187012 16.325473
5981.168658 -1.196358 0.201870 15.820578
5981.268658 -1.096358 0.216729 15.151333
5981.368658 -0.996358 0.231588 14.328198
5981.468658 -0.896358 0.246447 13.363840
5981.568658 -0.796358 0.261306 12.272735
5981.668658 -0.696358 0.276165 11.070739
5981.768658 -0.596358 0.291024 9.774640
5981.868658 -0.496358 0.305883 8.401737
5981.968658 -0.396358 0.320742 6.969437
5982.068658 -0.296358 0.335600 5.494905
5982.168658 -0.196358 0.350459 3.994767
5982.268658 -0.096358 0.365318 2.484870
5982.368658 0.003642 0.380177 0.980099
5982.468658 0.103642 0.395036 -0.505749
5982.568658 0.203642 0.409895 -1.960039
5982.668658 0.303642 0.424754 -3.371331
5982.768658 0.403642 0.439613 -4.729381
5982.868658 0.503642 0.454472 -6.025102
5982.968658 0.603642 0.469331 -7.250519
5983.068658 0.703642 0.484189 -8.398697
5983.168658 0.803642 0.499048 -9.463666
5983.268658 0.903642 0.513907 -10.440338
5983.368658 1.003642 0.528766 -11.324427
5983.468658 1.103642 0.543625 -12.112367
5983.568658 1.203642 0.558484 -12.801237
5983.668658 1.303642 0.573343 -13.388692
5983.768658 1.403642 0.588202 -13.872900
5983.868658 1.503642 0.603061 -14.252488
5983.968658 1.603642 0.617920 -14.526494
5984.068658 1.703642 0.632778 -14.694332
5984.168658 1.803642 0.647637 -14.755762
5984.268658 1.903642 0.662496 -14.710870
5984.368658 2.003642 0.677355 -14.560060
5984.468658 2.103642 0.692214 -14.304046
5984.568658 2.203642 0.707073 -13.943863
5984.668658 2.303642 0.721932 -13.480884
5984.768658 2.403642 0.736791 -12.916834
5984.868658 2.503642 0.751650 -12.253834
5984.968658 2.603642 0.766508 -11.494430
5985.068658 2.703642 0.781367 -10.641648
5985.168658 2.803642 0.796226 -9.699045
5985.268658 2.903642 0.811085 -8.670772
5985.368658 3.003642 0.825944 -7.561639
5985.468658 3.103642 0.840803 -6.377184
5985.568658 3.203642 0.855662 -5.123751
5985.668658 3.303642 0.870521 -3.808555
5985.768658 -3.326333 0.885380 -2.439754
5985.868658 -3.226333 0.900239 -1.026504
5985.968658 -3.126333 0.915097 0.420989
5986.068658 -3.026333 0.929956 1.891446
5986.168658 -2.926333 0.944815 3.372510
5986.268658 -2.826333 0.959674 4.850776
5986.368658 -2.726333 0.974533 6.311857
5986.468658 -2.626333 0.989392 7.740498
5986.568658 -2.526333 0.004251 9.120742
5986.668658 -2.426333 0.019110 10.436140
5986.768658 -2.326333 0.033969 11.670031
5986.868658 -2.226333 0.048828 12.805863
5986.968658 -2.126333 0.063686 13.827564
5987.068658 -2.026333 0.078545 14.719949
5987.168658 -1.926333 0.093404 15.469139
5987.268658 -1.826333 0.108263 16.062990
5987.368658 -1.726333 0.123122 16.491483
5987.468658 -1.626333 0.137981 16.747082
5987.568658 -1.526333 0.152840 16.825007
5987.668658 -1.426333 0.167699 16.723428
5987.768658 -1.326333 0.182558 16.443548
5987.868658 -1.226333 0.197416 15.989580
5987.968658 -1.126333 0.212275 15.368611
5988.068658 -1.026333 0.227134 14.590369
5988.168658 -0.926333 0.241993 13.666897
5988.268658 -0.826333 0.256852 12.612174
5988.368658 -0.726333 0.271711 11.441690
5988.468658 -0.626333 0.286570 10.171998
5988.568658 -0.526333 0.301429 8.820288
5988.668658 -0.426333 0.316288 7.403973
5988.768658 -0.326333 0.331147 5.940326
5988.868658 -0.226333 0.346005 4.446161
5988.968658 -0.126333 0.360864 2.937580
5989.068658 -0.026333 0.375723 1.429773
5989.168658 0.073667 0.390582 -0.063127
5989.268658 0.173667 0.405441 -1.528131
5989.368658 0.273667 0.420300 -2.953441
5989.468658 0.373667 0.435159 -4.328456
5989.568658 0.473667 0.450018 -5.643746
5989.668658 0.573667 0.464877 -6.891011
5989.768658 0.673667 0.479736 -8.063010
5989.868658 0.773667 0.494594 -9.153494
5989.968658 0.873667 0.509453 -10.157118
5990.068658 0.973667 0.524312 -11.069364
5990.168658 1.073667 0.539171 -11.886458
5990.268658 1.173667 0.554030 -12.605295
5990.368658 1.273667 0.568889 -13.223364
5990.468658 1.373667 0.583748 -13.738685
5990.568658 1.473667 0.598607 -14.149751
5990.668658 1.573667 0.613466 -14.455483
5990.768658 1.673667 0.628324 -14.655185
5990.868658 1.773667 0.643183 -14.748516
5990.968658 1.873667 0.658042 -14.735467
5991.068658 1.973667 0.672901 -14.616345
5991.168658 2.073667 0.687760 -14.391771
5991.268658 2.173667 0.702619 -14.062686
5991.368658 2.273667 0.717478 -13.630355
5991.468658 2.373667 0.732337 -13.096397
5991.568658 2.473667 0.747196 -12.462810
5991.668658 2.573667 0.762055 -11.732008
5991.768658 2.673667 0.776913 -10.906868
5991.868658 2.773667 0.791772 -9.990782
5991.968658 2.873667 0.806631 -8.987715
5992.068658 2.973667 0.821490 -7.902273
5992.168658 3.073667 0.836349 -6.739768
5992.268658 3.173667 0.851208 -5.506295
5992.368658 3.273667 0.866067 -4.208801
5992.468658 -3.356308 0.880926 -2.855153
5992.568658 -3.256308 0.895785 -1.454204
5992.668658 -3.156308 0.910643 -0.015840
5992.768658 -3.056308 0.925502 1.448981
5992.868658 -2.956308 0.940361 2.928226
5992.968658 -2.856308 0.955220 4.408797
5993.068658 -2.756308 0.970079 5.876594
5993.168658 -2.656308 0.984938 7.316606
5993.268658 -2.556308 0.999797 8.713065
5993.368658 -2.456308 0.014656 10.049645
5993.468658 -2.356308 0.029515 11.309717
5993.568658 -2.256308 0.044374 12.476658
5993.668658 -2.156308 0.059232 13.534212
5993.768658 -2.056308 0.074091 14.466883
5993.868658 -1.956308 0.088950 15.260358
5993.968658 -1.856308 0.103809 15.901927
5994.068658 -1.756308 0.118668 16.380896
5994.168658 -1.656308 0.133527 16.688952
5994.268658 -1.556308 0.148386 16.820463
5994.368658 -1.456308 0.163245 16.772703
5994.468658 -1.356308 0.178104 16.545961
5994.568658 -1.256308 0.192963 16.143559
5994.668658 -1.156308 0.207821 15.571743
5994.768658 -1.056308 0.222680 14.839477
5994.868658 -0.956308 0.237539 13.958150
5994.968658 -0.856308 0.252398 12.941205
5995.068658 -0.756308 0.267257 11.803723
5995.168658 -0.656308 0.282116 10.561985
5995.268658 -0.556308 0.296975 9.233035
5995.368658 -0.456308 0.311834 7.834260
5995.468658 -0.356308 0.326693 6.383009
5995.568658 -0.256308 0.341551 4.896265
5995.668658 -0.156308 0.356410 3.390367
5995.768658 -0.056308 0.371269 1.880795
5995.868658 0.043692 0.386128 0.382010
5995.968658 0.143692 0.400987 -1.092649
5996.068658 0.243692 0.415846 -2.531025
5996.168658 0.343692 0.430705 -3.922157
5996.268658 0.443692 0.445564 -5.256271
5996.368658 0.543692 0.460423 -6.524733
5996.468658 0.643692 0.475282 -7.719993
5996.568658 0.743692 0.490140 -8.835511
5996.668658 0.843692 0.504999 -9.865681
5996.768658 0.943692 0.519858 -10.805746
5996.868658 1.043692 0.534717 -11.651717
5996.968658 1.143692 0.549576 -12.400296
5997.068658 1.243692 0.564435 -13.048801
5997.168658 1.343692 0.579294 -13.595099
5997.268658 1.443692 0.594153 -14.037548
5997.368658 1.543692 0.609012 -14.374943
5997.468658 1.643692 0.623871 -14.606479
5997.568658 1.743692 0.638729 -14.731711
5997.668658 1.843692 0.653588 -14.750531
5997.768658 1.943692 0.668447 -14.663153
5997.868658 2.043692 0.683306 -14.470105
5997.968658 2.143692 0.698165 -14.172229
5998.068658 2.243692 0.713024 -13.770692
5998.168658 2.343692 0.727883 -13.267005
5998.268658 2.443692 0.742742 -12.663048
5998.368658 2.543692 0.757601 -11.961107
5998.468658 2.643692 0.772459 -11.163913
5998.568658 2.743692 0.787318 -10.274699
5998.668658 2.843692 0.802177 -9.297252
5998.768658 2.943692 0.817036 -8.235978
5998.868658 3.043692 0.831895 -7.095970
5998.968658 3.143692 0.846754 -5.883080
5999.068658 3.243692 0.861613 -4.603994
5999.168658 3.343692 0.876472 -3.266295
5999.268658 -3.286283 0.891331 -1.878534
5999.368658 -3.186283 0.906190 -0.450285
5999.468658 -3.086283 0.921048 1.007820
5999.568658 -2.986283 0.935907 2.484068
5999.668658 -2.886283 0.950766 3.965677
5999.768658 -2.786283 0.965625 5.438839
5999.868658 -2.686283 0.980484 6.888803
5999.968658 -2.586283 0.995343 8.300010
6000.068658 -2.486283 0.010202 9.656276
6000.168658 -2.386283 0.025061 10.941033
6000.268658 -2.286283 0.039920 12.137620
6000.368658 -2.186283 0.054779 13.229631
6000.468658 -2.086283 0.069637 14.201301
6000.568658 -1.986283 0.084496 15.037914
6000.668658 -1.886283 0.099355 15.726238
6000.768658 -1.786283 0.114214 16.254934
6000.868658 -1.686283 0.129073 16.614939
6000.968658 -1.586283 0.143932 16.799791
6001.068658 -1.486283 0.158791 16.805875
6001.168658 -1.386283 0.173650 16.632571
6001.268658 -1.286283 0.188509 16.282298
6001.368658 -1.186283 0.203367 15.760441
6001.468658 -1.086283 0.218226 15.075179
6001.568658 -0.986283 0.233085 14.237208
6001.668658 -0.886283 0.247944 13.259397
6001.768658 -0.786283 0.262803 12.156383
6001.868658 -0.686283 0.277662 10.944134
6001.968658 -0.586283 0.292521 9.639509
6002.068658 -0.486283 0.307380 8.259834
6002.168658 -0.386283 0.322239 6.822508
6002.268658 -0.286283 0.337098 5.344655
6002.368658 -0.186283 0.351956 3.842831
6002.468658 -0.086283 0.366815 2.332793
6002.568658 0.013717 0.381674 0.829322
6002.668658 0.113717 0.396533 -0.653899
6002.768658 0.213717 0.411392 -2.104355
6002.868658 0.313717 0.426251 -3.510728
6002.968658 0.413717 0.441110 -4.862890
6003.068658 0.513717 0.455969 -6.151872
6003.168658 0.613717 0.470828 -7.369804
6003.268658 0.713717 0.485687 -8.509854
6003.368658 0.813717 0.500545 -9.566144
6003.468658 0.913717 0.515404 -10.533670
6003.568658 1.013717 0.530263 -11.408222
6003.668658 1.113717 0.545122 -12.186302
6003.768658 1.213717 0.559981 -12.865052
6003.868658 1.313717 0.574840 -13.442180
6003.968658 1.413717 0.589699 -13.915902
6004.068658 1.513717 0.604558 -14.284890
6004.168658 1.613717 0.619417 -14.548220
6004.268658 1.713717 0.634275 -14.705342
6004.368658 1.813717 0.649134 -14.756051
6004.468658 1.913717 0.663993 -14.700465
6004.568658 2.013717 0.678852 -14.539017
6004.668658 2.113717 0.693711 -14.272456
6004.768658 2.213717 0.708570 -13.901849
6004.868658 2.313717 0.723429 -13.428602
6004.968658 2.413717 0.738288 -12.854480
6005.068658 2.513717 0.753147 -12.181644
6005.168658 2.613717 0.768006 -11.412687
6005.268658 2.713717 0.782864 -10.550685
6005.368658 2.813717 0.797723 -9.599252
6005.468658 2.913717 0.812582 -8.562603
6005.568658 3.013717 0.827441 -7.445617
6005.668658 3.113717 0.842300 -6.253912
6005.768658 3.213717 0.857159 -4.993914
6005.868658 3.313717 0.872018 -3.672932
6005.968658 -3.316258 0.886877 -2.299220
6006.068658 -3.216258 0.901736 -0.882040
6006.168658 -3.116258 0.916594 0.568295
6006.268658 -3.016258 0.931453 2.040399
6006.368658 -2.916258 0.946312 3.521805
6006.468658 -2.816258 0.961171 4.999006
6006.568658 -2.716258 0.976030 6.457523
6006.668658 -2.616258 0.990889 7.882022
6006.768658 -2.516258 0.005748 9.256483
6006.868658 -2.416258 0.020607 10.564425
6006.968658 -2.316258 0.035466 11.789181
6007.068658 -2.216258 0.050325 12.914231
6007.168658 -2.116258 0.065183 13.923573
6007.268658 -2.016258 0.080042 14.802134
6007.368658 -1.916258 0.094901 15.536191
6007.468658 -1.816258 0.109760 16.113797
6007.568658 -1.716258 0.124619 16.525169
6007.668658 -1.616258 0.139478 16.763036
6007.768658 -1.516258 0.154337 16.822909
6007.868658 -1.416258 0.169196 16.703261
6007.968658 -1.316258 0.184055 16.405601
6008.068658 -1.216258 0.198914 15.934440
6008.168658 -1.116258 0.213772 15.297144
6008.268658 -1.016258 0.228631 14.503689
6008.368658 -0.916258 0.243490 13.566331
6008.468658 -0.816258 0.258349 12.499223
6008.568658 -0.716258 0.273208 11.317979
6008.668658 -0.616258 0.288067 10.039239
6008.768658 -0.516258 0.302926 8.680230
6008.868658 -0.416258 0.317785 7.258370
6008.968658 -0.316258 0.332644 5.790896
6009.068658 -0.216258 0.347502 4.294563
6009.168658 -0.116258 0.362361 2.785389
6009.268658 -0.016258 0.377220 1.278462
6009.368658 0.083742 0.392079 -0.212196
6009.468658 0.183742 0.406938 -1.673716
6009.568658 0.283742 0.421797 -3.094419
6009.668658 0.383742 0.436656 -4.463825
6009.768658 0.483742 0.451515 -5.772619
6009.868658 0.583742 0.466374 -7.012612
6009.968658 0.683742 0.481233 -8.176666
6010.068658 0.783742 0.496091 -9.258626
6010.168658 0.883742 0.510950 -10.253235
6010.268658 0.983742 0.525809 -11.156054
6010.368658 1.083742 0.540668 -11.963379
6010.468658 1.183742 0.555527 -12.672168
6010.568658 1.283742 0.570386 -13.279966
6010.668658 1.383742 0.585245 -13.784844
6010.768658 1.483742 0.600104 -14.185340
6010.868658 1.583742 0.614963 -14.480415
6010.968658 1.683742 0.629822 -14.669410
6011.068658 1.783742 0.644680 -14.752018
6011.168658 1.883742 0.659539 -14.728262
6011.268658 1.983742 0.674398 -14.598483
6011.368658 2.083742 0.689257 -14.363332
6011.468658 2.183742 0.704116 -14.023781
6011.568658 2.283742 0.718975 -13.581132
6011.668658 2.383742 0.733834 -13.037039
6011.768658 2.483742 0.748693 -12.393541
6011.868658 2.583742 0.763552 -11.653096
6011.968658 2.683742 0.778410 -10.818631
6012.068658 2.783742 0.793269 -9.893591
6012.168658 2.883742 0.808128 -8.882005
6012.268658 2.983742 0.822987 -7.788546
6012.368658 3.083742 0.837846 -6.618601
6012.468658 3.183742 0.852705 -5.378348
6012.568658 3.283742 0.867564 -4.074824
6012.668658 -3.346232 0.882423 -2.715993
6012.768658 -3.246232 0.897282 -1.310809
6012.868658 -3.146232 0.912141 0.130735
6012.968658 -3.046232 0.926999 1.597572
6013.068658 -2.946232 0.941858 3.077561
6013.168658 -2.846232 0.956717 4.557500
6013.268658 -2.746232 0.971576 6.023191
6013.368658 -2.646232 0.986435 7.459541
6013.468658 -2.546232 0.001294 8.850714
6013.568658 -2.446232 0.016153 10.180342
6013.668658 -2.346232 0.031012 11.431780
6013.768658 -2.246232 0.045871 12.588428
6013.868658 -2.146232 0.060730 13.634085
6013.968658 -2.046232 0.075588 14.553358
6014.068658 -1.946232 0.090447 15.332073
6014.168658 -1.846232 0.105306 15.957707
6014.268658 -1.746232 0.120165 16.419791
6014.368658 -1.646232 0.135024 16.710268
6014.468658 -1.546232 0.149883 16.823792
6014.568658 -1.446232 0.164742 16.757935
6014.668658 -1.346232 0.179601 16.513295
6014.768658 -1.246232 0.194460 16.093494
6014.868658 -1.146232 0.209318 15.505064
6014.968658 -1.046232 0.224177 14.757227
6015.068658 -0.946232 0.239036 13.861597
6015.168658 -0.846232 0.253895 12.831801
6015.268658 -0.746232 0.268754 11.683061
6015.368658 -0.646232 0.283613 10.431755
6015.468658 -0.546232 0.298472 9.094981
6015.568658 -0.446232 0.313331 7.690136
6015.668658 -0.346232 0.328190 6.234549
6015.768658 -0.246232 0.343049 4.745148
6015.868658 -0.146232 0.357907 3.238194
6015.968658 -0.046232 0.372766 1.729071
6016.068658 0.053768 0.387625 0.232132
6016.168658 0.153768 0.402484 -1.239402
6016.268658 0.253768 0.417343 -2.673494
6016.368658 0.353768 0.432202 -4.059305
6016.468658 0.453768 0.447061 -5.387178
6016.568658 0.553768 0.461920 -6.648589
6016.668658 0.653768 0.476779 -7.836095
6016.768658 0.753768 0.491637 -8.943253
6016.868658 0.853768 0.506496 -9.964547
6016.968658 0.953768 0.521355 -10.895301
6017.068658 1.053768 0.536214 -11.731598
6017.168658 1.153768 0.551073 -12.470207
6017.268658 1.253768 0.565932 -13.108502
6017.368658 1.353768 0.580791 -13.644404
6017.468658 1.453768 0.595650 -14.076316
6017.568658 1.553768 0.610509 -14.403076
6017.668658 1.653768 0.625368 -14.623917
6017.768658 1.753768 0.640226 -14.738426
6017.868658 1.853768 0.655085 -14.746532
6017.968658 1.953768 0.669944 -14.648479
6018.068658 2.053768 0.684803 -14.444825
6018.168658 2.153768 0.699662 -14.136447
6018.268658 2.253768 0.714521 -13.724545
6018.368658 2.353768 0.729380 -13.210664
6018.468658 2.453768 0.744239 -12.596724
6018.568658 2.553768 0.759098 -11.885054
6018.668658 2.653768 0.773957 -11.078435
6018.768658 2.753768 0.788815 -10.180150
6018.868658 2.853768 0.803674 -9.194046
6018.968658 2.953768 0.818533 -8.124597
6019.068658 3.053768 0.833392 -6.976967
6019.168658 3.153768 0.848251 -5.757092
6019.268658 3.253768 0.863110 -4.471740
6019.368658 3.353768 0.877969 -3.128594
6019.468658 -3.276207 0.892828 -1.736303
6019.568658 -3.176207 0.907687 -0.304546
6019.668658 -3.076207 0.922545 1.155935
6019.768658 -2.976207 0.937404 2.633320
6019.868658 -2.876207 0.952263 4.114720
6019.968658 -2.776207 0.967122 5.586228
6020.068658 -2.676207 0.981981 7.033004
6020.168658 -2.576207 0.996840 8.439417
6020.268658 -2.476207 0.011699 9.789233
6020.368658 -2.376207 0.026558 11.065860
6020.468658 -2.276207 0.041417 12.252647
6020.568658 -2.176207 0.056276 13.333234
6020.668658 -2.076207 0.071134 14.291941
6020.768658 -1.976207 0.085993 15.114186
6020.868658 -1.876207 0.100852 15.786906
6020.968658 -1.776207 0.115711 16.298976
6021.068658 -1.676207 0.130570 16.641581
6021.168658 -1.576207 0.145429 16.808537
6021.268658 -1.476207 0.160288 16.796525
6021.368658 -1.376207 0.175147 16.605231
6021.468658 -1.276207 0.190006 16.237379
6021.568658 -1.176207 0.204865 15.698644
6021.668658 -1.076207 0.219723 14.997472
6021.768658 -0.976207 0.234582 14.144797
6021.868658 -0.876207 0.249441 13.153683
6021.968658 -0.776207 0.264300 12.038922
6022.068658 -0.676207 0.279159 10.816591
6022.168658 -0.576207 0.294018 9.503615
6022.268658 -0.476207 0.308877 8.117346
6022.368658 -0.376207 0.323736 6.675169
6022.468658 -0.276207 0.338595 5.194162
6022.568658 -0.176207 0.353453 3.690812
6022.668658 -0.076207 0.368312 2.180783
6022.768658 0.023793 0.383171 0.678752
6022.868658 0.123793 0.398030 -0.801715
6022.968658 0.223793 0.412889 -2.248223
6023.068658 0.323793 0.427748 -3.649573
6023.168658 0.423793 0.442607 -4.995757
6023.268658 0.523793 0.457466 -6.277919
6023.368658 0.623793 0.472325 -7.488298
6023.468658 0.723793 0.487184 -8.620161
6023.568658 0.823793 0.502042 -9.667720
6023.668658 0.923793 0.516901 -10.626057
6023.768658 1.023793 0.531760 -11.491036
6023.868658 1.123793 0.546619 -12.259229
6023.968658 1.223793 0.561478 -12.927835
6024.068658 1.323793 0.576337 -13.494617
6024.168658 1.423793 0.591196 -13.957841
6024.268658 1.523793 0.606055 -14.316219
6024.368658 1.623793 0.620914 -14.568867
6024.468658 1.723793 0.635773 -14.715272
6024.568658 1.823793 0.650631 -14.755261
6024.668658 1.923793 0.665490 -14.688984
6024.768658 2.023793 0.680349 -14.516907
6024.868658 2.123793 0.695208 -14.239809
6024.968658 2.223793 0.710067 -13.858792
6025.068658 2.323793 0.724926 -13.375295
6025.168658 2.423793 0.739785 -12.791124
6025.268658 2.523793 0.754644 -12.108478
6025.368658 2.623793 0.769503 -11.329999
6025.468658 2.723793 0.784361 -10.458813
6025.568658 2.823793 0.799220 -9.498594
6025.668658 2.923793 0.814079 -8.453618
6025.768658 3.023793 0.828938 -7.328837
6025.868658 3.123793 0.843797 -6.129945
6025.968658 3.223793 0.858656 -4.863457
6026.068658 3.323793 0.873515 -3.536772
6026.168658 -3.306182 0.888374 -2.158244
6026.268658 -3.206182 0.903233 -0.737239
6026.368658 -3.106182 0.918092 0.715824
6026.468658 -3.006182 0.932950 2.189446
6026.568658 -2.906182 0.947809 3.671058
6026.668658 -2.806182 0.962668 5.147048
6026.768658 -2.706182 0.977527 6.602845
6026.868658 -2.606182 0.992386 8.023038
6026.968658 -2.506182 0.007245 9.391549
6027.068658 -2.406182 0.022104 10.691865
6027.168658 -2.306182 0.036963 11.907319
6027.268658 -2.206182 0.051822 13.021424
6027.368658 -2.106182 0.066681 14.018253
6027.468658 -2.006182 0.081539 14.882850
6027.568658 -1.906182 0.096398 15.601654
6027.668658 -1.806182 0.111257 16.162916
6027.768658 -1.706182 0.126116 16.557092
6027.868658 -1.606182 0.140975 16.777181
6027.968658 -1.506182 0.155834 16.818985
6028.068658 -1.406182 0.170693 16.681283
6028.168658 -1.306182 0.185552 16.365890
6028.268658 -1.206182 0.200411 15.877612
6028.368658 -1.106182 0.215269 15.224090
6028.468658 -1.006182 0.230128 14.415546
6028.568658 -0.906182 0.244987 13.464448
6028.668658 -0.806182 0.259846 12.385112
6028.768658 -0.706182 0.274705 11.193279
6028.868658 -0.606182 0.289564 9.905665
6028.968658 -0.506182 0.304423 8.539535
6029.068658 -0.406182 0.319282 7.112304
6029.168658 -0.306182 0.334141 5.641174
6029.268658 -0.206182 0.349000 4.142836
6029.368658 -0.106182 0.363858 2.633221
6029.468658 -0.006182 0.378717 1.127317
6029.568658 0.093818 0.393576 -0.360969
6029.668658 0.193818 0.408435 -1.818886
6029.768658 0.293818 0.423294 -3.234876
6029.868658 0.393818 0.438153 -4.598577
6029.968658 0.493818 0.453012 -5.900793
6030.068658 0.593818 0.467871 -7.133441
6030.168658 0.693818 0.482730 -8.289487
6030.268658 0.793818 0.497588 -9.362870
6030.368658 0.893818 0.512447 -10.348420
6030.468658 0.993818 0.527306 -11.241774
6030.568658 1.093818 0.542165 -12.039299
6030.668658 1.193818 0.557024 -12.738015
6030.768658 1.293818 0.571883 -13.335523
6030.868658 1.393818 0.586742 -13.829943
6030.968658 1.493818 0.601601 -14.219859
6031.068658 1.593818 0.616460 -14.504269
6031.168658 1.693818 0.631319 -14.682554
6031.268658 1.793818 0.646177 -14.754440
6031.368658 1.893818 0.661036 -14.719981
6031.468658 1.993818 0.675895 -14.579551
6031.568658 2.093818 0.690754 -14.333832
6031.668658 2.193818 0.705613 -13.983829
6031.768658 2.293818 0.720472 -13.530879
6031.868658 2.393818 0.735331 -12.976672
6031.968658 2.493818 0.750190 -12.323287
6032.068658 2.593818 0.765049 -11.573229
6032.168658 2.693818 0.779908 -10.729473
6032.268658 2.793818 0.794766 -9.795522
6032.368658 2.893818 0.809625 -8.775464
6032.468658 2.993818 0.824484 -7.674041
6032.568658 3.093818 0.839343 -6.496720
6032.668658 3.193818 0.854202 -5.249759
6032.768658 3.293818 0.869061 -3.940285
6032.868658 -3.336157 0.883920 -2.576361
6032.968658 -3.236157 0.898779 -1.167044
6033.068658 -3.136157 0.913638 0.277567
6033.168658 -3.036157 0.928496 1.746298
6033.268658 -2.936157 0.943355 3.226897
6033.368658 -2.836157 0.958214 4.706060
6033.468658 -2.736157 0.973073 6.169492
6033.568658 -2.636157 0.987932 7.602017
6033.668658 -2.536157 0.002791 8.987738
6033.768658 -2.436157 0.017650 10.310244
6033.868658 -2.336157 0.032509 11.552881
6033.968658 -2.236157 0.047368 12.699070
6034.068658 -2.136157 0.062227 13.732675
6034.168658 -2.036157 0.077085 14.638403
6034.268658 -1.936157 0.091944 15.402232
6034.368658 -1.836157 0.106803 16.011826
6034.468658 -1.736157 0.121662 16.456942
6034.568658 -1.636157 0.136521 16.729786
6034.668658 -1.536157 0.151380 16.825297
6034.768658 -1.436157 0.166239 16.741349
6034.868658 -1.336157 0.181098 16.478849
6034.968658 -1.236157 0.195957 16.041716
6035.068658 -1.136157 0.210816 15.436764
6035.168658 -1.036157 0.225674 14.673474
6035.268658 -0.936157 0.240533 13.763680
6035.368658 -0.836157 0.255392 12.721188
6035.468658 -0.736157 0.270251 11.561357
6035.568658 -0.636157 0.285110 10.300658
6035.668658 -0.536157 0.299969 8.956235
6035.768658 -0.436157 0.314828 7.545498
6035.868658 -0.336157 0.329687 6.085746
6035.968658 -0.236157 0.344546 4.593853
6036.068658 -0.136157 0.359404 3.086000
6036.168658 -0.036157 0.374263 1.577473
6036.268658 0.063843 0.389122 0.082514
6036.368658 0.163843 0.403981 -1.385774
6036.468658 0.263843 0.418840 -2.815472
6036.568658 0.363843 0.433699 -4.195865
6036.668658 0.463843 0.448558 -5.517408
6036.768658 0.563843 0.463417 -6.771694
6036.868658 0.663843 0.478276 -7.951380
6036.968658 0.763843 0.493135 -9.050123
6037.068658 0.863843 0.507993 -10.062494
6037.168658 0.963843 0.522852 -10.983896
6037.268658 1.063843 0.537711 -11.810487
6037.368658 1.163843 0.552570 -12.539098
6037.468658 1.263843 0.567429 -13.167163
6037.568658 1.363843 0.582288 -13.692653
6037.668658 1.463843 0.597147 -14.114016
6037.768658 1.563843 0.612006 -14.430134
6037.868658 1.663843 0.626865 -14.640274
6037.968658 1.763843 0.641724 -14.744062
6038.068658 1.863843 0.656582 -14.741455
6038.168658 1.963843 0.671441 -14.632732
6038.268658 2.063843 0.686300 -14.418483
6038.368658 2.163843 0.701159 -14.099614
6038.468658 2.263843 0.716018 -13.677361
6038.568658 2.363843 0.730877 -13.153306
6038.668658 2.463843 0.745736 -12.529408
6038.768658 2.563843 0.760595 -11.808038
6038.868658 2.663843 0.775454 -10.992025
6038.968658 2.763843 0.790312 -10.084708
6039.068658 2.863843 0.805171 -9.089994
6039.168658 2.963843 0.820030 -8.012421
6039.268658 3.063843 0.834889 -6.857231
6039.368658 3.163843 0.849748 -5.630437
6039.468658 3.263843 0.864607 -4.338900
6039.568658 3.363843 0.879466 -2.990393
6039.668658 -3.266132 0.894325 -1.593670
6039.768658 -3.166132 0.909184 -0.158515
6039.868658 -3.066132 0.924043 1.304223
6039.968658 -2.966132 0.938901 2.782614
6040.068658 -2.866132 0.953760 4.263664
6040.168658 -2.766132 0.968619 5.733366
6040.268658 -2.666132 0.983478 7.176795
6040.368658 -2.566132 0.998337 8.578250
6040.468658 -2.466132 0.013196 9.921447
6040.568658 -2.366132 0.028055 11.189775
6040.668658 -2.266132 0.042914 12.366595
6040.768658 -2.166132 0.057773 13.435598
6040.868658 -2.066132 0.072631 14.381195
6040.968658 -1.966132 0.087490 15.188938
6041.068658 -1.866132 0.102349 15.845941
6041.168658 -1.766132 0.117208 16.341294
6041.268658 -1.666132 0.132067 16.666437
6041.368658 -1.566132 0.146926 16.815463
6041.468658 -1.466132 0.161785 16.785352
6041.568658 -1.366132 0.176644 16.576097
6041.668658 -1.266132 0.191503 16.190722
6041.768658 -1.166132 0.206362 15.635195
6041.868658 -1.066132 0.221220 14.918226
6041.968658 -0.966132 0.236079 14.050979
6042.068658 -0.866132 0.250938 13.046713
6042.168658 -0.766132 0.265797 11.920368
6042.268658 -0.666132 0.280656 10.688127
6042.368658 -0.566132 0.295515 9.366978
6042.468658 -0.466132 0.310374 7.974291
6042.568658 -0.366132 0.325233 6.527436
6042.668658 -0.266132 0.340092 5.043443
6042.768658 -0.166132 0.354951 3.538725
6042.868658 -0.066132 0.369809 2.028856
6042.968658 0.033868 0.384668 0.528401
6043.068658 0.133868 0.399527 -0.949186
6043.168658 0.233868 0.414386 -2.391631
6043.268658 0.333868 0.429245 -3.787857
6043.368658 0.433868 0.444104 -5.127974
6043.468658 0.533868 0.458963 -6.403237
6043.568658 0.633868 0.473822 -7.605995
6043.668658 0.733868 0.488681 -8.729610
6043.768658 0.833868 0.503539 -9.768389
6043.868658 0.933868 0.518398 -10.717495
6043.968658 1.033868 0.533257 -11.572868
6044.068658 1.133868 0.548116 -12.331144
6044.168658 1.233868 0.562975 -12.989584
6044.268658 1.333868 0.577834 -13.546003
6044.368658 1.433868 0.592693 -13.998715
6044.468658 1.533868 0.607552 -14.346474
6044.568658 1.633868 0.622411 -14.588436
6044.668658 1.733868 0.637270 -14.724122
6044.768658 1.833868 0.652128 -14.753392
6044.868658 1.933868 0.666987 -14.676430
6044.968658 2.033868 0.681846 -14.493731
6045.068658 2.133868 0.696705 -14.206108
6045.168658 2.233868 0.711564 -13.814695
6045.268658 2.333868 0.726423 -13.320967
6045.368658 2.433868 0.741282 -12.726767
6045.468658 2.533868 0.756141 -12.034339
6045.568658 2.633868 0.771000 -11.246369
6045.668658 2.733868 0.785859 -10.366038
6045.768658 2.833868 0.800717 -9.397075
6045.868658 2.933868 0.815576 -8.343822
6045.968658 3.033868 0.830435 -7.211303
6046.068658 3.133868 0.845294 -6.005292
6046.168658 3.233868 0.860153 -4.732388
6046.268658 3.333868 0.875012 -3.400085
6046.368658 -3.296107 0.889871 -2.016836
6046.468658 -3.196107 0.904730 -0.592111
6046.568658 -3.096107 0.919589 0.863561
6046.668658 -2.996107 0.934447 2.338576
6046.768658 -2.896107 0.949306 3.820255
6046.868658 -2.796107 0.964165 5.294885
6046.968658 -2.696107 0.979024 6.747806
6047.068658 -2.596107 0.993883 8.163529
6047.168658 -2.496107 0.008742 9.525923
6047.268658 -2.396107 0.023601 10.818444
6047.368658 -2.296107 0.038460 12.024427
6047.468658 -2.196107 0.053319 13.127425
6047.568658 -2.096107 0.068178 14.111590
6047.668658 -1.996107 0.083036 14.962086
6047.768658 -1.896107 0.097895 15.665515
6047.868658 -1.796107 0.112754 16.210335
6047.968658 -1.696107 0.127613 16.587245
6048.068658 -1.596107 0.142472 16.789513
6048.168658 -1.496107 0.157331 16.813237
6048.268658 -1.396107 0.172190 16.657500
6048.368658 -1.296107 0.187049 16.324422
6048.468658 -1.196107 0.201908 15.819104
6048.568658 -1.096107 0.216767 15.149460
6048.668658 -0.996107 0.231625 14.325955
6048.768658 -0.896107 0.246484 13.361261
6048.868658 -0.796107 0.261343 12.269859
6048.968658 -0.696107 0.276202 11.067606
6049.068658 -0.596107 0.291061 9.771293
6049.168658 -0.496107 0.305920 8.398220
6049.268658 -0.396107 0.320779 6.965792
6049.368658 -0.296107 0.335638 5.491176
6049.468658 -0.196107 0.350497 3.990995
6049.568658 -0.096107 0.365355 2.481092
6049.668658 0.003893 0.380214 0.976352
6049.768658 0.103893 0.395073 -0.509433
6049.868658 0.203893 0.409932 -1.963629
6049.968658 0.303893 0.424791 -3.374800
6050.068658 0.403893 0.439650 -4.732704
6050.168658 0.503893 0.454509 -6.028259
6050.268658 0.603893 0.469368 -7.253492
6050.368658 0.703893 0.484227 -8.401469
6050.468658 0.803893 0.499086 -9.466223
6050.568658 0.903893 0.513944 -10.442668
6050.668658 1.003893 0.528803 -11.326520
6050.768658 1.103893 0.543662 -12.114215
6050.868658 1.203893 0.558521 -12.802834
6050.968658 1.303893 0.573380 -13.390033
6051.068658 1.403893 0.588239 -13.873981
6051.168658 1.503893 0.603098 -14.253306
6051.268658 1.603893 0.617957 -14.527047
6051.368658 1.703893 0.632816 -14.694618
6051.468658 1.803893 0.647674 -14.755782
6051.568658 1.903893 0.662533 -14.710625
6051.668658 2.003893 0.677392 -14.559550
6051.768658 2.103893 0.692251 -14.303274
6051.868658 2.203893 0.707110 -13.942833
6051.968658 2.303893 0.721969 -13.479597
6052.068658 2.403893 0.736828 -12.915298
6052.168658 2.503893 0.751687 -12.252052
6052.268658 2.603893 0.766546 -11.492411
6052.368658 2.703893 0.781405 -10.639400
6052.468658 2.803893 0.796263 -9.696577
6052.568658 2.903893 0.811122 -8.668095
6052.668658 3.003893 0.825981 -7.558766
6052.768658 3.103893 0.840840 -6.374131
6052.868658 3.203893 0.855699 -5.120534
6052.968658 3.303893 0.870558 -3.805193
6053.068658 -3.326082 0.885417 -2.436268
6053.168658 -3.226082 0.900276 -1.022920
6053.268658 -3.126082 0.915135 0.424645
6053.368658 -3.026082 0.929994 1.895145
6053.468658 -2.926082 0.944852 3.376219
6053.568658 -2.826082 0.959711 4.854460
6053.668658 -2.726082 0.974570 6.315479
6053.768658 -2.626082 0.989429 7.744020
6053.868658 -2.526082 0.004288 9.124121
6053.968658 -2.426082 0.019147 10.439336
6054.068658 -2.326082 0.034006 11.673003
6054.168658 -2.226082 0.048865 12.808569
6054.268658 -2.126082 0.063724 13.829965
6054.368658 -2.026082 0.078582 14.722008
6054.468658 -1.926082 0.093441 15.470824
6054.568658 -1.826082 0.108300 16.064272
6054.668658 -1.726082 0.123159 16.492341
6054.768658 -1.626082 0.138018 16.747500
6054.868658 -1.526082 0.152877 16.824977
6054.968658 -1.426082 0.167736 16.722949
6055.068658 -1.326082 0.182595 16.442627
6055.168658 -1.226082 0.197454 15.988231
6055.268658 -1.126082 0.212313 15.366856
6055.368658 -1.026082 0.227171 14.588233
6055.468658 -0.926082 0.242030 13.664415
6055.568658 -0.826082 0.256889 12.609383
6055.668658 -0.726082 0.271748 11.438629
6055.768658 -0.626082 0.286607 10.168711
6055.868658 -0.526082 0.301466 8.816817
6055.968658 -0.426082 0.316325 7.400362
6056.068658 -0.326082 0.331184 5.936618
6056.168658 -0.226082 0.346043 4.442397
6056.268658 -0.126082 0.360902 2.933800
6056.368658 -0.026082 0.375760 1.426013
6056.468658 0.073918 0.390619 -0.066833
6056.568658 0.173918 0.405478 -1.531752
6056.668658 0.273918 0.420337 -2.956949
6056.768658 0.373918 0.435196 -4.331826
6056.868658 0.473918 0.450055 -5.646956
6056.968658 0.573918 0.464914 -6.894041
6057.068658 0.673918 0.479773 -8.065843
6057.168658 0.773918 0.494632 -9.156116
6057.268658 0.873918 0.509490 -10.159516
6057.368658 0.973918 0.524349 -11.071529
6057.468658 1.073918 0.539208 -11.888381
6057.568658 1.173918 0.554067 -12.606969
6057.668658 1.273918 0.568926 -13.224783
6057.768658 1.373918 0.583785 -13.739844
6057.868658 1.473918 0.598644 -14.150648
6057.968658 1.573918 0.613503 -14.456116
6058.068658 1.673918 0.628362 -14.655552
6058.168658 1.773918 0.643221 -14.748617
6058.268658 1.873918 0.658079 -14.735301
6058.368658 1.973918 0.672938 -14.615914
6058.468658 2.073918 0.687797 -14.391078
6058.568658 2.173918 0.702656 -14.061732
6058.668658 2.273918 0.717515 -13.629145
6058.768658 2.373918 0.732374 -13.094935
6058.868658 2.473918 0.747233 -12.461101
6058.968658 2.573918 0.762092 -11.730060
6059.068658 2.673918 0.776951 -10.904688
6059.168658 2.773918 0.791810 -9.988379
6059.268658 2.873918 0.806668 -8.985100
6059.368658 2.973918 0.821527 -7.899457
6059.468658 3.073918 0.836386 -6.736767
6059.568658 3.173918 0.851245 -5.503125
6059.668658 3.273918 0.866104 -4.205480
6059.768658 -3.356057 0.880963 -2.851702
6059.868658 -3.256057 0.895822 -1.450646
6059.968658 -3.156057 0.910681 -0.012203
6060.068658 -3.056057 0.925540 1.452670
6060.168658 -2.956057 0.940398 2.931935
6060.268658 -2.856057 0.955257 4.412493
6060.368658 -2.756057 0.970116 5.880238
6060.468658 -2.656057 0.984975 7.320161
6060.568658 -2.556057 0.999834 8.716491
6060.668658 -2.456057 0.014693 10.052901
6060.768658 -2.356057 0.029552 11.312760
6060.868658 -2.256057 0.044411 12.479448
6060.968658 -2.156057 0.059270 13.536708
6061.068658 -2.056057 0.074129 14.469049
6061.168658 -1.956057 0.088987 15.262158
6061.268658 -1.856057 0.103846 15.903332
6061.368658 -1.756057 0.118705 16.381883
6061.468658 -1.656057 0.133564 16.689503
6061.568658 -1.556057 0.148423 16.820568
6061.668658 -1.456057 0.163282 16.772358
6061.768658 -1.356057 0.178141 16.545172
6061.868658 -1.256057 0.193000 16.142337
6061.968658 -1.156057 0.207859 15.570106
6062.068658 -1.056057 0.222718 14.837452
6062.168658 -0.956057 0.237576 13.955769
6062.268658 -0.856057 0.252435 12.938502
6062.368658 -0.756057 0.267294 11.800738
6062.468658 -0.656057 0.282153 10.558761
6062.568658 -0.556057 0.297012 9.229615
6062.668658 -0.456057 0.311871 7.830686
6062.768658 -0.356057 0.326730 6.379326
6062.868658 -0.256057 0.341589 4.892514
6062.968658 -0.156057 0.356448 3.386588
6063.068658 -0.056057 0.371306 1.877025
6063.168658 0.043943 0.386165 0.378284
6063.268658 0.143943 0.401024 -1.096299
6063.368658 0.243943 0.415883 -2.534569
6063.468658 0.343943 0.430742 -3.925571
6063.568658 0.443943 0.445601 -5.259531
6063.668658 0.543943 0.460460 -6.527819
6063.768658 0.643943 0.475319 -7.722887
6063.868658 0.743943 0.490178 -8.838198
6063.968658 0.843943 0.505037 -9.868148
6064.068658 0.943943 0.519895 -10.807982
6064.168658 1.043943 0.534754 -11.653714
6064.268658 1.143943 0.549613 -12.402045
6064.368658 1.243943 0.564472 -13.050297
6064.468658 1.343943 0.579331 -13.596337
6064.568658 1.443943 0.594190 -14.038524
6064.668658 1.543943 0.609049 -14.375655
6064.768658 1.643943 0.623908 -14.606926
6064.868658 1.743943 0.638767 -14.731891
6064.968658 1.843943 0.653625 -14.750445
6065.068658 1.943943 0.668484 -14.662801
6065.168658 2.043943 0.683343 -14.469490
6065.268658 2.143943 0.698202 -14.171353
6065.368658 2.243943 0.713061 -13.769558
6065.468658 2.343943 0.727920 -13.265618
6065.568658 2.443943 0.742779 -12.661413
6065.668658 2.543943 0.757638 -11.959230
6065.768658 2.643943 0.772497 -11.161802
6065.868658 2.743943 0.787356 -10.272362
6065.968658 2.843943 0.802214 -9.294699
6066.068658 2.943943 0.817073 -8.233221
6066.168658 3.043943 0.831932 -7.093023
6066.268658 3.143943 0.846791 -5.879959
6066.368658 3.243943 0.861650 -4.600716
6066.468658 3.343943 0.876509 -3.262880
6066.568658 -3.286032 0.891368 -1.875006
6066.668658 -3.186032 0.906227 -0.446669
6066.768658 -3.086032 0.921086 1.011496
6066.868658 -2.986032 0.935945 2.487775
6066.968658 -2.886032 0.950803 3.969381
6067.068658 -2.786032 0.965662 5.442503
6067.168658 -2.686032 0.980521 6.892390
6067.268658 -2.586032 0.995380 8.303480
6067.368658 -2.486032 0.010239 9.659588
6067.468658 -2.386032 0.025098 10.944144
6067.568658 -2.286032 0.039957 12.140490
6067.668658 -2.186032 0.054816 13.232220
6067.768658 -2.086032 0.069675 14.203569
6067.868658 -1.986032 0.084533 15.039827
6067.968658 -1.886032 0.099392 15.727765
6068.068658 -1.786032 0.114251 16.256049
6068.168658 -1.686032 0.129110 16.615622
6068.268658 -1.586032 0.143969 16.800030
6068.368658 -1.486032 0.158828 16.805665
6068.468658 -1.386032 0.173687 16.631914
6068.568658 -1.286032 0.188546 16.281203
6068.668658 -1.186032 0.203405 15.758926
6068.768658 -1.086032 0.218264 15.073267
6068.868658 -0.986032 0.233122 14.234930
6068.968658 -0.886032 0.247981 13.256787
6069.068658 -0.786032 0.262840 12.153479
6069.168658 -0.686032 0.277699 10.940977
6069.268658 -0.586032 0.292558 9.636143
6069.368658 -0.486032 0.307417 8.256302
6069.468658 -0.386032 0.322276 6.818853
6069.568658 -0.286032 0.337135 5.340920
6069.668658 -0.186032 0.351994 3.839056
6069.768658 -0.086032 0.366853 2.329017
6069.868658 0.013968 0.381711 0.825580
6069.968658 0.113968 0.396570 -0.657575
6070.068658 0.213968 0.411429 -2.107934
6070.168658 0.313968 0.426288 -3.514183
6070.268658 0.413968 0.441147 -4.866198
6070.368658 0.513968 0.456006 -6.155011
6070.468658 0.613968 0.470865 -7.372757
6070.568658 0.713968 0.485724 -8.512605
6070.668658 0.813968 0.500583 -9.568678
6070.768658 0.913968 0.515441 -10.535976
6070.868658 1.013968 0.530300 -11.410290
6070.968658 1.113968 0.545159 -12.188126
6071.068658 1.213968 0.560018 -12.866624
6071.168658 1.313968 0.574877 -13.443495
6071.268658 1.413968 0.589736 -13.916957
6071.368658 1.513968 0.604595 -14.285681
6071.468658 1.613968 0.619454 -14.548746
6071.568658 1.713968 0.634313 -14.705602
6071.668658 1.813968 0.649172 -14.756044
6071.768658 1.913968 0.664030 -14.700192
6071.868658 2.013968 0.678889 -14.538481
6071.968658 2.113968 0.693748 -14.271658
6072.068658 2.213968 0.708607 -13.900792
6072.168658 2.313968 0.723466 -13.427290
6072.268658 2.413968 0.738325 -12.852918
6072.368658 2.513968 0.753184 -12.179838
6072.468658 2.613968 0.768043 -11.410644
6072.568658 2.713968 0.782902 -10.548414
6072.668658 2.813968 0.797761 -9.596763
6072.768658 2.913968 0.812619 -8.559906
6072.868658 3.013968 0.827478 -7.442726
6072.968658 3.113968 0.842337 -6.250841
6073.068658 3.213968 0.857196 -4.990681
6073.168658 3.313968 0.872055 -3.669556
6073.268658 -3.316007 0.886914 -2.295724
6073.368658 -3.216007 0.901773 -0.878448
6073.468658 -3.116007 0.916632 0.571957
6073.568658 -3.016007 0.931491 2.044100
6073.668658 -2.916007 0.946349 3.525513
6073.768658 -2.816007 0.961208 5.002686
6073.868658 -2.716007 0.976067 6.461137
6073.968658 -2.616007 0.990926 7.885531
6074.068658 -2.516007 0.005785 9.259846
6074.168658 -2.416007 0.020644 10.567600
6074.268658 -2.316007 0.035503 11.792128
6074.368658 -2.216007 0.050362 12.916908
6074.468658 -2.116007 0.065221 13.925941
6074.568658 -2.016007 0.080080 14.804156
6074.668658 -1.916007 0.094938 15.537837
6074.768658 -1.816007 0.109797 16.115038
6074.868658 -1.716007 0.124656 16.525984
6074.968658 -1.616007 0.139515 16.763409
6075.068658 -1.516007 0.154374 16.822833
6075.168658 -1.416007 0.169233 16.702737
6075.268658 -1.316007 0.184092 16.404636
6075.368658 -1.216007 0.198951 15.933049
6075.468658 -1.116007 0.213810 15.295349
6075.568658 -1.016007 0.228668 14.501517
6075.668658 -0.916007 0.243527 13.563816
6075.768658 -0.816007 0.258386 12.496403
6075.868658 -0.716007 0.273245 11.314894
6075.968658 -0.616007 0.288104 10.035931
6076.068658 -0.516007 0.302963 8.676743
6076.168658 -0.416007 0.317822 7.254747
6076.268658 -0.316007 0.332681 5.787180
6076.368658 -0.216007 0.347540 4.290796
6076.468658 -0.116007 0.362399 2.781609
6076.568658 -0.016007 0.377257 1.274706
6076.668658 0.083993 0.392116 -0.215895
6076.768658 0.183993 0.406975 -1.677327
6076.868658 0.283993 0.421834 -3.097914
6076.968658 0.383993 0.436693 -4.467179
6077.068658 0.483993 0.451552 -5.775811
6077.168658 0.583993 0.466411 -7.015622
6077.268658 0.683993 0.481270 -8.179478
6077.368658 0.783993 0.496129 -9.261226
6077.468658 0.883993 0.510988 -10.255610
6077.568658 0.983993 0.525846 -11.158194
6077.668658 1.083993 0.540705 -11.965277
6077.768658 1.183993 0.555564 -12.673816
6077.868658 1.283993 0.570423 -13.281359
6077.968658 1.383993 0.585282 -13.785977
6078.068658 1.483993 0.600141 -14.186210
6078.168658 1.583993 0.615000 -14.481020
6078.268658 1.683993 0.629859 -14.669749
6078.368658 1.783993 0.644718 -14.752091
6078.468658 1.883993 0.659576 -14.728070
6078.568658 1.983993 0.674435 -14.598025
6078.668658 2.083993 0.689294 -14.362612
6078.768658 2.183993 0.704153 -14.022801
6078.868658 2.283993 0.719012 -13.579896
6078.968658 2.383993 0.733871 -13.035552
6079.068658 2.483993 0.748730 -12.391808
6079.168658 2.583993 0.763589 -11.651124
6079.268658 2.683993 0.778448 -10.816427
6079.368658 2.783993 0.793307 -9.891166
6079.468658 2.883993 0.808165 -8.879369
6079.568658 2.983993 0.823024 -7.785711
6079.668658 3.083993 0.837883 -6.615582
6079.768658 3.183993 0.852742 -5.375162
6079.868658 3.283993 0.867601 -4.071489
6079.968658 -3.345982 0.882460 -2.712530
6080.068658 -3.245982 0.897319 -1.307242
6080.168658 -3.145982 0.912178 0.134379
6080.268658 -3.045982 0.927037 1.601265
6080.368658 -2.945982 0.941896 3.081271
6080.468658 -2.845982 0.956754 4.561192
6080.568658 -2.745982 0.971613 6.026829
6080.668658 -2.645982 0.986472 7.463085
6080.768658 -2.545982 0.001331 8.854125
6080.868658 -2.445982 0.016190 10.183578
6080.968658 -2.345982 0.031049 11.434800
6081.068658 -2.245982 0.045908 12.591190
6081.168658 -2.145982 0.060767 13.636550
6081.268658 -2.045982 0.075626 14.555487
6081.368658 -1.945982 0.090484 15.333834
6081.468658 -1.845982 0.105343 15.959072
6081.568658 -1.745982 0.120202 16.420735
6081.668658 -1.645982 0.135061 16.710775
6081.768658 -1.545982 0.149920 16.823851
6081.868658 -1.445982 0.164779 16.757545
6081.968658 -1.345982 0.179638 16.512461
6082.068658 -1.245982 0.194497 16.092229
6082.168658 -1.145982 0.209356 15.503387
6082.268658 -1.045982 0.224215 14.755165
6082.368658 -0.945982 0.239073 13.859181
6082.468658 -0.845982 0.253932 12.829068
6082.568658 -0.745982 0.268791 11.680050
6082.668658 -0.645982 0.283650 10.428510
6082.768658 -0.545982 0.298509 9.091543
6082.868658 -0.445982 0.313368 7.686550
6082.968658 -0.345982 0.328227 6.230857
6083.068658 -0.245982 0.343086 4.741392
6083.168658 -0.145982 0.357945 3.234414
6083.268658 -0.045982 0.372804 1.725304
6083.368658 0.054018 0.387662 0.228413
6083.468658 0.154018 0.402521 -1.243042
6083.568658 0.254018 0.417380 -2.677027
6083.668658 0.354018 0.432239 -4.062705
6083.768658 0.454018 0.447098 -5.390421
6083.868658 0.554018 0.461957 -6.651656
6083.968658 0.654018 0.476816 -7.838968
6084.068658 0.754018 0.491675 -8.945919
6084.168658 0.854018 0.506534 -9.966991
6084.268658 0.954018 0.521392 -10.897513
6084.368658 1.054018 0.536251 -11.733570
6084.468658 1.154018 0.551110 -12.471930
6084.568658 1.254018 0.565969 -13.109972
6084.668658 1.354018 0.580828 -13.645615
6084.768658 1.454018 0.595687 -14.077265
6084.868658 1.554018 0.610546 -14.403762
6084.968658 1.654018 0.625405 -14.624336
6085.068658 1.754018 0.640264 -14.738580
6085.168658 1.854018 0.655123 -14.746419
6085.268658 1.954018 0.669981 -14.648100
6085.368658 2.054018 0.684840 -14.444184
6085.468658 2.154018 0.699699 -14.135545
6085.568658 2.254018 0.714558 -13.723385
6085.668658 2.354018 0.729417 -13.209251
6085.768658 2.454018 0.744276 -12.595064
6085.868658 2.554018 0.759135 -11.883153
6085.968658 2.654018 0.773994 -11.076300
6086.068658 2.754018 0.788853 -10.177790
6086.168658 2.854018 0.803712 -9.191472
6086.268658 2.954018 0.818570 -8.121820
6086.368658 3.054018 0.833429 -6.974002
6086.468658 3.154018 0.848288 -5.753954
6086.568658 3.254018 0.863147 -4.468448
6086.668658 3.354018 0.878006 -3.125167
6086.768658 -3.275957 0.892865 -1.732765
6086.868658 -3.175957 0.907724 -0.300923
6086.968658 -3.075957 0.922583 1.159616
6087.068658 -2.975957 0.937442 2.637028
6087.168658 -2.875957 0.952300 4.118421
6087.268658 -2.775957 0.967159 5.589886
6087.368658 -2.675957 0.982018 7.036581
6087.468658 -2.575957 0.996877 8.442873
6087.568658 -2.475957 0.011736 9.792526
6087.668658 -2.375957 0.026595 11.068949
6087.768658 -2.275957 0.041454 12.255490
6087.868658 -2.175957 0.056313 13.335791
6087.968658 -2.075957 0.071172 14.294175
6088.068658 -1.975957 0.086031 15.116061
6088.168658 -1.875957 0.100889 15.788392
6088.268658 -1.775957 0.115748 16.300048
6088.368658 -1.675957 0.130607 16.642220
6088.468658 -1.575957 0.145466 16.808731
6088.568658 -1.475957 0.160325 16.796269
6088.668658 -1.375957 0.175184 16.604529
6088.768658 -1.275957 0.190043 16.236241
6088.868658 -1.175957 0.204902 15.697088
6088.968658 -1.075957 0.219761 14.995522
6089.068658 -0.975957 0.234619 14.142483
6089.168658 -0.875957 0.249478 13.151042
6089.268658 -0.775957 0.264337 12.035990
6089.368658 -0.675957 0.279196 10.813411
6089.468658 -0.575957 0.294055 9.500231
6089.568658 -0.475957 0.308914 8.113800
6089.668658 -0.375957 0.323773 6.671504
6089.768658 -0.275957 0.338632 5.190421
6089.868658 -0.175957 0.353491 3.687035
6089.968658 -0.075957 0.368350 2.177009
6090.068658 0.024043 0.383208 0.675015
6090.168658 0.124043 0.398067 -0.805382
6090.268658 0.224043 0.412926 -2.251790
6090.368658 0.324043 0.427785 -3.653014
6090.468658 0.424043 0.442644 -4.999049
6090.568658 0.524043 0.457503 -6.281041
6090.668658 0.624043 0.472362 -7.491231
6090.768658 0.724043 0.487221 -8.622890
6090.868658 0.824043 0.502080 -9.670231
6090.968658 0.924043 0.516939 -10.628339
6091.068658 1.024043 0.531797 -11.493081
6091.168658 1.124043 0.546656 -12.261027
6091.268658 1.224043 0.561515 -12.929381
6091.368658 1.324043 0.576374 -13.495906
6091.468658 1.424043 0.591233 -13.958869
6091.568658 1.524043 0.606092 -14.316983
6091.668658 1.624043 0.620951 -14.569366
6091.768658 1.724043 0.635810 -14.715505
6091.868658 1.824043 0.650669 -14.755228
6091.968658 1.924043 0.665527 -14.688685
6092.068658 2.024043 0.680386 -14.516344
6092.168658 2.124043 0.695245 -14.238985
6092.268658 2.224043 0.710104 -13.857709
6092.368658 2.324043 0.724963 -13.373958
6092.468658 2.424043 0.739822 -12.789537
6092.568658 2.524043 0.754681 -12.106648
6092.668658 2.624043 0.769540 -11.327933
6092.768658 2.724043 0.784399 -10.456520
6092.868658 2.824043 0.799258 -9.496083
6092.968658 2.924043 0.814116 -8.450901
6093.068658 3.024043 0.828975 -7.325926
6093.168658 3.124043 0.843834 -6.126858
6093.268658 3.224043 0.858693 -4.860209
6093.368658 3.324043 0.873552 -3.533383
6093.468658 -3.305932 0.888411 -2.154737
6093.568658 -3.205932 0.903270 -0.733638
6093.668658 -3.105932 0.918129 0.719491
6093.768658 -3.005932 0.932988 2.193150
6093.868658 -2.905932 0.947847 3.674764
6093.968658 -2.805932 0.962705 5.150723
6094.068658 -2.705932 0.977564 6.606450
6094.168658 -2.605932 0.992423 8.026534
6094.268658 -2.505932 0.007282 9.394895
6094.368658 -2.405932 0.022141 10.695020
6094.468658 -2.305932 0.037000 11.910240
6094.568658 -2.205932 0.051859 13.024071
6094.668658 -2.105932 0.066718 14.020588
6094.768658 -2.005932 0.081577 14.884837
6094.868658 -1.905932 0.096435 15.603260
6094.968658 -1.805932 0.111294 16.164114
6095.068658 -1.705932 0.126153 16.557862
6095.168658 -1.605932 0.141012 16.777509
6095.268658 -1.505932 0.155871 16.818865
6095.368658 -1.405932 0.170730 16.680715
6095.468658 -1.305932 0.185589 16.364881
6095.568658 -1.205932 0.200448 15.876179
6095.668658 -1.105932 0.215307 15.222255
6095.768658 -1.005932 0.230166 14.413338
6095.868658 -0.905932 0.245024 13.461900
6095.968658 -0.805932 0.259883 12.382263
6096.068658 -0.705932 0.274742 11.190169
6096.168658 -0.605932 0.289601 9.902337
6096.268658 -0.505932 0.304460 8.536033
6096.368658 -0.405932 0.319319 7.108670
6096.468658 -0.305932 0.334178 5.637451
6096.568658 -0.205932 0.349037 4.139066
6096.668658 -0.105932 0.363896 2.629442
6096.768658 -0.005932 0.378755 1.123565
6096.868658 0.094068 0.393613 -0.364661
6096.968658 0.194068 0.408472 -1.822486
6097.068658 0.294068 0.423331 -3.238358
6097.168658 0.394068 0.438190 -4.601916
6097.268658 0.494068 0.453049 -5.903967
6097.368658 0.594068 0.467908 -7.136432
6097.468658 0.694068 0.482767 -8.292279
6097.568658 0.794068 0.497626 -9.365448
6097.668658 0.894068 0.512485 -10.350772
6097.768658 0.994068 0.527343 -11.243890
6097.868658 1.094068 0.542202 -12.041172
6097.968658 1.194068 0.557061 -12.739638
6098.068658 1.294068 0.571920 -13.336890
6098.168658 1.394068 0.586779 -13.831050
6098.268658 1.494068 0.601638 -14.220702
6098.368658 1.594068 0.616497 -14.504848
6098.468658 1.694068 0.631356 -14.682867
6098.568658 1.794068 0.646215 -14.754486
6098.668658 1.894068 0.661074 -14.719762
6098.768658 1.994068 0.675932 -14.579067
6098.868658 2.094068 0.690791 -14.333086
6098.968658 2.194068 0.705650 -13.982824
6099.068658 2.294068 0.720509 -13.529617
6099.168658 2.394068 0.735368 -12.975160
6099.268658 2.494068 0.750227 -12.321530
6099.368658 2.594068 0.765086 -11.571233
6099.468658 2.694068 0.779945 -10.727247
6099.568658 2.794068 0.794804 -9.793075
6099.668658 2.894068 0.809662 -8.772807
6099.768658 2.994068 0.824521 -7.671187
6099.868658 3.094068 0.839380 -6.493683
6099.968658 3.194068 0.854239 -5.246557
6100.068658 3.294068 0.869098 -3.936937
6100.168658 -3.335907 0.883957 -2.572887
6100.268658 -3.235907 0.898816 -1.163468
6100.368658 -3.135907 0.913675 0.281217
6100.468658 -3.035907 0.928534 1.749994
6100.568658 -2.935907 0.943393 3.230606
6100.668658 -2.835907 0.958251 4.709748
6100.768658 -2.735907 0.973110 6.173121
6100.868658 -2.635907 0.987969 7.605550
6100.968658 -2.535907 0.002828 8.991134
6101.068658 -2.435907 0.017687 10.313461
6101.168658 -2.335907 0.032546 11.555877
6101.268658 -2.235907 0.047405 12.701804
6101.368658 -2.135907 0.062264 13.735107
6101.468658 -2.035907 0.077123 14.640498
6101.568658 -1.935907 0.091982 15.403955
6101.668658 -1.835907 0.106840 16.013149
6101.768658 -1.735907 0.121699 16.457842
6101.868658 -1.635907 0.136558 16.730247
6101.968658 -1.535907 0.151417 16.825311
6102.068658 -1.435907 0.166276 16.740914
6102.168658 -1.335907 0.181135 16.477970
6102.268658 -1.235907 0.195994 16.040408
6102.368658 -1.135907 0.210853 15.435047
6102.468658 -1.035907 0.225712 14.671375
6102.568658 -0.935907 0.240570 13.761231
6102.668658 -0.835907 0.255429 12.718425
6102.768658 -0.735907 0.270288 11.558321
6102.868658 -0.635907 0.285147 10.297391
6102.968658 -0.535907 0.300006 8.952781
6103.068658 -0.435907 0.314865 7.541899
6103.168658 -0.335907 0.329724 6.082046
6103.268658 -0.235907 0.344583 4.590093
6103.368658 -0.135907 0.359442 3.082220
6103.468658 -0.035907 0.374301 1.573709
6103.568658 0.064093 0.389159 0.078801
6103.668658 0.164093 0.404018 -1.389404
6103.768658 0.264093 0.418877 -2.818993
6103.868658 0.364093 0.433736 -4.199249
6103.968658 0.464093 0.448595 -5.520634
6104.068658 0.564093 0.463454 -6.774742
6104.168658 0.664093 0.478313 -7.954233
6104.268658 0.764093 0.493172 -9.052767
6104.368658 0.864093 0.508031 -10.064915
6104.468658 0.964093 0.522890 -10.986085
6104.568658 1.064093 0.537748 -11.812434
6104.668658 1.164093 0.552607 -12.540797
6104.768658 1.264093 0.567466 -13.168607
6104.868658 1.364093 0.582325 -13.693838
6104.968658 1.464093 0.597184 -14.114939
6105.068658 1.564093 0.612043 -14.430792
6105.168658 1.664093 0.626902 -14.640667
6105.268658 1.764093 0.641761 -14.744188
6105.368658 1.864093 0.656620 -14.741315
6105.468658 1.964093 0.671478 -14.632327
6105.568658 2.064093 0.686337 -14.417815
6105.668658 2.164093 0.701196 -14.098686
6105.768658 2.264093 0.716055 -13.676176
6105.868658 2.364093 0.730914 -13.151869
6105.968658 2.464093 0.745773 -12.527723
6106.068658 2.564093 0.760632 -11.806112
6106.168658 2.664093 0.775491 -10.989867
6106.268658 2.764093 0.790350 -10.082326
6106.368658 2.864093 0.805209 -9.087399
6106.468658 2.964093 0.820067 -8.009625
6106.568658 3.064093 0.834926 -6.854248
6106.668658 3.164093 0.849785 -5.627283
6106.768658 3.264093 0.864644 -4.335593
6106.868658 3.364093 0.879503 -2.986954
6106.968658 -3.265882 0.894362 -1.590122
6107.068658 -3.165882 0.909221 -0.154884
6107.168658 -3.065882 0.924080 1.307908
6107.268658 -2.965882 0.938939 2.786322
6107.368658 -2.865882 0.953798 4.267362
6107.468658 -2.765882 0.968656 5.737017
6107.568658 -2.665882 0.983515 7.180362
6107.668658 -2.565882 0.998374 8.581691
6107.768658 -2.465882 0.013233 9.924721
6107.868658 -2.365882 0.028092 11.192841
6107.968658 -2.265882 0.042951 12.369411
6108.068658 -2.165882 0.057810 13.438124
6108.168658 -2.065882 0.072669 14.383394
6108.268658 -1.965882 0.087528 15.190775
6108.368658 -1.865882 0.102386 15.847386
6108.468658 -1.765882 0.117245 16.342324
6108.568658 -1.665882 0.132104 16.667032
6108.668658 -1.565882 0.146963 16.815612
6108.768658 -1.465882 0.161822 16.785051
6108.868658 -1.365882 0.176681 16.575350
6108.968658 -1.265882 0.191540 16.189541
6109.068658 -1.165882 0.206399 15.633599
6109.168658 -1.065882 0.221258 14.916238
6109.268658 -0.965882 0.236117 14.048631
6109.368658 -0.865882 0.250975 13.044040
6109.468658 -0.765882 0.265834 11.917410
6109.568658 -0.665882 0.280693 10.684925
6109.668658 -0.565882 0.295552 9.363575
6109.768658 -0.465882 0.310411 7.970731
6109.868658 -0.365882 0.325270 6.523761
6109.968658 -0.265882 0.340129 5.039696
6110.068658 -0.165882 0.354988 3.534947
6110.168658 -0.065882 0.369847 2.025083
6110.268658 0.034118 0.384706 0.524670
6110.368658 0.134118 0.399564 -0.952844
6110.468658 0.234118 0.414423 -2.395187
6110.568658 0.334118 0.429282 -3.791285
6110.668658 0.434118 0.444141 -5.131249
6110.768658 0.534118 0.459000 -6.406341
6110.868658 0.634118 0.473859 -7.608908
6110.968658 0.734118 0.488718 -8.732318
6111.068658 0.834118 0.503577 -9.770878
6111.168658 0.934118 0.518436 -10.719755
6111.268658 1.034118 0.533294 -11.574888
6111.368658 1.134118 0.548153 -12.332917
6111.468658 1.234118 0.563012 -12.991104
6111.568658 1.334118 0.577871 -13.547266
6111.668658 1.434118 0.592730 -13.999717
6111.768658 1.534118 0.607589 -14.347212
6111.868658 1.634118 0.622448 -14.588908
6111.968658 1.734118 0.637307 -14.724328
6112.068658 1.834118 0.652166 -14.753332
6112.168658 1.934118 0.667025 -14.676104
6112.268658 2.034118 0.681883 -14.493142
6112.368658 2.134118 0.696742 -14.205257
6112.468658 2.234118 0.711601 -13.813586
6112.568658 2.334118 0.726460 -13.319604
6112.668658 2.434118 0.741319 -12.725156
6112.768658 2.534118 0.756178 -12.032485
6112.868658 2.634118 0.771037 -11.244280
6112.968658 2.734118 0.785896 -10.363722
6113.068658 2.834118 0.800755 -9.394542
6113.168658 2.934118 0.815613 -8.341085
6113.268658 3.034118 0.830472 -7.208374
6113.368658 3.134118 0.845331 -6.002187
6113.468658 3.234118 0.860190 -4.729125
6113.568658 3.334118 0.875049 -3.396684
6113.668658 -3.295857 0.889908 -2.013318
6113.768658 -3.195857 0.904767 -0.588503
6113.868658 -3.095857 0.919626 0.867234
6113.968658 -2.995857 0.934485 2.342281
6114.068658 -2.895857 0.949344 3.823960
6114.168658 -2.795857 0.964202 5.298555
6114.268658 -2.695857 0.979061 6.751402
6114.368658 -2.595857 0.993920 8.167012
6114.468658 -2.495857 0.008779 9.529251
6114.568658 -2.395857 0.023638 10.821577
6114.668658 -2.295857 0.038497 12.027323
6114.768658 -2.195857 0.053356 13.130043
6114.868658 -2.095857 0.068215 14.113891
6114.968658 -1.995857 0.083074 14.964035
6115.068658 -1.895857 0.097933 15.667081
6115.168658 -1.795857 0.112791 16.211492
6115.268658 -1.695857 0.127650 16.587971
6115.368658 -1.595857 0.142509 16.789796
6115.468658 -1.495857 0.157368 16.813071
6115.568658 -1.395857 0.172227 16.656886
6115.668658 -1.295857 0.187086 16.323370
6115.768658 -1.195857 0.201945 15.817630
6115.868658 -1.095857 0.216804 15.147587
6115.968658 -0.995857 0.231663 14.323712
6116.068658 -0.895857 0.246521 13.358682
6116.168658 -0.795857 0.261380 12.266982
6116.268658 -0.695857 0.276239 11.064472
6116.368658 -0.595857 0.291098 9.767946
6116.468658 -0.495857 0.305957 8.394702
6116.568658 -0.395857 0.320816 6.962148
6116.668658 -0.295857 0.335675 5.487447
6116.768658 -0.195857 0.350534 3.987222
6116.868658 -0.095857 0.365393 2.477314
6116.968658 0.004143 0.380252 0.972604
6117.068658 0.104143 0.395110 -0.513116
6117.168658 0.204143 0.409969 -1.967218
6117.268658 0.304143 0.424828 -3.378269
6117.368658 0.404143 0.439687 -4.736028
6117.468658 0.504143 0.454546 -6.031416
6117.568658 0.604143 0.469405 -7.256463
6117.668658 0.704143 0.484264 -8.404239
6117.768658 0.804143 0.499123 -9.468778
6117.868658 0.904143 0.513982 -10.444997
6117.968658 1.004143 0.528841 -11.328613
6118.068658 1.104143 0.543699 -12.116063
6118.168658 1.204143 0.558558 -12.804431
6118.268658 1.304143 0.573417 -13.391374
6118.368658 1.404143 0.588276 -13.875062
6118.468658 1.504143 0.603135 -14.254123
6118.568658 1.604143 0.617994 -14.527599
6118.668658 1.704143 0.632853 -14.694904
6118.768658 1.804143 0.647712 -14.755801
6118.868658 1.904143 0.662571 -14.710379
6118.968658 2.004143 0.677429 -14.559039
6119.068658 2.104143 0.692288 -14.302501
6119.168658 2.204143 0.707147 -13.941801
6119.268658 2.304143 0.722006 -13.478311
6119.368658 2.404143 0.736865 -12.913760
6119.468658 2.504143 0.751724 -12.250270
6119.568658 2.604143 0.766583 -11.490391
6119.668658 2.704143 0.781442 -10.637151
6119.768658 2.804143 0.796301 -9.694108
6119.868658 2.904143 0.811160 -8.665418
6119.968658 3.004143 0.826018 -7.555893
6120.068658 3.104143 0.840877 -6.371077
6120.168658 3.204143 0.855736 -5.117316
6120.268658 3.304143 0.870595 -3.801831
6120.368658 -3.325832 0.885454 -2.432783
6120.468658 -3.225832 0.900313 -1.019336
6120.568658 -3.125832 0.915172 0.428301
6120.668658 -3.025832 0.930031 1.898843
6120.768658 -2.925832 0.944890 3.379927
6120.868658 -2.825832 0.959749 4.858144
6120.968658 -2.725832 0.974607 6.319101
6121.068658 -2.625832 0.989466 7.747541
6121.168658 -2.525832 0.004325 9.127501
6121.268658 -2.425832 0.019184 10.442532
6121.368658 -2.325832 0.034043 11.675974
6121.468658 -2.225832 0.048902 12.811274
6121.568658 -2.125832 0.063761 13.832365
6121.668658 -2.025832 0.078620 14.724066
6121.768658 -1.925832 0.093479 15.472507
6121.868658 -1.825832 0.108337 16.065553
6121.968658 -1.725832 0.123196 16.493198
6122.068658 -1.625832 0.138055 16.747918
6122.168658 -1.525832 0.152914 16.824946
6122.268658 -1.425832 0.167773 16.722469
6122.368658 -1.325832 0.182632 16.441705
6122.468658 -1.225832 0.197491 15.986881
6122.568658 -1.125832 0.212350 15.365099
6122.668658 -1.025832 0.227209 14.586097
6122.768658 -0.925832 0.242068 13.661932
6122.868658 -0.825832 0.256926 12.606591
6122.968658 -0.725832 0.271785 11.435568
6123.068658 -0.625832 0.286644 10.165423
6123.168658 -0.525832 0.301503 8.813346
6123.268658 -0.425832 0.316362 7.396751
6123.368658 -0.325832 0.331221 5.932910
6123.468658 -0.225832 0.346080 4.438633
6123.568658 -0.125832 0.360939 2.930020
6123.668658 -0.025832 0.375798 1.422253
6123.768658 0.074168 0.390656 -0.070539
6123.868658 0.174168 0.405515 -1.535373
6123.968658 0.274168 0.420374 -2.960457
6124.068658 0.374168 0.435233 -4.335195
6124.168658 0.474168 0.450092 -5.650165
6124.268658 0.574168 0.464951 -6.897070
6124.368658 0.674168 0.479810 -8.068676
6124.468658 0.774168 0.494669 -9.158737
6124.568658 0.874168 0.509528 -10.161914
6124.668658 0.974168 0.524387 -11.073693
6124.768658 1.074168 0.539245 -11.890303
6124.868658 1.174168 0.554104 -12.608642
6124.968658 1.274168 0.568963 -13.226201
6125.068658 1.374168 0.583822 -13.741003
6125.168658 1.474168 0.598681 -14.151544
6125.268658 1.574168 0.613540 -14.456747
6125.368658 1.674168 0.628399 -14.655918
6125.468658 1.774168 0.643258 -14.748716
6125.568658 1.874168 0.658117 -14.735134
6125.668658 1.974168 0.672976 -14.615483
6125.768658 2.074168 0.687834 -14.390384
6125.868658 2.174168 0.702693 -14.060778
6125.968658 2.274168 0.717552 -13.627934
6126.068658 2.374168 0.732411 -13.093472
6126.168658 2.474168 0.747270 -12.459392
6126.268658 2.574168 0.762129 -11.728111
6126.368658 2.674168 0.776988 -10.902507
6126.468658 2.774168 0.791847 -9.985975
6126.568658 2.874168 0.806706 -8.982484
6126.668658 2.974168 0.821564 -7.896642
6126.768658 3.074168 0.836423 -6.733766
6126.868658 3.174168 0.851282 -5.499954
6126.968658 3.274168 0.866141 -4.202158
6127.068658 -3.355807 0.881000 -2.848251
6127.168658 -3.255807 0.895859 -1.447089
6127.268658 -3.155807 0.910718 -0.008565
6127.368658 -3.055807 0.925577 1.456359
6127.468658 -2.955807 0.940436 2.935644
6127.568658 -2.855807 0.955295 4.416188
6127.668658 -2.755807 0.970153 5.883883
6127.768658 -2.655807 0.985012 7.323717
6127.868658 -2.555807 0.999871 8.719917
6127.968658 -2.455807 0.014730 10.056156
6128.068658 -2.355807 0.029589 11.315803
6128.168658 -2.255807 0.044448 12.482237
6128.268658 -2.155807 0.059307 13.539204
6128.368658 -2.055807 0.074166 14.471213
6128.468658 -1.955807 0.089025 15.263957
6128.568658 -1.855807 0.103884 15.904737
6128.668658 -1.755807 0.118742 16.382869
6128.768658 -1.655807 0.133601 16.690053
6128.868658 -1.555807 0.148460 16.820672
6128.968658 -1.455807 0.163319 16.772012
6129.068658 -1.355807 0.178178 16.544381
6129.168658 -1.255807 0.193037 16.141113
6129.268658 -1.155807 0.207896 15.568469
6129.368658 -1.055807 0.222755 14.835427
6129.468658 -0.955807 0.237614 13.953386
6129.568658 -0.855807 0.252472 12.935799
6129.668658 -0.755807 0.267331 11.797754
6129.768658 -0.655807 0.282190 10.555536
6129.868658 -0.555807 0.297049 9.226194
6129.968658 -0.455807 0.311908 7.827113
6130.068658 -0.355807 0.326767 6.375643
6130.168658 -0.255807 0.341626 4.888763
6130.268658 -0.155807 0.356485 3.382808
6130.368658 -0.055807 0.371344 1.873255
6130.468658 0.044193 0.386203 0.374558
6130.568658 0.144193 0.401061 -1.099948
6130.668658 0.244193 0.415920 -2.538113
6130.768658 0.344193 0.430779 -3.928984
6130.868658 0.444193 0.445638 -5.262790
6130.968658 0.544193 0.460497 -6.530904
6131.068658 0.644193 0.475356 -7.725780
6131.168658 0.744193 0.490215 -8.840884
6131.268658 0.844193 0.505074 -9.870614
6131.368658 0.944193 0.519933 -10.810218
6131.468658 1.044193 0.534792 -11.655709
6131.568658 1.144193 0.549650 -12.403793
6131.668658 1.244193 0.564509 -13.051792
6131.768658 1.344193 0.579368 -13.597573
6131.868658 1.444193 0.594227 -14.039499
6131.968658 1.544193 0.609086 -14.376366
6132.068658 1.644193 0.623945 -14.607371
6132.168658 1.744193 0.638804 -14.732070
6132.268658 1.844193 0.653663 -14.750358
6132.368658 1.944193 0.668522 -14.662449
6132.468658 2.044193 0.683380 -14.468874
6132.568658 2.144193 0.698239 -14.170476
6132.668658 2.244193 0.713098 -13.768424
6132.768658 2.344193 0.727957 -13.264230
6132.868658 2.444193 0.742816 -12.659777
6132.968658 2.544193 0.757675 -11.957352
6133.068658 2.644193 0.772534 -11.159689
6133.168658 2.744193 0.787393 -10.270024
6133.268658 2.844193 0.802252 -9.292145
6133.368658 2.944193 0.817111 -8.230463
6133.468658 3.044193 0.831969 -7.090075
6133.568658 3.144193 0.846828 -5.876838
6133.668658 3.244193 0.861687 -4.597438
6133.768658 3.344193 0.876546 -3.259466
6133.868658 -3.285782 0.891405 -1.871478
6133.968658 -3.185782 0.906264 -0.443052
6134.068658 -3.085782 0.921123 1.015173
6134.168658 -2.985782 0.935982 2.491481
6134.268658 -2.885782 0.950841 3.973084
6134.368658 -2.785782 0.965700 5.446167
6134.468658 -2.685782 0.980558 6.895976
6134.568658 -2.585782 0.995417 8.306949
6134.668658 -2.485782 0.010276 9.662898
6134.768658 -2.385782 0.025135 10.947255
6134.868658 -2.285782 0.039994 12.143359
6134.968658 -2.185782 0.054853 13.234807
6135.068658 -2.085782 0.069712 14.205836
6135.168658 -1.985782 0.084571 15.041739
6135.268658 -1.885782 0.099430 15.729290
6135.368658 -1.785782 0.114288 16.257163
6135.468658 -1.685782 0.129147 16.616305
6135.568658 -1.585782 0.144006 16.800269
6135.668658 -1.485782 0.158865 16.805454
6135.768658 -1.385782 0.173724 16.631256
6135.868658 -1.285782 0.188583 16.280108
6135.968658 -1.185782 0.203442 15.757410
6136.068658 -1.085782 0.218301 15.071355
6136.168658 -0.985782 0.233160 14.232651
6136.268658 -0.885782 0.248019 13.254176
6136.368658 -0.785782 0.262877 12.150574
6136.468658 -0.685782 0.277736 10.937820
6136.568658 -0.585782 0.292595 9.632776
6136.668658 -0.485782 0.307454 8.252770
6136.768658 -0.385782 0.322313 6.815198
6136.868658 -0.285782 0.337172 5.337184
6136.968658 -0.185782 0.352031 3.835281
6137.068658 -0.085782 0.366890 2.325240
6137.168658 0.014218 0.381749 0.821837
6137.268658 0.114218 0.396607 -0.661250
6137.368658 0.214218 0.411466 -2.111512
6137.468658 0.314218 0.426325 -3.517638
6137.568658 0.414218 0.441184 -4.869506
6137.668658 0.514218 0.456043 -6.158150
6137.768658 0.614218 0.470902 -7.375710
6137.868658 0.714218 0.485761 -8.515354
6137.968658 0.814218 0.500620 -9.571211
6138.068658 0.914218 0.515479 -10.538282
6138.168658 1.014218 0.530338 -11.412359
6138.268658 1.114218 0.545196 -12.189949
6138.368658 1.214218 0.560055 -12.868195
6138.468658 1.314218 0.574914 -13.444809
6138.568658 1.414218 0.589773 -13.918011
6138.668658 1.514218 0.604632 -14.286471
6138.768658 1.614218 0.619491 -14.549271
6138.868658 1.714218 0.634350 -14.705861
6138.968658 1.814218 0.649209 -14.756037
6139.068658 1.914218 0.664068 -14.699920
6139.168658 2.014218 0.678927 -14.537944
6139.268658 2.114218 0.693785 -14.270859
6139.368658 2.214218 0.708644 -13.899735
6139.468658 2.314218 0.723503 -13.425978
6139.568658 2.414218 0.738362 -12.851356
6139.668658 2.514218 0.753221 -12.178032
6139.768658 2.614218 0.768080 -11.408601
6139.868658 2.714218 0.782939 -10.546142
6139.968658 2.814218 0.797798 -9.594272
6140.068658 2.914218 0.812657 -8.557208
6140.168658 3.014218 0.827515 -7.439834
6140.268658 3.114218 0.842374 -6.247770
6140.368658 3.214218 0.857233 -4.987448
6140.468658 3.314218 0.872092 -3.666180
6140.568658 -3.315757 0.886951 -2.292227
6140.668658 -3.215757 0.901810 -0.874855
6140.768658 -3.115757 0.916669 0.575619
6140.868658 -3.015757 0.931528 2.047801
6140.968658 -2.915757 0.946387 3.529220
6141.068658 -2.815757 0.961246 5.006365
6141.168658 -2.715757 0.976104 6.464751
6141.268658 -2.615757 0.990963 7.889039
6141.368658 -2.515757 0.005822 9.263209
6141.468658 -2.415757 0.020681 10.570776
6141.568658 -2.315757 0.035540 11.795074
6141.668658 -2.215757 0.050399 12.919584
6141.768658 -2.115757 0.065258 13.928308
6141.868658 -2.015757 0.080117 14.806178
6141.968658 -1.915757 0.094976 15.539481
6142.068658 -1.815757 0.109835 16.116277
6142.168658 -1.715757 0.124693 16.526797
6142.268658 -1.615757 0.139552 16.763782
6142.368658 -1.515757 0.154411 16.822757
6142.468658 -1.415757 0.169270 16.702211
6142.568658 -1.315757 0.184129 16.403670
6142.668658 -1.215757 0.198988 15.931657
6142.768658 -1.115757 0.213847 15.293553
6142.868658 -1.015757 0.228706 14.499344
6142.968658 -0.915757 0.243565 13.561301
6143.068658 -0.815757 0.258423 12.493582
6143.168658 -0.715757 0.273282 11.311808
6143.268658 -0.615757 0.288141 10.032622
6143.368658 -0.515757 0.303000 8.673256
6143.468658 -0.415757 0.317859 7.251124
6143.568658 -0.315757 0.332718 5.783465
6143.668658 -0.215757 0.347577 4.287029
6143.768658 -0.115757 0.362436 2.777829
6143.868658 -0.015757 0.377295 1.270950
6143.968658 0.084243 0.392154 -0.219594
6144.068658 0.184243 0.407012 -1.680938
6144.168658 0.284243 0.421871 -3.101409
6144.268658 0.384243 0.436730 -4.470533
6144.368658 0.484243 0.451589 -5.779003
6144.468658 0.584243 0.466448 -7.018632
6144.568658 0.684243 0.481307 -8.182290
6144.668658 0.784243 0.496166 -9.263825
6144.768658 0.884243 0.511025 -10.257985
6144.868658 0.984243 0.525884 -11.160335
6144.968658 1.084243 0.540743 -11.967174
6145.068658 1.184243 0.555601 -12.675463
6145.168658 1.284243 0.570460 -13.282751
6145.268658 1.384243 0.585319 -13.787109
6145.368658 1.484243 0.600178 -14.187080
6145.468658 1.584243 0.615037 -14.481625
6145.568658 1.684243 0.629896 -14.670088
6145.668658 1.784243 0.644755 -14.752164
6145.768658 1.884243 0.659614 -14.727876
6145.868658 1.984243 0.674473 -14.597567
6145.968658 2.084243 0.689331 -14.361891
6146.068658 2.184243 0.704190 -14.021821
6146.168658 2.284243 0.719049 -13.578660
6146.268658 2.384243 0.733908 -13.034064
6146.368658 2.484243 0.748767 -12.390074
6146.468658 2.584243 0.763626 -11.649151
6146.568658 2.684243 0.778485 -10.814223
6146.668658 2.784243 0.793344 -9.888740
6146.768658 2.884243 0.808203 -8.876732
6146.868658 2.984243 0.823062 -7.782876
6146.968658 3.084243 0.837920 -6.612563
6147.068658 3.184243 0.852779 -5.371976
6147.168658 3.284243 0.867638 -4.068154
6147.268658 -3.345732 0.882497 -2.709067
6147.368658 -3.245732 0.897356 -1.303676
6147.468658 -3.145732 0.912215 0.138023
6147.568658 -3.045732 0.927074 1.604958
6147.668658 -2.945732 0.941933 3.084980
6147.768658 -2.845732 0.956792 4.564884
6147.868658 -2.745732 0.971650 6.030466
6147.968658 -2.645732 0.986509 7.466629
6148.068658 -2.545732 0.001368 8.857536
6148.168658 -2.445732 0.016227 10.186814
6148.268658 -2.345732 0.031086 11.437819
6148.368658 -2.245732 0.045945 12.593951
