descriptor BJD Tc_folded phase mod 
5950.268658 -2.532714 0.529369 13.815453
5950.368658 -2.432714 0.536348 13.852574
5950.468658 -2.332714 0.543326 13.842218
5950.568658 -2.232714 0.550305 13.782567
5950.668658 -2.132714 0.557284 13.672189
5950.768658 -2.032714 0.564263 13.510093
5950.868658 -1.932714 0.571241 13.295780
5950.968658 -1.832714 0.578220 13.029283
5951.068658 -1.732714 0.585199 12.711195
5951.168658 -1.632714 0.592178 12.342686
5951.268658 -1.532714 0.599156 11.925494
5951.368658 -1.432714 0.606135 11.461915
5951.468658 -1.332714 0.613114 10.954761
5951.568658 -1.232714 0.620093 10.407311
5951.668658 -1.132714 0.627072 9.823248
5951.768658 -1.032714 0.634050 9.206586
5951.868658 -0.932714 0.641029 8.561585
5951.968658 -0.832714 0.648008 7.892669
5952.068658 -0.732714 0.654987 7.204338
5952.168658 -0.632714 0.661965 6.501089
5952.268658 -0.532714 0.668944 5.787338
5952.368658 -0.432714 0.675923 5.067352
5952.468658 -0.332714 0.682902 4.345194
5952.568658 -0.232714 0.689880 3.624672
5952.668658 -0.132714 0.696859 2.909310
5952.768658 -0.032714 0.703838 2.202318
5952.868658 0.067286 0.710817 1.506581
5952.968658 0.167286 0.717795 0.824652
5953.068658 0.267286 0.724774 0.158755
5953.168658 0.367286 0.731753 -0.489203
5953.268658 0.467286 0.738732 -1.117620
5953.368658 0.567286 0.745710 -1.725180
5953.468658 0.667286 0.752689 -2.310833
5953.568658 0.767286 0.759668 -2.873769
5953.668658 0.867286 0.766647 -3.413398
5953.768658 0.967286 0.773625 -3.929324
5953.868658 1.067286 0.780604 -4.421324
5953.968658 1.167286 0.787583 -4.889325
5954.068658 1.267286 0.794562 -5.333384
5954.168658 1.367286 0.801541 -5.753669
5954.268658 1.467286 0.808519 -6.150439
5954.368658 1.567286 0.815498 -6.524032
5954.468658 1.667286 0.822477 -6.874849
5954.568658 1.767286 0.829456 -7.203340
5954.668658 1.867286 0.836434 -7.509994
5954.768658 1.967286 0.843413 -7.795329
5954.868658 2.067286 0.850392 -8.059886
5954.968658 2.167286 0.857371 -8.304218
5955.068658 2.267286 0.864349 -8.528883
5955.168658 2.367286 0.871328 -8.734443
5955.268658 2.467286 0.878307 -8.921460
5955.368658 2.567286 0.885286 -9.090484
5955.468658 2.667286 0.892264 -9.242061
5955.568658 2.767286 0.899243 -9.376722
5955.668658 2.867286 0.906222 -9.494985
5955.768658 2.967286 0.913201 -9.597356
5955.868658 3.067286 0.920179 -9.684319
5955.968658 3.167286 0.927158 -9.756345
5956.068658 3.267286 0.934137 -9.813886
5956.168658 3.367286 0.941116 -9.857376
5956.268658 3.467286 0.948094 -9.887229
5956.368658 3.567286 0.955073 -9.903843
5956.468658 3.667286 0.962052 -9.907597
5956.568658 3.767286 0.969031 -9.898850
5956.668658 3.867286 0.976010 -9.877945
5956.768658 3.967286 0.982988 -9.845208
5956.868658 4.067286 0.989967 -9.800946
5956.968658 4.167286 0.996946 -9.745450
5957.068658 4.267286 0.003925 -9.678997
5957.168658 4.367286 0.010903 -9.601845
5957.268658 4.467286 0.017882 -9.514238
5957.368658 4.567286 0.024861 -9.416407
5957.468658 4.667286 0.031840 -9.308567
5957.568658 4.767286 0.038818 -9.190919
5957.668658 4.867286 0.045797 -9.063653
5957.768658 4.967286 0.052776 -8.926945
5957.868658 5.067286 0.059755 -8.780958
5957.968658 5.167286 0.066733 -8.625847
5958.068658 5.267286 0.073712 -8.461752
5958.168658 5.367286 0.080691 -8.288805
5958.268658 5.467286 0.087670 -8.107127
5958.368658 5.567286 0.094648 -7.916830
5958.468658 5.667286 0.101627 -7.718016
5958.568658 5.767286 0.108606 -7.510780
5958.668658 5.867286 0.115585 -7.295208
5958.768658 5.967286 0.122563 -7.071379
5958.868658 6.067286 0.129542 -6.839364
5958.968658 6.167286 0.136521 -6.599228
5959.068658 6.267286 0.143500 -6.351032
5959.168658 6.367286 0.150479 -6.094828
5959.268658 6.467286 0.157457 -5.830667
5959.368658 6.567286 0.164436 -5.558593
5959.468658 6.667286 0.171415 -5.278648
5959.568658 6.767286 0.178394 -4.990870
5959.668658 6.867286 0.185372 -4.695297
5959.768658 6.967286 0.192351 -4.391962
5959.868658 7.067286 0.199330 -4.080902
5959.968658 -7.161907 0.206309 -3.762150
5960.068658 -7.061907 0.213287 -3.435744
5960.168658 -6.961907 0.220266 -3.101721
5960.268658 -6.861907 0.227245 -2.760125
5960.368658 -6.761907 0.234224 -2.411003
5960.468658 -6.661907 0.241202 -2.054408
5960.568658 -6.561907 0.248181 -1.690401
5960.668658 -6.461907 0.255160 -1.319052
5960.768658 -6.361907 0.262139 -0.940444
5960.868658 -6.261907 0.269117 -0.554671
5960.968658 -6.161907 0.276096 -0.161843
5961.068658 -6.061907 0.283075 0.237910
5961.168658 -5.961907 0.290054 0.644441
5961.268658 -5.861907 0.297032 1.057578
5961.368658 -5.761907 0.304011 1.477120
5961.468658 -5.661907 0.310990 1.902840
5961.568658 -5.561907 0.317969 2.334474
5961.668658 -5.461907 0.324948 2.771720
5961.768658 -5.361907 0.331926 3.214236
5961.868658 -5.261907 0.338905 3.661628
5961.968658 -5.161907 0.345884 4.113453
5962.068658 -5.061907 0.352863 4.569207
5962.168658 -4.961907 0.359841 5.028320
5962.268658 -4.861907 0.366820 5.490154
5962.368658 -4.761907 0.373799 5.953990
5962.468658 -4.661907 0.380778 6.419024
5962.568658 -4.561907 0.387756 6.884359
5962.668658 -4.461907 0.394735 7.348997
5962.768658 -4.361907 0.401714 7.811833
5962.868658 -4.261907 0.408693 8.271642
5962.968658 -4.161907 0.415671 8.727078
5963.068658 -4.061907 0.422650 9.176665
5963.168658 -3.961907 0.429629 9.618786
5963.268658 -3.861907 0.436608 10.051687
5963.368658 -3.761907 0.443586 10.473465
5963.468658 -3.661907 0.450565 10.882070
5963.568658 -3.561907 0.457544 11.275306
5963.668658 -3.461907 0.464523 11.650836
5963.768658 -3.361907 0.471501 12.006186
5963.868658 -3.261907 0.478480 12.338763
5963.968658 -3.161907 0.485459 12.645865
5964.068658 -3.061907 0.492438 12.924709
5964.168658 -2.961907 0.499417 13.172458
5964.268658 -2.861907 0.506395 13.386253
5964.368658 -2.761907 0.513374 13.563260
5964.468658 -2.661907 0.520353 13.700711
5964.568658 -2.561907 0.527332 13.795964
5964.668658 -2.461907 0.534310 13.846555
5964.768658 -2.361907 0.541289 13.850262
5964.868658 -2.261907 0.548268 13.805168
5964.968658 -2.161907 0.555247 13.709721
5965.068658 -2.061907 0.562225 13.562798
5965.168658 -1.961907 0.569204 13.363749
5965.268658 -1.861907 0.576183 13.112450
5965.368658 -1.761907 0.583162 12.809328
5965.468658 -1.661907 0.590140 12.455383
5965.568658 -1.561907 0.597119 12.052190
5965.668658 -1.461907 0.604098 11.601884
5965.768658 -1.361907 0.611077 11.107131
5965.868658 -1.261907 0.618055 10.571080
5965.968658 -1.161907 0.625034 9.997304
5966.068658 -1.061907 0.632013 9.389728
5966.168658 -0.961907 0.638992 8.752548
5966.268658 -0.861907 0.645971 8.090150
5966.368658 -0.761907 0.652949 7.407021
5966.468658 -0.661907 0.659928 6.707666
5966.568658 -0.561907 0.666907 5.996532
5966.668658 -0.461907 0.673886 5.277936
5966.768658 -0.361907 0.680864 4.556005
5966.868658 -0.261907 0.687843 3.834629
5966.968658 -0.161907 0.694822 3.117414
5967.068658 -0.061907 0.701801 2.407667
5967.168658 0.038093 0.708779 1.708365
5967.268658 0.138093 0.715758 1.022161
5967.368658 0.238093 0.722737 0.351372
5967.468658 0.338093 0.729716 -0.302001
5967.568658 0.438093 0.736694 -0.936271
5967.668658 0.538093 0.743673 -1.550040
5967.768658 0.638093 0.750652 -2.142182
5967.868658 0.738093 0.757631 -2.711820
5967.968658 0.838093 0.764609 -3.258302
5968.068658 0.938093 0.771588 -3.781178
5968.168658 1.038093 0.778567 -4.280176
5968.268658 1.138093 0.785546 -4.755183
5968.368658 1.238093 0.792524 -5.206218
5968.468658 1.338093 0.799503 -5.633420
5968.568658 1.438093 0.806482 -6.037023
5968.668658 1.538093 0.813461 -6.417344
5968.768658 1.638093 0.820440 -6.774765
5968.868658 1.738093 0.827418 -7.109724
5968.968658 1.838093 0.834397 -7.422700
5969.068658 1.938093 0.841376 -7.714204
5969.168658 2.038093 0.848355 -7.984771
5969.268658 2.138093 0.855333 -8.234948
5969.368658 2.238093 0.862312 -8.465296
5969.468658 2.338093 0.869291 -8.676376
5969.568658 2.438093 0.876270 -8.868749
5969.668658 2.538093 0.883248 -9.042969
5969.768658 2.638093 0.890227 -9.199583
5969.868658 2.738093 0.897206 -9.339128
5969.968658 2.838093 0.904185 -9.462126
5970.068658 2.938093 0.911163 -9.569085
5970.168658 3.038093 0.918142 -9.660497
5970.268658 3.138093 0.925121 -9.736836
5970.368658 3.238093 0.932100 -9.798560
5970.468658 3.338093 0.939078 -9.846108
5970.568658 3.438093 0.946057 -9.879900
5970.668658 3.538093 0.953036 -9.900339
5970.768658 3.638093 0.960015 -9.907809
5970.868658 3.738093 0.966993 -9.902675
5970.968658 3.838093 0.973972 -9.885285
5971.068658 3.938093 0.980951 -9.855969
5971.168658 4.038093 0.987930 -9.815041
5971.268658 4.138093 0.994909 -9.762795
5971.368658 4.238093 0.001887 -9.699513
5971.468658 4.338093 0.008866 -9.625459
5971.568658 4.438093 0.015845 -9.540880
5971.668658 4.538093 0.022824 -9.446010
5971.768658 4.638093 0.029802 -9.341070
5971.868658 4.738093 0.036781 -9.226266
5971.968658 4.838093 0.043760 -9.101789
5972.068658 4.938093 0.050739 -8.967819
5972.168658 5.038093 0.057717 -8.824525
5972.268658 5.138093 0.064696 -8.672063
5972.368658 5.238093 0.071675 -8.510576
5972.468658 5.338093 0.078654 -8.340201
5972.568658 5.438093 0.085632 -8.161059
5972.668658 5.538093 0.092611 -7.973267
5972.768658 5.638093 0.099590 -7.776930
5972.868658 5.738093 0.106569 -7.572143
5972.968658 5.838093 0.113547 -7.358996
5973.068658 5.938093 0.120526 -7.137569
5973.168658 6.038093 0.127505 -6.907937
5973.268658 6.138093 0.134484 -6.670166
5973.368658 6.238093 0.141462 -6.424316
5973.468658 6.338093 0.148441 -6.170445
5973.568658 6.438093 0.155420 -5.908602
5973.668658 6.538093 0.162399 -5.638834
5973.768658 6.638093 0.169378 -5.361182
5973.868658 6.738093 0.176356 -5.075687
5973.968658 6.838093 0.183335 -4.782386
5974.068658 6.938093 0.190314 -4.481313
5974.168658 7.038093 0.197293 -4.172505
5974.268658 7.138093 0.204271 -3.855995
5974.368658 -7.091099 0.211250 -3.531819
5974.468658 -6.991099 0.218229 -3.200016
5974.568658 -6.891099 0.225208 -2.860626
5974.668658 -6.791099 0.232186 -2.513696
5974.768658 -6.691099 0.239165 -2.159276
5974.868658 -6.591099 0.246144 -1.797426
5974.968658 -6.491099 0.253123 -1.428212
5975.068658 -6.391099 0.260101 -1.051714
5975.168658 -6.291099 0.267080 -0.668022
5975.268658 -6.191099 0.274059 -0.277242
5975.368658 -6.091099 0.281038 0.120504
5975.468658 -5.991099 0.288016 0.525074
5975.568658 -5.891099 0.294995 0.936301
5975.668658 -5.791099 0.301974 1.353995
5975.768658 -5.691099 0.308953 1.777937
5975.868658 -5.591099 0.315931 2.207874
5975.968658 -5.491099 0.322910 2.643516
5976.068658 -5.391099 0.329889 3.084532
5976.168658 -5.291099 0.336868 3.530544
5976.268658 -5.191099 0.343847 3.981124
5976.368658 -5.091099 0.350825 4.435786
5976.468658 -4.991099 0.357804 4.893982
5976.568658 -4.891099 0.364783 5.355092
5976.668658 -4.791099 0.371762 5.818423
5976.768658 -4.691099 0.378740 6.283196
5976.868658 -4.591099 0.385719 6.748541
5976.968658 -4.491099 0.392698 7.213492
5977.068658 -4.391099 0.399677 7.676975
5977.168658 -4.291099 0.406655 8.137801
5977.268658 -4.191099 0.413634 8.594661
5977.368658 -4.091099 0.420613 9.046116
5977.468658 -3.991099 0.427592 9.490592
5977.568658 -3.891099 0.434570 9.926374
5977.668658 -3.791099 0.441549 10.351604
5977.768658 -3.691099 0.448528 10.764275
5977.868658 -3.591099 0.455507 11.162233
5977.968658 -3.491099 0.462485 11.543182
5978.068658 -3.391099 0.469464 11.904686
5978.168658 -3.291099 0.476443 12.244186
5978.268658 -3.191099 0.483422 12.559010
5978.368658 -3.091099 0.490400 12.846394
5978.468658 -2.991099 0.497379 13.103516
5978.568658 -2.891099 0.504358 13.327518
5978.668658 -2.791099 0.511337 13.515554
5978.768658 -2.691099 0.518316 13.664832
5978.868658 -2.591099 0.525294 13.772668
5978.968658 -2.491099 0.532273 13.836538
5979.068658 -2.391099 0.539252 13.854145
5979.168658 -2.291099 0.546231 13.823474
5979.268658 -2.191099 0.553209 13.742864
5979.368658 -2.091099 0.560188 13.611057
5979.468658 -1.991099 0.567167 13.427261
5979.568658 -1.891099 0.574146 13.191196
5979.668658 -1.791099 0.581124 12.903125
5979.768658 -1.691099 0.588103 12.563879
5979.868658 -1.591099 0.595082 12.174867
5979.968658 -1.491099 0.602061 11.738062
5980.068658 -1.391099 0.609039 11.255979
5980.168658 -1.291099 0.616018 10.731633
5980.268658 -1.191099 0.622997 10.168478
5980.368658 -1.091099 0.629976 9.570346
5980.468658 -0.991099 0.636954 8.941362
5980.568658 -0.891099 0.643933 8.285865
5980.668658 -0.791099 0.650912 7.608321
5980.768658 -0.691099 0.657891 6.913239
5980.868658 -0.591099 0.664870 6.205090
5980.968658 -0.491099 0.671848 5.488237
5981.068658 -0.391099 0.678827 4.766866
5981.168658 -0.291099 0.685806 4.044942
5981.268658 -0.191099 0.692785 3.326157
5981.368658 -0.091099 0.699763 2.613907
5981.468658 0.008901 0.706742 1.911267
5981.568658 0.108901 0.713721 1.220985
5981.668658 0.208901 0.720700 0.545476
5981.768658 0.308901 0.727678 -0.113169
5981.868658 0.408901 0.734657 -0.753173
5981.968658 0.508901 0.741636 -1.373055
5982.068658 0.608901 0.748615 -1.971612
5982.168658 0.708901 0.755593 -2.547896
5982.268658 0.808901 0.762572 -3.101193
5982.368658 0.908901 0.769551 -3.630996
5982.468658 1.008901 0.776530 -4.136983
5982.568658 1.108901 0.783508 -4.618997
5982.668658 1.208901 0.790487 -5.077021
5982.768658 1.308901 0.797466 -5.511160
5982.868658 1.408901 0.804445 -5.921623
5982.968658 1.508901 0.811423 -6.308703
5983.068658 1.608901 0.818402 -6.672766
5983.168658 1.708901 0.825381 -7.014235
5983.268658 1.808901 0.832360 -7.333577
5983.368658 1.908901 0.839339 -7.631295
5983.468658 2.008901 0.846317 -7.907917
5983.568658 2.108901 0.853296 -8.163990
5983.668658 2.208901 0.860275 -8.400068
5983.768658 2.308901 0.867254 -8.616715
5983.868658 2.408901 0.874232 -8.814491
5983.968658 2.508901 0.881211 -8.993953
5984.068658 2.608901 0.888190 -9.155651
5984.168658 2.708901 0.895169 -9.300124
5984.268658 2.808901 0.902147 -9.427900
5984.368658 2.908901 0.909126 -9.539489
5984.468658 3.008901 0.916105 -9.635390
5984.568658 3.108901 0.923084 -9.716081
5984.668658 3.208901 0.930062 -9.782025
5984.768658 3.308901 0.937041 -9.833667
5984.868658 3.408901 0.944020 -9.871433
5984.968658 3.508901 0.950999 -9.895729
5985.068658 3.608901 0.957977 -9.906947
5985.168658 3.708901 0.964956 -9.905455
5985.268658 3.808901 0.971935 -9.891608
5985.368658 3.908901 0.978914 -9.865741
5985.468658 4.008901 0.985892 -9.828171
5985.568658 4.108901 0.992871 -9.779200
5985.668658 4.208901 0.999850 -9.719112
5985.768658 4.308901 0.006829 -9.648176
5985.868658 4.408901 0.013808 -9.566644
5985.968658 4.508901 0.020786 -9.474756
5986.068658 4.608901 0.027765 -9.372734
5986.168658 4.708901 0.034744 -9.260788
5986.268658 4.808901 0.041723 -9.139116
5986.368658 4.908901 0.048701 -9.007899
5986.468658 5.008901 0.055680 -8.867311
5986.568658 5.108901 0.062659 -8.717509
5986.668658 5.208901 0.069638 -8.558643
5986.768658 5.308901 0.076616 -8.390849
5986.868658 5.408901 0.083595 -8.214254
5986.968658 5.508901 0.090574 -8.028977
5987.068658 5.608901 0.097553 -7.835123
5987.168658 5.708901 0.104531 -7.632794
5987.268658 5.808901 0.111510 -7.422078
5987.368658 5.908901 0.118489 -7.203061
5987.468658 6.008901 0.125468 -6.975817
5987.568658 6.108901 0.132446 -6.740415
5987.668658 6.208901 0.139425 -6.496918
5987.768658 6.308901 0.146404 -6.245383
5987.868658 6.408901 0.153383 -5.985862
5987.968658 6.508901 0.160361 -5.718403
5988.068658 6.608901 0.167340 -5.443048
5988.168658 6.708901 0.174319 -5.159839
5988.268658 6.808901 0.181298 -4.868813
5988.368658 6.908901 0.188277 -4.570005
5988.468658 7.008901 0.195255 -4.263451
5988.568658 7.108901 0.202234 -3.949186
5988.668658 -7.120292 0.209213 -3.627244
5988.768658 -7.020292 0.216192 -3.297664
5988.868658 -6.920292 0.223170 -2.960484
5988.968658 -6.820292 0.230149 -2.615750
5989.068658 -6.720292 0.237128 -2.263511
5989.168658 -6.620292 0.244107 -1.903823
5989.268658 -6.520292 0.251085 -1.536752
5989.368658 -6.420292 0.258064 -1.162372
5989.468658 -6.320292 0.265043 -0.780769
5989.568658 -6.220292 0.272022 -0.392046
5989.668658 -6.120292 0.279000 0.003680
5989.768658 -6.020292 0.285979 0.406273
5989.868658 -5.920292 0.292958 0.815576
5989.968658 -5.820292 0.299937 1.231404
5990.068658 -5.720292 0.306915 1.653546
5990.168658 -5.620292 0.313894 2.081761
5990.268658 -5.520292 0.320873 2.515770
5990.368658 -5.420292 0.327852 2.955254
5990.468658 -5.320292 0.334830 3.399849
5990.568658 -5.220292 0.341809 3.849143
5990.668658 -5.120292 0.348788 4.302668
5990.768658 -5.020292 0.355767 4.759893
5990.868658 -4.920292 0.362746 5.220220
5990.968658 -4.820292 0.369724 5.682979
5991.068658 -4.720292 0.376703 6.147417
5991.168658 -4.620292 0.383682 6.612691
5991.268658 -4.520292 0.390661 7.077863
5991.368658 -4.420292 0.397639 7.541892
5991.468658 -4.320292 0.404618 8.003623
5991.568658 -4.220292 0.411597 8.461784
5991.668658 -4.120292 0.418576 8.914973
5991.768658 -4.020292 0.425554 9.361657
5991.868658 -3.920292 0.432533 9.800163
5991.968658 -3.820292 0.439512 10.228675
5992.068658 -3.720292 0.446491 10.645228
5992.168658 -3.620292 0.453469 11.047712
5992.268658 -3.520292 0.460448 11.433872
5992.368658 -3.420292 0.467427 11.801312
5992.468658 -3.320292 0.474406 12.147507
5992.568658 -3.220292 0.481384 12.469816
5992.668658 -3.120292 0.488363 12.765501
5992.768658 -3.020292 0.495342 13.031751
5992.868658 -2.920292 0.502321 13.265717
5992.968658 -2.820292 0.509299 13.464544
5993.068658 -2.720292 0.516278 13.625420
5993.168658 -2.620292 0.523257 13.745623
5993.268658 -2.520292 0.530236 13.822577
5993.368658 -2.420292 0.537215 13.853911
5993.468658 -2.320292 0.544193 13.837523
5993.568658 -2.220292 0.551172 13.771640
5993.668658 -2.120292 0.558151 13.654882
5993.768658 -2.020292 0.565130 13.486316
5993.868658 -1.920292 0.572108 13.265507
5993.968658 -1.820292 0.579087 12.992557
5994.068658 -1.720292 0.586066 12.668131
5994.168658 -1.620292 0.593045 12.293468
5994.268658 -1.520292 0.600023 11.870378
5994.368658 -1.420292 0.607002 11.401223
5994.468658 -1.320292 0.613981 10.888876
5994.568658 -1.220292 0.620960 10.336669
5994.668658 -1.120292 0.627938 9.748333
5994.768658 -1.020292 0.634917 9.127915
5994.868658 -0.920292 0.641896 8.479700
5994.968658 -0.820292 0.648875 7.808127
5995.068658 -0.720292 0.655853 7.117699
5995.168658 -0.620292 0.662832 6.412908
5995.268658 -0.520292 0.669811 5.698154
5995.368658 -0.420292 0.676790 4.977682
5995.468658 -0.320292 0.683769 4.255525
5995.568658 -0.220292 0.690747 3.535459
5995.668658 -0.120292 0.697726 2.820969
5995.768658 -0.020292 0.704705 2.115225
5995.868658 0.079708 0.711684 1.421071
5995.968658 0.179708 0.718662 0.741019
5996.068658 0.279708 0.725641 0.077253
5996.168658 0.379708 0.732620 -0.568359
5996.268658 0.479708 0.739599 -1.194251
5996.368658 0.579708 0.746577 -1.799142
5996.468658 0.679708 0.753556 -2.382012
5996.568658 0.779708 0.760535 -2.942081
5996.668658 0.879708 0.767514 -3.478783
5996.768658 0.979708 0.774492 -3.991746
5996.868658 1.079708 0.781471 -4.480765
5996.968658 1.179708 0.788450 -4.945787
5997.068658 1.279708 0.795429 -5.386882
5997.168658 1.379708 0.802407 -5.804229
5997.268658 1.479708 0.809386 -6.198101
5997.368658 1.579708 0.816365 -6.568842
5997.468658 1.679708 0.823344 -6.916860
5997.568658 1.779708 0.830322 -7.242611
5997.668658 1.879708 0.837301 -7.546588
5997.768658 1.979708 0.844280 -7.829312
5997.868658 2.079708 0.851259 -8.091327
5997.968658 2.179708 0.858238 -8.333184
5998.068658 2.279708 0.865216 -8.555446
5998.168658 2.379708 0.872195 -8.758672
5998.268658 2.479708 0.879174 -8.943424
5998.368658 2.579708 0.886153 -9.110251
5998.468658 2.679708 0.893131 -9.259698
5998.568658 2.779708 0.900110 -9.392294
5998.668658 2.879708 0.907089 -9.508557
5998.768658 2.979708 0.914068 -9.608987
5998.868658 3.079708 0.921046 -9.694069
5998.968658 3.179708 0.928025 -9.764272
5999.068658 3.279708 0.935004 -9.820044
5999.168658 3.379708 0.941983 -9.861818
5999.268658 3.479708 0.948961 -9.890005
5999.368658 3.579708 0.955940 -9.905002
5999.468658 3.679708 0.962919 -9.907183
5999.568658 3.779708 0.969898 -9.896907
5999.668658 3.879708 0.976876 -9.874516
5999.768658 3.979708 0.983855 -9.840330
5999.868658 4.079708 0.990834 -9.794657
5999.968658 4.179708 0.997813 -9.737786
6000.068658 4.279708 0.004791 -9.669990
6000.168658 4.379708 0.011770 -9.591526
6000.268658 4.479708 0.018749 -9.502637
6000.368658 4.579708 0.025728 -9.403551
6000.468658 4.679708 0.032707 -9.294482
6000.568658 4.779708 0.039685 -9.175629
6000.668658 4.879708 0.046664 -9.047181
6000.768658 4.979708 0.053643 -8.909311
6000.868658 5.079708 0.060622 -8.762184
6000.968658 5.179708 0.067600 -8.605949
6001.068658 5.279708 0.074579 -8.440747
6001.168658 5.379708 0.081558 -8.266709
6001.268658 5.479708 0.088537 -8.083955
6001.368658 5.579708 0.095515 -7.892594
6001.468658 5.679708 0.102494 -7.692729
6001.568658 5.779708 0.109473 -7.484453
6001.668658 5.879708 0.116452 -7.267851
6001.768658 5.979708 0.123430 -7.043001
6001.868658 6.079708 0.130409 -6.809974
6001.968658 6.179708 0.137388 -6.568834
6002.068658 6.279708 0.144367 -6.319640
6002.168658 6.379708 0.151345 -6.062445
6002.268658 6.479708 0.158324 -5.797299
6002.368658 6.579708 0.165303 -5.524245
6002.468658 6.679708 0.172282 -5.243325
6002.568658 6.779708 0.179260 -4.954577
6002.668658 6.879708 0.186239 -4.658037
6002.768658 6.979708 0.193218 -4.353741
6002.868658 7.079708 0.200197 -4.041723
6002.968658 -7.149484 0.207176 -3.722019
6003.068658 -7.049484 0.214154 -3.394664
6003.168658 -6.949484 0.221133 -3.059698
6003.268658 -6.849484 0.228112 -2.717165
6003.368658 -6.749484 0.235091 -2.367111
6003.468658 -6.649484 0.242069 -2.009592
6003.568658 -6.549484 0.249048 -1.644669
6003.668658 -6.449484 0.256027 -1.272414
6003.768658 -6.349484 0.263006 -0.892910
6003.868658 -6.249484 0.269984 -0.506254
6003.968658 -6.149484 0.276963 -0.112559
6004.068658 -6.049484 0.283942 0.288045
6004.168658 -5.949484 0.290921 0.695407
6004.268658 -5.849484 0.297899 1.109350
6004.368658 -5.749484 0.304878 1.529673
6004.468658 -5.649484 0.311857 1.956142
6004.568658 -5.549484 0.318836 2.388491
6004.668658 -5.449484 0.325814 2.826412
6004.768658 -5.349484 0.332793 3.269555
6004.868658 -5.249484 0.339772 3.717524
6004.968658 -5.149484 0.346751 4.169865
6005.068658 -5.049484 0.353729 4.626068
6005.168658 -4.949484 0.360708 5.085556
6005.268658 -4.849484 0.367687 5.547680
6005.368658 -4.749484 0.374666 6.011710
6005.468658 -4.649484 0.381645 6.476832
6005.568658 -4.549484 0.388623 6.942137
6005.668658 -4.449484 0.395602 7.406614
6005.768658 -4.349484 0.402581 7.869142
6005.868658 -4.249484 0.409560 8.328484
6005.968658 -4.149484 0.416538 8.783277
6006.068658 -4.049484 0.423517 9.232027
6006.168658 -3.949484 0.430496 9.673101
6006.268658 -3.849484 0.437475 10.104727
6006.368658 -3.749484 0.444453 10.524983
6006.468658 -3.649484 0.451432 10.931801
6006.568658 -3.549484 0.458411 11.322967
6006.668658 -3.449484 0.465390 11.696128
6006.768658 -3.349484 0.472368 12.048793
6006.868658 -3.249484 0.479347 12.378354
6006.968658 -3.149484 0.486326 12.682099
6007.068658 -3.049484 0.493305 12.957235
6007.168658 -2.949484 0.500283 13.200921
6007.268658 -2.849484 0.507262 13.410300
6007.368658 -2.749484 0.514241 13.582541
6007.468658 -2.649484 0.521220 13.714892
6007.568658 -2.549484 0.528198 13.804726
6007.668658 -2.449484 0.535177 13.849608
6007.768658 -2.349484 0.542156 13.847350
6007.868658 -2.249484 0.549135 13.796077
6007.968658 -2.149484 0.556114 13.694288
6008.068658 -2.049484 0.563092 13.540914
6008.168658 -1.949484 0.570071 13.335371
6008.268658 -1.849484 0.577050 13.077599
6008.368658 -1.749484 0.584029 12.768098
6008.468658 -1.649484 0.591007 12.407938
6008.568658 -1.549484 0.597986 11.998765
6008.668658 -1.449484 0.604965 11.542783
6008.768658 -1.349484 0.611944 11.042719
6008.868658 -1.249484 0.618922 10.501780
6008.968658 -1.149484 0.625901 9.923585
6009.068658 -1.049484 0.632880 9.312098
6009.168658 -0.949484 0.639859 8.671544
6009.268658 -0.849484 0.646837 8.006326
6009.368658 -0.749484 0.653816 7.320936
6009.468658 -0.649484 0.660795 6.619878
6009.568658 -0.549484 0.667774 5.907586
6009.668658 -0.449484 0.674752 5.188355
6009.768658 -0.349484 0.681731 4.466288
6009.868658 -0.249484 0.688710 3.745238
6009.968658 -0.149484 0.695689 3.028778
6010.068658 -0.049484 0.702668 2.320172
6010.168658 0.050516 0.709646 1.622360
6010.268658 0.150516 0.716625 0.937951
6010.368658 0.250516 0.723604 0.269224
6010.468658 0.350516 0.730583 -0.381862
6010.568658 0.450516 0.737561 -1.013655
6010.668658 0.550516 0.744540 -1.624794
6010.768658 0.650516 0.751519 -2.214184
6010.868658 0.750516 0.758498 -2.780976
6010.968658 0.850516 0.765476 -3.324546
6011.068658 0.950516 0.772455 -3.844467
6011.168658 1.050516 0.779434 -4.340488
6011.268658 1.150516 0.786413 -4.812514
6011.368658 1.250516 0.793391 -5.260579
6011.468658 1.350516 0.800370 -5.684835
6011.568658 1.450516 0.807349 -6.085527
6011.668658 1.550516 0.814328 -6.462981
6011.768658 1.650516 0.821306 -6.817587
6011.868658 1.750516 0.828285 -7.149788
6011.968658 1.850516 0.835264 -7.460069
6012.068658 1.950516 0.842243 -7.748943
6012.168658 2.050516 0.849221 -8.016946
6012.268658 2.150516 0.856200 -8.264630
6012.368658 2.250516 0.863179 -8.492554
6012.468658 2.350516 0.870158 -8.701280
6012.568658 2.450516 0.877137 -8.891367
6012.668658 2.550516 0.884115 -9.063370
6012.768658 2.650516 0.891094 -9.217835
6012.868658 2.750516 0.898073 -9.355297
6012.968658 2.850516 0.905052 -9.476275
6013.068658 2.950516 0.912030 -9.581276
6013.168658 3.050516 0.919009 -9.670790
6013.268658 3.150516 0.925988 -9.745289
6013.368658 3.250516 0.932967 -9.805229
6013.468658 3.350516 0.939945 -9.851045
6013.568658 3.450516 0.946924 -9.883157
6013.668658 3.550516 0.953903 -9.901965
6013.768658 3.650516 0.960882 -9.907849
6013.868658 3.750516 0.967860 -9.901174
6013.968658 3.850516 0.974839 -9.882285
6014.068658 3.950516 0.981818 -9.851510
6014.168658 4.050516 0.988797 -9.809160
6014.268658 4.150516 0.995775 -9.755529
6014.368658 4.250516 0.002754 -9.690895
6014.468658 4.350516 0.009733 -9.615520
6014.568658 4.450516 0.016712 -9.529650
6014.668658 4.550516 0.023690 -9.433518
6014.768658 4.650516 0.030669 -9.327342
6014.868658 4.750516 0.037648 -9.211325
6014.968658 4.850516 0.044627 -9.085659
6015.068658 4.950516 0.051606 -8.950523
6015.168658 5.050516 0.058584 -8.806082
6015.268658 5.150516 0.065563 -8.652490
6015.368658 5.250516 0.072542 -8.489893
6015.468658 5.350516 0.079521 -8.318422
6015.568658 5.450516 0.086499 -8.138200
6015.668658 5.550516 0.093478 -7.949341
6015.768658 5.650516 0.100457 -7.751948
6015.868658 5.750516 0.107436 -7.546119
6015.968658 5.850516 0.114414 -7.331939
6016.068658 5.950516 0.121393 -7.109489
6016.168658 6.050516 0.128372 -6.878842
6016.268658 6.150516 0.135351 -6.640064
6016.368658 6.250516 0.142329 -6.393215
6016.468658 6.350516 0.149308 -6.138351
6016.568658 6.450516 0.156287 -5.875521
6016.668658 6.550516 0.163266 -5.604771
6016.768658 6.650516 0.170244 -5.326143
6016.868658 6.750516 0.177223 -5.039677
6016.968658 6.850516 0.184202 -4.745408
6017.068658 6.950516 0.191181 -4.443373
6017.168658 7.050516 0.198159 -4.133605
6017.268658 7.150516 0.205138 -3.816141
6017.368658 -7.078677 0.212117 -3.491016
6017.468658 -6.978677 0.219096 -3.158268
6017.568658 -6.878677 0.226075 -2.817939
6017.668658 -6.778677 0.233053 -2.470075
6017.768658 -6.678677 0.240032 -2.114729
6017.868658 -6.578677 0.247011 -1.751960
6017.968658 -6.478677 0.253990 -1.381838
6018.068658 -6.378677 0.260968 -1.004440
6018.168658 -6.278677 0.267947 -0.619862
6018.268658 -6.178677 0.274926 -0.228209
6018.368658 -6.078677 0.281905 0.170393
6018.468658 -5.978677 0.288883 0.575799
6018.568658 -5.878677 0.295862 0.987840
6018.668658 -5.778677 0.302841 1.406324
6018.768658 -5.678677 0.309820 1.831025
6018.868658 -5.578677 0.316798 2.261687
6018.968658 -5.478677 0.323777 2.698015
6019.068658 -5.378677 0.330756 3.139673
6019.168658 -5.278677 0.337735 3.586277
6019.268658 -5.178677 0.344713 4.037392
6019.368658 -5.078677 0.351692 4.492524
6019.468658 -4.978677 0.358671 4.951117
6019.568658 -4.878677 0.365650 5.412543
6019.668658 -4.778677 0.372628 5.876097
6019.768658 -4.678677 0.379607 6.340990
6019.868658 -4.578677 0.386586 6.806341
6019.968658 -4.478677 0.393565 7.271170
6020.068658 -4.378677 0.400544 7.734390
6020.168658 -4.278677 0.407522 8.194797
6020.268658 -4.178677 0.414501 8.651066
6020.368658 -4.078677 0.421480 9.101743
6020.468658 -3.978677 0.428459 9.545235
6020.568658 -3.878677 0.435437 9.979811
6020.668658 -3.778677 0.442416 10.403593
6020.768658 -3.678677 0.449395 10.814556
6020.868658 -3.578677 0.456374 11.210529
6020.968658 -3.478677 0.463352 11.589197
6021.068658 -3.378677 0.470331 11.948110
6021.168658 -3.278677 0.477310 12.284692
6021.268658 -3.178677 0.484289 12.596259
6021.368658 -3.078677 0.491267 12.880039
6021.468658 -2.978677 0.498246 13.133202
6021.568658 -2.878677 0.505225 13.352890
6021.668658 -2.778677 0.512204 13.536262
6021.768658 -2.678677 0.519182 13.680535
6021.868658 -2.578677 0.526161 13.783043
6021.968658 -2.478677 0.533140 13.841286
6022.068658 -2.378677 0.540119 13.852998
6022.168658 -2.278677 0.547097 13.816207
6022.268658 -2.178677 0.554076 13.729296
6022.368658 -2.078677 0.561055 13.591064
6022.468658 -1.978677 0.568034 13.400780
6022.568658 -1.878677 0.575013 13.158229
6022.668658 -1.778677 0.581991 12.863743
6022.768658 -1.678677 0.588970 12.518227
6022.868658 -1.578677 0.595949 12.123159
6022.968658 -1.478677 0.602928 11.680583
6023.068658 -1.378677 0.609906 11.193076
6023.168658 -1.278677 0.616885 10.663713
6023.268658 -1.178677 0.623864 10.095998
6023.368658 -1.078677 0.630843 9.493803
6023.468658 -0.978677 0.637821 8.861286
6023.568658 -0.878677 0.644800 8.202806
6023.668658 -0.778677 0.651779 7.522838
6023.768658 -0.678677 0.658758 6.825892
6023.868658 -0.578677 0.665736 6.116427
6023.968658 -0.478677 0.672715 5.398789
6024.068658 -0.378677 0.679694 4.677139
6024.168658 -0.278677 0.686673 3.955410
6024.268658 -0.178677 0.693651 3.237259
6024.368658 -0.078677 0.700630 2.526042
6024.468658 0.021323 0.707609 1.824794
6024.568658 0.121323 0.714588 1.136222
6024.668658 0.221323 0.721567 0.462701
6024.768658 0.321323 0.728545 -0.193719
6024.868658 0.421323 0.735524 -0.831298
6024.968658 0.521323 0.742503 -1.448591
6025.068658 0.621323 0.749482 -2.044428
6025.168658 0.721323 0.756460 -2.617891
6025.268658 0.821323 0.763439 -3.168293
6025.368658 0.921323 0.770418 -3.695151
6025.468658 1.021323 0.777397 -4.198165
6025.568658 1.121323 0.784375 -4.677197
6025.668658 1.221323 0.791354 -5.132246
6025.768658 1.321323 0.798333 -5.563431
6025.868658 1.421323 0.805312 -5.970972
6025.968658 1.521323 0.812290 -6.355172
6026.068658 1.621323 0.819269 -6.716404
6026.168658 1.721323 0.826248 -7.055098
6026.268658 1.821323 0.833227 -7.371726
6026.368658 1.921323 0.840205 -7.666794
6026.468658 2.021323 0.847184 -7.940834
6026.568658 2.121323 0.854163 -8.194392
6026.668658 2.221323 0.861142 -8.428026
6026.768658 2.321323 0.868120 -8.642298
6026.868658 2.421323 0.875099 -8.837769
6026.968658 2.521323 0.882078 -9.014995
6027.068658 2.621323 0.889057 -9.174524
6027.168658 2.721323 0.896036 -9.316895
6027.268658 2.821323 0.903014 -9.442632
6027.368658 2.921323 0.909993 -9.552246
6027.468658 3.021323 0.916972 -9.646231
6027.568658 3.121323 0.923951 -9.725066
6027.668658 3.221323 0.930929 -9.789210
6027.768658 3.321323 0.937908 -9.839105
6027.868658 3.421323 0.944887 -9.875175
6027.968658 3.521323 0.951866 -9.897827
6028.068658 3.621323 0.958844 -9.907445
6028.168658 3.721323 0.965823 -9.904400
6028.268658 3.821323 0.972802 -9.889042
6028.368658 3.921323 0.979781 -9.861704
6028.468658 4.021323 0.986759 -9.822702
6028.568658 4.121323 0.993738 -9.772335
6028.668658 4.221323 0.000717 -9.710885
6028.768658 4.321323 0.007696 -9.638619
6028.868658 4.421323 0.014674 -9.555788
6028.968658 4.521323 0.021653 -9.462629
6029.068658 4.621323 0.028632 -9.359363
6029.168658 4.721323 0.035611 -9.246199
6029.268658 4.821323 0.042589 -9.123331
6029.368658 4.921323 0.049568 -8.990942
6029.468658 5.021323 0.056547 -8.849200
6029.568658 5.121323 0.063526 -8.698265
6029.668658 5.221323 0.070505 -8.538282
6029.768658 5.321323 0.077483 -8.369388
6029.868658 5.421323 0.084462 -8.191709
6029.968658 5.521323 0.091441 -8.005360
6030.068658 5.621323 0.098420 -7.810448
6030.168658 5.721323 0.105398 -7.607072
6030.268658 5.821323 0.112377 -7.395322
6030.368658 5.921323 0.119356 -7.175278
6030.468658 6.021323 0.126335 -6.947017
6030.568658 6.121323 0.133313 -6.710606
6030.668658 6.221323 0.140292 -6.466108
6030.768658 6.321323 0.147271 -6.213578
6030.868658 6.421323 0.154250 -5.953068
6030.968658 6.521323 0.161228 -5.684626
6031.068658 6.621323 0.168207 -5.408294
6031.168658 6.721323 0.175186 -5.124112
6031.268658 6.821323 0.182165 -4.832117
6031.368658 6.921323 0.189143 -4.532345
6031.468658 7.021323 0.196122 -4.224831
6031.568658 7.121323 0.203101 -3.909610
6031.668658 -7.107870 0.210080 -3.586718
6031.768658 -7.007870 0.217058 -3.256191
6031.868658 -6.907870 0.224037 -2.918070
6031.968658 -6.807870 0.231016 -2.572401
6032.068658 -6.707870 0.237995 -2.219234
6032.168658 -6.607870 0.244974 -1.858625
6032.268658 -6.507870 0.251952 -1.490642
6032.368658 -6.407870 0.258931 -1.115359
6032.468658 -6.307870 0.265910 -0.732866
6032.568658 -6.207870 0.272889 -0.343267
6032.668658 -6.107870 0.279867 0.053321
6032.768658 -6.007870 0.286846 0.456756
6032.868658 -5.907870 0.293825 0.866880
6032.968658 -5.807870 0.300804 1.283504
6033.068658 -5.707870 0.307782 1.706415
6033.168658 -5.607870 0.314761 2.135366
6033.268658 -5.507870 0.321740 2.570073
6033.368658 -5.407870 0.328719 3.010212
6033.468658 -5.307870 0.335697 3.455415
6033.568658 -5.207870 0.342676 3.905261
6033.668658 -5.107870 0.349655 4.359276
6033.768658 -5.007870 0.356634 4.816920
6033.868658 -4.907870 0.363612 5.277588
6033.968658 -4.807870 0.370591 5.740598
6034.068658 -4.707870 0.377570 6.205187
6034.168658 -4.607870 0.384549 6.670501
6034.268658 -4.507870 0.391527 7.135590
6034.368658 -4.407870 0.398506 7.599399
6034.468658 -4.307870 0.405485 8.060759
6034.568658 -4.207870 0.412464 8.518380
6034.668658 -4.107870 0.419443 8.970848
6034.768658 -4.007870 0.426421 9.416610
6034.868658 -3.907870 0.433400 9.853976
6034.968658 -3.807870 0.440379 10.281112
6035.068658 -3.707870 0.447358 10.696035
6035.168658 -3.607870 0.454336 11.096617
6035.268658 -3.507870 0.461315 11.480585
6035.368658 -3.407870 0.468294 11.845525
6035.468658 -3.307870 0.475273 12.188899
6035.568658 -3.207870 0.482251 12.508052
6035.668658 -3.107870 0.489230 12.800234
6035.768658 -3.007870 0.496209 13.062629
6035.868658 -2.907870 0.503188 13.292385
6035.968658 -2.807870 0.510166 13.486649
6036.068658 -2.707870 0.517145 13.642619
6036.168658 -2.607870 0.524124 13.757586
6036.268658 -2.507870 0.531103 13.828996
6036.368658 -2.407870 0.538081 13.854511
6036.468658 -2.307870 0.545060 13.832063
6036.568658 -2.207870 0.552039 13.759927
6036.668658 -2.107870 0.559018 13.636774
6036.768658 -2.007870 0.565996 13.461731
6036.868658 -1.907870 0.572975 13.234429
6036.968658 -1.807870 0.579954 12.955037
6037.068658 -1.707870 0.586933 12.624291
6037.168658 -1.607870 0.593912 12.243502
6037.268658 -1.507870 0.600890 11.814550
6037.368658 -1.407870 0.607869 11.339864
6037.468658 -1.307870 0.614848 10.822375
6037.568658 -1.207870 0.621827 10.265470
6037.668658 -1.107870 0.628805 9.672923
6037.768658 -1.007870 0.635784 9.048815
6037.868658 -0.907870 0.642763 8.397455
6037.968658 -0.807870 0.649742 7.723294
6038.068658 -0.707870 0.656720 7.030839
6038.168658 -0.607870 0.663699 6.324573
6038.268658 -0.507870 0.670678 5.608882
6038.368658 -0.407870 0.677657 4.887986
6038.468658 -0.307870 0.684635 4.165889
6038.568658 -0.207870 0.691614 3.446332
6038.668658 -0.107870 0.698593 2.732763
6038.768658 -0.007870 0.705572 2.028311
6038.868658 0.092130 0.712550 1.335778
6038.968658 0.192130 0.719529 0.657637
6039.068658 0.292130 0.726508 -0.003969
6039.168658 0.392130 0.733487 -0.647210
6039.268658 0.492130 0.740466 -1.270557
6039.368658 0.592130 0.747444 -1.872764
6039.468658 0.692130 0.754423 -2.452839
6039.568658 0.792130 0.761402 -3.010032
6039.668658 0.892130 0.768381 -3.543801
6039.768658 0.992130 0.775359 -4.053798
6039.868658 1.092130 0.782338 -4.539837
6039.968658 1.192130 0.789317 -5.001880
6040.068658 1.292130 0.796296 -5.440013
6040.168658 1.392130 0.803274 -5.854428
6040.268658 1.492130 0.810253 -6.245406
6040.368658 1.592130 0.817232 -6.613301
6040.468658 1.692130 0.824211 -6.958527
6040.568658 1.792130 0.831189 -7.281545
6040.668658 1.892130 0.838168 -7.582853
6040.768658 1.992130 0.845147 -7.862976
6040.868658 2.092130 0.852126 -8.122456
6040.968658 2.192130 0.859104 -8.361849
6041.068658 2.292130 0.866083 -8.581715
6041.168658 2.392130 0.873062 -8.782616
6041.268658 2.492130 0.880041 -8.965111
6041.368658 2.592130 0.887019 -9.129750
6041.468658 2.692130 0.893998 -9.277075
6041.568658 2.792130 0.900977 -9.407615
6041.668658 2.892130 0.907956 -9.521883
6041.768658 2.992130 0.914935 -9.620381
6041.868658 3.092130 0.921913 -9.703590
6041.968658 3.192130 0.928892 -9.771976
6042.068658 3.292130 0.935871 -9.825986
6042.168658 3.392130 0.942850 -9.866050
6042.268658 3.492130 0.949828 -9.892578
6042.368658 3.592130 0.956807 -9.905962
6042.468658 3.692130 0.963786 -9.906577
6042.568658 3.792130 0.970765 -9.894778
6042.668658 3.892130 0.977743 -9.870904
6042.768658 3.992130 0.984722 -9.835275
6042.868658 4.092130 0.991701 -9.788196
6042.968658 4.192130 0.998680 -9.729953
6043.068658 4.292130 0.005658 -9.660818
6043.168658 4.392130 0.012637 -9.581046
6043.268658 4.492130 0.019616 -9.490879
6043.368658 4.592130 0.026595 -9.390541
6043.468658 4.692130 0.033573 -9.280246
6043.568658 4.792130 0.040552 -9.160191
6043.668658 4.892130 0.047531 -9.030563
6043.768658 4.992130 0.054510 -8.891535
6043.868658 5.092130 0.061488 -8.743268
6043.968658 5.192130 0.068467 -8.585912
6044.068658 5.292130 0.075446 -8.419606
6044.168658 5.392130 0.082425 -8.244479
6044.268658 5.492130 0.089404 -8.060650
6044.368658 5.592130 0.096382 -7.868227
6044.468658 5.692130 0.103361 -7.667313
6044.568658 5.792130 0.110340 -7.457998
6044.668658 5.892130 0.117319 -7.240367
6044.768658 5.992130 0.124297 -7.014497
6044.868658 6.092130 0.131276 -6.780459
6044.968658 6.192130 0.138255 -6.538315
6045.068658 6.292130 0.145234 -6.288125
6045.168658 6.392130 0.152212 -6.029940
6045.268658 6.492130 0.159191 -5.763809
6045.368658 6.592130 0.166170 -5.489775
6045.468658 6.692130 0.173149 -5.207881
6045.568658 6.792130 0.180127 -4.918163
6045.668658 6.892130 0.187106 -4.620658
6045.768658 6.992130 0.194085 -4.315401
6045.868658 7.092130 0.201064 -4.002426
6045.968658 -7.137062 0.208042 -3.681769
6046.068658 -7.037062 0.215021 -3.353467
6046.168658 -6.937062 0.222000 -3.017559
6046.268658 -6.837062 0.228979 -2.674088
6046.368658 -6.737062 0.235957 -2.323104
6046.468658 -6.637062 0.242936 -1.964662
6046.568658 -6.537062 0.249915 -1.598823
6046.668658 -6.437062 0.256894 -1.225663
6046.768658 -6.337062 0.263873 -0.845265
6046.868658 -6.237062 0.270851 -0.457729
6046.968658 -6.137062 0.277830 -0.063168
6047.068658 -6.037062 0.284809 0.338284
6047.168658 -5.937062 0.291788 0.746473
6047.268658 -5.837062 0.298766 1.161221
6047.368658 -5.737062 0.305745 1.582321
6047.468658 -5.637062 0.312724 2.009536
6047.568658 -5.537062 0.319703 2.442594
6047.668658 -5.437062 0.326681 2.881183
6047.768658 -5.337062 0.333660 3.324949
6047.868658 -5.237062 0.340639 3.773487
6047.968658 -5.137062 0.347618 4.226337
6048.068658 -5.037062 0.354596 4.682981
6048.168658 -4.937062 0.361575 5.142833
6048.268658 -4.837062 0.368554 5.605234
6048.368658 -4.737062 0.375533 6.069447
6048.468658 -4.637062 0.382511 6.534643
6048.568658 -4.537062 0.389490 6.999902
6048.668658 -4.437062 0.396469 7.464200
6048.768658 -4.337062 0.403448 7.926402
6048.868658 -4.237062 0.410426 8.385256
6048.968658 -4.137062 0.417405 8.839382
6049.068658 -4.037062 0.424384 9.287270
6049.168658 -3.937062 0.431363 9.727271
6049.268658 -3.837062 0.438342 10.157591
6049.368658 -3.737062 0.445320 10.576293
6049.468658 -3.637062 0.452299 10.981290
6049.568658 -3.537062 0.459278 11.370351
6049.668658 -3.437062 0.466257 11.741103
6049.768658 -3.337062 0.473235 12.091043
6049.868658 -3.237062 0.480214 12.417546
6049.968658 -3.137062 0.487193 12.717890
6050.068658 -3.037062 0.494172 12.989275
6050.168658 -2.937062 0.501150 13.228855
6050.268658 -2.837062 0.508129 13.433773
6050.368658 -2.737062 0.515108 13.601207
6050.468658 -2.637062 0.522087 13.728415
6050.568658 -2.537062 0.529065 13.812794
6050.668658 -2.437062 0.536044 13.851933
6050.768658 -2.337062 0.543023 13.843682
6050.868658 -2.237062 0.550002 13.786207
6050.968658 -2.137062 0.556980 13.678059
6051.068658 -2.037062 0.563959 13.518226
6051.168658 -1.937062 0.570938 13.306186
6051.268658 -1.837062 0.577917 13.041950
6051.368658 -1.737062 0.584895 12.726085
6051.468658 -1.637062 0.591874 12.359736
6051.568658 -1.537062 0.598853 11.944617
6051.668658 -1.437062 0.605832 11.483000
6051.768658 -1.337062 0.612811 10.977676
6051.868658 -1.237062 0.619789 10.431904
6051.968658 -1.137062 0.626768 9.849352
6052.068658 -1.037062 0.633747 9.234020
6052.168658 -0.937062 0.640726 8.590160
6052.268658 -0.837062 0.647704 7.922190
6052.368658 -0.737062 0.654683 7.234610
6052.468658 -0.637062 0.661662 6.531917
6052.568658 -0.537062 0.668641 5.818533
6052.668658 -0.437062 0.675619 5.098732
6052.768658 -0.337062 0.682598 4.376586
6052.868658 -0.237062 0.689577 3.655918
6052.968658 -0.137062 0.696556 2.940263
6053.068658 -0.037062 0.703534 2.232845
6053.168658 0.062938 0.710513 1.536563
6053.268658 0.162938 0.717492 0.853984
6053.368658 0.262938 0.724471 0.187349
6053.468658 0.362938 0.731449 -0.461425
6053.568658 0.462938 0.738428 -1.090721
6053.668658 0.562938 0.745407 -1.699212
6053.768658 0.662938 0.752386 -2.285836
6053.868658 0.762938 0.759365 -2.849773
6053.968658 0.862938 0.766343 -3.390425
6054.068658 0.962938 0.773322 -3.907387
6054.168658 1.062938 0.780301 -4.400430
6054.268658 1.162938 0.787280 -4.869475
6054.368658 1.262938 0.794258 -5.314572
6054.468658 1.362938 0.801237 -5.735885
6054.568658 1.462938 0.808216 -6.133672
6054.668658 1.562938 0.815195 -6.508265
6054.768658 1.662938 0.822173 -6.860063
6054.868658 1.762938 0.829152 -7.189514
6054.968658 1.862938 0.836131 -7.497107
6055.068658 1.962938 0.843110 -7.783359
6055.168658 2.062938 0.850088 -8.048808
6055.268658 2.162938 0.857067 -8.294007
6055.368658 2.262938 0.864046 -8.519515
6055.468658 2.362938 0.871025 -8.725895
6055.568658 2.462938 0.878003 -8.913706
6055.668658 2.562938 0.884982 -9.083501
6055.768658 2.662938 0.891961 -9.235825
6055.868658 2.762938 0.898940 -9.371211
6055.968658 2.862938 0.905918 -9.490177
6056.068658 2.962938 0.912897 -9.593228
6056.168658 3.062938 0.919876 -9.680852
6056.268658 3.162938 0.926855 -9.753518
6056.368658 3.262938 0.933834 -9.811680
6056.468658 3.362938 0.940812 -9.855771
6056.568658 3.462938 0.947791 -9.886209
6056.668658 3.562938 0.954770 -9.903391
6056.768658 3.662938 0.961749 -9.907696
6056.868658 3.762938 0.968727 -9.899485
6056.968658 3.862938 0.975706 -9.879102
6057.068658 3.962938 0.982685 -9.846873
6057.168658 4.062938 0.989664 -9.803106
6057.268658 4.162938 0.996642 -9.748093
6057.368658 4.262938 0.003621 -9.682111
6057.468658 4.362938 0.010600 -9.605419
6057.568658 4.462938 0.017579 -9.518262
6057.668658 4.562938 0.024557 -9.420871
6057.768658 4.662938 0.031536 -9.313461
6057.868658 4.762938 0.038515 -9.196236
6057.968658 4.862938 0.045494 -9.069384
6058.068658 4.962938 0.052472 -8.933083
6058.168658 5.062938 0.059451 -8.787497
6058.268658 5.162938 0.066430 -8.632779
6058.368658 5.262938 0.073409 -8.469072
6058.468658 5.362938 0.080387 -8.296508
6058.568658 5.462938 0.087366 -8.115207
6058.668658 5.562938 0.094345 -7.925282
6058.768658 5.662938 0.101324 -7.726837
6058.868658 5.762938 0.108303 -7.519965
6058.968658 5.862938 0.115281 -7.304754
6059.068658 5.962938 0.122260 -7.081282
6059.168658 6.062938 0.129239 -6.849621
6059.268658 6.162938 0.136218 -6.609838
6059.368658 6.262938 0.143196 -6.361990
6059.468658 6.362938 0.150175 -6.106134
6059.568658 6.462938 0.157154 -5.842318
6059.668658 6.562938 0.164133 -5.570587
6059.768658 6.662938 0.171111 -5.290983
6059.868658 6.762938 0.178090 -5.003545
6059.968658 6.862938 0.185069 -4.708310
6060.068658 6.962938 0.192048 -4.405312
6060.168658 7.062938 0.199026 -4.094587
6060.268658 7.162938 0.206005 -3.776169
6060.368658 -7.066255 0.212984 -3.450095
6060.468658 -6.966255 0.219963 -3.116403
6060.568658 -6.866255 0.226941 -2.775135
6060.668658 -6.766255 0.233920 -2.426339
6060.768658 -6.666255 0.240899 -2.070068
6060.868658 -6.566255 0.247878 -1.706381
6060.968658 -6.466255 0.254856 -1.335350
6061.068658 -6.366255 0.261835 -0.957056
6061.168658 -6.266255 0.268814 -0.571592
6061.268658 -6.166255 0.275793 -0.179069
6061.368658 -6.066255 0.282772 0.220386
6061.468658 -5.966255 0.289750 0.626626
6061.568658 -5.866255 0.296729 1.039479
6061.668658 -5.766255 0.303708 1.458748
6061.768658 -5.666255 0.310687 1.884204
6061.868658 -5.566255 0.317665 2.315587
6061.968658 -5.466255 0.324644 2.752596
6062.068658 -5.366255 0.331623 3.194890
6062.168658 -5.266255 0.338602 3.642080
6062.268658 -5.166255 0.345580 4.093722
6062.368658 -5.066255 0.352559 4.549316
6062.468658 -4.966255 0.359538 5.008296
6062.568658 -4.866255 0.366517 5.470026
6062.668658 -4.766255 0.373495 5.933791
6062.768658 -4.666255 0.380474 6.398791
6062.868658 -4.566255 0.387453 6.864133
6062.968658 -4.466255 0.394432 7.328824
6063.068658 -4.366255 0.401410 7.791762
6063.168658 -4.266255 0.408389 8.251729
6063.268658 -4.166255 0.415368 8.707386
6063.368658 -4.066255 0.422347 9.157259
6063.468658 -3.966255 0.429325 9.599741
6063.568658 -3.866255 0.436304 10.033081
6063.668658 -3.766255 0.443283 10.455384
6063.768658 -3.666255 0.450262 10.864606
6063.868658 -3.566255 0.457241 11.258558
6063.968658 -3.466255 0.464219 11.634908
6064.068658 -3.366255 0.471198 11.991190
6064.168658 -3.266255 0.478177 12.324812
6064.268658 -3.166255 0.485156 12.633079
6064.368658 -3.066255 0.492134 12.913211
6064.468658 -2.966255 0.499113 13.162371
6064.568658 -2.866255 0.506092 13.377702
6064.668658 -2.766255 0.513071 13.556366
6064.768658 -2.666255 0.520049 13.695594
6064.868658 -2.566255 0.527028 13.792734
6064.968658 -2.466255 0.534007 13.845315
6065.068658 -2.366255 0.540986 13.851103
6065.168658 -2.266255 0.547964 13.808166
6065.268658 -2.166255 0.554943 13.714935
6065.368658 -2.066255 0.561922 13.570267
6065.468658 -1.966255 0.568901 13.373492
6065.568658 -1.866255 0.575879 13.124459
6065.668658 -1.766255 0.582858 12.823574
6065.768658 -1.666255 0.589837 12.471810
6065.868658 -1.566255 0.596816 12.070718
6065.968658 -1.466255 0.603794 11.622409
6066.068658 -1.366255 0.610773 11.129527
6066.168658 -1.266255 0.617752 10.595200
6066.268658 -1.166255 0.624731 10.022985
6066.368658 -1.066255 0.631710 9.416793
6066.468658 -0.966255 0.638688 8.780810
6066.568658 -0.866255 0.645667 8.119416
6066.668658 -0.766255 0.652646 7.437094
6066.768658 -0.666255 0.659625 6.738351
6066.868658 -0.566255 0.666603 6.027638
6066.968658 -0.466255 0.673582 5.309279
6067.068658 -0.366255 0.680561 4.587412
6067.168658 -0.266255 0.687540 3.865933
6067.268658 -0.166255 0.694518 3.148467
6067.368658 -0.066255 0.701497 2.438330
6067.468658 0.033745 0.708476 1.738517
6067.568658 0.133745 0.715455 1.051692
6067.668658 0.233745 0.722433 0.380190
6067.768658 0.333745 0.729412 -0.273978
6067.868658 0.433745 0.736391 -0.909109
6067.968658 0.533745 0.743370 -1.523795
6068.068658 0.633745 0.750348 -2.116898
6068.168658 0.733745 0.757327 -2.687529
6068.268658 0.833745 0.764306 -3.235029
6068.368658 0.933745 0.771285 -3.758938
6068.468658 1.033745 0.778264 -4.258978
6068.568658 1.133745 0.785242 -4.735028
6068.668658 1.233745 0.792221 -5.187104
6068.768658 1.333745 0.799200 -5.615338
6068.868658 1.433745 0.806179 -6.019961
6068.968658 1.533745 0.813157 -6.401286
6069.068658 1.633745 0.820136 -6.759694
6069.168658 1.733745 0.827115 -7.095621
6069.268658 1.833745 0.834094 -7.409542
6069.368658 1.933745 0.841072 -7.701969
6069.468658 2.033745 0.848051 -7.973434
6069.568658 2.133745 0.855030 -8.224487
6069.668658 2.233745 0.862009 -8.455685
6069.768658 2.333745 0.868987 -8.667591
6069.868658 2.433745 0.875966 -8.860766
6069.968658 2.533745 0.882945 -9.035763
6070.068658 2.633745 0.889924 -9.193132
6070.168658 2.733745 0.896902 -9.333408
6070.268658 2.833745 0.903881 -9.457115
6070.368658 2.933745 0.910860 -9.564761
6070.468658 3.033745 0.917839 -9.656839
6070.568658 3.133745 0.924817 -9.733824
6070.668658 3.233745 0.931796 -9.796174
6070.768658 3.333745 0.938775 -9.844329
6070.868658 3.433745 0.945754 -9.878711
6070.968658 3.533745 0.952733 -9.899723
6071.068658 3.633745 0.959711 -9.907749
6071.168658 3.733745 0.966690 -9.903155
6071.268658 3.833745 0.973669 -9.886291
6071.368658 3.933745 0.980648 -9.857487
6071.468658 4.033745 0.987626 -9.817058
6071.568658 4.133745 0.994605 -9.765299
6071.668658 4.233745 0.001584 -9.702491
6071.768658 4.333745 0.008563 -9.628899
6071.868658 4.433745 0.015541 -9.544773
6071.968658 4.533745 0.022520 -9.450346
6072.068658 4.633745 0.029499 -9.345840
6072.168658 4.733745 0.036478 -9.231460
6072.268658 4.833745 0.043456 -9.107400
6072.368658 4.933745 0.050435 -8.973840
6072.468658 5.033745 0.057414 -8.830948
6072.568658 5.133745 0.064393 -8.678881
6072.668658 5.233745 0.071371 -8.517784
6072.768658 5.333745 0.078350 -8.347792
6072.868658 5.433745 0.085329 -8.169029
6072.968658 5.533745 0.092308 -7.981611
6073.068658 5.633745 0.099286 -7.785643
6073.168658 5.733745 0.106265 -7.581222
6073.268658 5.833745 0.113244 -7.368437
6073.368658 5.933745 0.120223 -7.147368
6073.468658 6.033745 0.127202 -6.918091
6073.568658 6.133745 0.134180 -6.680673
6073.668658 6.233745 0.141159 -6.435173
6073.768658 6.333745 0.148138 -6.181650
6073.868658 6.433745 0.155117 -5.920153
6073.968658 6.533745 0.162095 -5.650728
6074.068658 6.633745 0.169074 -5.373418
6074.168658 6.733745 0.176053 -5.088264
6074.268658 6.833745 0.183032 -4.795301
6074.368658 6.933745 0.190010 -4.494565
6074.468658 7.033745 0.196989 -4.186092
6074.568658 7.133745 0.203968 -3.869916
6074.668658 -7.095447 0.210947 -3.546073
6074.768658 -6.995447 0.217925 -3.214601
6074.868658 -6.895447 0.224904 -2.875540
6074.968658 -6.795447 0.231883 -2.528937
6075.068658 -6.695447 0.238862 -2.174842
6075.168658 -6.595447 0.245840 -1.813313
6075.268658 -6.495447 0.252819 -1.444418
6075.368658 -6.395447 0.259798 -1.068235
6075.468658 -6.295447 0.266777 -0.684854
6075.568658 -6.195447 0.273755 -0.294379
6075.668658 -6.095447 0.280734 0.103067
6075.768658 -5.995447 0.287713 0.507343
6075.868658 -5.895447 0.294692 0.918284
6075.968658 -5.795447 0.301671 1.335702
6076.068658 -5.695447 0.308649 1.759377
6076.168658 -5.595447 0.315628 2.189059
6076.268658 -5.495447 0.322607 2.624459
6076.368658 -5.395447 0.329586 3.065249
6076.468658 -5.295447 0.336564 3.511053
6076.568658 -5.195447 0.343543 3.961444
6076.668658 -5.095447 0.350522 4.415940
6076.768658 -4.995447 0.357501 4.873994
6076.868658 -4.895447 0.364479 5.334991
6076.968658 -4.795447 0.371458 5.798241
6077.068658 -4.695447 0.378437 6.262968
6077.168658 -4.595447 0.385416 6.728308
6077.268658 -4.495447 0.392394 7.193298
6077.368658 -4.395447 0.399373 7.656869
6077.468658 -4.295447 0.406352 8.117836
6077.568658 -4.195447 0.413331 8.574898
6077.668658 -4.095447 0.420309 9.026619
6077.768658 -3.995447 0.427288 9.471433
6077.868658 -3.895447 0.434267 9.907632
6077.968658 -3.795447 0.441246 10.333361
6078.068658 -3.695447 0.448224 10.746622
6078.168658 -3.595447 0.455203 11.145266
6078.268658 -3.495447 0.462182 11.527004
6078.368658 -3.395447 0.469161 11.889406
6078.468658 -3.295447 0.476140 12.229918
6078.568658 -3.195447 0.483118 12.545871
6078.668658 -3.095447 0.490097 12.834507
6078.768658 -2.995447 0.497076 13.093004
6078.868658 -2.895447 0.504055 13.318505
6078.968658 -2.795447 0.511033 13.508164
6079.068658 -2.695447 0.518012 13.659184
6079.168658 -2.595447 0.524991 13.768876
6079.268658 -2.495447 0.531970 13.834707
6079.368658 -2.395447 0.538948 13.854370
6079.468658 -2.295447 0.545927 13.825836
6079.568658 -2.195447 0.552906 13.747426
6079.668658 -2.095447 0.559885 13.617865
6079.768658 -1.995447 0.566863 13.436340
6079.868658 -1.895447 0.573842 13.202546
6079.968658 -1.795447 0.580821 12.916723
6080.068658 -1.695447 0.587800 12.579677
6080.168658 -1.595447 0.594778 12.192792
6080.268658 -1.495447 0.601757 11.758016
6080.368658 -1.395447 0.608736 11.277843
6080.468658 -1.295447 0.615715 10.755265
6080.568658 -1.195447 0.622693 10.193721
6080.668658 -1.095447 0.629672 9.597025
6080.768658 -0.995447 0.636651 8.969294
6080.868658 -0.895447 0.643630 8.314858
6080.968658 -0.795447 0.650609 7.638179
6081.068658 -0.695447 0.657587 6.943766
6081.168658 -0.595447 0.664566 6.236093
6081.268658 -0.495447 0.671545 5.519530
6081.368658 -0.395447 0.678524 4.798272
6081.468658 -0.295447 0.685502 4.076293
6081.568658 -0.195447 0.692481 3.357298
6081.668658 -0.095447 0.699460 2.644698
6081.768658 0.004553 0.706439 1.941581
6081.868658 0.104553 0.713417 1.250708
6081.968658 0.204553 0.720396 0.574511
6082.068658 0.304553 0.727375 -0.084906
6082.168658 0.404553 0.734354 -0.725754
6082.268658 0.504553 0.741332 -1.346537
6082.368658 0.604553 0.748311 -1.946043
6082.468658 0.704553 0.755290 -2.523313
6082.568658 0.804553 0.762269 -3.077621
6082.668658 0.904553 0.769247 -3.608453
6082.768658 1.004553 0.776226 -4.115480
6082.868658 1.104553 0.783205 -4.598537
6082.968658 1.204553 0.790184 -5.057603
6083.068658 1.304553 0.797163 -5.492777
6083.168658 1.404553 0.804141 -5.904264
6083.268658 1.504553 0.811120 -6.292354
6083.368658 1.604553 0.818099 -6.657410
6083.468658 1.704553 0.825078 -6.999851
6083.568658 1.804553 0.832056 -7.320145
6083.668658 1.904553 0.839035 -7.618792
6083.768658 2.004553 0.846014 -7.896321
6083.868658 2.104553 0.852993 -8.153275
6083.968658 2.204553 0.859971 -8.390212
6084.068658 2.304553 0.866950 -8.607691
6084.168658 2.404553 0.873929 -8.806276
6084.268658 2.504553 0.880908 -8.986523
6084.368658 2.604553 0.887886 -9.148982
6084.468658 2.704553 0.894865 -9.294194
6084.568658 2.804553 0.901844 -9.422684
6084.668658 2.904553 0.908823 -9.534967
6084.768658 3.004553 0.915801 -9.631539
6084.868658 3.104553 0.922780 -9.712882
6084.968658 3.204553 0.929759 -9.779459
6085.068658 3.304553 0.936738 -9.831713
6085.168658 3.404553 0.943716 -9.870074
6085.268658 3.504553 0.950695 -9.894948
6085.368658 3.604553 0.957674 -9.906726
6085.468658 3.704553 0.964653 -9.905779
6085.568658 3.804553 0.971632 -9.892463
6085.668658 3.904553 0.978610 -9.867111
6085.768658 4.004553 0.985589 -9.830044
6085.868658 4.104553 0.992568 -9.781562
6085.968658 4.204553 0.999547 -9.721952
6086.068658 4.304553 0.006525 -9.651482
6086.168658 4.404553 0.013504 -9.570406
6086.268658 4.504553 0.020483 -9.478963
6086.368658 4.604553 0.027462 -9.377377
6086.468658 4.704553 0.034440 -9.265859
6086.568658 4.804553 0.041419 -9.144606
6086.668658 4.904553 0.048398 -9.013801
6086.768658 5.004553 0.055377 -8.873616
6086.868658 5.104553 0.062355 -8.724212
6086.968658 5.204553 0.069334 -8.565737
6087.068658 5.304553 0.076313 -8.398329
6087.168658 5.404553 0.083292 -8.222114
6087.268658 5.504553 0.090270 -8.037212
6087.368658 5.604553 0.097249 -7.843729
6087.468658 5.704553 0.104228 -7.641766
6087.568658 5.804553 0.111207 -7.431414
6087.668658 5.904553 0.118185 -7.212756
6087.768658 6.004553 0.125164 -6.985868
6087.868658 6.104553 0.132143 -6.750819
6087.968658 6.204553 0.139122 -6.507673
6088.068658 6.304553 0.146101 -6.256486
6088.168658 6.404553 0.153079 -5.997312
6088.268658 6.504553 0.160058 -5.730197
6088.368658 6.604553 0.167037 -5.455185
6088.468658 6.704553 0.174016 -5.172316
6088.568658 6.804553 0.180994 -4.881629
6088.668658 6.904553 0.187973 -4.583159
6088.768658 7.004553 0.194952 -4.276941
6088.868658 7.104553 0.201931 -3.963010
6088.968658 -7.124640 0.208909 -3.641402
6089.068658 -7.024640 0.215888 -3.312152
6089.168658 -6.924640 0.222867 -2.975303
6089.268658 -6.824640 0.229846 -2.630896
6089.368658 -6.724640 0.236824 -2.278982
6089.468658 -6.624640 0.243803 -1.919617
6089.568658 -6.524640 0.250782 -1.552865
6089.668658 -6.424640 0.257761 -1.178801
6089.768658 -6.324640 0.264739 -0.797511
6089.868658 -6.224640 0.271718 -0.409095
6089.968658 -6.124640 0.278697 -0.013670
6090.068658 -6.024640 0.285676 0.388627
6090.168658 -5.924640 0.292654 0.797642
6090.268658 -5.824640 0.299633 1.213190
6090.368658 -5.724640 0.306612 1.635063
6090.468658 -5.624640 0.313591 2.063019
6090.568658 -5.524640 0.320570 2.496782
6090.668658 -5.424640 0.327548 2.936035
6090.768658 -5.324640 0.334527 3.380417
6090.868658 -5.224640 0.341506 3.829516
6090.968658 -5.124640 0.348485 4.282867
6091.068658 -5.024640 0.355463 4.739943
6091.168658 -4.924640 0.362442 5.200149
6091.268658 -4.824640 0.369421 5.662818
6091.368658 -4.724640 0.376400 6.127199
6091.468658 -4.624640 0.383378 6.592455
6091.568658 -4.524640 0.390357 7.057653
6091.668658 -4.424640 0.397336 7.521754
6091.768658 -4.324640 0.404315 7.983611
6091.868658 -4.224640 0.411293 8.441955
6091.968658 -4.124640 0.418272 8.895391
6092.068658 -4.024640 0.425251 9.342392
6092.168658 -3.924640 0.432230 9.781291
6092.268658 -3.824640 0.439208 10.210277
6092.368658 -3.724640 0.446187 10.627392
6092.468658 -3.624640 0.453166 11.030534
6092.568658 -3.524640 0.460145 11.417453
6092.668658 -3.424640 0.467123 11.785758
6092.768658 -3.324640 0.474102 12.132931
6092.868658 -3.224640 0.481081 12.456335
6092.968658 -3.124640 0.488060 12.753235
6093.068658 -3.024640 0.495039 13.020825
6093.168658 -2.924640 0.502017 13.256254
6093.268658 -2.824640 0.508996 13.456668
6093.368658 -2.724640 0.515975 13.619252
6093.468658 -2.624640 0.522954 13.741278
6093.568658 -2.524640 0.529932 13.820163
6093.668658 -2.424640 0.536911 13.853527
6093.768658 -2.324640 0.543890 13.839253
6093.868658 -2.224640 0.550869 13.775554
6093.968658 -2.124640 0.557847 13.661031
6094.068658 -2.024640 0.564826 13.494730
6094.168658 -1.924640 0.571805 13.276195
6094.268658 -1.824640 0.578784 13.005503
6094.368658 -1.724640 0.585762 12.683293
6094.468658 -1.624640 0.592741 12.310781
6094.568658 -1.524640 0.599720 11.889751
6094.668658 -1.424640 0.606699 11.422543
6094.768658 -1.324640 0.613677 10.912008
6094.868658 -1.224640 0.620656 10.361460
6094.968658 -1.124640 0.627635 9.774612
6095.068658 -1.024640 0.634614 9.155501
6095.168658 -0.924640 0.641592 8.508403
6095.268658 -0.824640 0.648571 7.837752
6095.368658 -0.724640 0.655550 7.148051
6095.468658 -0.624640 0.662529 6.443792
6095.568658 -0.524640 0.669508 5.729381
6095.668658 -0.424640 0.676486 5.009072
6095.768658 -0.324640 0.683465 4.286908
6095.868658 -0.224640 0.690444 3.566676
6095.968658 -0.124640 0.697423 2.851875
6096.068658 -0.024640 0.704401 2.145690
6096.168658 0.075360 0.711380 1.450977
6096.268658 0.175360 0.718359 0.770264
6096.368658 0.275360 0.725338 0.105749
6096.468658 0.375360 0.732316 -0.540686
6096.568658 0.475360 0.739295 -1.167465
6096.668658 0.575360 0.746274 -1.773292
6096.768658 0.675360 0.753253 -2.357138
6096.868658 0.775360 0.760231 -2.918211
6096.968658 0.875360 0.767210 -3.455938
6097.068658 0.975360 0.774189 -3.969938
6097.168658 1.075360 0.781168 -4.460001
6097.268658 1.175360 0.788146 -4.926066
6097.368658 1.275360 0.795125 -5.368198
6097.468658 1.375360 0.802104 -5.786573
6097.568658 1.475360 0.809083 -6.181459
6097.668658 1.575360 0.816062 -6.553197
6097.768658 1.675360 0.823040 -6.902194
6097.868658 1.775360 0.830019 -7.228903
6097.968658 1.875360 0.836998 -7.533816
6098.068658 1.975360 0.843977 -7.817454
6098.168658 2.075360 0.850955 -8.080357
6098.268658 2.175360 0.857934 -8.323080
6098.368658 2.275360 0.864913 -8.546181
6098.468658 2.375360 0.871892 -8.750224
6098.568658 2.475360 0.878870 -8.935767
6098.668658 2.575360 0.885849 -9.103363
6098.768658 2.675360 0.892828 -9.253554
6098.868658 2.775360 0.899807 -9.386872
6098.968658 2.875360 0.906785 -9.503834
6099.068658 2.975360 0.913764 -9.604943
6099.168658 3.075360 0.920743 -9.690683
6099.268658 3.175360 0.927722 -9.761523
6099.368658 3.275360 0.934700 -9.817914
6099.468658 3.375360 0.941679 -9.860287
6099.568658 3.475360 0.948658 -9.889057
6099.668658 3.575360 0.955637 -9.904619
6099.768658 3.675360 0.962615 -9.907350
6099.868658 3.775360 0.969594 -9.897609
6099.968658 3.875360 0.976573 -9.875737
6100.068658 3.975360 0.983552 -9.842058
6100.168658 4.075360 0.990531 -9.796878
6100.268658 4.175360 0.997509 -9.740488
6100.368658 4.275360 0.004488 -9.673161
6100.468658 4.375360 0.011467 -9.595156
6100.568658 4.475360 0.018446 -9.506716
6100.668658 4.575360 0.025424 -9.408069
6100.768658 4.675360 0.032403 -9.299429
6100.868658 4.775360 0.039382 -9.180998
6100.968658 4.875360 0.046361 -9.052963
6101.068658 4.975360 0.053339 -8.915500
6101.168658 5.075360 0.060318 -8.768771
6101.268658 5.175360 0.067297 -8.612929
6101.368658 5.275360 0.074276 -8.448115
6101.468658 5.375360 0.081254 -8.274459
6101.568658 5.475360 0.088233 -8.092081
6101.668658 5.575360 0.095212 -7.901092
6101.768658 5.675360 0.102191 -7.701595
6101.868658 5.775360 0.109169 -7.493683
6101.968658 5.875360 0.116148 -7.277441
6102.068658 5.975360 0.123127 -7.052948
6102.168658 6.075360 0.130106 -6.820275
6102.268658 6.175360 0.137084 -6.579487
6102.368658 6.275360 0.144063 -6.330642
6102.468658 6.375360 0.151042 -6.073794
6102.568658 6.475360 0.158021 -5.808992
6102.668658 6.575360 0.165000 -5.536281
6102.768658 6.675360 0.171978 -5.255702
6102.868658 6.775360 0.178957 -4.967294
6102.968658 6.875360 0.185936 -4.671092
6103.068658 6.975360 0.192915 -4.367133
6103.168658 7.075360 0.199893 -4.055450
6103.268658 -7.153833 0.206872 -3.736079
6103.368658 -7.053833 0.213851 -3.409056
6103.468658 -6.953833 0.220830 -3.074421
6103.568658 -6.853833 0.227808 -2.732215
6103.668658 -6.753833 0.234787 -2.382488
6103.768658 -6.653833 0.241766 -2.025292
6103.868658 -6.553833 0.248745 -1.660689
6103.968658 -6.453833 0.255723 -1.288751
6104.068658 -6.353833 0.262702 -0.909561
6104.168658 -6.253833 0.269681 -0.523214
6104.268658 -6.153833 0.276660 -0.129822
6104.368658 -6.053833 0.283638 0.270485
6104.468658 -5.953833 0.290617 0.677556
6104.568658 -5.853833 0.297596 1.091217
6104.668658 -5.753833 0.304575 1.511267
6104.768658 -5.653833 0.311553 1.937475
6104.868658 -5.553833 0.318532 2.369573
6104.968658 -5.453833 0.325511 2.807259
6105.068658 -5.353833 0.332490 3.250183
6105.168658 -5.253833 0.339469 3.697951
6105.268658 -5.153833 0.346447 4.150113
6105.368658 -5.053833 0.353426 4.606159
6105.468658 -4.953833 0.360405 5.065517
6105.568658 -4.853833 0.367384 5.527541
6105.668658 -4.753833 0.374362 5.991504
6105.768658 -4.653833 0.381341 6.456597
6105.868658 -4.553833 0.388320 6.921914
6105.968658 -4.453833 0.395299 7.386450
6106.068658 -4.353833 0.402277 7.849088
6106.168658 -4.253833 0.409256 8.308595
6106.268658 -4.153833 0.416235 8.763616
6106.368658 -4.053833 0.423214 9.212662
6106.468658 -3.953833 0.430192 9.654106
6106.568658 -3.853833 0.437171 10.086181
6106.668658 -3.753833 0.444150 10.506973
6106.768658 -3.653833 0.451129 10.914421
6106.868658 -3.553833 0.458107 11.306316
6106.968658 -3.453833 0.465086 11.680310
6107.068658 -3.353833 0.472065 12.033920
6107.168658 -3.253833 0.479044 12.364541
6107.268658 -3.153833 0.486022 12.669466
6107.368658 -3.053833 0.493001 12.945905
6107.468658 -2.953833 0.499980 13.191018
6107.568658 -2.853833 0.506959 13.401948
6107.668658 -2.753833 0.513938 13.575862
6107.768658 -2.653833 0.520916 13.710002
6107.868658 -2.553833 0.527895 13.801738
6107.968658 -2.453833 0.534874 13.848622
6108.068658 -2.353833 0.541853 13.848455
6108.168658 -2.253833 0.548831 13.799348
6108.268658 -2.153833 0.555810 13.699781
6108.368658 -2.053833 0.562789 13.548666
6108.468658 -1.953833 0.569768 13.345396
6108.568658 -1.853833 0.576746 13.089889
6108.668658 -1.753833 0.583725 12.782618
6108.768658 -1.653833 0.590704 12.424631
6108.868658 -1.553833 0.597683 12.017548
6108.968658 -1.453833 0.604661 11.563548
6109.068658 -1.353833 0.611640 11.065337
6109.168658 -1.253833 0.618619 10.526102
6109.268658 -1.153833 0.625598 9.949447
6109.368658 -1.053833 0.632576 9.339322
6109.468658 -0.953833 0.639555 8.699942
6109.568658 -0.853833 0.646534 8.035703
6109.668658 -0.753833 0.653513 7.351096
6109.768658 -0.653833 0.660491 6.650626
6109.868658 -0.553833 0.667470 5.938732
6109.968658 -0.453833 0.674449 5.219716
6110.068658 -0.353833 0.681428 4.497690
6110.168658 -0.253833 0.688407 3.776519
6110.268658 -0.153833 0.695385 3.059790
6110.368658 -0.053833 0.702364 2.350779
6110.468658 0.046167 0.709343 1.652441
6110.568658 0.146167 0.716322 0.967399
6110.668658 0.246167 0.723300 0.297948
6110.768658 0.346167 0.730279 -0.353942
6110.868658 0.446167 0.737258 -0.986605
6110.968658 0.546167 0.744237 -1.598666
6111.068658 0.646167 0.751215 -2.189021
6111.168658 0.746167 0.758194 -2.756810
6111.268658 0.846167 0.765173 -3.301400
6111.368658 0.946167 0.772152 -3.822356
6111.468658 1.046167 0.779130 -4.319420
6111.568658 1.146167 0.786109 -4.792488
6111.668658 1.246167 0.793088 -5.241593
6111.768658 1.346167 0.800067 -5.666880
6111.868658 1.446167 0.807045 -6.068590
6111.968658 1.546167 0.814024 -6.447047
6112.068658 1.646167 0.821003 -6.802637
6112.168658 1.746167 0.827982 -7.135803
6112.268658 1.846167 0.834961 -7.447027
6112.368658 1.946167 0.841939 -7.736820
6112.468658 2.046167 0.848918 -8.005720
6112.568658 2.146167 0.855897 -8.254275
6112.668658 2.246167 0.862876 -8.483047
6112.768658 2.346167 0.869854 -8.692596
6112.868658 2.446167 0.876833 -8.883482
6112.968658 2.546167 0.883812 -9.056260
6113.068658 2.646167 0.890791 -9.211477
6113.168658 2.746167 0.897769 -9.349666
6113.268658 2.846167 0.904748 -9.471350
6113.368658 2.946167 0.911727 -9.577036
6113.468658 3.046167 0.918706 -9.667213
6113.568658 3.146167 0.925684 -9.742356
6113.668658 3.246167 0.932663 -9.802919
6113.768658 3.346167 0.939642 -9.849341
6113.868658 3.446167 0.946621 -9.882041
6113.968658 3.546167 0.953599 -9.901418
6114.068658 3.646167 0.960578 -9.907857
6114.168658 3.746167 0.967557 -9.901721
6114.268658 3.846167 0.974536 -9.883356
6114.368658 3.946167 0.981514 -9.853091
6114.468658 4.046167 0.988493 -9.811238
6114.568658 4.146167 0.995472 -9.758092
6114.668658 4.246167 0.002451 -9.693931
6114.768658 4.346167 0.009430 -9.619017
6114.868658 4.446167 0.016408 -9.533599
6114.968658 4.546167 0.023387 -9.437908
6115.068658 4.646167 0.030366 -9.332164
6115.168658 4.746167 0.037345 -9.216572
6115.268658 4.846167 0.044323 -9.091322
6115.368658 4.946167 0.051302 -8.956593
6115.468658 5.046167 0.058281 -8.812553
6115.568658 5.146167 0.065260 -8.659357
6115.668658 5.246167 0.072238 -8.497148
6115.768658 5.346167 0.079217 -8.326060
6115.868658 5.446167 0.086196 -8.146216
6115.968658 5.546167 0.093175 -7.957731
6116.068658 5.646167 0.100153 -7.760707
6116.168658 5.746167 0.107132 -7.555243
6116.268658 5.846167 0.114111 -7.341424
6116.368658 5.946167 0.121090 -7.119332
6116.468658 6.046167 0.128068 -6.889040
6116.568658 6.146167 0.135047 -6.650614
6116.668658 6.246167 0.142026 -6.404116
6116.768658 6.346167 0.149005 -6.149599
6116.868658 6.446167 0.155983 -5.887114
6116.968658 6.546167 0.162962 -5.616708
6117.068658 6.646167 0.169941 -5.338422
6117.168658 6.746167 0.176920 -5.052295
6117.268658 6.846167 0.183899 -4.758365
6117.368658 6.946167 0.190877 -4.456666
6117.468658 7.046167 0.197856 -4.147235
6117.568658 7.146167 0.204835 -3.830104
6117.668658 -7.083025 0.211814 -3.505311
6117.768658 -6.983025 0.218792 -3.172894
6117.868658 -6.883025 0.225771 -2.832894
6117.968658 -6.783025 0.232750 -2.485357
6118.068658 -6.683025 0.239729 -2.130335
6118.168658 -6.583025 0.246707 -1.767887
6118.268658 -6.483025 0.253686 -1.398083
6118.368658 -6.383025 0.260665 -1.021000
6118.468658 -6.283025 0.267644 -0.636732
6118.568658 -6.183025 0.274622 -0.245384
6118.668658 -6.083025 0.281601 0.152919
6118.768658 -5.983025 0.288580 0.558032
6118.868658 -5.883025 0.295559 0.969789
6118.968658 -5.783025 0.302537 1.387996
6119.068658 -5.683025 0.309516 1.812432
6119.168658 -5.583025 0.316495 2.242841
6119.268658 -5.483025 0.323474 2.678929
6119.368658 -5.383025 0.330452 3.120363
6119.468658 -5.283025 0.337431 3.566761
6119.568658 -5.183025 0.344410 4.017690
6119.668658 -5.083025 0.351389 4.472658
6119.768658 -4.983025 0.358368 4.931113
6119.868658 -4.883025 0.365346 5.392430
6119.968658 -4.783025 0.372325 5.855907
6120.068658 -4.683025 0.379304 6.320759
6120.168658 -4.583025 0.386283 6.786110
6120.268658 -4.483025 0.393261 7.250984
6120.368658 -4.383025 0.400240 7.714298
6120.468658 -4.283025 0.407219 8.174854
6120.568658 -4.183025 0.414198 8.631333
6120.668658 -4.083025 0.421176 9.082284
6120.768658 -3.983025 0.428155 9.526124
6120.868658 -3.883025 0.435134 9.961126
6120.968658 -3.783025 0.442113 10.385418
6121.068658 -3.683025 0.449091 10.796983
6121.168658 -3.583025 0.456070 11.193654
6121.268658 -3.483025 0.463049 11.573125
6121.368658 -3.383025 0.470028 11.932950
6121.468658 -3.283025 0.477006 12.270558
6121.568658 -3.183025 0.483985 12.583269
6121.668658 -3.083025 0.490964 12.868316
6121.768658 -2.983025 0.497943 13.122869
6121.868658 -2.883025 0.504921 13.344072
6121.968658 -2.783025 0.511900 13.529082
6122.068658 -2.683025 0.518879 13.675112
6122.168658 -2.583025 0.525858 13.779489
6122.268658 -2.483025 0.532837 13.839706
6122.368658 -2.383025 0.539815 13.853485
6122.468658 -2.283025 0.546794 13.818839
6122.568658 -2.183025 0.553773 13.734135
6122.668658 -2.083025 0.560752 13.598153
6122.768658 -1.983025 0.567730 13.410141
6122.868658 -1.883025 0.574709 13.169860
6122.968658 -1.783025 0.581688 12.877618
6123.068658 -1.683025 0.588667 12.534294
6123.168658 -1.583025 0.595645 12.141342
6123.268658 -1.483025 0.602624 11.700781
6123.368658 -1.383025 0.609603 11.215168
6123.468658 -1.283025 0.616582 10.687554
6123.568658 -1.183025 0.623560 10.121429
6123.668658 -1.083025 0.630539 9.520649
6123.768658 -0.983025 0.637518 8.889361
6123.868658 -0.883025 0.644497 8.231917
6123.968658 -0.783025 0.651475 7.552790
6124.068658 -0.683025 0.658454 6.856488
6124.168658 -0.583025 0.665433 6.147476
6124.268658 -0.483025 0.672412 5.430105
6124.368658 -0.383025 0.679390 4.708547
6124.468658 -0.283025 0.686369 3.986743
6124.568658 -0.183025 0.693348 3.268364
6124.668658 -0.083025 0.700327 2.556780
6124.768658 0.016975 0.707306 1.855040
6124.868658 0.116975 0.714284 1.165865
6124.968658 0.216975 0.721263 0.491645
6125.068658 0.316975 0.728242 -0.165557
6125.168658 0.416975 0.735221 -0.803988
6125.268658 0.516975 0.742199 -1.422189
6125.368658 0.616975 0.749178 -2.018979
6125.468658 0.716975 0.756157 -2.593431
6125.568658 0.816975 0.763136 -3.144847
6125.668658 0.916975 0.770114 -3.672737
6125.768658 1.016975 0.777093 -4.176792
6125.868658 1.116975 0.784072 -4.656868
6125.968658 1.216975 0.791051 -5.112958
6126.068658 1.316975 0.798029 -5.545177
6126.168658 1.416975 0.805008 -5.953740
6126.268658 1.516975 0.811987 -6.338947
6126.368658 1.616975 0.818966 -6.701169
6126.468658 1.716975 0.825944 -7.040834
6126.568658 1.816975 0.832923 -7.358411
6126.668658 1.916975 0.839902 -7.654405
6126.768658 2.016975 0.846881 -7.929348
6126.868658 2.116975 0.853860 -8.183785
6126.968658 2.216975 0.860838 -8.418274
6127.068658 2.316975 0.867817 -8.633377
6127.168658 2.416975 0.874796 -8.829653
6127.268658 2.516975 0.881775 -9.007661
6127.368658 2.616975 0.888753 -9.167948
6127.468658 2.716975 0.895732 -9.311054
6127.568658 2.816975 0.902711 -9.437503
6127.668658 2.916975 0.909690 -9.547808
6127.768658 3.016975 0.916668 -9.642463
6127.868658 3.116975 0.923647 -9.721947
6127.968658 3.216975 0.930626 -9.786720
6128.068658 3.316975 0.937605 -9.837226
6128.168658 3.416975 0.944583 -9.873889
6128.268658 3.516975 0.951562 -9.897115
6128.368658 3.616975 0.958541 -9.907293
6128.468658 3.716975 0.965520 -9.904791
6128.568658 3.816975 0.972498 -9.889961
6128.668658 3.916975 0.979477 -9.863138
6128.768658 4.016975 0.986456 -9.824636
6128.868658 4.116975 0.993435 -9.774757
6128.968658 4.216975 0.000413 -9.713784
6129.068658 4.316975 0.007392 -9.641983
6129.168658 4.416975 0.014371 -9.559606
6129.268658 4.516975 0.021350 -9.466891
6129.368658 4.616975 0.028329 -9.364061
6129.468658 4.716975 0.035307 -9.251323
6129.568658 4.816975 0.042286 -9.128873
6129.668658 4.916975 0.049265 -8.996894
6129.768658 5.016975 0.056244 -8.855556
6129.868658 5.116975 0.063222 -8.705017
6129.968658 5.216975 0.070201 -8.545425
6130.068658 5.316975 0.077180 -8.376915
6130.168658 5.416975 0.084159 -8.199616
6130.268658 5.516975 0.091137 -8.013641
6130.368658 5.616975 0.098116 -7.819100
6130.468658 5.716975 0.105095 -7.616090
6130.568658 5.816975 0.112074 -7.404702
6130.668658 5.916975 0.119052 -7.185017
6130.768658 6.016975 0.126031 -6.957112
6130.868658 6.116975 0.133010 -6.721054
6130.968658 6.216975 0.139989 -6.476906
6131.068658 6.316975 0.146967 -6.224724
6131.168658 6.416975 0.153946 -5.964561
6131.268658 6.516975 0.160925 -5.696463
6131.368658 6.616975 0.167904 -5.420473
6131.468658 6.716975 0.174882 -5.136631
6131.568658 6.816975 0.181861 -4.844975
6131.668658 6.916975 0.188840 -4.545541
6131.768658 7.016975 0.195819 -4.238363
6131.868658 7.116975 0.202798 -3.923476
6131.968658 -7.112218 0.209776 -3.600916
6132.068658 -7.012218 0.216755 -3.270721
6132.168658 -6.912218 0.223734 -2.932930
6132.268658 -6.812218 0.230713 -2.587588
6132.368658 -6.712218 0.237691 -2.234745
6132.468658 -6.612218 0.244670 -1.874459
6132.568658 -6.512218 0.251649 -1.506794
6132.668658 -6.412218 0.258628 -1.131827
6132.768658 -6.312218 0.265606 -0.749646
6132.868658 -6.212218 0.272585 -0.360353
6132.968658 -6.112218 0.279564 0.035933
6133.068658 -6.012218 0.286543 0.439074
6133.168658 -5.912218 0.293521 0.848910
6133.268658 -5.812218 0.300500 1.265257
6133.368658 -5.712218 0.307479 1.687899
6133.468658 -5.612218 0.314458 2.116593
6133.568658 -5.512218 0.321436 2.551056
6133.668658 -5.412218 0.328415 2.990966
6133.768658 -5.312218 0.335394 3.435957
6133.868658 -5.212218 0.342373 3.885611
6133.968658 -5.112218 0.349351 4.339455
6134.068658 -5.012218 0.356330 4.796953
6134.168658 -4.912218 0.363309 5.257503
6134.268658 -4.812218 0.370288 5.720427
6134.368658 -4.712218 0.377267 6.184964
6134.468658 -4.612218 0.384245 6.650266
6134.568658 -4.512218 0.391224 7.115386
6134.668658 -4.412218 0.398203 7.579274
6134.768658 -4.312218 0.405182 8.040766
6134.868658 -4.212218 0.412160 8.498579
6134.968658 -4.112218 0.419139 8.951302
6135.068658 -4.012218 0.426118 9.397390
6135.168658 -3.912218 0.433097 9.835158
6135.268658 -3.812218 0.440075 10.262779
6135.368658 -3.712218 0.447054 10.678276
6135.468658 -3.612218 0.454033 11.079528
6135.568658 -3.512218 0.461012 11.464267
6135.668658 -3.412218 0.467990 11.830087
6135.768658 -3.312218 0.474969 12.174453
6135.868658 -3.212218 0.481948 12.494715
6135.968658 -3.112218 0.488927 12.788128
6136.068658 -3.012218 0.495905 13.051878
6136.168658 -2.912218 0.502884 13.283112
6136.268658 -2.812218 0.509863 13.478979
6136.368658 -2.712218 0.516842 13.636671
6136.468658 -2.612218 0.523820 13.753475
6136.568658 -2.512218 0.530799 13.826830
6136.668658 -2.412218 0.537778 13.854385
6136.768658 -2.312218 0.544757 13.834061
6136.868658 -2.212218 0.551736 13.764116
6136.968658 -2.112218 0.558714 13.643203
6137.068658 -2.012218 0.565693 13.470428
6137.168658 -1.912218 0.572672 13.245399
6137.268658 -1.812218 0.579651 12.968260
6137.368658 -1.712218 0.586629 12.639724
6137.468658 -1.612218 0.593608 12.261076
6137.568658 -1.512218 0.600587 11.834172
6137.668658 -1.412218 0.607566 11.361417
6137.768658 -1.312218 0.614544 10.845722
6137.868658 -1.212218 0.621523 10.290455
6137.968658 -1.112218 0.628502 9.699374
6138.068658 -1.012218 0.635481 9.076550
6138.168658 -0.912218 0.642459 8.426283
6138.268658 -0.812218 0.649438 7.753020
6138.368658 -0.712218 0.656417 7.061267
6138.468658 -0.612218 0.663396 6.355510
6138.568658 -0.512218 0.670374 5.640139
6138.668658 -0.412218 0.677353 4.919384
6138.768658 -0.312218 0.684332 4.197260
6138.868658 -0.212218 0.691311 3.477519
6138.968658 -0.112218 0.698289 2.763621
6139.068658 -0.012218 0.705268 2.058712
6139.168658 0.087782 0.712247 1.365608
6139.268658 0.187782 0.719226 0.686794
6139.368658 0.287782 0.726205 0.024429
6139.468658 0.387782 0.733183 -0.619645
6139.568658 0.487782 0.740162 -1.243885
6139.668658 0.587782 0.747141 -1.847033
6139.768658 0.687782 0.754120 -2.428088
6139.868658 0.787782 0.761098 -2.986288
6139.968658 0.887782 0.768077 -3.521085
6140.068658 0.987782 0.775056 -4.032120
6140.168658 1.087782 0.782035 -4.519202
6140.268658 1.187782 0.789013 -4.982288
6140.368658 1.287782 0.795992 -5.421457
6140.468658 1.387782 0.802971 -5.836898
6140.568658 1.487782 0.809950 -6.228888
6140.668658 1.587782 0.816928 -6.597779
6140.768658 1.687782 0.823907 -6.943981
6140.868658 1.787782 0.830886 -7.267955
6140.968658 1.887782 0.837865 -7.570197
6141.068658 1.987782 0.844843 -7.851229
6141.168658 2.087782 0.851822 -8.111595
6141.268658 2.187782 0.858801 -8.351850
6141.368658 2.287782 0.865780 -8.572553
6141.468658 2.387782 0.872759 -8.774268
6141.568658 2.487782 0.879737 -8.957551
6141.668658 2.587782 0.886716 -9.122956
6141.768658 2.687782 0.893695 -9.271022
6141.868658 2.787782 0.900674 -9.402281
6141.968658 2.887782 0.907652 -9.517246
6142.068658 2.987782 0.914631 -9.616420
6142.168658 3.087782 0.921610 -9.700284
6142.268658 3.187782 0.928589 -9.769305
6142.368658 3.287782 0.935567 -9.823931
6142.468658 3.387782 0.942546 -9.864593
6142.568658 3.487782 0.949525 -9.891701
6142.668658 3.587782 0.956504 -9.905648
6142.768658 3.687782 0.963482 -9.906811
6142.868658 3.787782 0.970461 -9.895545
6142.968658 3.887782 0.977440 -9.872189
6143.068658 3.987782 0.984419 -9.837065
6143.168658 4.087782 0.991397 -9.790477
6143.268658 4.187782 0.998376 -9.732714
6143.368658 4.287782 0.005355 -9.664047
6143.468658 4.387782 0.012334 -9.584733
6143.568658 4.487782 0.019312 -9.495012
6143.668658 4.587782 0.026291 -9.395112
6143.768658 4.687782 0.033270 -9.285246
6143.868658 4.787782 0.040249 -9.165612
6143.968658 4.887782 0.047228 -9.036396
6144.068658 4.987782 0.054206 -8.897774
6144.168658 5.087782 0.061185 -8.749905
6144.268658 5.187782 0.068164 -8.592941
6144.368658 5.287782 0.075143 -8.427022
6144.468658 5.387782 0.082121 -8.252276
6144.568658 5.487782 0.089100 -8.068822
6144.668658 5.587782 0.096079 -7.876771
6144.768658 5.687782 0.103058 -7.676224
6144.868658 5.787782 0.110036 -7.467272
6144.968658 5.887782 0.117015 -7.250002
6145.068658 5.987782 0.123994 -7.024489
6145.168658 6.087782 0.130973 -6.790804
6145.268658 6.187782 0.137951 -6.549012
6145.368658 6.287782 0.144930 -6.299170
6145.468658 6.387782 0.151909 -6.041332
6145.568658 6.487782 0.158888 -5.775545
6145.668658 6.587782 0.165866 -5.501854
6145.768658 6.687782 0.172845 -5.220301
6145.868658 6.787782 0.179824 -4.930922
6145.968658 6.887782 0.186803 -4.633755
6146.068658 6.987782 0.193781 -4.328834
6146.168658 7.087782 0.200760 -4.016195
6146.268658 -7.141410 0.207739 -3.695871
6146.368658 -7.041410 0.214718 -3.367900
6146.468658 -6.941410 0.221697 -3.032322
6146.568658 -6.841410 0.228675 -2.689180
6146.668658 -6.741410 0.235654 -2.338521
6146.768658 -6.641410 0.242633 -1.980401
6146.868658 -6.541410 0.249612 -1.614883
6146.968658 -6.441410 0.256590 -1.242040
6147.068658 -6.341410 0.263569 -0.861955
6147.168658 -6.241410 0.270548 -0.474726
6147.268658 -6.141410 0.277527 -0.080468
6147.368658 -6.041410 0.284505 0.320687
6147.468658 -5.941410 0.291484 0.728587
6147.568658 -5.841410 0.298463 1.143054
6147.668658 -5.741410 0.305442 1.563882
6147.768658 -5.641410 0.312420 1.990836
6147.868658 -5.541410 0.319399 2.423647
6147.968658 -5.441410 0.326378 2.862003
6148.068658 -5.341410 0.333357 3.305551
6148.168658 -5.241410 0.340335 3.753890
6148.268658 -5.141410 0.347314 4.206563
6148.368658 -5.041410 0.354293 4.663054
