4779.595020 
4779.553051 
4779.641588 
4779.554924 
4779.549845 
4779.549522 
4779.659365 
4779.503678 
4779.686418 
4779.631344 
4779.601411 
4779.539965 
4779.528704 
4779.672747 
4779.537852 
4779.428547 
4779.450243 
4779.454684 
4779.547033 
4779.666094 
4779.474570 
4779.301748 
4779.343868 
4779.458073 
4779.575668 
4779.668738 
4779.381914 
4779.356384 
4779.414040 
4779.391061 
4779.109300 
4779.329959 
4779.472889 
4779.587684 
4779.566813 
4779.589631 
4779.515992 
4779.517897 
4779.699289 
4779.440970 
4779.484801 
4779.462728 
4779.774394 
4779.511287 
4779.474866 
4779.295750 
4779.439165 
4779.412393 
4779.387063 
4779.440801 
4779.496767 
4779.541231 
4779.448662 
4779.456651 
4779.345343 
4779.621652 
4779.568943 
4779.604484 
4779.620245 
4779.538799 
4779.449930 
4779.451810 
4779.388111 
4779.528441 
4779.610069 
4779.284701 
4779.580855 
4779.595484 
4779.559197 
4779.385471 
4779.610045 
4779.517589 
4779.497413 
4779.486052 
4779.638789 
4779.641615 
4779.644647 
4779.627266 
4779.581618 
4779.529455 
4779.623762 
4779.651045 
4779.710747 
4779.638803 
4779.592691 
4779.469892 
4779.721921 
4779.430881 
4779.414500 
4779.536918 
4779.451151 
4779.381550 
4779.363069 
4779.432006 
4779.451983 
4779.459869 
4779.461386 
4779.626425 
4779.526751 
4779.464718 
4779.426250 
4779.535437 
4779.596744 
4779.371961 
4779.502272 
4779.609871 
4779.617056 
4779.493997 
4779.531911 
4779.528619 
4779.502456 
4779.382888 
4779.443713 
4779.383939 
4779.517482 
4779.390894 
4779.515957 
4779.268722 
4779.494889 
4779.329324 
4779.462288 
4779.544765 
4779.739020 
4779.461895 
4779.442568 
4779.342660 
4779.399767 
4779.643974 
4779.481448 
4779.602371 
4779.389301 
4779.495445 
4779.512187 
4779.587813 
4779.621833 
4779.740918 
4779.615042 
4779.684201 
4779.805411 
4779.568369 
4779.639883 
4779.644943 
4779.477321 
4779.517356 
4779.552275 
4779.420042 
4779.519012 
4779.333668 
4779.558625 
4779.469116 
4779.484626 
4779.398051 
4779.528997 
4779.531341 
4779.289563 
4779.493929 
4779.315145 
4779.420673 
4779.433422 
4779.502922 
4779.558988 
4779.470382 
4779.557350 
4779.460730 
4779.624105 
4779.501899 
4779.602553 
4779.450540 
4779.527764 
4779.705919 
4779.512896 
4779.579383 
4779.478973 
4779.526132 
4779.569672 
4779.320281 
4779.288489 
4779.556097 
4779.540499 
4779.488966 
4779.558148 
4779.508709 
4779.564726 
4779.413102 
4779.528161 
4779.538736 
4779.610061 
4779.591250 
4779.543049 
4779.658012 
4779.614832 
4779.634130 
4779.694498 
4779.670814 
4779.446142 
4779.405590 
4779.495925 
4779.574628 
4779.658246 
4779.579914 
4779.498360 
4779.498523 
4779.530221 
4779.578170 
4779.720763 
4779.601084 
4779.591757 
4779.553526 
4779.462403 
4779.534907 
4779.493721 
4779.401775 
4779.496014 
4779.490053 
4779.631312 
4779.354443 
4779.387641 
4779.388415 
4779.597850 
4779.568455 
4779.654789 
4779.465684 
4779.505524 
4779.438220 
4779.520603 
4779.693360 
4779.648539 
4779.560762 
4779.362171 
4779.314804 
4779.454882 
4779.554631 
4779.603807 
4779.555400 
4779.559233 
4779.479919 
4779.360897 
4779.419508 
4779.411537 
4779.546988 
4779.417972 
4779.395901 
4779.611005 
4779.436183 
4779.365029 
4779.293910 
4779.446466 
4779.556021 
4779.450474 
4779.446002 
4779.552797 
4779.465470 
4779.435111 
4779.488358 
4779.219041 
4779.374792 
4779.567349 
4779.506693 
4779.472941 
4779.442318 
4779.507685 
4779.500865 
4779.425860 
4779.497531 
4779.695012 
4779.517109 
4779.564184 
4779.474518 
4779.581291 
4779.569262 
4779.476316 
4779.576251 
4779.609525 
4779.634031 
4779.599152 
4779.674317 
4779.618527 
4779.425645 
4779.585825 
4779.511812 
4779.476648 
4779.577997 
4779.532108 
4779.476113 
4779.482137 
4779.480769 
4779.495455 
4779.626139 
4779.622922 
4779.571518 
4779.509345 
4779.508901 
4779.547974 
4779.525133 
4779.380436 
4779.472390 
4779.493854 
4779.610533 
4779.480048 
4779.455213 
4779.571015 
4779.724594 
4779.474945 
4779.568123 
4779.521370 
4779.454011 
4779.394968 
4779.630031 
4779.530941 
4779.594740 
4779.478895 
4779.549784 
4779.471039 
4779.630893 
4779.422433 
4779.582260 
4779.419696 
4779.506283 
4779.460338 
4779.380611 
4779.327984 
4779.322330 
4779.401552 
4779.448327 
4779.500656 
4779.582317 
4779.608166 
4779.495903 
4779.525432 
4779.559083 
4779.669156 
4779.475706 
4779.529727 
4779.593899 
4779.454652 
4779.558010 
4779.391719 
4779.493198 
4779.481969 
4779.290791 
4779.433195 
4779.584805 
4779.379881 
4779.534941 
4779.662455 
4779.525755 
4779.468656 
4779.434510 
4779.353810 
4779.557154 
4779.424610 
4779.536432 
4779.641149 
4779.640187 
4779.452479 
4779.507574 
4779.490856 
4779.472149 
4779.392855 
4779.594370 
4779.427869 
4779.447419 
4779.566927 
4779.429700 
4779.500371 
4779.491672 
4779.409507 
4779.287151 
4779.370688 
4779.437344 
4779.777404 
4779.626372 
4779.622907 
4779.564145 
4779.497218 
4779.632415 
4779.477971 
4779.493385 
4779.423072 
4779.349182 
4779.318469 
4779.246783 
4779.568343 
4779.465595 
4779.559094 
4779.470107 
4779.382046 
4779.612054 
4779.293166 
4779.439783 
4779.449523 
4779.594084 
4779.594677 
4779.470527 
4779.512540 
4779.596869 
4779.514007 
4779.448158 
4779.490021 
4779.584440 
4779.590402 
4779.418542 
4779.522521 
4779.598584 
4779.706044 
4779.638524 
4779.457973 
4779.353373 
4779.460088 
4779.644665 
4779.567545 
4779.272982 
4779.437121 
4779.363410 
4779.407260 
4779.342438 
4779.554074 
4779.501661 
4779.475757 
4779.315554 
4779.508527 
4779.427207 
4779.431681 
4779.545985 
4779.422932 
4779.574178 
4779.677683 
4779.505375 
4779.687376 
4779.505895 
4779.636079 
4779.545263 
4779.541774 
4779.624162 
4779.798486 
4779.769909 
4779.705639 
4779.258357 
4779.384115 
4779.426841 
4779.415702 
4779.533908 
4779.454452 
4779.457681 
4779.670263 
4779.631032 
4779.487216 
4779.387983 
4779.558442 
4779.517861 
4779.705076 
4779.551366 
4779.500716 
4779.431404 
4779.455003 
4779.506516 
4779.843862 
4779.660140 
4779.565915 
4779.561972 
4779.441321 
4779.478297 
4779.575348 
4779.516698 
4779.465013 
4779.429796 
4779.529800 
4779.603177 
4779.543826 
4779.619512 
4779.544192 
4779.419492 
4779.477777 
4779.482423 
4779.560591 
4779.447312 
4779.497673 
4779.623339 
4779.683176 
4779.388633 
4779.698383 
4779.581261 
4779.746240 
4779.583692 
4779.550427 
4779.434076 
4779.549076 
4779.388627 
4779.489823 
4779.561548 
4779.526418 
4779.357393 
4779.663616 
4779.737463 
4779.428673 
4779.561058 
4779.221356 
4779.416473 
4779.404041 
4779.365803 
4779.451352 
4779.404815 
4779.564288 
4779.727262 
4779.549864 
4779.480295 
4779.495670 
4779.537875 
4779.540552 
4779.375523 
4779.621367 
4779.421747 
4779.361242 
4779.533009 
4779.513113 
4779.432265 
4779.284322 
4779.373219 
4779.520062 
4779.475661 
4779.390543 
4779.443472 
4779.349789 
4779.412799 
4779.491286 
4779.420510 
4779.478213 
4779.424638 
4779.334731 
4779.325066 
4779.263088 
4779.307765 
4779.353441 
4779.241048 
4779.667926 
4779.420389 
4779.619155 
4779.463218 
4779.512307 
4779.521471 
4779.516731 
4779.530668 
4779.595107 
4779.429553 
4779.463469 
4779.525793 
4779.330992 
4779.545314 
4779.570163 
4779.339636 
4779.602580 
4779.608872 
4779.372561 
4779.304359 
4779.525220 
4779.381373 
4779.552451 
4779.564070 
4779.628634 
4779.496927 
4779.613390 
4779.537585 
4779.538484 
4779.460811 
4779.290785 
4779.482100 
4779.448819 
4779.556034 
4779.499585 
4779.413272 
4779.465603 
4779.417408 
4779.387401 
4779.316637 
4779.237722 
4779.467920 
4779.435725 
4779.545936 
4779.570428 
4779.658306 
4779.455661 
4779.407214 
4779.409673 
4779.410114 
4779.409503 
4779.426207 
4779.454639 
4779.719723 
4779.667033 
4779.611331 
4779.756341 
4779.454166 
4779.545687 
4779.558154 
4779.564746 
4779.486952 
4779.537793 
4779.668544 
4779.652783 
4779.747139 
4779.536746 
4779.807444 
4779.637792 
4779.603911 
4779.524820 
4779.368750 
4779.662567 
4779.559215 
4779.570728 
4779.555939 
4779.462866 
4779.399538 
4779.332950 
4779.561703 
4779.457766 
4779.429508 
4779.534514 
4779.604554 
4779.458994 
4779.458811 
4779.542024 
4779.479868 
4779.754397 
4779.613074 
4779.446752 
4779.528492 
4779.430285 
4779.448399 
4779.356877 
4779.259874 
4779.337763 
4779.592469 
4779.469065 
4779.623820 
4779.483994 
4779.537736 
4779.683696 
4779.595000 
4779.452141 
4779.432062 
4779.464460 
4779.441035 
4779.602500 
4779.773484 
4779.712834 
4779.566518 
4779.603365 
4779.369331 
4779.442647 
4779.371501 
4779.471145 
4779.453275 
4779.302800 
4779.326335 
4779.439189 
4779.520424 
4779.618834 
4779.644366 
4779.463283 
4779.372277 
4779.586409 
4779.296712 
4779.396680 
4779.389092 
4779.287035 
4779.484030 
4779.508959 
4779.379616 
4779.441429 
4779.433723 
4779.419241 
4779.480279 
4779.476745 
4779.507553 
4779.538894 
4779.579011 
4779.428052 
4779.503904 
4779.397710 
4779.391392 
4779.589849 
4779.416928 
4779.572843 
4779.367112 
4779.525069 
4779.555910 
4779.561343 
4779.334319 
4779.300715 
4779.553523 
4779.652688 
4779.530579 
4779.329685 
4779.529641 
4779.520825 
4779.419299 
4779.528054 
4779.609029 
4779.695015 
4779.423578 
4779.469381 
4779.360504 
4779.485951 
4779.481607 
4779.685569 
4779.543704 
4779.429754 
4779.568758 
4779.596702 
4779.651749 
4779.583431 
4779.542314 
4779.457082 
4779.549578 
4779.491443 
4779.481308 
4779.359907 
4779.378287 
4779.481112 
4779.626662 
4779.612974 
4779.520056 
4779.556145 
4779.623626 
4779.526450 
4779.613599 
4779.559571 
4779.479156 
4779.722021 
4779.489341 
4779.365055 
4779.597440 
4779.434341 
4779.464640 
4779.350343 
4779.588380 
4779.438446 
4779.533459 
4779.674168 
4779.513216 
4779.342679 
4779.411053 
4779.476254 
4779.527751 
4779.276701 
4779.290891 
4779.617253 
4779.758424 
4779.688539 
4779.661464 
4779.225864 
4779.604396 
4779.518563 
4779.556826 
4779.713860 
4779.554971 
4779.560588 
4779.547282 
4779.507056 
4779.506276 
4779.392305 
4779.345705 
4779.518169 
4779.524294 
4779.524611 
4779.536460 
4779.387477 
4779.634428 
4779.552704 
4779.613433 
4779.716368 
4779.521819 
4779.307455 
4779.329527 
4779.354148 
4779.421425 
4779.497023 
4779.518275 
4779.457340 
4779.342483 
4779.454830 
4779.513532 
4779.443938 
4779.496596 
4779.416271 
4779.303325 
4779.374916 
4779.575759 
4779.432187 
4779.615180 
4779.514251 
4779.581705 
4779.393933 
4779.381728 
4779.492434 
4779.458121 
4779.304408 
4779.445241 
4779.394850 
4779.476731 
4779.484065 
4779.490966 
4779.519456 
4779.746728 
4779.597311 
4779.486336 
4779.501798 
4779.725880 
4779.544927 
4779.558436 
4779.482237 
4779.483180 
4779.504016 
4779.606120 
4779.569892 
4779.437131 
4779.705215 
4779.476500 
4779.459882 
4779.499766 
4779.584236 
4779.677580 
4779.562183 
4779.579582 
4779.513489 
4779.565939 
4779.444297 
4779.380097 
4779.485865 
4779.553106 
4779.733980 
4779.490873 
4779.518390 
4779.446878 
4779.540997 
4779.520380 
4779.458617 
4779.522516 
4779.468054 
4779.476372 
4779.402811 
4779.297534 
4779.420900 
4779.445043 
4779.596682 
4779.354092 
4779.435937 
4779.451848 
4779.324694 
4779.701993 
4779.283017 
4779.435549 
4779.291516 
4779.444110 
4779.441669 
4779.278995 
4779.450522 
4779.480185 
4779.595198 
4779.725029 
4779.648954 
4779.667626 
4779.771724 
4779.692236 
4779.642590 
4779.727751 
4779.589577 
4779.572562 
4779.519378 
4779.497960 
4779.519628 
4779.426739 
4779.454802 
4779.458722 
4779.485890 
4779.611111 
4779.509743 
4779.649560 
4779.723096 
4779.562311 
4779.506879 
4779.444025 
4779.516322 
4779.601637 
4779.345860 
4779.406953 
4779.459203 
4779.588739 
4779.400009 
4779.508254 
4779.386888 
4779.412482 
4779.572824 
4779.602465 
4779.751469 
4779.585210 
4779.551550 
4779.474440 
4779.536626 
4779.644246 
4779.478950 
4779.426197 
4779.537279 
4779.612764 
4779.652263 
4779.379762 
4779.432446 
4779.552418 
4779.619405 
4779.567997 
4779.620095 
4779.482720 
4779.766900 
4779.631655 
4779.553840 
4779.620036 
4779.653664 
4779.611549 
4779.518599 
4779.484944 
4779.471192 
4779.569862 
4779.634653 
4779.518673 
4779.537329 
4779.540001 
4779.413617 
4779.419104 
4779.455835 
4779.377663 
4779.511355 
4779.387808 
4779.505702 
4779.447331 
4779.411155 
4779.324712 
4779.444652 
4779.537977 
4779.521845 
4779.586211 
4779.453908 
4779.369345 
4779.316911 
4779.461792 
4779.430313 
4779.376202 
4779.338140 
4779.504295 
4779.543428 
4779.597675 
4779.503863 
4779.447137 
4779.566308 
4779.529753 
4779.415476 
4779.509081 
4779.467978 
4779.470725 
4779.420615 
4779.513471 
4779.526428 
4779.557690 
4779.614946 
4779.447618 
4779.478429 
4779.514702 
4779.471374 
4779.548436 
4779.460135 
4779.516472 
4779.528483 
4779.253675 
4779.201934 
4779.469715 
4779.369155 
4779.425011 
4779.509750 
4779.410960 
4779.512941 
4779.651382 
4779.903529 
4779.747947 
4779.415693 
4779.349934 
4779.515571 
4779.537789 
4779.512544 
4779.664842 
4779.708437 
4779.677941 
4779.506825 
4779.426571 
4779.407822 
4779.445331 
4779.558291 
4779.477048 
4779.620366 
4779.435200 
4779.601854 
4779.691534 
4779.564560 
4779.570998 
4779.623812 
4779.587092 
4779.588840 
4779.666803 
4779.504900 
4779.571517 
4779.532321 
4779.396012 
4779.242249 
4779.361157 
4779.490396 
4779.341079 
4779.415532 
4779.606243 
4779.568558 
4779.459253 
4779.340069 
4779.394261 
4779.437923 
4779.292996 
4779.407176 
4779.653081 
4779.630913 
4779.714435 
4779.749164 
4779.706399 
4779.581991 
4779.622449 
4779.570584 
4779.575159 
4779.483466 
4779.529508 
4779.552416 
4779.582675 
4779.696277 
4779.399144 
4779.568399 
4779.338268 
4779.640880 
4779.512995 
4779.439819 
4779.410111 
4779.491225 
4779.421202 
4779.522094 
4779.440448 
4779.606882 
4779.547881 
4779.535096 
4779.505617 
4779.512361 
4779.518932 
4779.562380 
4779.485291 
4779.417620 
4779.476203 
4779.437051 
4779.593070 
4779.725554 
4779.473925 
4779.440284 
4779.442634 
4779.495944 
4779.447403 
4779.635340 
4779.615786 
4779.591952 
4779.446740 
4779.477988 
4779.565054 
4779.704826 
4779.550369 
4779.573266 
4779.646108 
4779.518384 
4779.692603 
4779.631455 
4779.623452 
4779.393595 
4779.458144 
4779.501546 
4779.647349 
4779.515410 
4779.541204 
4779.719332 
4779.553352 
4779.560471 
4779.443860 
4779.413771 
4779.430351 
4779.486282 
4779.494051 
4779.480432 
4779.779579 
4779.455341 
4779.570006 
4779.443886 
4779.694868 
4779.636406 
4779.555695 
4779.521568 
4779.700099 
4779.585602 
4779.407337 
4779.651326 
4779.441397 
4779.473896 
4779.503243 
4779.469165 
4779.523645 
4779.506403 
4779.427145 
4779.561233 
4779.537445 
4779.291225 
4779.325462 
4779.575307 
4779.654480 
4779.598587 
4779.569476 
4779.517612 
4779.587319 
4779.626307 
4779.678768 
4779.554869 
4779.409403 
4779.583987 
4779.390320 
4779.628988 
4779.493986 
4779.632383 
4779.572429 
4779.478103 
4779.400066 
4779.413026 
4779.515789 
4779.500134 
4779.479265 
4779.688530 
4779.656697 
4779.268259 
4779.111264 
4779.402171 
4779.373827 
4779.427177 
4779.345715 
4779.344124 
4779.520262 
4779.424286 
4779.723707 
4779.680184 
4779.678937 
4779.472595 
4779.358922 
4779.434652 
4779.426703 
4779.301094 
4779.396191 
4779.577242 
4779.627495 
4779.476932 
4779.388101 
4779.597744 
4779.550380 
4779.531826 
4779.533175 
4779.287807 
4779.389768 
4779.431934 
4779.492235 
4779.492421 
4779.394038 
4779.700679 
4779.385524 
4779.527921 
4779.407080 
4779.395373 
4779.346622 
4779.482400 
4779.489363 
4779.446974 
4779.526188 
4779.455788 
4779.497215 
4779.535244 
4779.510679 
4779.694598 
4779.621792 
4779.633354 
4779.841444 
4779.618259 
4779.653167 
4779.489225 
4779.585186 
4779.441408 
4779.421057 
4779.382833 
4779.521668 
4779.612932 
4779.503201 
4779.761789 
4779.623335 
4779.423977 
4779.631579 
4779.475940 
4779.563933 
4779.422624 
4779.505419 
4779.725795 
4779.488352 
4779.512723 
4779.284546 
4779.389254 
4779.441205 
4779.646029 
4779.439499 
4779.572642 
4779.478970 
4779.541817 
4779.664365 
4779.620736 
4779.479472 
4779.519334 
4779.497111 
4779.597822 
4779.369499 
4779.372104 
4779.273656 
4779.417673 
4779.633372 
4779.588112 
4779.480195 
4779.564399 
4779.641710 
4779.592912 
4779.677507 
4779.580929 
4779.527308 
4779.571355 
4779.401619 
4779.379080 
4779.433994 
4779.392579 
4779.435224 
4779.514889 
4779.496260 
4779.425577 
4779.539713 
4779.510179 
4779.378540 
4779.587114 
4779.498867 
4779.648574 
4779.497378 
4779.543170 
4779.629338 
4779.440863 
4779.514595 
4779.578329 
4779.618700 
4779.342829 
4779.603061 
4779.649428 
4779.587346 
4779.621416 
4779.558110 
4779.494614 
4779.696551 
4779.648910 
4779.482404 
4779.447920 
4779.536526 
4779.454125 
4779.391146 
4779.351185 
4779.312991 
4779.577376 
4779.494095 
4779.684447 
4779.440511 
4779.436092 
4779.562890 
4779.544905 
4779.512569 
4779.752336 
4779.205854 
4779.591611 
4779.552710 
4779.437879 
4779.723875 
4779.510264 
4779.602425 
4779.588066 
4779.706032 
4779.585322 
4779.572416 
4779.488648 
4779.504437 
4779.520058 
4779.576183 
4779.530655 
4779.576039 
4779.413632 
4779.702650 
4779.638493 
4779.597142 
4779.537141 
4779.569881 
4779.758908 
4779.625516 
4779.545885 
4779.438446 
4779.443633 
4779.337306 
4779.623841 
4779.408764 
4779.487928 
4779.470967 
4779.539630 
4779.630417 
4779.617632 
4779.478761 
4779.642758 
4779.641342 
4779.617653 
4779.524009 
4779.503850 
4779.495404 
4779.498296 
4779.506163 
4779.558016 
4779.604334 
4779.512942 
4779.620466 
4779.583953 
4779.670183 
4779.808284 
4779.539066 
4779.447760 
4779.514829 
4779.534258 
4779.542696 
4779.439559 
4779.400815 
4779.407161 
4779.537123 
4779.577799 
4779.617536 
4779.361888 
4779.434258 
4779.405089 
4779.552152 
4779.543058 
4779.533576 
4779.444649 
4779.637186 
4779.295705 
4779.547654 
4779.555583 
4779.548079 
4779.653782 
4779.536140 
4779.465810 
4779.403768 
4779.450042 
4779.538247 
4779.382989 
4779.335954 
4779.403802 
4779.406361 
4779.677314 
4779.689614 
4779.510822 
4779.449873 
4779.623772 
4779.694723 
4779.497178 
4779.457845 
4779.596212 
4779.759586 
4779.498476 
4779.377231 
4779.285549 
4779.475840 
4779.370471 
4779.430844 
4779.481994 
4779.446569 
4779.438951 
4779.500754 
4779.423645 
4779.436919 
4779.500281 
4779.344182 
4779.549666 
4779.511255 
4779.445695 
4779.321941 
4779.433094 
4779.668141 
4779.573600 
4779.435167 
4779.476083 
4779.702645 
4779.412395 
4779.480189 
4779.379390 
4779.397112 
4779.459557 
4779.328649 
4779.388673 
4779.473002 
4779.511712 
4779.531763 
4779.550367 
4779.398679 
4779.450532 
4779.374752 
4779.290479 
4779.483813 
4779.499779 
4779.454253 
4779.703272 
4779.458113 
4779.383714 
4779.550595 
4779.595377 
4779.519154 
4779.676919 
4779.525757 
4779.565649 
4779.573675 
4779.709984 
4779.552219 
4779.557984 
4779.831827 
4779.644575 
4779.534767 
4779.398950 
4779.509344 
4779.493069 
4779.575821 
4779.563068 
4779.457178 
4779.631732 
4779.433444 
4779.636906 
4779.541745 
4779.729525 
4779.405444 
4779.355075 
4779.520262 
4779.336740 
4779.407026 
4779.451048 
4779.461229 
4779.678319 
4779.654201 
4779.444466 
4779.685065 
4779.467342 
4779.579288 
4779.570117 
4779.728594 
4779.507935 
4779.420576 
4779.661802 
4779.600810 
4779.437128 
4779.559119 
4779.581928 
4779.679178 
4779.505364 
4779.536257 
4779.419854 
4779.517325 
4779.503549 
4779.504067 
4779.451597 
4779.508330 
4779.541519 
4779.525820 
4779.500279 
4779.486914 
4779.554900 
4779.467264 
4779.313122 
4779.590175 
4779.592286 
4779.596116 
4779.495079 
4779.430701 
4779.526662 
4779.534957 
4779.527140 
4779.518817 
4779.520831 
4779.815309 
4779.405929 
4779.399047 
4779.670892 
4779.638203 
4779.604048 
4779.616645 
4779.553501 
4779.605202 
4779.400926 
4779.473191 
4779.425626 
4779.613947 
4779.387467 
4779.674126 
4779.663123 
4779.544089 
4779.408770 
4779.386422 
4779.387236 
4779.466592 
4779.398154 
4779.455886 
4779.536510 
4779.466399 
4779.597872 
4779.532469 
4779.541478 
4779.497748 
4779.516080 
4779.472523 
4779.494892 
4779.558504 
4779.580628 
4779.581959 
4779.564884 
4779.668783 
4779.720408 
4779.461514 
4779.535264 
4779.460847 
4779.484471 
4779.472627 
4779.532956 
4779.557389 
4779.536059 
4779.592020 
4779.799209 
4779.601647 
4779.548888 
4779.356622 
4779.464211 
4779.562043 
4779.408528 
4779.643292 
4779.334713 
4779.388818 
4779.304946 
4779.534702 
4779.431630 
4779.611488 
4779.455535 
4779.441637 
4779.388879 
4779.664161 
4779.479875 
4779.386732 
4779.236609 
4779.396344 
4779.511592 
4779.378387 
4779.438181 
4779.557064 
4779.542912 
4779.558018 
4779.527110 
4779.539028 
4779.859696 
4779.473018 
4779.577177 
4779.547175 
4779.495520 
4779.487215 
4779.507175 
4779.485605 
4779.537673 
4779.560383 
4779.550146 
4779.443592 
4779.708749 
4779.687719 
4779.599528 
4779.607587 
4779.643911 
4779.490739 
4779.585971 
4779.381813 
4779.658679 
4779.548517 
4779.691037 
4779.475779 
4779.541175 
4779.567219 
4779.516738 
4779.584327 
4779.545817 
4779.618097 
4779.688363 
4779.835088 
4779.632463 
4779.352946 
4779.504911 
4779.458029 
4779.425888 
4779.402459 
4779.622076 
4779.621952 
4779.525126 
4779.574230 
4779.417799 
4779.479260 
4779.477000 
4779.597234 
4779.593839 
4779.655020 
4779.662985 
4779.648361 
4779.507377 
4779.457880 
4779.379790 
4779.458932 
4779.368651 
4779.411041 
4779.435914 
4779.595805 
4779.665428 
4779.577229 
4779.667287 
4779.563455 
4779.613105 
4779.495508 
4779.391081 
4779.312701 
4779.470741 
4779.430932 
4779.451615 
4779.575303 
4779.424391 
4779.602403 
4779.609106 
4779.616318 
4779.419380 
4779.335081 
4779.566853 
4779.609424 
4779.549006 
4779.494678 
4779.453746 
4779.573281 
4779.652574 
4779.710435 
4779.494222 
4779.606982 
4779.551065 
4779.529587 
4779.583482 
4779.327373 
4779.402229 
4779.643561 
4779.554007 
4779.448363 
4779.440821 
4779.615650 
4779.738794 
4779.504571 
4779.491192 
4779.530325 
4779.621309 
4779.549387 
4779.461059 
4779.512222 
4779.531935 
4779.585365 
4779.574435 
4779.667666 
4779.693136 
4779.492864 
4779.368375 
4779.361126 
4779.521059 
4779.507179 
4779.518551 
4779.481318 
4779.513302 
4779.757675 
4779.599304 
4779.721037 
4779.549976 
4779.503320 
4779.550930 
4779.422611 
4779.452074 
4779.433030 
4779.642222 
4779.584168 
4779.615200 
4779.586426 
4779.616455 
4779.558397 
4779.671053 
4779.404942 
4779.478134 
4779.369104 
4779.392391 
4779.529944 
4779.634725 
4779.567164 
4779.689959 
4779.599786 
4779.415096 
4779.402331 
4779.380370 
4779.329168 
4779.518234 
4779.487609 
4779.560170 
4779.335236 
4779.379166 
4779.538758 
4779.493398 
4779.398192 
4779.325969 
4779.462735 
4779.274878 
4779.383664 
4779.340697 
4779.518794 
4779.807731 
4779.354209 
4779.503848 
4779.418350 
4779.400767 
4779.482856 
4779.446350 
4779.569168 
4779.434852 
4779.502770 
4779.500342 
4779.273547 
4779.412928 
4779.579875 
4779.652322 
4779.537998 
4779.488181 
4779.418152 
4779.558376 
4779.493828 
4779.442725 
4779.591321 
4779.534747 
4779.484011 
4779.583065 
4779.644209 
4779.677479 
4779.617091 
4779.352920 
4779.669133 
4779.492736 
4779.519167 
4779.598640 
4779.683643 
4779.554173 
4779.374854 
4779.491297 
4779.361484 
4779.392855 
4779.416710 
4779.456976 
4779.379830 
4779.553471 
4779.528011 
4779.510921 
4779.529894 
4779.359346 
4779.379636 
4779.565519 
4779.665776 
4779.543154 
4779.512663 
4779.559158 
4779.373818 
4779.336350 
4779.473033 
4779.298574 
4779.504975 
4779.451388 
4779.429288 
4779.698716 
4779.570691 
4779.616284 
4779.688771 
4779.537353 
4779.542924 
4779.491040 
4779.735931 
4779.679929 
4779.603669 
4779.518946 
4779.554481 
4779.720632 
4779.568955 
4779.495023 
4779.421506 
4779.485515 
4779.626668 
4779.521436 
4779.451705 
4779.687746 
4779.516219 
4779.567395 
4779.433839 
4779.468501 
4779.614775 
4779.494251 
4779.503995 
4779.456493 
4779.438974 
4779.517015 
4779.511992 
4779.399686 
4779.514085 
4779.578259 
4779.510639 
4779.560383 
4779.553083 
4779.589777 
4779.554481 
4779.669114 
4779.616852 
4779.648687 
4779.562114 
4779.476906 
4779.438811 
4779.556908 
4779.536487 
4779.460482 
4779.421238 
4779.469805 
4779.481461 
4779.589789 
4779.644801 
4779.470816 
4779.370206 
4779.479909 
4779.490600 
4779.573688 
4779.616450 
4779.648978 
4779.652411 
4779.467897 
4779.532595 
4779.208035 
4779.572086 
4779.456542 
4779.312477 
4779.514243 
4779.426841 
4779.354857 
4779.300185 
4779.547132 
4779.509034 
4779.330289 
4779.404226 
4779.519577 
4779.626614 
4779.577563 
4779.667001 
4779.602345 
4779.617055 
4779.651375 
4779.674376 
4779.550777 
4779.510151 
4779.526164 
4779.620149 
4779.320509 
4779.516971 
4779.537432 
4779.747489 
4779.731895 
4779.604274 
4779.606482 
4779.421053 
4779.327781 
4779.481790 
4779.378096 
4779.536769 
4779.450357 
4779.500045 
4779.554366 
4779.552917 
4779.594658 
4779.511876 
4779.491564 
4779.312481 
4779.556068 
4779.552261 
4779.474560 
4779.497490 
4779.705347 
4779.712814 
4779.499516 
4779.510352 
4779.564810 
4779.683026 
4779.585666 
4779.579935 
4779.715107 
4779.810253 
4779.597707 
4779.533369 
4779.413934 
4779.416724 
4779.461282 
4779.418133 
4779.370637 
4779.446744 
4779.548700 
4779.500850 
4779.368654 
4779.541255 
4779.452938 
4779.623519 
4779.731833 
4779.481042 
4779.294879 
4779.391248 
4779.421330 
4779.467829 
4779.384011 
4779.422176 
4779.625397 
4779.618124 
4779.480953 
4779.384577 
4779.657378 
4779.592209 
4779.543184 
4779.626254 
4779.562913 
4779.525184 
4779.460884 
4779.343785 
4779.415371 
4779.533925 
4779.288560 
4779.455945 
4779.381238 
4779.462714 
4779.677573 
4779.471873 
4779.432623 
4779.377759 
4779.469293 
4779.260604 
4779.347136 
4779.444797 
4779.523879 
4779.379582 
4779.549352 
4779.497729 
4779.518323 
4779.438689 
4779.389428 
4779.405128 
4779.448393 
4779.426909 
4779.459259 
4779.562059 
4779.476703 
4779.412840 
4779.423409 
4779.542016 
4779.446924 
4779.344076 
4779.366135 
4779.476354 
4779.466529 
4779.350145 
4779.455725 
4779.476094 
4779.491752 
4779.597012 
4779.551459 
4779.625072 
4779.603170 
4779.606862 
4779.468843 
4779.553637 
4779.536458 
4779.520654 
4779.525386 
4779.422742 
4779.446327 
4779.344460 
4779.460278 
4779.368123 
4779.517887 
4779.509593 
4779.589329 
4779.663500 
4779.366384 
4779.297072 
4779.529614 
4779.362178 
4779.472106 
4779.461964 
4779.486294 
4779.374449 
4779.408601 
4779.407500 
4779.605845 
4779.672125 
4779.398393 
4779.472831 
4779.477490 
4779.560888 
4779.556661 
4779.570960 
4779.697334 
4779.663913 
4779.329243 
4779.552099 
4779.562382 
4779.633943 
4779.543939 
4779.459243 
4779.182310 
4779.279600 
4779.476815 
4779.587235 
4779.607337 
4779.579796 
4779.583060 
4779.574783 
4779.523410 
4779.544749 
4779.462203 
4779.484595 
4779.398866 
4779.502020 
4779.412008 
4779.570926 
4779.517788 
4779.486757 
4779.474476 
4779.533573 
4779.520329 
4779.459605 
4779.662401 
4779.618895 
4779.652445 
4779.660961 
4779.580324 
4779.482797 
4779.475506 
4779.469482 
4779.640977 
4779.540333 
4779.569343 
4779.826580 
4779.566982 
4779.501378 
4779.604317 
4779.496602 
4779.468738 
4779.402979 
4779.378698 
4779.404279 
4779.516416 
4779.388629 
4779.515035 
4779.472111 
4779.739850 
4779.514827 
4779.577616 
4779.531516 
4779.434136 
4779.474467 
4779.535979 
4779.520730 
4779.509599 
4779.396384 
4779.518727 
4779.455735 
4779.394041 
4779.412153 
4779.276837 
4779.613409 
4779.568919 
4779.589007 
4779.360850 
4779.372014 
4779.537614 
4779.527554 
4779.463887 
4779.547390 
4779.444377 
4779.582984 
4779.538690 
4779.598695 
4779.501477 
4779.586418 
4779.822505 
4779.607261 
4779.547399 
4779.376096 
4779.502458 
4779.435676 
4779.466828 
4779.451987 
4779.654994 
4779.444881 
4779.385180 
4779.464115 
4779.549506 
4779.577631 
4779.358004 
4779.505082 
4779.380354 
4779.465982 
4779.367537 
4779.525231 
4779.404309 
4779.620476 
4779.467593 
4779.510431 
4779.603254 
4779.672698 
4779.646742 
4779.506037 
4779.513193 
4779.363654 
4779.374290 
4779.465990 
4779.664072 
4779.574326 
4779.615770 
4779.684187 
4779.562472 
4779.583860 
4779.488747 
4779.605484 
4779.527949 
4779.718348 
4779.571652 
4779.508813 
4779.360811 
4779.474517 
4779.468801 
4779.486883 
4779.477142 
4779.340262 
4779.602767 
4779.731098 
4779.338141 
4779.554340 
4779.349007 
4779.606318 
4779.598444 
4779.398100 
4779.195009 
4779.408818 
4779.391888 
4779.499411 
4779.530378 
4779.423876 
4779.584917 
4779.557767 
4779.518860 
4779.528744 
4779.562890 
4779.554156 
4779.494983 
4779.417243 
4779.507320 
4779.594704 
4779.482799 
4779.539034 
4779.656147 
4779.537147 
4779.393448 
4779.321921 
4779.539935 
4779.535967 
4779.482511 
4779.541611 
4779.553634 
4779.672395 
4779.393107 
4779.697114 
4779.662986 
4779.239439 
4779.337159 
4779.352487 
4779.357599 
4779.588710 
4779.369978 
4779.411869 
4779.308772 
4779.454300 
4779.471424 
4779.428907 
4779.441083 
4779.338880 
4779.466949 
4779.440717 
4779.374132 
4779.234827 
4779.361757 
4779.373789 
4779.473802 
4779.539398 
4779.429604 
4779.601898 
4779.380187 
4779.627066 
4779.481901 
4779.516730 
4779.598502 
4779.343913 
4779.481815 
4779.551968 
4779.412627 
4779.422986 
4779.399929 
4779.401433 
4779.309154 
4779.400517 
4779.552776 
4779.511595 
4779.393884 
4779.508920 
4779.513075 
4779.511808 
4779.619089 
4779.369861 
4779.396060 
4779.499987 
4779.456883 
4779.597965 
4779.404244 
4779.682047 
4779.698812 
4779.500020 
4779.525975 
4779.439475 
4779.441509 
4779.394586 
4779.537449 
4779.705071 
4779.655620 
4779.592306 
4779.319814 
4779.480238 
4779.465299 
4779.407055 
4779.747395 
4779.625414 
4779.688669 
4779.619170 
4779.473096 
4779.448887 
4779.587789 
4779.593545 
4779.523672 
4779.499401 
4779.505792 
4779.522978 
4779.374127 
4779.471132 
4779.422634 
4779.537607 
4779.553620 
4779.559131 
4779.525366 
4779.597476 
4779.677409 
4779.679941 
4779.539355 
4779.410960 
4779.424880 
4779.472570 
4779.405358 
4779.489525 
4779.507568 
4779.627085 
4779.591791 
4779.503675 
4779.525786 
4779.546035 
4779.440922 
4779.408194 
4779.195456 
4779.347737 
4779.484062 
4779.515623 
4779.413911 
4779.552491 
4779.512252 
4779.538535 
4779.507874 
4779.599539 
4779.527449 
4779.599727 
4779.573792 
4779.424481 
4779.597318 
4779.505260 
4779.445504 
4779.366259 
4779.407789 
4779.253870 
4779.460279 
4779.449176 
4779.382745 
4779.534464 
4779.556952 
4779.439397 
4779.482539 
4779.495337 
4779.657796 
4779.570169 
4779.412589 
4779.556329 
4779.576891 
4779.578881 
4779.571095 
4779.704816 
4779.582537 
4779.746755 
4779.601080 
4779.439017 
4779.472099 
4779.375055 
4779.469238 
4779.488981 
4779.576168 
4779.604438 
4779.431327 
4779.458401 
4779.476172 
4779.448223 
4779.558640 
4779.532959 
4779.335882 
4779.316869 
4779.582723 
4779.696083 
4779.455551 
4779.413003 
4779.543678 
4779.488328 
4779.489607 
4779.511879 
4779.324884 
4779.523920 
4779.562587 
4779.615037 
4779.555225 
4779.491133 
4779.421824 
4779.361089 
4779.418312 
4779.423915 
4779.566298 
4779.367316 
4779.469581 
4779.498990 
4779.518298 
4779.611986 
4779.371555 
4779.433872 
4779.468514 
4779.450179 
4779.401152 
4779.545668 
4779.479313 
4779.480955 
4779.389927 
4779.395488 
4779.570934 
4779.603553 
4779.549781 
4779.500923 
4779.536481 
4779.487642 
4779.382816 
4779.682298 
4779.480748 
4779.321404 
4779.658040 
4779.498457 
4779.504640 
4779.585210 
4779.321937 
4779.534788 
4779.462408 
4779.531893 
4779.653181 
4779.493020 
4779.508947 
4779.475705 
4779.448684 
4779.417860 
4779.387500 
4779.545881 
4779.598868 
4779.443061 
4779.622707 
4779.360065 
4779.394287 
4779.602460 
4779.569593 
4779.465227 
4779.471620 
4779.511945 
4779.479864 
4779.499670 
4779.372986 
4779.464092 
4779.505504 
4779.533417 
4779.590873 
4779.552293 
4779.442388 
4779.285962 
4779.561997 
4779.546233 
4779.424504 
4779.432170 
4779.380432 
4779.449027 
4779.449035 
4779.567252 
4779.445824 
4779.536321 
4779.500071 
4779.727386 
4779.641215 
4779.634695 
4779.592924 
4779.433010 
4779.463472 
4779.508659 
4779.625922 
4779.576013 
4779.488794 
4779.541317 
4779.602198 
4779.608648 
4779.556070 
4779.404226 
4779.382832 
4779.498838 
4779.483263 
4779.346195 
4779.521765 
4779.524096 
4779.390162 
4779.609799 
4779.375257 
4779.353160 
4779.508934 
4779.515648 
4779.546291 
4779.566123 
4779.546239 
4779.534599 
4779.485212 
4779.667741 
4779.644271 
4779.682737 
4779.594310 
4779.674978 
4779.636304 
4779.450118 
4779.402058 
4779.281746 
4779.503264 
4779.302160 
4779.301162 
4779.462091 
4779.372830 
4779.467626 
4779.329585 
4779.369729 
4779.441483 
4779.565620 
4779.578945 
4779.546384 
4779.628460 
4779.462283 
4779.439239 
4779.497025 
4779.307632 
4779.399867 
4779.493264 
4779.473286 
4779.493578 
4779.558102 
4779.647046 
4779.529617 
4779.472218 
4779.669999 
4779.312180 
4779.475526 
4779.439155 
4779.571819 
4779.635026 
4779.566277 
4779.556186 
4779.492514 
4779.472661 
4779.435876 
4779.414469 
4779.511741 
4779.609114 
4779.623553 
4779.556480 
4779.481140 
4779.232298 
4779.424485 
4779.615250 
4779.449311 
4779.440305 
4779.582007 
4779.362208 
4779.403070 
4779.278245 
4779.349021 
4779.552542 
4779.415415 
4779.429702 
4779.556346 
4779.466973 
4779.386311 
4779.520328 
4779.442488 
4779.465153 
4779.590947 
4779.521147 
4779.527168 
4779.572779 
4779.280373 
4779.559830 
4779.590542 
4779.586511 
4779.583819 
4779.573535 
4779.344966 
4779.439160 
4779.529067 
4779.503903 
4779.700410 
4779.555668 
4779.499712 
4779.418966 
4779.584708 
4779.508499 
4779.488332 
4779.390861 
4779.644248 
4779.621118 
4779.605310 
4779.610311 
4779.543913 
4779.503223 
4779.438921 
4779.349661 
4779.503598 
4779.537124 
4779.413324 
4779.548867 
4779.528210 
4779.529375 
4779.640173 
4779.219479 
4779.435833 
4779.490036 
4779.556376 
4779.391630 
4779.409678 
4779.340885 
4779.329163 
4779.440750 
4779.507192 
4779.717697 
4779.647786 
4779.446929 
4779.535737 
4779.424664 
4779.358974 
4779.426686 
4779.490789 
4779.359548 
4779.457558 
4779.568881 
4779.604080 
4779.384119 
4779.257544 
4779.472348 
4779.495258 
4779.542719 
4779.382196 
4779.570557 
4779.358570 
4779.376287 
4779.399039 
4779.358838 
4779.306903 
4779.310595 
4779.419715 
4779.382263 
4779.590233 
4779.621239 
4779.571946 
4779.527582 
4779.567244 
4779.716056 
4779.725397 
4779.423023 
4779.501190 
4779.407556 
4779.564087 
4779.289298 
4779.231533 
4779.346392 
4779.531607 
4779.653615 
4779.569853 
4779.422272 
4779.512588 
4779.358004 
4779.477742 
4779.509403 
4779.486955 
4779.372477 
4779.539758 
4779.624238 
4779.348289 
4779.423928 
4779.506698 
4779.492954 
4779.424433 
4779.749154 
4779.520473 
4779.428914 
4779.575924 
4779.569525 
4779.515971 
4779.604332 
4779.638750 
4779.565542 
4779.441855 
4779.408087 
4779.199814 
4779.336683 
4779.330601 
4779.518161 
4779.557143 
4779.510644 
4779.486244 
4779.743436 
4779.670020 
4779.638404 
4779.544921 
4779.602073 
4779.515070 
4779.521234 
4779.587254 
4779.665131 
4779.640119 
4779.474474 
4779.649942 
4779.743553 
4779.530556 
4779.516997 
4779.591699 
4779.601631 
4779.642214 
4779.526866 
4779.273881 
4779.309703 
4779.501773 
4779.500278 
4779.357019 
4779.369541 
4779.452583 
4779.364742 
4779.464959 
4779.327642 
4779.437109 
4779.581546 
4779.544346 
4779.458241 
4779.461789 
4779.407321 
4779.430088 
4779.436352 
4779.424527 
4779.273384 
4779.390327 
4779.707769 
4779.427849 
4779.627986 
4779.545155 
4779.541497 
4779.518531 
4779.594905 
4779.680432 
4779.643412 
4779.523656 
4779.407162 
4779.490081 
4779.531792 
4779.538134 
4779.625091 
4779.392498 
4779.671582 
4779.500190 
4779.613256 
4779.723628 
4779.549553 
4779.598239 
4779.331712 
4779.314853 
4779.453032 
4779.489509 
4779.549659 
4779.515069 
4779.410237 
4779.273554 
4779.312645 
4779.397654 
4779.379507 
4779.433172 
4779.518251 
4779.634043 
4779.688496 
4779.682594 
4779.635676 
4779.701905 
4779.612351 
4779.608138 
4779.547845 
4779.565277 
4779.625528 
4779.558506 
4779.622761 
4779.365864 
4779.553409 
4779.525650 
4779.645281 
4779.541918 
4779.642614 
4779.634107 
4779.545953 
4779.525995 
4779.461121 
4779.485880 
4779.495460 
4779.417873 
4779.475301 
4779.566729 
4779.493115 
4779.502925 
4779.708849 
4779.654087 
4779.515440 
4779.367063 
4779.443694 
4779.258374 
4779.470149 
4779.385471 
4779.406839 
4779.418657 
4779.365232 
4779.429002 
4779.523433 
4779.578881 
4779.622422 
4779.576873 
4779.609532 
4779.442654 
4779.559134 
4779.431140 
4779.352056 
4779.365926 
4779.369413 
4779.420091 
4779.268174 
4779.369061 
4779.328719 
4779.313551 
4779.501209 
4779.491366 
4779.622461 
4779.467707 
4779.446642 
4779.355617 
4779.304146 
4779.598596 
4779.567589 
4779.347838 
4779.477181 
4779.564691 
4779.347246 
4779.369895 
4779.409305 
4779.450656 
4779.539738 
4779.432597 
4779.462900 
4779.581502 
4779.562866 
4779.428773 
4779.484642 
4779.618519 
4779.658599 
4779.671020 
4779.565196 
4779.319332 
4779.485924 
4779.526808 
4779.484282 
4779.434198 
4779.394813 
4779.484671 
4779.707586 
4779.714695 
4779.470921 
4779.439058 
4779.552944 
4779.541259 
4779.571678 
4779.529199 
4779.312956 
4779.470453 
4779.578717 
4779.471376 
4779.527092 
4779.549812 
4779.538767 
4779.446968 
4779.446408 
4779.540013 
4779.569014 
4779.516617 
4779.622147 
4779.621693 
4779.712939 
4779.562780 
4779.472888 
4779.502093 
4779.506360 
4779.550278 
4779.559646 
4779.349489 
4779.390220 
4779.368588 
4779.495642 
4779.367267 
4779.667841 
4779.628052 
4779.375319 
4779.480053 
4779.566929 
4779.644737 
4779.650888 
4779.573117 
4779.692131 
4779.695672 
4779.667948 
4779.573751 
4779.807283 
4779.502096 
4779.574768 
4779.573630 
4779.356955 
4779.530031 
4779.491242 
4779.597991 
4779.516104 
4779.389757 
4779.330349 
4779.464204 
4779.500079 
4779.474657 
4779.377034 
4779.523019 
4779.407912 
4779.328293 
4779.408599 
4779.351008 
4779.205799 
4779.704046 
4779.424701 
4779.455482 
4779.311395 
4779.525612 
4779.372441 
4779.437062 
4779.477949 
4779.670063 
4779.508312 
4779.518627 
4779.409446 
4779.590506 
4779.585880 
4779.553262 
4779.577976 
4779.530332 
4779.626294 
4779.553642 
4779.477581 
4779.449017 
4779.506008 
4779.536405 
4779.451103 
4779.453847 
4779.590504 
4779.540625 
4779.524101 
4779.469154 
4779.512492 
4779.520536 
4779.217889 
4779.484242 
4779.465921 
4779.521489 
4779.542232 
4779.499090 
4779.468848 
4779.386829 
4779.454723 
4779.559996 
4779.647371 
4779.738917 
4779.570923 
4779.439256 
4779.455230 
4779.458216 
4779.403459 
4779.597429 
4779.637991 
4779.456876 
4779.478275 
4779.351608 
4779.400193 
4779.462602 
4779.533186 
4779.431875 
4779.470812 
4779.488767 
4779.482187 
4779.468862 
4779.630265 
4779.662895 
4779.584242 
4779.693124 
4779.677216 
4779.593493 
4779.519582 
4779.554237 
4779.588677 
4779.502359 
4779.504842 
4779.518934 
4779.670117 
4779.585718 
4779.594241 
4779.793182 
4779.616708 
4779.617851 
4779.515989 
4779.414892 
4779.301492 
4779.211641 
4779.411939 
4779.739215 
4779.567122 
4779.468529 
4779.619017 
4779.340527 
4779.491693 
4779.438610 
4779.592074 
4779.573084 
4779.433797 
4779.405611 
4779.443803 
4779.416807 
4779.447172 
4779.462704 
4779.626219 
4779.595706 
4779.564882 
4779.572940 
4779.404729 
4779.670967 
4779.646747 
4779.567711 
4779.624889 
4779.595073 
4779.398263 
4779.585331 
4779.648023 
4779.557850 
4779.466853 
4779.392008 
4779.498713 
4779.580956 
4779.278200 
4779.528693 
4779.654449 
4779.603429 
4779.464749 
4779.441847 
4779.600402 
4779.606747 
4779.534163 
4779.337395 
4779.444231 
4779.674510 
4779.593541 
4779.399925 
4779.594213 
4779.513361 
4779.473222 
4779.611828 
4779.418686 
4779.491760 
4779.510270 
4779.478007 
4779.693033 
4779.507318 
4779.448606 
4779.511342 
4779.553339 
4779.449005 
4779.431613 
4779.426272 
4779.500148 
4779.541674 
4779.505951 
4779.332381 
4779.475897 
4779.584960 
4779.581146 
4779.566870 
4779.605314 
4779.539857 
4779.539377 
4779.388003 
4779.477843 
4779.657816 
4779.532705 
4779.627711 
4779.547178 
4779.484193 
4779.604927 
4779.613359 
4779.666086 
4779.643179 
4779.497867 
4779.695685 
4779.613898 
4779.591245 
4779.634067 
4779.609392 
4779.506138 
4779.501902 
4779.662688 
4779.512929 
4779.576824 
4779.501010 
4779.628722 
4779.354423 
4779.562740 
4779.402326 
4779.386368 
4779.505579 
4779.538857 
4779.702350 
4779.695941 
4779.459077 
4779.410401 
4779.515219 
4779.541770 
4779.479741 
4779.444967 
4779.443337 
4779.670871 
4779.511137 
4779.579445 
4779.580051 
4779.582827 
4779.482880 
4779.571500 
4779.402912 
4779.488217 
4779.470937 
4779.349423 
4779.487010 
4779.552050 
4779.387578 
4779.408410 
4779.363359 
4779.494863 
4779.501135 
4779.493675 
4779.520035 
4779.519562 
4779.442182 
4779.490082 
4779.501700 
4779.597660 
4779.614752 
4779.489171 
4779.549676 
4779.538828 
4779.590514 
4779.531730 
4779.451407 
4779.365722 
4779.344687 
4779.489423 
4779.454968 
4779.524642 
4779.608592 
4779.656496 
4779.543611 
4779.542507 
4779.419810 
4779.370559 
4779.558832 
4779.555769 
4779.413420 
4779.484754 
4779.520438 
4779.683917 
4779.382706 
4779.432750 
4779.558261 
4779.538336 
4779.673917 
4779.640953 
4779.574975 
4779.544266 
4779.346817 
4779.416883 
4779.307768 
4779.496162 
4779.443213 
4779.524452 
4779.495576 
4779.523600 
4779.495343 
4779.521641 
4779.448434 
4779.490518 
4779.416116 
4779.598524 
4779.452864 
4779.331797 
4779.446527 
4779.525305 
4779.603433 
4779.501154 
4779.571321 
4779.633754 
4779.362078 
4779.474106 
4779.289579 
4779.442305 
4779.371414 
4779.424870 
4779.417547 
4779.412958 
4779.498354 
4779.348744 
4779.452648 
4779.578764 
4779.487761 
4779.418152 
4779.448576 
4779.541635 
4779.566425 
4779.475617 
4779.420043 
4779.517800 
4779.567140 
4779.400049 
4779.331478 
4779.694743 
4779.577693 
4779.463709 
4779.635556 
4779.612691 
4779.352761 
4779.334073 
4779.279338 
4779.314698 
4779.441590 
4779.582824 
4779.530727 
4779.469969 
4779.521523 
4779.420080 
4779.594832 
4779.739454 
4779.677292 
4779.404028 
4779.413205 
4779.591096 
4779.579386 
4779.494246 
4779.503569 
4779.541950 
4779.543491 
4779.563279 
4779.486094 
4779.573880 
4779.500240 
4779.417237 
4779.430159 
4779.364772 
4779.490253 
4779.428650 
4779.430567 
4779.480276 
4779.667980 
4779.399189 
4779.419021 
4779.506604 
4779.416965 
4779.522958 
4779.397435 
4779.400638 
4779.467356 
4779.452420 
4779.478763 
4779.606773 
4779.594646 
4779.506774 
4779.612513 
4779.651545 
4779.446143 
4779.520221 
4779.404665 
4779.741393 
4779.575368 
4779.425920 
4779.419774 
4779.313427 
4779.424435 
4779.393733 
4779.565568 
4779.507131 
4779.474012 
4779.528595 
4779.617220 
4779.559483 
4779.715233 
4779.670021 
4779.686051 
4779.524910 
4779.599961 
4779.496442 
4779.319834 
4779.397794 
4779.345331 
4779.450500 
4779.433518 
4779.468095 
4779.511677 
4779.540587 
4779.392590 
4779.592509 
4779.618698 
4779.429351 
4779.339386 
4779.508946 
4779.472238 
4779.631714 
4779.626663 
4779.454473 
4779.494917 
4779.514279 
4779.371414 
4779.544045 
4779.465990 
4779.187751 
4779.419096 
4779.390963 
4779.420304 
4779.341658 
4779.387440 
4779.504010 
4779.453790 
4779.503900 
4779.492475 
4779.293867 
4779.552656 
4779.369694 
4779.503168 
4779.392693 
4779.520847 
4779.485905 
4779.514244 
4779.295580 
4779.572858 
4779.532323 
4779.749186 
4779.664069 
4779.465279 
4779.461459 
4779.556388 
4779.438279 
4779.476673 
4779.483793 
4779.553710 
4779.595278 
4779.616278 
4779.729376 
4779.703923 
4779.529209 
4779.532052 
4779.470404 
4779.375634 
4779.273849 
4779.507754 
4779.556203 
4779.489628 
4779.597045 
4779.470919 
4779.402071 
4779.553038 
4779.463581 
4779.534451 
4779.481730 
4779.506423 
4779.605329 
4779.510149 
4779.587906 
4779.577573 
4779.483191 
4779.443327 
4779.605030 
4779.701889 
4779.600099 
4779.429189 
4779.633891 
4779.576220 
4779.457585 
4779.368264 
4779.428170 
4779.487649 
4779.462644 
4779.549099 
4779.356937 
4779.257456 
4779.495627 
4779.574343 
4779.532126 
4779.395028 
4779.317699 
4779.211775 
4779.449494 
4779.472644 
4779.588968 
4779.314412 
4779.550978 
4779.657500 
4779.551561 
4779.465875 
4779.596596 
4779.526606 
4779.422523 
4779.421958 
4779.299590 
4779.281080 
4779.626815 
4779.567503 
4779.579411 
4779.553029 
4779.576769 
4779.238957 
4779.398888 
4779.371772 
4779.408200 
4779.582280 
4779.417985 
4779.467229 
4779.420477 
4779.543039 
4779.348066 
4779.387669 
4779.448236 
4779.405250 
4779.409545 
4779.396289 
4779.364114 
4779.394455 
4779.461865 
4779.409060 
4779.587548 
4779.485513 
4779.428565 
4779.611494 
4779.500733 
4779.533938 
4779.525057 
4779.406244 
4779.337791 
4779.356921 
4779.354648 
4779.487205 
4779.563208 
4779.585885 
4779.346117 
4779.532217 
4779.494955 
4779.612421 
4779.678858 
4779.601430 
4779.413606 
4779.463838 
4779.581444 
4779.569608 
4779.471758 
4779.305985 
4779.333368 
4779.477327 
4779.535910 
4779.566944 
4779.427571 
4779.433247 
4779.366808 
4779.631177 
4779.420674 
4779.582857 
4779.597201 
4779.585707 
4779.314832 
4779.416388 
4779.466056 
4779.391057 
4779.417745 
4779.526127 
4779.639624 
4779.534514 
4779.435875 
4779.322437 
4779.638528 
4779.479381 
4779.487515 
4779.575784 
4779.381109 
4779.402406 
4779.523047 
4779.600998 
4779.469019 
4779.643357 
4779.552620 
4779.383341 
4779.378643 
4779.606528 
4779.520084 
4779.455126 
4779.473815 
4779.638575 
4779.472648 
4779.620261 
4779.545281 
4779.554610 
4779.684710 
4779.654318 
4779.487176 
4779.407445 
4779.269982 
4779.410988 
4779.429209 
4779.582556 
4779.644698 
4779.469140 
4779.461562 
4779.551857 
4779.600785 
4779.534860 
4779.451654 
4779.289724 
4779.537576 
4779.273937 
4779.608213 
4779.442785 
4779.502140 
4779.518892 
4779.251664 
4779.513723 
4779.826384 
4779.540928 
4779.796644 
4779.498903 
4779.516810 
4779.625062 
4779.534340 
4779.567773 
4779.427802 
4779.362775 
4779.501739 
4779.571403 
4779.569412 
4779.601945 
4779.622992 
4779.712184 
4779.504377 
4779.447873 
4779.343823 
4779.504787 
4779.554804 
4779.421948 
4779.539926 
4779.556813 
4779.555198 
4779.618396 
4779.434439 
4779.793514 
4779.590812 
4779.615699 
4779.461281 
4779.617556 
4779.504385 
4779.670050 
4779.490275 
4779.529254 
4779.423798 
4779.579508 
4779.570225 
4779.551593 
4779.558195 
4779.421711 
4779.522498 
4779.554990 
4779.491060 
4779.594946 
4779.585499 
4779.404015 
4779.556238 
4779.481946 
4779.632747 
4779.481224 
4779.416991 
4779.474825 
4779.500447 
4779.530129 
4779.494383 
4779.468134 
4779.525458 
4779.604386 
4779.327662 
4779.397918 
4779.491306 
4779.536747 
4779.533144 
4779.584507 
4779.550903 
4779.573631 
4779.483997 
4779.541004 
4779.551633 
4779.528410 
4779.573778 
4779.431005 
4779.523986 
4779.459223 
4779.364999 
4779.479461 
4779.350611 
4779.545582 
4779.444709 
4779.493659 
4779.320281 
4779.478426 
4779.678079 
4779.549679 
4779.395628 
4779.402420 
4779.588323 
4779.635453 
4779.313759 
4779.594240 
4779.407923 
4779.370965 
4779.307486 
4779.448305 
4779.429129 
4779.390926 
4779.575342 
4779.565373 
4779.657998 
4779.527258 
4779.635567 
4779.547642 
4779.647487 
4779.417075 
4779.365007 
4779.424961 
4779.408578 
4779.552343 
4779.568126 
4779.541855 
4779.690936 
4779.524970 
4779.623200 
4779.525019 
4779.537790 
4779.518172 
4779.498189 
4779.648237 
4779.490018 
4779.538023 
4779.506597 
4779.572254 
4779.615451 
4779.477103 
4779.438743 
4779.721403 
4779.616054 
4779.456498 
4779.453018 
4779.321383 
4779.435419 
4779.410556 
4779.427679 
4779.471152 
4779.539190 
4779.559203 
4779.540728 
4779.348940 
4779.488449 
4779.488333 
4779.450993 
4779.362457 
4779.593067 
4779.730985 
4779.635955 
4779.402063 
4779.442242 
4779.368583 
4779.338887 
4779.300869 
4779.554514 
4779.350631 
4779.585115 
4779.755037 
4779.648112 
4779.503027 
4779.630022 
4779.572877 
4779.461093 
4779.588307 
4779.509802 
4779.581232 
4779.602954 
4779.605243 
4779.675223 
4779.678746 
4779.499777 
4779.419231 
4779.508046 
4779.474526 
4779.590441 
4779.604221 
4779.375561 
4779.522658 
4779.513746 
4779.574824 
4779.435714 
4779.467360 
4779.358578 
4779.406080 
4779.422960 
4779.492626 
4779.414713 
4779.398093 
4779.353298 
4779.370849 
4779.456112 
4779.571372 
4779.619396 
4779.631243 
4779.457646 
4779.554651 
4779.538393 
4779.635718 
4779.469606 
4779.475466 
4779.389218 
4779.459162 
4779.363824 
4779.515621 
4779.463968 
4779.570463 
4779.601749 
4779.441708 
4779.522273 
4779.523110 
4779.436853 
4779.507589 
4779.597651 
4779.474383 
4779.502170 
4779.585437 
4779.592811 
4779.525709 
4779.661850 
4779.440661 
4779.483459 
4779.445038 
4779.386375 
4779.495318 
4779.348845 
4779.576224 
4779.403161 
4779.535475 
4779.533887 
4779.482715 
4779.704204 
4779.667568 
4779.458500 
4779.696591 
4779.605383 
4779.641716 
4779.682269 
4779.582365 
4779.550417 
4779.704946 
4779.738710 
4779.497960 
4779.663207 
4779.598517 
4779.335314 
4779.606038 
4779.703863 
4779.380286 
4779.503650 
4779.357766 
4779.361970 
4779.284863 
4779.520631 
4779.246569 
4779.572611 
4779.505236 
4779.574879 
4779.640139 
4779.561717 
4779.684011 
4779.595229 
4779.531682 
4779.529714 
4779.557075 
4779.601673 
4779.577037 
4779.627712 
4779.716554 
4779.517647 
4779.398868 
4779.728840 
4779.540687 
4779.483580 
4779.506677 
4779.454279 
4779.541479 
4779.555987 
4779.614614 
4779.578255 
4779.412749 
4779.676097 
4779.585853 
4779.461076 
4779.562131 
4779.555531 
4779.664620 
4779.469558 
4779.516681 
4779.569829 
4779.638639 
4779.496271 
4779.425995 
4779.408515 
4779.364736 
4779.548466 
4779.666080 
4779.489737 
4779.444530 
4779.520348 
4779.444127 
4779.453105 
4779.427013 
4779.542744 
4779.515747 
4779.619186 
4779.440635 
4779.483908 
4779.452372 
4779.659411 
4779.560561 
4779.447879 
4779.383018 
4779.586880 
4779.395864 
4779.438569 
4779.418542 
4779.628273 
4779.369864 
4779.403904 
4779.483731 
4779.382259 
4779.680261 
4779.399023 
4779.543896 
4779.692651 
4779.524114 
4779.618891 
4779.727935 
4779.579445 
4779.573891 
4779.584258 
4779.373077 
4779.423839 
4779.522553 
4779.466648 
4779.495068 
4779.571460 
4779.678197 
4779.614413 
4779.591887 
4779.527901 
4779.579901 
4779.320475 
4779.275405 
4779.508491 
4779.561880 
4779.370465 
4779.354301 
4779.394300 
4779.471489 
4779.485099 
4779.587042 
4779.501242 
4779.469129 
4779.473230 
4779.369235 
4779.496751 
4779.602870 
4779.578532 
4779.507337 
4779.582837 
4779.316465 
4779.389244 
4779.253426 
4779.404914 
4779.631806 
4779.648494 
4779.575658 
4779.416723 
4779.385670 
4779.459702 
4779.470129 
4779.455769 
4779.443379 
4779.440477 
4779.533826 
4779.453533 
4779.491086 
4779.513484 
4779.496839 
4779.586101 
4779.522802 
4779.538610 
4779.418110 
4779.577082 
4779.450248 
4779.479078 
4779.486610 
4779.558790 
4779.558745 
4779.455627 
4779.448927 
4779.463249 
4779.551549 
4779.404869 
4779.360112 
4779.457935 
4779.520333 
4779.581635 
4779.413581 
4779.622430 
4779.538411 
4779.552270 
4779.755967 
4779.536859 
4779.623624 
4779.401977 
4779.419404 
4779.337394 
4779.448247 
4779.573042 
4779.533863 
4779.414998 
4779.546188 
4779.421792 
4779.556880 
4779.369833 
4779.405306 
4779.441035 
4779.534205 
4779.579570 
4779.403527 
4779.425295 
4779.316226 
4779.278264 
4779.386058 
4779.555436 
4779.506120 
4779.693766 
4779.492575 
4779.687629 
4779.740423 
4779.621930 
4779.446689 
4779.500806 
4779.398888 
4779.582059 
4779.592658 
4779.528224 
4779.313317 
4779.480416 
4779.404125 
4779.385011 
4779.253982 
4779.338880 
4779.403817 
4779.618955 
4779.625549 
4779.437087 
4779.388232 
4779.560615 
4779.550648 
4779.545938 
4779.813990 
4779.584145 
4779.651559 
4779.712756 
4779.538634 
4779.589502 
4779.621061 
4779.709967 
4779.761072 
4779.623956 
4779.613058 
4779.602559 
4779.666420 
4779.547951 
4779.504905 
4779.577195 
4779.503052 
4779.499721 
4779.451150 
4779.602562 
4779.675846 
4779.642303 
4779.376198 
4779.512239 
4779.666194 
4779.652533 
4779.665129 
4779.500328 
4779.517818 
4779.411117 
4779.589810 
4779.398917 
4779.456948 
4779.453374 
4779.532127 
4779.526435 
4779.329503 
4779.535959 
4779.409826 
4779.466073 
4779.565356 
4779.603193 
4779.624943 
4779.459787 
4779.208105 
4779.414999 
4779.344097 
4779.626919 
4779.573539 
4779.464619 
4779.589793 
4779.360879 
4779.591418 
4779.401282 
4779.439778 
4779.633269 
4779.472541 
4779.593826 
4779.347662 
4779.465575 
4779.501127 
4779.557199 
4779.560693 
4779.607338 
4779.447494 
4779.524398 
4779.644647 
4779.615540 
4779.374880 
4779.418480 
4779.508524 
4779.384448 
4779.505251 
4779.376375 
4779.361770 
4779.457823 
4779.403411 
4779.298876 
4779.204952 
4779.475068 
4779.478489 
4779.469923 
4779.524177 
4779.512139 
4779.646049 
4779.624467 
4779.573165 
4779.400372 
4779.425163 
4779.594999 
4779.656356 
4779.509629 
4779.568594 
4779.534341 
4779.513692 
4779.345411 
4779.200034 
4779.555362 
4779.511777 
4779.437177 
4779.419459 
4779.450693 
4779.494930 
4779.412485 
4779.375694 
4779.325188 
4779.490251 
4779.412778 
4779.520206 
4779.641212 
4779.506340 
4779.395898 
4779.349918 
4779.460042 
4779.567991 
4779.568293 
4779.427378 
4779.497921 
4779.540311 
4779.489278 
4779.579279 
4779.539001 
4779.596952 
4779.477263 
4779.302542 
4779.524869 
4779.500082 
4779.283984 
4779.430062 
4779.605276 
4779.282003 
4779.400644 
4779.395454 
4779.442329 
4779.543341 
4779.609352 
4779.518073 
4779.535634 
4779.636373 
4779.578074 
4779.538430 
4779.489072 
4779.514556 
4779.593828 
4779.584150 
4779.383538 
4779.243456 
4779.179160 
4779.452815 
4779.672962 
4779.541598 
4779.433391 
4779.296005 
4779.356570 
4779.400796 
4779.433932 
4779.655897 
4779.487299 
4779.340298 
4779.314194 
4779.628609 
4779.651067 
4779.802653 
4779.623268 
4779.712733 
4779.613282 
4779.714979 
4779.822068 
4779.534363 
4779.533350 
4779.568755 
4779.396517 
4779.547222 
4779.592707 
4779.606142 
4779.512075 
4779.532695 
4779.535853 
4779.725791 
4779.609305 
4779.590632 
4779.532128 
4779.630966 
4779.670217 
4779.626773 
4779.413791 
4779.287412 
4779.462815 
4779.457220 
4779.438035 
4779.444729 
4779.416153 
4779.539846 
4779.490505 
4779.528763 
4779.493854 
4779.447734 
4779.563130 
4779.343809 
4779.612226 
4779.584270 
4779.556019 
4779.336282 
4779.299313 
4779.557790 
4779.489903 
4779.555506 
4779.703426 
4779.620062 
4779.609002 
4779.591142 
4779.576448 
4779.621014 
4779.595870 
4779.464548 
4779.577554 
4779.242659 
4779.310441 
4779.344262 
4779.578913 
4779.511590 
4779.344475 
4779.313159 
4779.296509 
4779.601993 
4779.431963 
4779.497244 
4779.448457 
4779.411951 
4779.627701 
4779.481498 
4779.441696 
4779.370465 
4779.193644 
4779.453311 
4779.391890 
4779.604003 
4779.508633 
4779.516676 
4779.465437 
4779.385772 
4779.530489 
4779.398135 
4779.456107 
4779.431223 
4779.534486 
4779.275929 
4779.473382 
4779.505458 
4779.806989 
4779.574338 
4779.302730 
4779.592981 
4779.496847 
4779.628031 
4779.610188 
4779.593353 
4779.577690 
4779.559394 
4779.566123 
4779.438939 
4779.536038 
4779.490140 
4779.452121 
4779.607180 
4779.574506 
4779.553203 
4779.462073 
4779.441462 
4779.408465 
4779.425831 
4779.432503 
4779.522529 
4779.585323 
4779.556800 
4779.391082 
4779.713871 
4779.619607 
4779.579881 
4779.563421 
4779.514182 
4779.519201 
4779.623308 
4779.574403 
4779.624830 
4779.400686 
4779.459184 
4779.515594 
4779.507174 
4779.531303 
4779.596469 
4779.552108 
4779.469298 
4779.585030 
4779.661310 
4779.557141 
4779.581432 
4779.679485 
4779.622880 
4779.585480 
4779.553566 
4779.351489 
4779.515740 
4779.595543 
4779.826669 
4779.473385 
4779.510608 
4779.381696 
4779.551356 
4779.640713 
4779.481295 
4779.290239 
4779.486360 
4779.529296 
4779.306836 
4779.414116 
4779.300919 
4779.477237 
4779.357033 
4779.628195 
4779.552585 
4779.560690 
4779.530210 
4779.700947 
4779.486322 
4779.460749 
4779.512533 
4779.662318 
4779.434195 
4779.479401 
4779.398340 
4779.577001 
4779.506950 
4779.485318 
4779.573168 
4779.401841 
4779.529667 
4779.510207 
4779.750470 
4779.538390 
4779.508777 
4779.559313 
4779.640855 
4779.497084 
4779.354906 
4779.475697 
4779.394406 
4779.390570 
4779.424501 
4779.550307 
4779.449761 
4779.439104 
4779.505555 
4779.602625 
4779.504331 
4779.555205 
4779.628845 
4779.699644 
4779.425757 
4779.390943 
4779.533787 
4779.558475 
4779.489061 
4779.610405 
4779.559841 
4779.533658 
4779.545153 
4779.659752 
4779.364409 
4779.406538 
4779.356694 
4779.398173 
4779.411704 
4779.451872 
4779.599625 
4779.558443 
4779.563098 
4779.603523 
4779.549092 
4779.564316 
4779.577015 
4779.400949 
4779.453450 
4779.433001 
4779.542399 
4779.652955 
4779.550136 
4779.628703 
4779.353753 
4779.515988 
4779.487496 
4779.291694 
4779.449344 
4779.451408 
4779.375549 
4779.657284 
4779.502360 
4779.637246 
4779.526989 
4779.315934 
4779.421053 
4779.377295 
4779.544435 
4779.329265 
4779.643479 
4779.483055 
4779.633703 
4779.475018 
4779.494012 
4779.597443 
4779.675262 
4779.755583 
4779.472979 
4779.504855 
4779.749854 
4779.561626 
4779.437335 
4779.447666 
4779.472160 
4779.404248 
4779.336762 
4779.626047 
4779.446059 
4779.593824 
4779.386716 
4779.536300 
4779.521246 
4779.493195 
4779.467786 
4779.567296 
4779.575914 
4779.481934 
4779.455186 
4779.575234 
4779.281481 
4779.488102 
4779.450953 
4779.424823 
4779.448972 
4779.605031 
4779.626572 
4779.581706 
4779.557019 
4779.660315 
4779.549735 
4779.401637 
4779.502175 
4779.436312 
4779.504970 
4779.398560 
4779.479153 
4779.696117 
4779.697140 
4779.666983 
4779.670468 
4779.455106 
4779.517062 
4779.646533 
4779.371616 
4779.485339 
4779.413477 
4779.332008 
4779.436745 
4779.638279 
4779.458487 
4779.397220 
4779.567919 
4779.502661 
4779.550617 
4779.478471 
4779.422242 
4779.722213 
4779.495644 
4779.451571 
4779.395734 
4779.425197 
4779.413632 
4779.535610 
4779.659457 
4779.718512 
4779.706823 
4779.677180 
4779.458864 
4779.506999 
4779.730698 
4779.311284 
4779.499042 
4779.408224 
4779.484548 
4779.373100 
4779.402034 
4779.405372 
4779.455142 
4779.525601 
4779.465671 
4779.253747 
4779.285024 
4779.431486 
4779.451392 
4779.523862 
4779.611276 
4779.529854 
4779.547804 
4779.589715 
4779.529493 
4779.521527 
4779.613193 
4779.604722 
4779.556173 
4779.352163 
4779.476774 
4779.647150 
4779.569184 
4779.460458 
4779.530434 
4779.583285 
4779.606495 
4779.635831 
4779.654913 
4779.576104 
4779.548438 
4779.608272 
4779.555864 
4779.441961 
4779.379194 
4779.415799 
4779.466244 
4779.517927 
4779.516461 
4779.491808 
4779.426132 
4779.424464 
4779.382924 
4779.587111 
4779.601679 
4779.483407 
4779.446151 
4779.509631 
4779.670674 
4779.613523 
4779.453165 
4779.391101 
4779.508969 
4779.630290 
4779.575771 
4779.552614 
4779.590108 
4779.553541 
4779.584016 
4779.414183 
4779.697938 
4779.623576 
4779.581233 
4779.553780 
4779.555822 
4779.576712 
4779.552139 
4779.567900 
4779.354961 
4779.506848 
4779.603352 
4779.557601 
4779.469160 
4779.706530 
4779.476809 
4779.474447 
4779.575873 
4779.544465 
4779.436323 
4779.434947 
4779.495605 
4779.426983 
4779.581640 
4779.515337 
4779.420296 
4779.416515 
4779.236648 
4779.432247 
4779.356296 
4779.603093 
4779.444960 
4779.484487 
4779.560258 
4779.448094 
4779.486860 
4779.650247 
4779.556032 
4779.524434 
4779.487573 
4779.605104 
4779.631628 
4779.584904 
4779.601607 
4779.415381 
4779.448347 
4779.385808 
4779.534356 
4779.603019 
4779.491320 
4779.515292 
4779.580327 
4779.737106 
4779.469843 
4779.371536 
4779.440040 
4779.620347 
4779.499715 
4779.596280 
4779.379657 
4779.468783 
4779.483863 
4779.649607 
4779.531776 
4779.441495 
4779.445388 
4779.778820 
4779.634526 
4779.592207 
4779.530006 
4779.637392 
4779.564081 
4779.468643 
4779.508775 
4779.479964 
4779.424926 
4779.615760 
4779.588019 
4779.624386 
4779.631030 
4779.624013 
4779.672881 
4779.621738 
4779.671335 
4779.753693 
4779.817143 
4779.611476 
4779.499630 
4779.624130 
4779.628113 
4779.507759 
4779.554875 
4779.531161 
4779.538421 
4779.400383 
4779.587810 
4779.375420 
4779.656335 
4779.421300 
4779.507699 
4779.543573 
4779.492662 
4779.677738 
4779.701969 
4779.520853 
4779.522921 
4779.732641 
4779.465990 
4779.611060 
4779.377417 
4779.313603 
4779.410372 
4779.612563 
4779.504062 
4779.464528 
4779.482788 
4779.529700 
4779.566998 
4779.569534 
4779.613874 
4779.535570 
4779.389233 
4779.393639 
4779.489344 
4779.356440 
4779.548241 
4779.567115 
4779.418284 
4779.702402 
4779.668812 
4779.695094 
4779.580059 
4779.636726 
4779.426759 
4779.453621 
4779.481764 
4779.428424 
4779.497506 
4779.462461 
4779.575876 
4779.487876 
4779.442897 
4779.421605 
4779.595433 
4779.629184 
4779.691441 
4779.674625 
4779.695996 
4779.568312 
4779.413149 
4779.581428 
4779.358556 
4779.486300 
4779.474215 
4779.414250 
4779.450920 
4779.344887 
4779.395980 
4779.557010 
4779.371724 
4779.543027 
4779.583183 
4779.531191 
4779.683243 
4779.544880 
4779.542783 
4779.447066 
4779.620974 
4779.493399 
4779.472577 
4779.595296 
4779.432180 
4779.538784 
4779.399191 
4779.369210 
4779.479579 
4779.540814 
4779.473315 
4779.537121 
4779.537449 
4779.303010 
4779.326144 
4779.342656 
4779.421704 
4779.521829 
4779.533214 
4779.534146 
4779.551300 
4779.491347 
4779.610529 
4779.587071 
4779.325207 
4779.506203 
4779.429446 
4779.470195 
4779.596927 
4779.501031 
4779.504915 
4779.416076 
4779.323196 
4779.489745 
4779.495902 
4779.493231 
4779.483534 
4779.550058 
4779.499704 
4779.385987 
4779.591470 
4779.589783 
4779.509108 
4779.427881 
4779.448014 
4779.569376 
4779.457174 
4779.517523 
4779.553868 
4779.485456 
4779.590154 
4779.452090 
4779.529116 
4779.695398 
4779.488421 
4779.523490 
4779.393584 
4779.479714 
4779.437613 
4779.622098 
4779.573555 
4779.582106 
4779.578311 
4779.609411 
4779.590476 
4779.540713 
4779.450074 
4779.414041 
4779.387152 
4779.493233 
4779.445146 
4779.395198 
4779.573841 
4779.466558 
4779.565898 
4779.444320 
4779.489210 
4779.448440 
4779.593354 
4779.382988 
4779.560331 
4779.563339 
4779.573895 
4779.704184 
4779.450393 
4779.564889 
4779.596114 
4779.568871 
4779.388642 
4779.496239 
4779.498909 
4779.482409 
4779.559078 
4779.431955 
4779.244986 
4779.337220 
4779.276231 
4779.453659 
4779.625981 
4779.835683 
4779.470287 
4779.553597 
4779.417368 
4779.548099 
4779.649074 
4779.486250 
4779.340327 
4779.461402 
4779.435611 
4779.417355 
4779.669362 
4779.295995 
4779.344806 
4779.426827 
4779.478016 
4779.537024 
4779.470000 
4779.620662 
4779.523294 
4779.606753 
4779.627741 
4779.677653 
4779.671568 
4779.187331 
4779.412068 
4779.402460 
4779.531775 
4779.620953 
4779.605746 
4779.758623 
4779.703874 
4779.649059 
4779.583356 
4779.609892 
4779.575144 
4779.545061 
4779.719350 
4779.733952 
4779.578189 
4779.587163 
4779.452544 
4779.493838 
4779.511327 
4779.316724 
4779.437519 
4779.517490 
4779.619545 
4779.433412 
4779.598758 
4779.547640 
4779.414876 
4779.525022 
4779.663930 
4779.451661 
4779.460970 
4779.479765 
4779.395164 
4779.466264 
4779.569107 
4779.399003 
4779.365350 
4779.401678 
4779.417749 
4779.477784 
4779.432108 
4779.508525 
4779.510016 
4779.524313 
4779.457241 
4779.432374 
4779.675613 
4779.542018 
4779.498677 
4779.577778 
4779.540781 
4779.499657 
4779.449908 
4779.564598 
4779.447438 
4779.551946 
4779.491830 
4779.642059 
4779.413071 
4779.713129 
4779.710092 
4779.606017 
4779.492095 
4779.566008 
4779.635773 
4779.605589 
4779.598558 
4779.494355 
4779.427635 
4779.566503 
4779.508393 
4779.379377 
4779.466550 
4779.584944 
4779.595990 
4779.502920 
4779.689379 
4779.507143 
4779.469193 
4779.486866 
4779.620129 
4779.653022 
4779.298990 
4779.423979 
4779.481632 
4779.494669 
4779.558328 
4779.622440 
4779.546354 
4779.778939 
4779.433188 
4779.411298 
4779.599276 
4779.565026 
4779.554872 
4779.593469 
4779.674156 
4779.388505 
4779.385823 
4779.614423 
4779.278507 
4779.421143 
4779.610734 
4779.726528 
4779.563644 
4779.620367 
4779.604458 
4779.604095 
4779.387489 
4779.368916 
4779.599328 
4779.583021 
4779.509964 
4779.693019 
4779.665800 
4779.601604 
4779.683255 
4779.475379 
4779.544415 
4779.460883 
4779.311611 
4779.312376 
4779.416334 
4779.479911 
4779.431299 
4779.543933 
4779.758531 
4779.494989 
4779.682028 
4779.660161 
4779.526796 
4779.424017 
4779.731157 
4779.674036 
4779.421001 
4779.652379 
4779.517156 
4779.584136 
4779.425665 
4779.452307 
4779.573186 
4779.567962 
4779.633910 
4779.580758 
4779.508679 
4779.495710 
4779.432853 
4779.370099 
4779.415961 
4779.435468 
4779.500263 
4779.574360 
4779.610535 
4779.487437 
4779.342189 
4779.454335 
4779.579428 
4779.512422 
4779.511632 
4779.495283 
4779.568042 
4779.533998 
4779.444775 
4779.330705 
4779.551369 
4779.574614 
4779.558127 
4779.681158 
4779.621065 
4779.378804 
4779.522794 
4779.578447 
4779.420621 
4779.207569 
4779.266958 
4779.510160 
4779.437329 
4779.414779 
4779.555515 
4779.311172 
4779.523922 
4779.502569 
4779.451263 
4779.685242 
4779.485038 
4779.454806 
4779.490222 
4779.463774 
4779.544239 
4779.509361 
4779.410044 
4779.603147 
4779.712229 
4779.469836 
4779.502930 
4779.450103 
4779.526709 
4779.428305 
4779.378726 
4779.513087 
4779.599841 
4779.490260 
4779.536515 
4779.425454 
4779.505758 
4779.447911 
4779.365141 
4779.567088 
4779.444041 
4779.486699 
4779.372761 
4779.378666 
4779.212023 
4779.512968 
4779.516686 
4779.740947 
4779.466067 
4779.562577 
4779.630824 
4779.455286 
4779.422069 
4779.521243 
4779.527972 
4779.458240 
4779.456132 
4779.416886 
4779.477777 
4779.646328 
4779.665655 
4779.550024 
4779.578943 
4779.532346 
4779.531583 
4779.550434 
4779.589374 
4779.681182 
4779.571399 
4779.479807 
4779.394946 
4779.411260 
4779.419684 
4779.419822 
4779.559041 
4779.445022 
4779.436892 
4779.573862 
4779.470134 
4779.519119 
4779.659526 
4779.528526 
4779.509270 
4779.424418 
4779.617446 
4779.582491 
4779.451324 
4779.369475 
4779.541369 
4779.459231 
4779.532844 
4779.460673 
4779.530173 
4779.528906 
4779.440905 
4779.648797 
4779.736443 
4779.783745 
4779.698202 
4779.453959 
4779.603724 
4779.466630 
4779.547691 
4779.509261 
4779.503969 
4779.582274 
4779.429682 
4779.419974 
4779.453960 
4779.351029 
4779.362979 
4779.419278 
4779.573533 
4779.707031 
4779.597424 
4779.550173 
4779.522696 
4779.471991 
4779.448998 
4779.412768 
4779.416537 
4779.570646 
4779.528313 
4779.481333 
4779.408594 
4779.495313 
4779.522206 
4779.538820 
4779.405930 
4779.363055 
4779.623287 
4779.449933 
4779.556062 
4779.515524 
4779.564545 
4779.528935 
4779.453220 
4779.570790 
4779.395282 
4779.558826 
4779.586358 
4779.475104 
4779.456388 
4779.708734 
4779.544855 
4779.580762 
4779.551051 
4779.697236 
4779.568516 
4779.620952 
4779.551856 
4779.533854 
4779.336437 
4779.616559 
4779.675664 
4779.426586 
4779.558142 
4779.582765 
4779.580191 
4779.583747 
4779.401011 
4779.415898 
4779.477022 
4779.424577 
4779.570309 
4779.468199 
4779.672621 
4779.660481 
4779.333368 
4779.445317 
4779.429207 
4779.459289 
4779.666928 
4779.629247 
4779.507819 
4779.482362 
4779.322344 
4779.411114 
4779.512197 
4779.353617 
4779.630343 
4779.325115 
4779.645366 
4779.715390 
4779.647043 
4779.592043 
4779.493109 
4779.575898 
4779.452526 
4779.468913 
4779.614471 
4779.617678 
4779.439090 
4779.499500 
4779.350663 
4779.502068 
4779.408633 
4779.373689 
4779.424051 
4779.291418 
4779.376647 
4779.432411 
4779.656639 
4779.506108 
4779.584641 
4779.553115 
4779.536074 
4779.679301 
4779.523894 
4779.645860 
4779.528416 
4779.662403 
4779.417633 
4779.422562 
4779.492070 
4779.634655 
4779.654902 
4779.700157 
4779.522840 
4779.528278 
4779.540721 
4779.583055 
4779.627960 
4779.513490 
4779.493711 
4779.520436 
4779.628218 
4779.361961 
4779.521687 
4779.489784 
4779.530186 
4779.581946 
4779.348897 
4779.410973 
4779.450228 
4779.542864 
4779.615231 
4779.542811 
4779.432846 
4779.433103 
4779.570394 
4779.643557 
4779.432937 
4779.745583 
4779.600177 
4779.336972 
4779.569528 
4779.598500 
4779.603049 
4779.651467 
4779.478822 
4779.659721 
4779.635077 
4779.576687 
4779.580305 
4779.545572 
4779.459473 
4779.552778 
4779.683959 
4779.619325 
4779.546636 
4779.539985 
4779.356049 
4779.408587 
4779.386748 
4779.615520 
4779.624560 
4779.634580 
4779.561332 
4779.317644 
4779.206514 
4779.530697 
4779.474911 
4779.707879 
4779.582071 
4779.477064 
4779.561282 
4779.503327 
4779.147062 
4779.430249 
4779.473758 
4779.402661 
4779.374041 
4779.489717 
4779.346912 
4779.536036 
4779.568539 
4779.493180 
4779.604204 
4779.481236 
4779.450397 
4779.393935 
4779.597726 
4779.539172 
4779.547993 
4779.604050 
4779.711294 
4779.601682 
4779.742668 
4779.451114 
4779.483467 
4779.314265 
4779.405316 
4779.389135 
4779.564767 
4779.505889 
4779.396150 
4779.390639 
4779.596200 
4779.558501 
4779.575208 
4779.432792 
4779.398207 
4779.422671 
4779.357998 
4779.482359 
4779.536510 
4779.565595 
4779.467756 
4779.431305 
4779.280478 
4779.482546 
4779.441706 
4779.401782 
4779.435758 
4779.498521 
4779.513714 
4779.594832 
4779.448426 
4779.483032 
4779.630181 
4779.651830 
4779.482738 
4779.687100 
4779.679244 
4779.508074 
4779.708348 
4779.538957 
4779.497117 
4779.639717 
4779.573526 
4779.502182 
4779.503505 
4779.637676 
4779.519175 
4779.457409 
4779.505585 
4779.448341 
4779.417758 
4779.410595 
4779.523798 
4779.470392 
4779.481138 
4779.484577 
4779.416147 
4779.266713 
4779.532538 
4779.535555 
4779.577866 
4779.637808 
4779.421767 
4779.511311 
4779.498973 
4779.474769 
4779.510518 
4779.617554 
4779.448463 
4779.483664 
4779.416505 
4779.258486 
4779.524550 
4779.471414 
4779.544226 
4779.534278 
4779.567168 
4779.621048 
4779.517200 
4779.528546 
4779.542133 
4779.665585 
4779.567534 
4779.651614 
4779.395603 
4779.542331 
4779.560766 
4779.540882 
4779.645707 
4779.511155 
4779.579700 
4779.578361 
4779.559766 
4779.611663 
4779.461708 
4779.383890 
4779.586432 
4779.770127 
4779.505896 
4779.366971 
4779.390227 
4779.437327 
4779.598438 
4779.524408 
4779.543729 
4779.525106 
4779.485031 
4779.552990 
4779.401806 
4779.348043 
4779.628278 
4779.595124 
4779.499612 
4779.504445 
4779.540871 
4779.444768 
4779.508957 
4779.453523 
4779.471616 
4779.571334 
4779.511701 
4779.544014 
4779.519512 
4779.413945 
4779.674586 
4779.421886 
4779.680734 
4779.556667 
4779.606264 
4779.446527 
4779.469085 
4779.456556 
4779.360162 
4779.492046 
4779.404155 
4779.419934 
4779.628924 
4779.631502 
4779.452832 
4779.581018 
4779.561394 
4779.504956 
4779.575533 
4779.393735 
4779.446463 
4779.477891 
4779.431923 
4779.472997 
4779.577664 
4779.716123 
4779.630169 
4779.596335 
4779.471247 
4779.417652 
4779.549391 
4779.616369 
4779.574954 
4779.510121 
4779.539488 
4779.388683 
4779.365914 
4779.548835 
4779.582313 
4779.711981 
4779.517973 
4779.400840 
4779.481345 
4779.505502 
4779.785033 
4779.592451 
4779.590304 
4779.705731 
4779.550779 
4779.527523 
4779.429608 
4779.542298 
4779.588074 
4779.463631 
4779.556605 
4779.533463 
4779.546961 
4779.403166 
4779.351915 
4779.480139 
4779.417161 
4779.567395 
4779.532559 
4779.428115 
4779.483202 
4779.554642 
4779.540898 
4779.513637 
4779.413401 
4779.592905 
4779.600320 
4779.585287 
4779.669641 
4779.552143 
4779.738631 
4779.638071 
4779.407920 
4779.536202 
4779.595649 
4779.487285 
4779.410889 
4779.679945 
4779.464098 
4779.550985 
4779.596119 
4779.456365 
4779.457263 
4779.647828 
4779.469081 
4779.485710 
4779.423802 
4779.466197 
4779.639302 
4779.655969 
4779.563358 
4779.562130 
4779.386904 
4779.590031 
4779.409386 
4779.456233 
4779.513900 
4779.454562 
4779.473605 
4779.492375 
4779.496691 
4779.515166 
4779.309410 
4779.419639 
4779.473259 
4779.462730 
4779.558028 
4779.614040 
4779.635247 
4779.569296 
4779.599619 
4779.634565 
4779.604559 
4779.606737 
4779.484980 
4779.423209 
4779.408485 
4779.358752 
4779.318763 
4779.676374 
4779.628332 
4779.674793 
4779.567356 
4779.366252 
4779.501255 
4779.432550 
4779.632227 
4779.453014 
4779.417998 
4779.413052 
4779.408849 
4779.467321 
4779.454298 
4779.601657 
4779.575229 
4779.479848 
4779.427363 
4779.537921 
4779.501468 
4779.511019 
4779.286705 
4779.303283 
4779.619626 
4779.815491 
4779.415388 
4779.295351 
4779.368850 
4779.420300 
4779.606774 
4779.367759 
4779.408290 
4779.568655 
4779.593467 
4779.479775 
4779.722068 
4779.544087 
4779.396668 
4779.370168 
4779.699144 
4779.590584 
4779.674298 
4779.740342 
4779.546949 
4779.368432 
4779.562032 
4779.522688 
4779.433438 
4779.473860 
4779.378441 
4779.524214 
4779.450695 
4779.522361 
4779.580367 
4779.530591 
4779.599475 
4779.747002 
4779.626561 
4779.694227 
4779.548262 
4779.577996 
4779.483270 
4779.508707 
4779.563357 
4779.447373 
4779.440091 
4779.528010 
4779.427854 
4779.669660 
4779.456725 
4779.434076 
4779.720537 
4779.670446 
4779.552351 
4779.435966 
4779.474759 
4779.499417 
4779.413236 
4779.508012 
4779.618801 
4779.379326 
4779.438271 
4779.363296 
4779.372590 
4779.458175 
4779.285255 
4779.385868 
4779.477762 
4779.489230 
4779.450314 
4779.464008 
4779.597440 
4779.711853 
4779.653710 
4779.601305 
4779.554275 
4779.505844 
4779.466665 
4779.377498 
4779.530563 
4779.524049 
4779.539678 
4779.444140 
4779.584657 
4779.411493 
4779.536561 
4779.437944 
4779.444669 
4779.625401 
4779.653853 
4779.476253 
4779.632286 
4779.551159 
4779.441862 
4779.533870 
4779.480389 
4779.402314 
4779.455950 
4779.573724 
4779.436625 
4779.554593 
4779.567961 
4779.392805 
4779.489897 
4779.518459 
4779.672714 
4779.629262 
4779.619649 
4779.561093 
4779.612318 
4779.578262 
4779.526423 
4779.502539 
4779.633378 
4779.400903 
4779.492567 
4779.556715 
4779.601924 
4779.500623 
4779.453172 
4779.522531 
4779.551916 
4779.441128 
4779.631507 
4779.544982 
4779.586848 
4779.547669 
4779.643411 
4779.583109 
4779.378961 
4779.469842 
4779.578689 
4779.589138 
4779.555270 
4779.608863 
4779.812189 
4779.526089 
4779.601657 
4779.630305 
4779.583276 
4779.479861 
4779.612692 
4779.660690 
4779.511126 
4779.579212 
4779.489405 
4779.444127 
4779.523500 
4779.447884 
4779.401418 
4779.374608 
4779.599072 
4779.550962 
4779.549008 
4779.409519 
4779.416780 
4779.437681 
4779.541576 
4779.432742 
4779.428536 
4779.448186 
4779.447195 
4779.471596 
4779.454599 
4779.331356 
4779.620976 
4779.495099 
4779.692355 
4779.769665 
4779.493067 
4779.470118 
4779.607300 
4779.467405 
4779.485122 
4779.560340 
4779.614003 
4779.536949 
4779.532506 
4779.675831 
4779.582772 
4779.469290 
4779.559695 
4779.636034 
4779.614281 
4779.378961 
4779.490005 
4779.374474 
4779.426900 
4779.695533 
4779.649352 
4779.587114 
4779.377011 
4779.512418 
4779.306060 
4779.484659 
4779.386250 
4779.339646 
4779.426687 
4779.452293 
4779.580175 
4779.515495 
4779.445941 
4779.428237 
4779.460308 
4779.423195 
4779.442788 
4779.411886 
4779.359626 
4779.567022 
4779.556774 
4779.559589 
4779.407668 
4779.558532 
4779.524602 
4779.594154 
4779.619270 
4779.604296 
4779.495549 
4779.581608 
4779.410603 
4779.582883 
4779.339691 
4779.431695 
4779.244742 
4779.306186 
4779.465441 
4779.578473 
4779.223414 
4779.456521 
4779.545881 
4779.636081 
4779.383698 
4779.343908 
4779.542147 
4779.413232 
4779.558223 
4779.383111 
4779.577154 
4779.660326 
4779.521045 
4779.661683 
4779.642525 
4779.474011 
4779.443218 
4779.640379 
4779.534868 
4779.468676 
4779.670304 
4779.661989 
4779.678300 
4779.430969 
4779.440069 
4779.442018 
4779.501310 
4779.553141 
4779.621244 
4779.591442 
4779.608828 
4779.507762 
4779.527635 
4779.421375 
4779.477264 
4779.622361 
4779.655019 
4779.617598 
4779.466800 
4779.587925 
4779.669669 
4779.365628 
4779.442480 
4779.543487 
4779.577781 
4779.453361 
4779.614629 
4779.492928 
4779.472371 
4779.429789 
4779.391244 
4779.491644 
4779.418820 
4779.634643 
4779.485336 
4779.523507 
4779.583402 
4779.565378 
4779.607857 
4779.603634 
4779.507412 
4779.536717 
4779.479799 
4779.669235 
4779.549754 
4779.412762 
4779.409920 
4779.560532 
4779.394651 
4779.453931 
4779.361556 
4779.488944 
4779.519322 
4779.481523 
4779.768491 
4779.620542 
4779.515793 
4779.500765 
4779.536268 
4779.539520 
4779.551952 
4779.664308 
4779.708006 
4779.458240 
4779.419637 
4779.447933 
4779.524986 
4779.455720 
4779.430794 
4779.433495 
4779.685998 
4779.545553 
4779.585450 
4779.517793 
4779.530720 
4779.465202 
4779.412679 
4779.548391 
4779.442481 
4779.447223 
4779.711013 
4779.623104 
4779.615465 
4779.557597 
4779.581562 
4779.524761 
4779.685418 
4779.582070 
4779.444614 
4779.376327 
4779.574817 
4779.460132 
4779.623140 
4779.565140 
4779.628107 
4779.448066 
4779.441890 
4779.485943 
4779.421619 
4779.562111 
4779.724268 
4779.752655 
4779.519298 
4779.582527 
4779.418889 
4779.360771 
4779.538989 
4779.491489 
4779.443262 
4779.510394 
4779.631126 
4779.553301 
4779.706330 
4779.481116 
4779.536152 
4779.483442 
4779.591310 
4779.594491 
4779.702518 
4779.557430 
4779.428611 
4779.624659 
4779.613450 
4779.591285 
4779.461098 
4779.563044 
4779.527362 
4779.788759 
4779.549189 
4779.435966 
4779.427502 
4779.453063 
4779.323932 
4779.354737 
4779.375859 
4779.476619 
4779.437137 
4779.466670 
4779.686977 
4779.640885 
4779.545931 
4779.515412 
4779.547363 
4779.698454 
4779.561387 
4779.482845 
4779.405449 
4779.449860 
4779.708904 
4779.373818 
4779.574784 
4779.514230 
4779.406327 
4779.555864 
4779.600386 
4779.645674 
4779.657842 
4779.489491 
4779.614042 
4779.399573 
4779.588668 
4779.686281 
4779.473580 
4779.588294 
4779.492531 
4779.500656 
4779.359830 
4779.462690 
4779.412793 
4779.466654 
4779.458850 
4779.425079 
4779.467064 
4779.537564 
4779.704074 
4779.508998 
4779.431554 
4779.561540 
4779.530194 
4779.563615 
4779.608680 
4779.626761 
4779.624449 
4779.356744 
4779.453984 
4779.350077 
4779.440962 
4779.506432 
4779.634899 
4779.617149 
4779.668863 
4779.470267 
4779.396657 
4779.465836 
4779.577188 
4779.619504 
4779.500482 
4779.525865 
4779.596257 
4779.279299 
4779.417499 
4779.496881 
4779.385971 
4779.448406 
4779.578897 
4779.462253 
4779.427776 
4779.490944 
4779.492773 
4779.506522 
4779.410952 
4779.354879 
4779.404270 
4779.373738 
4779.580692 
4779.533383 
4779.480731 
4779.796693 
4779.408514 
4779.346878 
4779.498720 
4779.440400 
4779.526507 
4779.560635 
4779.452507 
4779.564278 
4779.476632 
4779.493356 
4779.535781 
4779.490867 
4779.417984 
4779.461505 
4779.661728 
4779.554912 
4779.683130 
4779.574060 
4779.527649 
4779.705402 
4779.550792 
4779.626556 
4779.345560 
4779.355299 
4779.285508 
4779.377426 
4779.460937 
4779.385883 
4779.381038 
4779.515217 
4779.412834 
4779.512955 
4779.360641 
4779.360065 
4779.439280 
4779.587021 
4779.717993 
4779.602472 
4779.547748 
4779.597598 
4779.657084 
4779.625938 
4779.571478 
4779.414230 
4779.446010 
4779.252873 
4779.429189 
4779.530474 
4779.414125 
4779.442257 
4779.365940 
4779.531668 
4779.408614 
4779.356070 
4779.410927 
4779.419734 
4779.589774 
4779.504685 
4779.651757 
4779.555956 
4779.542515 
4779.534778 
4779.570895 
4779.552147 
4779.449486 
4779.455544 
4779.382015 
4779.422765 
4779.315588 
4779.377911 
4779.600594 
4779.622726 
4779.485380 
4779.668675 
4779.370503 
4779.428756 
4779.401749 
4779.567365 
4779.588078 
4779.516235 
4779.461919 
4779.507556 
4779.412884 
4779.305678 
4779.482609 
4779.594106 
4779.528321 
4779.406654 
4779.479051 
4779.181027 
4779.346723 
4779.576145 
4779.528016 
4779.532579 
4779.405168 
4779.378379 
4779.592679 
4779.518924 
4779.558322 
4779.523008 
4779.461731 
4779.439018 
4779.465054 
4779.408400 
4779.530027 
4779.340150 
4779.351113 
4779.449402 
4779.410338 
4779.615615 
4779.508797 
4779.508378 
4779.501578 
4779.565395 
4779.610367 
4779.548983 
4779.369214 
4779.392866 
4779.433142 
4779.547699 
4779.515718 
4779.568154 
4779.553702 
4779.564432 
4779.409663 
4779.578518 
4779.446571 
4779.374950 
4779.450541 
4779.631266 
4779.552168 
4779.496792 
4779.317253 
4779.409453 
4779.462144 
4779.552262 
4779.408312 
4779.308107 
4779.677666 
4779.550559 
4779.410683 
4779.380980 
4779.506277 
4779.411346 
4779.413759 
4779.562569 
4779.516654 
4779.554103 
4779.745827 
4779.552728 
4779.452363 
4779.413913 
4779.392710 
4779.441440 
4779.567977 
4779.596939 
4779.450756 
4779.497947 
4779.666136 
4779.620159 
4779.540562 
4779.441852 
4779.459269 
4779.525159 
4779.432820 
4779.579472 
4779.636080 
4779.644481 
4779.546338 
4779.156263 
4779.341952 
4779.255848 
4779.351988 
4779.475334 
4779.499969 
4779.484223 
4779.405142 
4779.645585 
4779.595914 
4779.373494 
4779.432072 
4779.223458 
4779.298427 
4779.567411 
4779.444587 
4779.403411 
4779.360140 
4779.451096 
4779.675034 
4779.617029 
4779.592235 
4779.665640 
4779.607515 
4779.444342 
4779.490197 
4779.548507 
4779.269206 
4779.396666 
4779.533996 
4779.423957 
4779.368496 
4779.601006 
4779.383378 
4779.588800 
4779.359482 
4779.491668 
4779.577237 
4779.359954 
4779.396529 
4779.613499 
4779.725680 
4779.611130 
4779.429560 
4779.257464 
4779.505038 
4779.394924 
4779.689517 
4779.521547 
4779.366915 
4779.308585 
4779.441536 
4779.580659 
4779.722448 
4779.536318 
4779.676389 
4779.621867 
4779.597965 
4779.587216 
4779.460312 
4779.447086 
4779.404181 
4779.376712 
4779.545822 
4779.371238 
4779.511742 
4779.447596 
4779.281849 
4779.682160 
4779.505825 
4779.685827 
4779.533523 
4779.489424 
4779.392732 
4779.383457 
4779.589351 
4779.607427 
4779.512028 
4779.575737 
4779.656790 
4779.631519 
4779.457353 
4779.552061 
4779.649512 
4779.577682 
4779.491997 
4779.544108 
4779.456071 
4779.580014 
4779.406621 
4779.492850 
4779.709373 
4779.604913 
4779.645665 
4779.516567 
4779.593334 
4779.579186 
4779.509458 
4779.556488 
4779.422388 
4779.511441 
4779.523995 
4779.481985 
4779.447486 
4779.524560 
4779.479961 
4779.528464 
4779.518158 
4779.521757 
4779.632892 
4779.622065 
4779.644672 
4779.621762 
4779.520686 
4779.537494 
4779.580591 
4779.534394 
4779.606283 
4779.482476 
4779.340826 
4779.667790 
4779.350510 
4779.421054 
4779.498890 
4779.614054 
4779.532599 
4779.461928 
4779.528894 
4779.558675 
4779.598815 
4779.558877 
4779.594925 
4779.527139 
4779.477003 
4779.322224 
4779.594592 
4779.657675 
4779.404303 
4779.483387 
4779.558935 
4779.562362 
4779.578863 
4779.502390 
4779.659667 
4779.630327 
4779.699072 
4779.539350 
4779.635203 
4779.337259 
4779.486662 
4779.501266 
4779.569627 
4779.709806 
4779.579814 
4779.629005 
4779.578197 
4779.686962 
4779.704820 
4779.653825 
4779.457540 
4779.399384 
4779.340136 
4779.483729 
4779.569039 
4779.524009 
4779.441471 
4779.414943 
4779.504687 
4779.426810 
4779.452382 
4779.431272 
4779.360216 
4779.511136 
4779.655214 
4779.517563 
4779.544640 
4779.381522 
4779.498192 
4779.554815 
4779.691613 
4779.491892 
4779.543629 
4779.569807 
4779.657407 
4779.482480 
4779.576339 
4779.567342 
4779.662615 
4779.556872 
4779.613653 
4779.471950 
4779.690770 
4779.533046 
4779.459365 
4779.606251 
4779.569695 
4779.466971 
4779.511208 
4779.574553 
4779.396650 
4779.447175 
4779.624981 
4779.631727 
4779.487626 
4779.386555 
4779.493554 
4779.611665 
4779.570212 
4779.515049 
4779.499558 
4779.463358 
4779.391720 
4779.456515 
4779.425055 
4779.419607 
4779.496288 
4779.633820 
4779.557529 
4779.543822 
4779.598306 
4779.269989 
4779.465373 
4779.547913 
4779.541051 
4779.523633 
4779.536149 
4779.566807 
4779.485757 
4779.620536 
4779.535820 
4779.502717 
4779.586822 
4779.714468 
4779.507035 
4779.548116 
4779.704327 
4779.563694 
4779.693256 
4779.599545 
4779.497876 
4779.432067 
4779.440355 
4779.647191 
4779.458084 
4779.488509 
4779.478906 
4779.625269 
4779.606668 
4779.625162 
4779.551024 
4779.553112 
4779.624578 
4779.531200 
4779.466064 
4779.362002 
4779.417714 
4779.506354 
4779.486553 
4779.609903 
4779.681341 
4779.600360 
4779.537208 
4779.544224 
4779.427573 
4779.639347 
4779.571306 
4779.409750 
4779.617012 
4779.690360 
4779.565274 
4779.501357 
4779.495488 
4779.460475 
4779.478625 
4779.455308 
4779.418936 
4779.337534 
4779.338151 
4779.437334 
4779.502682 
4779.415179 
4779.496518 
4779.485747 
4779.584872 
4779.598243 
4779.404021 
4779.461413 
4779.432977 
4779.446248 
4779.544243 
4779.543246 
4779.501773 
4779.488667 
4779.612235 
4779.696258 
4779.612170 
4779.542892 
4779.538542 
4779.331069 
4779.298125 
4779.463712 
4779.503178 
4779.715131 
4779.631737 
4779.668380 
4779.620981 
4779.462823 
4779.382789 
4779.361644 
4779.285188 
4779.509999 
4779.483165 
4779.402819 
4779.469180 
4779.474307 
4779.571509 
4779.516050 
4779.490036 
4779.329341 
4779.354484 
4779.369573 
4779.614655 
4779.570083 
4779.535445 
4779.569751 
4779.541351 
4779.489727 
4779.532813 
4779.538565 
4779.535631 
4779.487257 
4779.342267 
4779.504702 
4779.628398 
4779.517559 
4779.577934 
4779.633111 
4779.699125 
4779.655209 
4779.414000 
4779.393162 
4779.525769 
4779.593479 
4779.355632 
4779.484638 
4779.577048 
4779.549813 
4779.701000 
4779.638097 
4779.469299 
4779.618867 
4779.529695 
4779.485430 
4779.463923 
4779.494751 
4779.500426 
4779.452411 
4779.568061 
4779.485389 
4779.559675 
4779.428165 
4779.440191 
4779.631956 
4779.639171 
4779.603834 
4779.604130 
4779.492814 
4779.734756 
4779.536455 
4779.326155 
4779.496215 
4779.631439 
4779.712840 
4779.517690 
4779.413235 
4779.377363 
4779.394536 
4779.673337 
4779.541665 
4779.457330 
4779.374889 
4779.448803 
4779.281344 
4779.271926 
4779.379676 
4779.456207 
4779.442070 
4779.573494 
4779.471650 
4779.451489 
4779.545396 
4779.383455 
4779.381333 
4779.531744 
4779.485483 
4779.358783 
4779.342078 
4779.622035 
4779.522638 
4779.398090 
4779.535445 
4779.569200 
4779.605857 
4779.382546 
4779.544638 
4779.464971 
4779.550762 
4779.619941 
4779.487989 
4779.540307 
4779.601346 
4779.522733 
4779.574640 
4779.493493 
4779.471560 
4779.611563 
4779.488016 
4779.564183 
4779.328037 
4779.533049 
4779.410272 
4779.623570 
4779.613020 
4779.537963 
4779.584219 
4779.528058 
4779.593328 
4779.715881 
4779.584845 
4779.590681 
4779.549238 
4779.460140 
4779.576970 
4779.584248 
4779.682433 
4779.522534 
4779.538823 
4779.518856 
4779.500371 
4779.502567 
4779.644618 
4779.520772 
4779.527543 
4779.602610 
4779.562228 
4779.552188 
4779.318867 
4779.350992 
4779.400187 
4779.528405 
4779.476273 
4779.574016 
4779.547980 
4779.537648 
4779.611619 
4779.408853 
4779.616091 
4779.487827 
4779.411722 
4779.411479 
4779.434007 
4779.523194 
4779.421774 
4779.503957 
4779.543953 
4779.261061 
4779.503819 
4779.563925 
4779.527738 
4779.517315 
4779.650035 
4779.512613 
4779.645653 
4779.597702 
4779.587658 
4779.400306 
4779.736435 
4779.646036 
4779.580308 
4779.406326 
4779.526546 
4779.604674 
4779.448883 
4779.467529 
4779.315372 
4779.462115 
4779.239555 
4779.572697 
4779.648077 
4779.575475 
4779.606398 
4779.381905 
4779.498069 
4779.463125 
4779.358983 
4779.452246 
4779.515430 
4779.275808 
4779.446085 
4779.224145 
4779.414059 
4779.513648 
4779.350412 
4779.480807 
4779.640297 
4779.680929 
4779.677056 
4779.615381 
4779.691913 
4779.466627 
4779.453654 
4779.478473 
4779.442212 
4779.517089 
4779.574939 
4779.475993 
4779.405605 
4779.482774 
4779.406635 
4779.519282 
4779.310831 
4779.571939 
4779.545208 
4779.322545 
4779.419959 
4779.540434 
4779.513365 
4779.510672 
4779.624497 
4779.491747 
4779.639267 
4779.668554 
4779.531993 
4779.552421 
4779.619569 
4779.428257 
4779.537336 
4779.691110 
4779.654260 
4779.564502 
4779.507715 
4779.632354 
4779.523988 
4779.422734 
4779.327135 
4779.559112 
4779.537510 
4779.802222 
4779.613330 
4779.469359 
4779.682483 
4779.482913 
4779.615578 
4779.379629 
4779.499473 
4779.669102 
4779.492161 
4779.658883 
4779.600798 
4779.495420 
4779.554058 
4779.363506 
4779.452548 
4779.506080 
4779.476087 
4779.537436 
4779.734813 
4779.687564 
4779.618454 
4779.587180 
4779.591238 
4779.650333 
4779.560780 
4779.451889 
4779.473212 
4779.385205 
4779.437144 
4779.305486 
4779.394302 
4779.433053 
4779.492441 
4779.346710 
4779.391653 
4779.311718 
4779.469050 
4779.609037 
4779.688929 
4779.659777 
4779.601552 
4779.613166 
4779.665969 
4779.378104 
4779.401874 
4779.522000 
4779.270177 
4779.515382 
4779.499700 
4779.437596 
4779.466562 
4779.378351 
4779.488787 
4779.489553 
4779.480772 
4779.345185 
4779.261087 
4779.402815 
4779.457463 
4779.400162 
4779.576095 
4779.523026 
4779.642929 
4779.608206 
4779.531196 
4779.497074 
4779.413972 
4779.535102 
4779.431603 
4779.650148 
4779.536547 
4779.445597 
4779.352944 
4779.435542 
4779.692421 
4779.264896 
4779.449261 
4779.634486 
4779.630290 
4779.639346 
4779.499612 
4779.540830 
4779.609050 
4779.394817 
4779.587472 
4779.725300 
4779.385404 
4779.655383 
4779.670811 
4779.731717 
4779.697691 
4779.512738 
4779.584662 
4779.730594 
4779.469700 
4779.574619 
4779.444091 
4779.660181 
4779.567242 
4779.550865 
4779.445568 
4779.454603 
4779.573687 
4779.475717 
4779.472602 
4779.470182 
4779.549562 
4779.552001 
4779.515034 
4779.482975 
4779.532558 
4779.293687 
4779.405068 
4779.424292 
4779.514610 
4779.557589 
4779.443654 
4779.590164 
4779.693734 
4779.557429 
4779.656893 
4779.360010 
4779.597511 
4779.674898 
4779.541424 
4779.363331 
4779.518106 
4779.511393 
4779.572104 
4779.464734 
4779.492292 
4779.508534 
4779.429963 
4779.503667 
4779.605156 
4779.591758 
4779.441380 
4779.621622 
4779.526802 
4779.536806 
4779.551513 
4779.496322 
4779.394275 
4779.395877 
4779.565447 
4779.298248 
4779.502046 
4779.610239 
4779.624639 
4779.463303 
4779.254895 
4779.380686 
4779.445213 
4779.614975 
4779.564286 
4779.530728 
4779.583618 
4779.483695 
4779.561411 
4779.508091 
4779.522557 
4779.535207 
4779.509448 
4779.499837 
4779.546188 
4779.635431 
4779.536000 
4779.572211 
4779.444129 
4779.564060 
4779.706012 
4779.617279 
4779.514103 
4779.446149 
4779.391185 
4779.528019 
4779.484953 
4779.430083 
4779.453848 
4779.281462 
4779.416965 
4779.574424 
4779.580650 
4779.535712 
4779.397629 
4779.494842 
4779.422740 
4779.456839 
4779.461300 
4779.546682 
4779.531272 
4779.389585 
4779.429939 
4779.460565 
4779.641514 
4779.507741 
4779.529941 
4779.657931 
4779.592226 
4779.585829 
4779.480730 
4779.661766 
4779.596307 
4779.683868 
4779.471422 
4779.543090 
4779.484521 
4779.516829 
4779.604357 
4779.505216 
4779.605240 
4779.445943 
4779.450105 
4779.507461 
4779.533248 
4779.451760 
4779.595750 
4779.514809 
4779.402347 
4779.462063 
4779.557376 
4779.471470 
4779.493376 
4779.687892 
4779.510024 
4779.415030 
4779.573152 
4779.543181 
4779.614289 
4779.557762 
4779.705365 
4779.458263 
4779.485676 
4779.447168 
4779.484842 
4779.533482 
4779.520107 
4779.527612 
4779.521067 
4779.387109 
4779.598507 
4779.506911 
4779.619358 
4779.663142 
4779.397709 
4779.381410 
4779.463826 
4779.649765 
4779.625148 
4779.552862 
4779.624367 
4779.622796 
4779.406256 
4779.486929 
4779.610814 
4779.610733 
4779.691697 
4779.212519 
4779.320418 
4779.657082 
4779.647798 
4779.615816 
4779.518924 
4779.525447 
4779.603468 
4779.630493 
4779.592815 
4779.451482 
4779.549754 
4779.599865 
4779.620117 
4779.591169 
4779.588031 
4779.505114 
4779.442487 
4779.508762 
4779.466806 
4779.458881 
4779.264149 
4779.406973 
4779.346385 
4779.543621 
4779.681959 
4779.681356 
4779.675062 
4779.661470 
4779.512097 
4779.564353 
4779.542754 
4779.294258 
4779.384487 
4779.514141 
4779.496527 
4779.513482 
4779.593576 
4779.349848 
4779.422831 
4779.511407 
4779.599619 
4779.454524 
4779.728480 
4779.543789 
4779.448283 
4779.366282 
4779.406976 
4779.487033 
4779.477191 
4779.448917 
4779.554269 
4779.636060 
4779.444593 
4779.444056 
4779.516475 
4779.752465 
4779.622857 
4779.445790 
4779.377600 
4779.512776 
4779.529595 
4779.655978 
4779.593386 
4779.460707 
4779.469549 
4779.329575 
4779.373216 
4779.529315 
4779.674479 
4779.614494 
4779.666056 
4779.544370 
4779.557741 
4779.566924 
4779.465265 
4779.414707 
4779.446365 
4779.354575 
4779.408712 
4779.577315 
4779.422262 
4779.559292 
4779.609587 
4779.537706 
4779.475568 
4779.508137 
4779.590400 
4779.792806 
4779.621071 
4779.597352 
4779.497128 
4779.504640 
4779.664679 
4779.604827 
4779.553576 
4779.446919 
4779.550488 
4779.657015 
4779.437374 
4779.416577 
4779.421332 
4779.480386 
4779.433509 
4779.540685 
4779.518849 
4779.403442 
4779.462126 
4779.512021 
4779.451636 
4779.557037 
4779.722855 
4779.410905 
4779.415191 
4779.483610 
4779.523325 
4779.612241 
4779.248097 
4779.414478 
4779.560389 
4779.567530 
4779.539562 
4779.562156 
4779.671993 
4779.635428 
4779.508514 
4779.678808 
4779.521789 
4779.430592 
4779.441339 
4779.519051 
4779.484349 
4779.443399 
4779.333848 
4779.488175 
4779.432736 
4779.461097 
4779.620524 
4779.500802 
4779.605956 
4779.546993 
4779.393540 
4779.335454 
4779.419926 
4779.452856 
4779.519004 
4779.593181 
4779.513981 
4779.529785 
4779.509457 
4779.667767 
4779.572111 
4779.551578 
4779.631200 
4779.393129 
4779.550824 
4779.502099 
4779.508774 
4779.579976 
4779.661882 
4779.586102 
4779.578283 
4779.469300 
4779.312901 
4779.449508 
4779.467986 
4779.550821 
4779.538193 
4779.614699 
4779.665244 
4779.582355 
4779.694040 
4779.533424 
4779.505225 
4779.617530 
4779.709971 
4779.530035 
4779.573449 
4779.546106 
4779.622578 
4779.476429 
4779.616598 
4779.567658 
4779.414204 
4779.515307 
4779.426238 
4779.461695 
4779.584198 
4779.666921 
4779.607011 
4779.525241 
4779.689488 
4779.568734 
4779.574028 
4779.740010 
4779.539328 
4779.471153 
4779.532577 
4779.583389 
4779.463178 
4779.595896 
4779.576721 
4779.391856 
4779.465723 
4779.488141 
4779.535242 
4779.497753 
4779.478739 
4779.714224 
4779.648503 
4779.682766 
4779.523298 
4779.369469 
4779.424127 
4779.389022 
4779.496995 
4779.597106 
4779.366322 
4779.319662 
4779.518340 
4779.597755 
4779.479070 
4779.504744 
4779.448893 
4779.438078 
4779.458264 
4779.321385 
