0.273375 
0.300527 
0.296435 
0.273860 
0.277093 
0.261069 
0.252995 
0.252147 
0.236311 
0.254457 
0.235403 
0.259390 
0.254795 
0.248136 
0.271975 
0.263869 
0.283417 
0.237853 
0.235238 
0.239439 
0.297665 
0.318563 
0.285717 
0.285687 
0.246667 
0.289421 
0.264831 
0.234358 
0.256973 
0.296385 
0.273084 
0.280482 
0.255851 
0.246185 
0.276587 
0.312499 
0.248132 
0.266146 
0.225673 
0.205193 
0.290763 
0.262608 
0.230583 
0.318836 
0.263123 
0.289974 
0.273444 
0.289249 
0.294574 
0.291687 
0.267832 
0.299456 
0.314377 
0.317670 
0.284275 
0.284486 
0.250710 
0.216040 
0.290454 
0.249552 
0.220612 
0.239710 
0.225456 
0.240575 
0.239382 
0.289007 
0.301391 
0.288123 
0.263436 
0.273408 
0.285216 
0.226514 
0.235424 
0.250725 
0.303856 
0.295653 
0.298725 
0.287319 
0.277836 
0.256905 
0.252142 
0.248516 
0.249437 
0.282366 
0.274695 
0.282439 
0.268855 
0.277296 
0.290189 
0.264981 
0.280944 
0.325019 
0.240779 
0.250712 
0.253550 
0.278418 
0.289133 
0.327490 
0.283820 
0.272143 
0.248959 
0.237432 
0.276426 
0.284583 
0.321486 
0.296997 
0.232905 
0.199081 
0.306966 
0.266718 
0.300205 
0.296920 
0.294480 
0.251164 
0.301815 
0.287606 
0.299892 
0.235539 
0.252769 
0.234065 
0.229307 
0.257323 
0.255287 
0.242917 
0.194383 
0.269586 
0.180048 
0.296553 
0.284319 
0.256877 
0.278127 
0.300423 
0.262035 
0.273463 
0.241595 
0.248666 
0.230798 
0.261275 
0.281283 
0.265843 
0.214520 
0.274035 
0.235811 
0.252022 
0.290429 
0.294767 
0.275790 
0.305969 
0.279825 
0.244955 
0.282597 
0.238851 
0.200515 
0.242557 
0.279180 
0.332258 
0.314254 
0.220036 
0.302745 
0.248471 
0.225340 
0.277431 
0.325814 
0.210175 
0.236010 
0.222718 
0.252680 
0.294971 
0.253951 
0.323741 
0.247353 
0.298140 
0.302919 
0.212350 
0.274548 
0.297802 
0.232255 
0.274381 
0.245121 
0.291172 
0.278485 
0.223119 
0.224186 
0.265894 
0.266941 
0.268636 
0.265932 
0.282273 
0.293058 
0.256282 
0.250980 
0.276338 
0.233359 
0.189913 
0.249370 
0.266197 
0.321115 
0.268823 
0.221118 
0.238243 
0.264599 
0.252901 
0.212967 
0.246737 
0.221291 
0.280729 
0.252831 
0.282128 
0.326677 
0.241736 
0.295303 
0.277303 
0.271385 
0.286126 
0.243841 
0.261317 
0.238406 
0.263188 
0.220146 
0.239825 
0.242281 
0.247444 
0.244038 
0.273431 
0.262946 
0.253934 
0.262492 
0.263463 
0.278412 
0.235640 
0.207715 
0.236700 
0.275012 
0.293257 
0.263436 
0.282875 
0.297867 
0.252712 
0.289012 
0.278834 
0.228094 
0.273524 
0.300977 
0.300702 
0.275078 
0.258369 
0.273708 
0.317189 
0.282731 
0.253311 
0.254747 
0.287965 
0.283069 
0.260339 
0.285620 
0.272313 
0.278617 
0.312037 
0.253172 
0.326348 
0.283440 
0.327909 
0.329461 
0.239585 
0.307399 
0.254940 
0.250407 
0.270694 
0.288574 
0.304493 
0.282006 
0.260731 
0.275416 
0.255158 
0.237478 
0.271888 
0.264723 
0.187768 
0.197830 
0.211137 
0.237842 
0.298767 
0.304180 
0.312391 
0.304127 
0.278076 
0.269931 
0.248118 
0.265767 
0.204339 
0.228977 
0.244466 
0.261076 
0.241200 
0.210972 
0.256076 
0.269914 
0.266533 
0.303887 
0.307922 
0.289278 
0.253908 
0.201953 
0.276140 
0.278153 
0.225942 
0.298940 
0.295634 
0.283326 
0.255019 
0.248674 
0.249034 
0.252561 
0.282730 
0.256993 
0.260859 
0.283673 
0.266373 
0.218830 
0.229794 
0.248803 
0.268187 
0.254440 
0.270993 
0.244845 
0.242120 
0.225918 
0.250982 
0.298137 
0.202178 
0.246460 
0.289993 
0.317028 
0.248094 
0.204673 
0.253235 
0.247981 
0.280427 
0.293604 
0.265863 
0.300233 
0.248201 
0.312473 
0.243204 
0.247444 
0.288075 
0.323699 
0.281688 
0.257052 
0.278939 
0.285238 
0.226042 
0.246810 
0.283324 
0.297064 
0.291824 
0.318441 
0.240405 
0.239316 
0.291719 
0.250733 
0.249671 
0.283629 
0.250020 
0.282933 
0.269514 
0.227155 
0.216434 
0.219936 
0.235457 
0.244079 
0.237797 
0.250052 
0.254829 
0.252254 
0.270891 
0.263349 
0.324188 
0.294111 
0.300788 
0.295288 
0.229329 
0.293942 
0.313571 
0.330034 
0.284856 
0.243132 
0.260835 
0.238062 
0.263911 
0.297254 
0.220186 
0.207587 
0.262285 
0.246021 
0.295814 
0.313273 
0.293257 
0.256851 
0.274706 
0.251726 
0.290893 
0.278581 
0.265150 
0.297729 
0.289814 
0.270444 
0.261960 
0.278504 
0.276522 
0.264756 
0.273938 
0.270487 
0.288367 
0.287271 
0.269295 
0.249974 
0.254436 
0.240237 
0.213350 
0.259675 
0.287104 
0.264517 
0.285545 
0.282182 
0.289139 
0.291997 
0.262735 
0.317788 
0.265035 
0.281858 
0.215256 
0.270552 
0.276437 
0.253596 
0.327359 
0.293284 
0.258452 
0.273893 
0.248459 
0.265058 
0.270696 
0.299570 
0.281841 
0.271487 
0.263600 
0.250884 
0.274997 
0.252183 
0.215649 
0.228146 
0.255981 
0.253998 
0.206510 
0.263964 
0.235763 
0.301482 
0.260653 
0.267778 
0.239195 
0.281183 
0.264642 
0.268615 
0.233084 
0.235995 
0.260517 
0.272381 
0.280060 
0.273590 
0.283810 
0.317942 
0.269073 
0.266620 
0.287616 
0.244566 
0.283537 
0.317519 
0.286751 
0.275415 
0.265459 
0.263565 
0.255705 
0.298984 
0.251156 
0.272589 
0.224382 
0.258046 
0.253551 
0.216942 
0.230508 
0.268641 
0.225486 
0.226454 
0.285035 
0.299928 
0.278067 
0.268925 
0.224557 
0.242368 
0.225052 
0.306215 
0.291092 
0.254020 
0.286836 
0.239963 
0.305417 
0.246748 
0.297792 
0.308512 
0.218926 
0.289507 
0.269609 
0.227012 
0.250084 
0.251349 
0.267431 
0.276349 
0.267133 
0.254506 
0.267094 
0.229475 
0.230068 
0.258771 
0.223923 
0.261467 
0.252111 
0.261479 
0.268637 
0.289839 
0.298046 
0.201742 
0.246541 
0.291314 
0.265211 
0.252679 
0.274789 
0.295870 
0.268780 
0.283567 
0.293258 
0.292308 
0.237922 
0.231297 
0.252811 
0.247684 
0.218362 
0.255287 
0.271118 
0.248205 
0.201068 
0.256552 
0.264444 
0.286147 
0.301931 
0.250852 
0.227848 
0.263273 
0.305574 
0.296584 
0.274482 
0.262126 
0.288854 
0.284199 
0.266058 
0.301039 
0.275868 
0.288845 
0.304258 
0.281585 
0.300046 
0.278614 
0.303335 
0.253381 
0.263858 
0.310486 
0.305342 
0.283127 
0.270865 
0.268172 
0.256185 
0.206441 
0.255243 
0.273511 
0.277823 
0.295062 
0.266729 
0.273065 
0.240591 
0.265199 
0.296949 
0.302140 
0.279659 
0.277411 
0.212532 
0.258760 
0.273549 
0.325055 
0.220428 
0.275755 
0.277980 
0.252123 
0.256744 
0.237036 
0.266575 
0.248178 
0.276134 
0.229310 
0.272969 
0.250306 
0.314529 
0.286075 
0.285896 
0.264813 
0.287463 
0.325619 
0.227652 
0.233748 
0.251043 
0.294833 
0.227435 
0.257198 
0.274737 
0.286378 
0.293084 
0.282633 
0.265864 
0.304073 
0.276515 
0.254168 
0.271025 
0.226562 
0.238799 
0.259015 
0.284067 
0.295790 
0.224247 
0.177321 
0.264490 
0.250653 
0.245106 
0.259904 
0.281831 
0.273735 
0.241111 
0.260516 
0.274208 
0.245932 
0.269122 
0.329633 
0.264415 
0.252355 
0.262049 
0.275265 
0.243465 
0.283228 
0.264213 
0.266361 
0.270199 
0.331232 
0.314159 
0.292016 
0.297379 
0.245593 
0.254701 
0.253345 
0.260570 
0.307294 
0.266558 
0.280902 
0.224443 
0.276750 
0.272119 
0.281197 
0.265121 
0.255385 
0.235249 
0.273677 
0.266166 
0.218291 
0.263115 
0.285864 
0.232654 
0.251814 
0.291976 
0.227617 
0.207702 
0.239372 
0.247065 
0.274699 
0.309235 
0.326777 
0.310687 
0.307673 
0.282212 
0.271702 
0.257811 
0.241196 
0.218444 
0.275521 
0.266297 
0.287025 
0.278696 
0.327886 
0.295777 
0.218874 
0.237134 
0.266358 
0.268770 
0.281089 
0.258445 
0.223358 
0.266928 
0.266480 
0.262553 
0.250919 
0.245336 
0.275162 
0.262895 
0.251707 
0.281691 
0.249210 
0.209604 
0.259913 
0.298398 
0.243087 
0.226688 
0.258538 
0.253341 
0.252258 
0.288637 
0.245309 
0.267730 
0.303605 
0.292200 
0.256439 
0.300772 
0.300873 
0.332073 
0.250261 
0.249809 
0.242997 
0.253878 
0.281814 
0.284256 
0.256611 
0.302350 
0.319353 
0.294886 
0.235035 
0.291867 
0.340529 
0.290156 
0.246003 
0.264696 
0.257058 
0.293530 
0.271705 
0.221274 
0.230057 
0.293265 
0.268160 
0.257128 
0.263675 
0.283922 
0.296328 
0.280565 
0.291307 
0.284332 
0.245060 
0.253939 
0.298378 
0.321856 
0.292840 
0.293072 
0.217610 
0.242792 
0.225594 
0.231715 
0.245674 
0.235757 
0.213358 
0.246051 
0.301217 
0.251750 
0.217158 
0.279914 
0.296559 
0.327729 
0.266739 
0.260609 
0.259752 
0.260461 
0.212903 
0.247888 
0.255045 
0.257678 
0.210237 
0.256417 
0.233069 
0.242507 
0.269763 
0.269694 
0.219212 
0.200986 
0.245938 
0.265841 
0.272105 
0.228973 
0.305762 
0.335457 
0.311395 
0.293070 
0.291226 
0.289660 
0.285039 
0.266032 
0.304501 
0.285487 
0.294881 
0.294491 
0.264159 
0.325363 
0.270930 
0.214190 
0.195714 
0.286921 
0.255223 
0.247021 
0.240838 
0.244228 
0.266051 
0.250237 
0.232849 
0.282561 
0.302570 
0.287516 
0.294814 
0.268882 
0.265548 
0.266813 
0.279452 
0.217567 
0.265352 
0.264101 
0.285051 
0.238071 
0.209852 
0.237594 
0.269162 
0.264943 
0.248002 
0.211724 
0.286174 
0.265939 
0.229165 
0.249369 
0.257091 
0.273380 
0.272712 
0.263525 
0.271926 
0.275747 
0.297081 
0.225658 
0.228697 
0.241737 
0.226116 
0.175906 
0.282342 
0.232383 
0.280211 
0.266491 
0.257582 
0.263479 
0.275838 
0.275936 
0.285897 
0.284425 
0.275044 
0.258145 
0.153759 
0.234589 
0.218667 
0.236828 
0.237785 
0.234464 
0.238086 
0.243102 
0.232959 
0.277820 
0.240063 
0.250377 
0.256189 
0.277295 
0.250715 
0.253721 
0.231039 
0.256830 
0.309630 
0.280534 
0.293415 
0.301755 
0.283755 
0.278849 
0.258626 
0.243825 
0.273530 
0.229705 
0.269933 
0.259280 
0.269019 
0.285558 
0.294262 
0.297715 
0.298085 
0.351542 
0.302532 
0.297492 
0.281549 
0.273999 
0.302822 
0.318466 
0.311785 
0.300229 
0.298192 
0.260673 
0.265604 
0.295119 
0.283810 
0.238364 
0.230009 
0.243004 
0.250794 
0.244691 
0.274108 
0.272691 
0.211163 
0.191858 
0.250456 
0.278988 
0.303358 
0.263312 
0.227036 
0.255136 
0.271721 
0.284813 
0.273933 
0.230785 
0.237800 
0.251342 
0.300917 
0.268207 
0.275557 
0.266159 
0.262130 
0.284239 
0.295937 
0.264848 
0.209189 
0.263124 
0.241299 
0.266654 
0.184824 
0.250226 
0.297238 
0.288617 
0.233295 
0.223375 
0.268947 
0.264767 
0.251033 
0.296281 
0.240610 
0.222073 
0.196786 
0.274804 
0.317322 
0.273694 
0.243975 
0.271392 
0.233071 
0.275659 
0.260052 
0.277607 
0.232933 
0.284952 
0.302470 
0.315230 
0.233082 
0.263673 
0.272115 
0.261953 
0.267496 
0.261971 
0.244198 
0.266177 
0.286356 
0.289682 
0.266448 
0.266961 
0.267733 
0.316177 
0.255125 
0.244273 
0.218109 
0.175695 
0.207879 
0.229638 
0.302831 
0.291660 
0.280142 
0.281514 
0.283907 
0.281601 
0.271390 
0.270451 
0.241724 
0.249881 
0.278313 
0.271775 
0.205243 
0.245295 
0.241704 
0.251723 
0.258733 
0.251124 
0.247524 
0.237960 
0.249183 
0.253308 
0.311760 
0.253478 
0.272164 
0.302113 
0.338675 
0.255414 
0.287102 
0.329474 
0.264523 
0.299599 
0.293191 
0.309332 
0.262523 
0.285430 
0.243064 
0.287539 
0.301853 
0.268211 
0.266412 
0.213345 
0.279031 
0.258413 
0.237265 
0.292935 
0.222280 
0.267571 
0.234921 
0.250337 
0.299841 
0.331911 
0.274289 
0.296347 
0.285372 
0.274908 
0.209913 
0.225532 
0.251021 
0.299211 
0.277352 
0.290179 
0.273294 
0.259886 
0.289413 
0.237451 
0.246802 
0.247925 
0.252291 
0.226793 
0.299457 
0.254700 
0.265462 
0.268018 
0.265099 
0.230364 
0.274632 
0.269871 
0.237957 
0.293841 
0.281621 
0.254131 
0.254830 
0.238019 
0.251727 
0.269027 
0.294528 
0.264765 
0.286801 
0.262438 
0.224627 
0.236269 
0.330678 
0.264428 
0.278802 
0.283264 
0.259967 
0.221589 
0.244724 
0.248271 
0.249211 
0.315220 
0.227873 
0.235948 
0.218643 
0.268352 
0.285306 
0.299346 
0.285583 
0.262104 
0.261796 
0.326179 
0.277905 
0.250088 
0.283463 
0.280497 
0.230938 
0.276101 
0.274600 
0.275829 
0.274134 
0.228442 
0.316459 
0.286986 
0.251259 
0.268675 
0.268946 
0.275793 
0.232290 
0.243011 
0.255290 
0.268729 
0.256129 
0.276753 
0.280815 
0.268914 
0.268242 
0.253383 
0.273009 
0.282124 
0.262495 
0.291239 
0.145657 
0.252087 
0.299002 
0.266014 
0.259001 
0.232005 
0.243020 
0.274611 
0.280322 
0.264085 
0.257499 
0.301784 
0.274482 
0.321551 
0.295513 
0.300348 
0.334280 
0.196390 
0.251199 
0.241980 
0.246715 
0.288993 
0.264636 
0.223633 
0.236265 
0.187883 
0.258779 
0.274166 
0.322807 
0.302167 
0.245771 
0.269608 
0.299745 
0.276703 
0.303680 
0.277369 
0.294668 
0.241273 
0.212386 
0.240520 
0.255956 
0.230529 
0.235478 
0.261657 
0.234350 
0.297355 
0.226716 
0.272007 
0.287572 
0.266675 
0.259461 
0.297174 
0.282961 
0.308222 
0.265307 
0.246133 
0.231575 
0.209570 
0.265080 
0.256308 
0.237011 
0.238522 
0.262610 
0.283200 
0.253830 
0.275714 
0.265461 
0.257095 
0.248116 
0.335505 
0.232754 
0.301577 
0.304332 
0.278342 
0.281542 
0.308182 
0.301894 
0.253161 
0.300293 
0.294485 
0.262819 
0.243656 
0.262401 
0.273829 
0.242424 
0.329107 
0.254612 
0.280151 
0.231520 
0.221959 
0.251980 
0.249636 
0.270347 
0.268721 
0.226265 
0.263764 
0.272783 
0.241420 
0.296721 
0.322989 
0.309746 
0.306082 
0.267857 
0.252704 
0.300190 
0.285461 
0.275863 
0.228036 
0.292408 
0.275453 
0.224747 
0.237522 
0.244086 
0.332847 
0.279642 
0.273395 
0.258681 
0.233572 
0.256482 
0.222188 
0.242335 
0.220466 
0.234406 
0.266867 
0.231300 
0.234573 
0.290669 
0.265634 
0.253242 
0.256434 
0.293770 
0.312234 
0.270597 
0.271790 
0.287773 
0.267969 
0.293117 
0.259111 
0.258971 
0.226789 
0.245407 
0.284540 
0.274311 
0.267718 
0.241111 
0.237721 
0.305617 
0.315229 
0.246322 
0.258111 
0.284794 
0.279890 
0.263714 
0.274394 
0.333029 
0.278506 
0.288733 
0.277205 
0.274034 
0.295515 
0.296885 
0.286656 
0.227048 
0.260314 
0.317644 
0.274565 
0.291802 
0.339142 
0.309686 
0.323470 
0.282477 
0.229716 
0.230669 
0.199805 
0.236055 
0.244940 
0.222604 
0.213106 
0.292248 
0.292306 
0.220814 
0.250325 
0.249515 
0.282105 
0.258350 
0.257031 
0.256930 
0.249818 
0.305213 
0.267596 
0.298259 
0.280511 
0.269727 
0.318054 
0.284188 
0.238877 
0.236476 
0.288703 
0.259110 
0.261709 
0.246570 
0.226019 
0.228528 
0.261005 
0.233520 
0.304328 
0.254702 
0.264194 
0.243626 
0.305967 
0.265116 
0.253871 
0.265813 
0.262884 
0.256288 
0.280948 
0.267990 
0.301602 
0.257790 
0.240854 
0.253014 
0.194947 
0.227283 
0.241081 
0.249970 
0.272630 
0.295569 
0.252810 
0.313665 
0.334798 
0.276789 
0.281431 
0.321840 
0.246518 
0.325499 
0.244571 
0.287317 
0.280333 
0.222911 
0.226241 
0.265548 
0.239077 
0.243894 
0.285798 
0.258100 
0.269659 
0.199575 
0.186778 
0.209694 
0.273080 
0.277197 
0.250243 
0.236829 
0.238472 
0.270083 
0.270427 
0.303253 
0.240478 
0.273529 
0.276832 
0.236491 
0.258356 
0.232164 
0.224418 
0.243577 
0.242827 
0.300690 
0.302651 
0.300488 
0.289482 
0.285318 
0.241540 
0.250938 
0.255167 
0.267212 
0.313948 
0.287812 
0.203675 
0.203311 
0.221949 
0.251259 
0.255216 
0.265053 
0.243772 
0.247070 
0.298715 
0.294169 
0.261175 
0.268890 
0.316361 
0.306566 
0.258239 
0.202915 
0.258480 
0.287131 
0.245947 
0.247604 
0.244246 
0.226889 
0.296642 
0.282069 
0.327772 
0.326153 
0.262617 
0.306952 
0.336536 
0.278082 
0.265960 
0.286260 
0.322567 
0.242911 
0.250081 
0.223590 
0.246427 
0.343664 
0.259417 
0.233948 
0.254823 
0.223227 
0.269141 
0.282628 
0.258610 
0.253099 
0.260495 
0.239909 
0.313454 
0.290686 
0.273271 
0.262197 
0.237063 
0.262725 
0.257915 
0.270150 
0.271287 
0.243898 
0.221022 
0.278494 
0.265094 
0.234001 
0.221280 
0.241760 
0.225719 
0.269640 
0.223886 
0.240975 
0.218049 
0.189788 
0.234043 
0.251382 
0.267571 
0.278408 
0.253398 
0.281329 
0.245708 
0.250764 
0.287733 
0.295033 
0.266571 
0.237891 
0.242756 
0.235617 
0.235352 
0.238338 
0.232937 
0.221011 
0.249477 
0.332059 
0.231794 
0.323193 
0.253487 
0.258674 
0.262702 
0.242127 
0.213672 
0.271247 
0.303689 
0.234107 
0.223755 
0.215437 
0.236340 
0.237582 
0.289946 
0.266188 
0.266856 
0.298033 
0.296497 
0.278360 
0.245313 
0.203015 
0.288342 
0.235146 
0.250691 
0.271746 
0.297786 
0.296968 
0.264740 
0.240384 
0.229545 
0.319036 
0.306252 
0.281402 
0.279476 
0.252560 
0.228807 
0.279255 
0.186639 
0.270485 
0.304037 
0.319765 
0.266605 
0.296223 
0.282087 
0.244407 
0.252021 
0.298401 
0.309671 
0.273696 
0.233456 
0.215525 
0.220258 
0.278563 
0.246117 
0.238375 
0.280192 
0.268344 
0.279322 
0.259986 
0.281968 
0.266937 
0.281737 
0.263568 
0.295964 
0.266876 
0.254877 
0.246746 
0.275502 
0.278551 
0.276515 
0.291194 
0.258119 
0.262032 
0.245075 
0.226147 
0.241435 
0.286273 
0.269512 
0.338158 
0.292871 
0.247231 
0.249749 
0.302883 
0.248444 
0.258160 
0.292327 
0.255405 
0.285685 
0.245028 
0.266243 
0.200479 
0.222371 
0.246956 
0.260789 
0.258335 
0.284635 
0.241680 
0.213638 
0.291886 
0.291649 
0.340949 
0.262412 
0.193834 
0.219441 
0.245398 
0.247404 
0.264426 
0.262780 
0.294155 
0.261479 
0.277936 
0.284183 
0.314008 
0.271717 
0.232017 
0.217799 
0.255743 
0.286748 
0.277518 
0.279295 
0.280688 
0.282908 
0.323719 
0.261127 
0.229590 
0.307573 
0.287118 
0.262085 
0.281622 
0.301675 
0.288002 
0.275534 
0.294658 
0.309803 
0.293943 
0.302802 
0.306596 
0.328911 
0.266375 
0.263157 
0.242833 
0.260311 
0.213637 
0.237802 
0.249522 
0.231575 
0.239563 
0.251218 
0.263700 
0.236552 
0.233182 
0.277082 
0.251414 
0.297473 
0.303126 
0.312766 
0.295684 
0.257237 
0.223520 
0.253321 
0.242048 
0.253470 
0.271055 
0.228463 
0.219292 
0.344892 
0.258752 
0.251160 
0.284259 
0.271057 
0.281585 
0.250744 
0.253619 
0.270623 
0.218294 
0.275358 
0.308376 
0.259916 
0.262501 
0.274401 
0.274409 
0.295729 
0.253082 
0.265951 
0.231484 
0.254044 
0.236836 
0.285567 
0.252372 
0.290904 
0.266089 
0.285826 
0.262975 
0.287037 
0.325257 
0.212228 
0.247634 
0.229558 
0.290117 
0.317292 
0.301663 
0.265772 
0.264400 
0.268108 
0.242370 
0.216842 
0.284308 
0.281342 
0.317186 
0.310416 
0.265443 
0.249881 
0.229480 
0.300413 
0.283907 
0.230326 
0.218669 
0.237272 
0.276653 
0.298109 
0.244524 
0.275855 
0.229308 
0.260741 
0.287891 
0.279746 
0.241724 
0.258357 
0.249426 
0.287601 
0.322830 
0.284863 
0.232239 
0.248155 
0.242655 
0.199424 
0.221454 
0.203715 
0.254976 
0.252301 
0.261283 
0.212894 
0.280842 
0.262197 
0.306064 
0.278654 
0.229846 
0.217945 
0.225038 
0.335842 
0.304010 
0.233140 
0.310769 
0.318667 
0.281673 
0.284664 
0.308695 
0.252171 
0.268535 
0.246060 
0.297890 
0.311389 
0.266175 
0.290934 
0.285662 
0.278288 
0.285968 
0.251843 
0.241207 
0.236732 
0.270983 
0.303552 
0.296201 
0.233950 
0.248641 
0.279514 
0.340344 
0.278443 
0.320829 
0.319473 
0.288119 
0.252485 
0.343364 
0.256507 
0.220032 
0.249389 
0.201001 
0.215158 
0.231235 
0.258548 
0.218757 
0.268309 
0.296692 
0.253671 
0.182162 
0.299765 
0.260306 
0.307616 
0.240165 
0.311093 
0.287888 
0.328894 
0.303793 
0.252864 
0.290246 
0.308011 
0.281523 
0.263498 
0.286218 
0.275220 
0.314369 
0.273340 
0.290049 
0.262644 
0.306462 
0.277614 
0.261904 
0.259386 
0.278673 
0.281936 
0.270124 
0.247877 
0.277321 
0.284749 
0.304351 
0.325190 
0.259781 
0.223686 
0.249434 
0.216209 
0.273319 
0.278776 
0.288241 
0.228302 
0.273605 
0.292285 
0.273500 
0.276544 
0.295658 
0.282330 
0.292624 
0.260227 
0.282906 
0.289867 
0.310950 
0.264204 
0.249547 
0.259166 
0.205880 
0.271258 
0.178325 
0.266082 
0.311001 
0.293665 
0.242712 
0.258367 
0.256396 
0.184354 
0.278643 
0.283185 
0.307078 
0.293127 
0.277285 
0.280543 
0.306577 
0.241193 
0.278732 
0.287354 
0.248000 
0.311342 
0.275049 
0.294362 
0.221991 
0.286901 
0.302940 
0.247398 
0.307494 
0.274442 
0.262544 
0.241882 
0.244219 
0.284575 
0.276196 
0.248306 
0.206113 
0.243481 
0.222404 
0.278076 
0.262371 
0.323600 
0.287368 
0.260720 
0.219430 
0.218201 
0.242122 
0.239601 
0.212801 
0.272254 
0.264271 
0.272542 
0.268693 
0.221247 
0.255978 
0.320777 
0.235003 
0.257275 
0.299065 
0.246540 
0.240899 
0.269879 
0.301792 
0.268315 
0.275901 
0.259293 
0.301836 
0.301577 
0.263296 
0.233572 
0.242376 
0.227372 
0.258270 
0.244357 
0.241507 
0.243116 
0.270888 
0.270115 
0.310933 
0.216211 
0.276908 
0.291035 
0.251812 
0.257824 
0.277510 
0.289123 
0.309732 
0.294689 
0.311731 
0.242261 
0.258680 
0.306925 
0.262308 
0.275823 
0.245292 
0.235180 
0.262402 
0.266469 
0.268250 
0.267878 
0.295293 
0.257199 
0.242902 
0.259135 
0.320672 
0.263343 
0.268732 
0.266493 
0.239816 
0.268323 
0.232494 
0.259147 
0.290083 
0.253720 
0.201373 
0.264173 
0.244203 
0.273665 
0.226475 
0.203858 
0.177379 
0.280689 
0.284492 
0.253961 
0.267988 
0.256797 
0.282891 
0.291546 
0.254218 
0.251583 
0.238927 
0.233197 
0.225543 
0.265773 
0.250213 
0.263047 
0.268864 
0.261395 
0.272889 
0.268599 
0.268259 
0.224418 
0.221345 
0.289461 
0.233458 
0.255885 
0.249887 
0.261345 
0.267082 
0.228516 
0.292802 
0.270469 
0.263827 
0.213842 
0.289181 
0.292853 
0.262382 
0.252303 
0.218262 
0.259381 
0.239868 
0.272853 
0.254140 
0.213023 
0.189625 
0.258198 
0.276719 
0.294764 
0.223626 
0.268005 
0.292414 
0.246359 
0.246131 
0.254192 
0.221627 
0.300817 
0.244762 
0.271710 
0.307595 
0.311361 
0.276778 
0.248400 
0.212191 
0.262859 
0.270158 
0.299654 
0.284522 
0.288739 
0.292525 
0.169265 
0.261930 
0.255486 
0.277209 
0.238705 
0.289379 
0.256271 
0.297796 
0.226998 
0.285954 
0.297533 
0.267009 
0.245392 
0.252641 
0.213581 
0.232082 
0.292156 
0.283816 
0.290395 
0.303981 
0.302734 
0.290290 
0.293850 
0.310126 
0.275163 
0.290058 
0.205641 
0.311566 
0.274218 
0.287619 
0.231249 
0.244090 
0.194841 
0.228137 
0.288048 
0.322399 
0.271913 
0.239400 
0.266739 
0.253132 
0.251404 
0.208901 
0.227672 
0.210398 
0.243390 
0.260937 
0.240555 
0.210143 
0.177772 
0.289688 
0.263785 
0.249299 
0.237648 
0.258553 
0.275788 
0.326507 
0.273237 
0.279510 
0.261178 
0.303406 
0.324865 
0.252204 
0.297511 
0.257831 
0.274370 
0.284494 
0.301637 
0.306673 
0.300812 
0.249061 
0.220873 
0.194466 
0.206587 
0.239880 
0.257744 
0.263204 
0.265781 
0.272505 
0.269666 
0.307789 
0.280984 
0.287963 
0.236044 
0.246246 
0.260815 
0.284089 
0.267498 
0.292555 
0.266451 
0.277858 
0.272462 
0.212490 
0.280119 
0.230178 
0.278705 
0.199286 
0.274261 
0.237986 
0.244719 
0.229483 
0.265176 
0.307509 
0.281347 
0.261988 
0.298438 
0.256600 
0.308738 
0.274232 
0.305507 
0.294395 
0.285032 
0.281958 
0.264126 
0.245807 
0.261334 
0.215479 
0.244013 
0.237458 
0.279517 
0.314789 
0.271086 
0.260272 
0.269724 
0.292213 
0.278263 
0.239001 
0.281457 
0.280587 
0.306243 
0.305756 
0.291668 
0.321761 
0.312015 
0.282430 
0.293496 
0.327599 
0.285081 
0.278972 
0.279385 
0.230072 
0.266801 
0.274945 
0.251878 
0.255725 
0.261767 
0.229005 
0.220650 
0.217989 
0.230751 
0.249003 
0.282022 
0.312081 
0.299601 
0.270514 
0.267880 
0.280260 
0.223209 
0.240893 
0.244736 
0.276250 
0.244604 
0.256075 
0.251729 
0.239691 
0.236207 
0.262490 
0.252867 
0.211036 
0.298020 
0.296690 
0.308718 
0.262264 
0.275303 
0.252969 
0.305418 
0.322370 
0.275595 
0.234370 
0.225877 
0.212970 
0.265536 
0.307438 
0.293608 
0.280621 
0.260768 
0.275154 
0.292108 
0.279888 
0.272482 
0.271128 
0.290593 
0.316532 
0.287290 
0.252017 
0.280859 
0.301226 
0.280703 
0.281797 
0.299838 
0.275087 
0.278498 
0.279519 
0.215493 
0.222149 
0.260253 
0.233686 
0.225208 
0.290016 
0.241221 
0.270073 
0.263156 
0.238246 
0.250380 
0.276573 
0.225329 
0.257334 
0.251227 
0.299642 
0.294622 
0.336862 
0.287360 
0.296401 
0.298547 
0.291057 
0.282751 
0.251822 
0.292571 
0.283314 
0.212706 
0.261033 
0.210269 
0.283935 
0.298381 
0.299163 
0.236569 
0.221369 
0.260485 
0.255052 
0.300466 
0.223845 
0.275937 
0.290588 
0.224098 
0.260952 
0.224023 
0.207315 
0.239341 
0.220356 
0.203753 
0.261389 
0.264210 
0.270875 
0.303522 
0.279805 
0.314979 
0.263336 
0.243233 
0.276335 
0.328046 
0.270297 
0.276063 
0.296747 
0.338275 
0.321140 
0.256366 
0.271692 
0.191464 
0.228754 
0.218041 
0.264566 
0.275287 
0.245354 
0.220988 
0.253672 
0.254372 
0.256238 
0.231823 
0.240426 
0.271953 
0.265803 
0.240661 
0.242568 
0.242032 
0.274591 
0.239933 
0.275854 
0.264954 
0.268631 
0.294503 
0.282941 
0.252076 
0.256518 
0.240275 
0.254992 
0.239366 
0.282396 
0.267685 
0.270020 
0.251870 
0.254044 
0.264459 
0.265298 
0.268757 
0.231428 
0.237015 
0.274570 
0.287481 
0.318748 
0.252461 
0.278257 
0.243031 
0.240763 
0.288639 
0.293383 
0.290334 
0.260500 
0.284439 
0.270226 
0.291307 
0.327065 
0.290490 
0.279161 
0.269692 
0.263198 
0.271424 
0.317813 
0.304410 
0.286192 
0.222641 
0.218538 
0.325202 
0.283224 
0.244775 
0.250339 
0.271771 
0.265263 
0.277870 
0.287591 
0.312538 
0.320442 
0.275438 
0.241234 
0.246382 
0.259706 
0.285154 
0.317317 
0.238545 
0.238718 
0.194958 
0.328628 
0.302424 
0.309904 
0.310001 
0.276192 
0.306762 
0.275261 
0.264754 
0.287976 
0.247638 
0.254929 
0.275143 
0.293873 
0.250172 
0.258851 
0.341660 
0.278655 
0.266655 
0.302242 
0.309947 
0.252015 
0.272394 
0.288910 
0.259339 
0.264640 
0.265896 
0.298349 
0.295342 
0.248591 
0.279209 
0.284437 
0.286662 
0.238393 
0.295384 
0.270737 
0.297193 
0.281645 
0.283759 
0.287951 
0.296150 
0.258710 
0.280511 
0.219600 
0.272005 
0.253158 
0.265350 
0.217046 
0.222797 
0.277206 
0.319392 
0.293392 
0.246675 
0.293310 
0.242212 
0.202068 
0.337664 
0.311575 
0.268369 
0.279184 
0.290849 
0.271749 
0.235136 
0.254187 
0.263213 
0.280562 
0.254489 
0.273823 
0.230498 
0.264364 
0.218989 
0.222916 
0.248316 
0.297374 
0.232144 
0.246870 
0.240716 
0.287018 
0.290890 
0.309060 
0.280952 
0.242844 
0.262336 
0.254541 
0.273915 
0.269882 
0.243917 
0.239829 
0.256272 
0.181056 
0.218957 
0.198083 
0.275212 
0.240397 
0.278235 
0.268349 
0.293678 
0.266679 
0.264790 
0.312435 
0.268555 
0.262463 
0.239178 
0.246272 
0.255301 
0.252576 
0.248128 
0.245357 
0.243063 
0.280724 
0.254149 
0.264177 
0.246394 
0.278560 
0.245480 
0.298286 
0.255454 
0.249538 
0.233945 
0.292281 
0.245792 
0.220256 
0.272397 
0.290932 
0.273717 
0.302062 
0.278207 
0.203286 
0.254081 
0.201679 
0.248927 
0.234549 
0.224828 
0.247756 
0.233734 
0.315169 
0.284408 
0.319166 
0.272411 
0.264778 
0.251119 
0.315637 
0.274458 
0.273036 
0.239014 
0.291614 
0.288521 
0.238084 
0.245794 
0.262943 
0.228370 
0.264322 
0.225343 
0.239096 
0.210233 
0.286426 
0.282242 
0.297259 
0.316356 
0.308297 
0.265907 
0.297559 
0.263261 
0.240442 
0.306764 
0.288170 
0.271237 
0.257722 
0.229254 
0.263692 
0.273813 
0.253153 
0.255881 
0.252130 
0.241276 
0.321799 
0.303368 
0.258220 
0.228842 
0.293099 
0.238439 
0.240575 
0.253800 
0.277468 
0.241818 
0.230032 
0.214404 
0.207967 
0.264504 
0.280066 
0.280771 
0.289719 
0.296579 
0.225538 
0.245614 
0.228136 
0.279147 
0.247151 
0.229340 
0.276481 
0.300584 
0.258802 
0.296082 
0.276528 
0.266448 
0.301983 
0.290828 
0.261703 
0.289672 
0.244993 
0.288554 
0.332215 
0.310939 
0.337192 
0.330167 
0.281162 
0.269219 
0.296189 
0.333535 
0.309003 
0.295847 
0.296233 
0.270453 
0.266993 
0.239153 
0.237101 
0.171170 
0.271770 
0.284721 
0.263956 
0.293728 
0.277367 
0.270982 
0.236399 
0.236074 
0.216009 
0.206295 
0.279356 
0.285241 
0.299522 
0.219469 
0.244711 
0.256265 
0.300340 
0.294278 
0.279313 
0.256302 
0.251554 
0.264117 
0.262466 
0.265588 
0.228307 
0.275633 
0.291884 
0.309087 
0.251865 
0.273258 
0.277735 
0.257190 
0.240019 
0.199328 
0.233061 
0.234286 
0.273669 
0.242127 
0.264998 
0.257344 
0.233889 
0.242743 
0.303043 
0.257389 
0.295128 
0.299804 
0.304580 
0.277765 
0.267870 
0.269844 
0.288870 
0.265676 
0.254966 
0.287504 
0.240791 
0.244545 
0.288177 
0.254706 
0.262904 
0.219480 
0.305125 
0.252253 
0.240897 
0.231436 
0.267331 
0.276699 
0.276330 
0.254136 
0.295039 
0.261092 
0.266680 
0.288783 
0.321667 
0.299009 
0.296935 
0.266024 
0.269010 
0.276710 
0.268423 
0.261896 
0.275724 
0.209834 
0.237033 
0.311076 
0.303094 
0.256476 
0.242808 
0.312981 
0.269078 
0.275985 
0.247619 
0.266352 
0.291324 
0.281550 
0.289996 
0.241529 
0.276194 
0.254895 
0.265680 
0.256238 
0.292441 
0.282639 
0.283442 
0.282396 
0.237053 
0.210401 
0.213739 
0.254162 
0.246609 
0.285671 
0.284842 
0.279171 
0.281124 
0.251447 
0.251204 
0.288523 
0.273878 
0.307180 
0.241944 
0.237901 
0.236421 
0.235218 
0.237362 
0.228311 
0.247931 
0.269360 
0.246178 
0.220853 
0.211157 
0.249736 
0.220408 
0.261276 
0.270283 
0.277788 
0.269290 
0.265164 
0.314501 
0.273258 
0.245094 
0.284276 
0.242617 
0.258359 
0.265522 
0.259675 
0.230968 
0.210476 
0.268180 
0.198212 
0.276893 
0.252837 
0.260430 
0.279714 
0.260034 
0.271875 
0.236804 
0.218903 
0.168323 
0.191152 
0.217506 
0.226455 
0.190510 
0.195491 
0.216587 
0.246951 
0.234993 
0.276846 
0.299201 
0.253903 
0.253409 
0.256527 
0.237574 
0.270865 
0.300405 
0.295948 
0.275685 
0.330620 
0.300760 
0.288770 
0.281986 
0.255438 
0.252175 
0.333113 
0.250694 
0.203931 
0.287522 
0.292529 
0.222662 
0.268194 
0.254315 
0.239359 
0.281345 
0.296983 
0.227607 
0.228454 
0.246317 
0.257946 
0.229763 
0.265121 
0.250254 
0.285987 
0.291789 
0.267595 
0.278366 
0.255517 
0.246350 
0.238726 
0.227573 
0.260112 
0.234555 
0.224110 
0.243514 
0.268367 
0.288067 
0.283473 
0.229675 
0.244600 
0.206032 
0.316497 
0.239353 
0.228681 
0.304357 
0.258824 
0.277382 
0.252048 
0.325425 
0.273917 
0.234975 
0.305854 
0.274836 
0.239538 
0.290886 
0.289520 
0.297917 
0.281655 
0.302537 
0.261446 
0.275772 
0.266053 
0.286646 
0.286976 
0.286343 
0.254933 
0.245242 
0.281965 
0.231703 
0.240486 
0.278285 
0.289726 
0.249422 
0.254735 
0.216649 
0.260191 
0.255739 
0.256469 
0.242580 
0.295893 
0.263950 
0.292939 
0.297930 
0.295436 
0.322665 
0.287332 
0.292769 
0.285762 
0.281043 
0.232900 
0.274099 
0.248065 
0.244139 
0.305245 
0.271430 
0.271185 
0.237332 
0.266173 
0.257612 
0.239021 
0.294988 
0.319948 
0.273346 
0.260982 
0.281784 
0.286633 
0.272181 
0.297968 
0.269444 
0.231654 
0.263274 
0.273844 
0.272168 
0.249751 
0.267775 
0.262685 
0.286224 
0.304306 
0.223697 
0.232528 
0.231157 
0.246968 
0.255189 
0.259366 
0.246203 
0.266227 
0.277264 
0.258034 
0.277632 
0.270661 
0.244761 
0.305262 
0.258785 
0.289517 
0.268428 
0.284349 
0.294615 
0.233246 
0.254695 
0.318997 
0.295087 
0.288600 
0.248764 
0.265239 
0.267703 
0.298836 
0.222840 
0.276992 
0.247819 
0.296574 
0.256247 
0.247987 
0.287321 
0.259256 
0.265859 
0.264905 
0.243633 
0.272779 
0.281452 
0.290612 
0.267992 
0.280989 
0.286707 
0.253854 
0.240998 
0.247273 
0.267278 
0.259167 
0.281897 
0.223451 
0.251222 
0.251596 
0.285633 
0.232286 
0.244971 
0.266927 
0.264120 
0.270192 
0.284209 
0.258382 
0.287675 
0.290861 
0.184616 
0.296541 
0.227276 
0.262213 
0.236989 
0.293551 
0.239577 
0.243479 
0.317746 
0.270342 
0.226706 
0.279345 
0.262057 
0.213099 
0.246661 
0.245267 
0.297567 
0.258488 
0.248018 
0.298854 
0.289258 
0.284648 
0.246893 
0.247000 
0.234238 
0.246358 
0.213769 
0.269947 
0.271569 
0.260095 
0.267032 
0.311921 
0.255845 
0.243239 
0.227449 
0.254700 
0.291279 
0.319981 
0.275000 
0.286784 
0.243664 
0.287623 
0.265312 
0.250652 
0.225198 
0.233977 
0.288243 
0.310919 
0.265924 
0.263406 
0.264483 
0.224302 
0.276710 
0.257130 
0.311133 
0.266269 
0.216257 
0.285113 
0.275183 
0.264001 
0.295761 
0.271781 
0.264308 
0.300365 
0.301588 
0.262284 
0.271309 
0.256304 
0.314286 
0.313845 
0.299484 
0.284260 
0.340710 
0.291992 
0.227504 
0.212066 
0.208572 
0.258144 
0.253254 
0.277312 
0.304274 
0.264063 
0.250034 
0.256688 
0.246055 
0.266660 
0.284546 
0.276535 
0.346351 
0.283560 
0.275322 
0.313124 
0.288467 
0.281387 
0.251488 
0.255140 
0.278322 
0.204979 
0.219951 
0.241576 
0.230756 
0.245900 
0.274156 
0.301732 
0.225937 
0.234399 
0.231227 
0.219451 
0.271971 
0.221122 
0.269895 
0.251272 
0.275803 
0.307328 
0.253396 
0.250111 
0.291792 
0.244297 
0.258079 
0.282391 
0.245991 
0.262835 
0.248624 
0.298066 
0.301845 
0.295168 
0.310179 
0.249512 
0.234436 
0.171530 
0.246982 
0.270792 
0.286276 
0.329873 
0.305949 
0.289378 
0.230914 
0.276662 
0.272220 
0.262349 
0.298316 
0.297288 
0.285039 
0.242530 
0.305098 
0.296682 
0.262831 
0.252343 
0.235268 
0.257981 
0.268839 
0.286957 
0.294791 
0.218897 
0.237045 
0.256041 
0.289764 
0.193000 
0.280928 
0.290727 
0.244836 
0.309550 
0.324330 
0.302805 
0.278039 
0.296494 
0.317266 
0.317460 
0.241984 
0.251918 
0.257447 
0.275975 
0.302151 
0.302495 
0.304247 
0.248225 
0.288084 
0.316734 
0.274855 
0.267421 
0.264900 
0.258007 
0.254528 
0.257798 
0.266844 
0.239549 
0.310228 
0.273010 
0.284915 
0.283662 
0.302184 
0.280816 
0.310698 
0.218255 
0.215013 
0.264376 
0.299220 
0.361075 
0.271999 
0.277936 
0.225667 
0.281327 
0.294274 
0.257091 
0.273394 
0.289956 
0.324997 
0.280749 
0.310479 
0.303266 
0.288423 
0.259584 
0.258529 
0.242142 
0.325173 
0.300496 
0.271245 
0.251521 
0.237199 
0.257106 
0.275240 
0.236050 
0.259328 
0.279130 
0.239578 
0.250024 
0.285208 
0.284445 
0.280384 
0.324027 
0.285245 
0.266521 
0.241912 
0.289870 
0.246489 
0.293239 
0.292531 
0.270997 
0.280123 
0.251935 
0.269326 
0.294511 
0.267718 
0.260295 
0.265437 
0.261514 
0.246659 
0.245688 
0.272580 
0.266304 
0.228789 
0.258543 
0.267616 
0.287614 
0.198331 
0.209682 
0.268907 
0.297247 
0.276025 
0.245633 
0.259748 
0.287472 
0.300291 
0.289784 
0.291262 
0.273286 
0.271138 
0.250636 
0.254804 
0.246745 
0.277593 
0.251796 
0.296757 
0.276582 
0.284824 
0.291607 
0.232037 
0.261800 
0.326712 
0.286393 
0.285124 
0.283716 
0.272701 
0.253695 
0.264366 
0.279392 
0.301133 
0.281235 
0.281819 
0.303391 
0.281121 
0.293134 
0.252106 
0.271660 
0.264256 
0.216265 
0.238148 
0.213260 
0.243019 
0.261262 
0.241575 
0.274044 
0.236326 
0.230075 
0.265186 
0.239712 
0.272296 
0.239024 
0.265011 
0.293619 
0.241549 
0.258380 
0.276916 
0.287874 
0.288461 
0.218023 
0.219705 
0.256143 
0.303196 
0.290122 
0.268329 
0.292571 
0.303942 
0.323951 
0.289686 
0.319208 
0.296415 
0.270638 
0.247082 
0.260669 
0.299901 
0.266889 
0.230556 
0.254823 
0.302223 
0.291888 
0.269822 
0.262436 
0.262519 
0.266716 
0.259919 
0.287495 
0.252254 
0.233662 
0.269289 
0.293599 
0.285668 
0.310090 
0.309173 
0.312092 
0.289265 
0.213305 
0.290043 
0.270560 
0.235052 
0.271137 
0.259047 
0.252152 
0.264219 
0.251674 
0.255901 
0.308576 
0.264090 
0.268252 
0.267801 
0.288477 
0.283990 
0.266168 
0.256641 
0.291896 
0.284017 
0.300700 
0.300937 
0.238009 
0.235811 
0.233550 
0.240681 
0.247962 
0.285825 
0.291443 
0.328704 
0.322850 
0.262191 
0.248528 
0.294746 
0.261959 
0.297571 
0.307563 
0.311299 
0.251272 
0.282015 
0.284058 
0.311177 
0.284769 
0.311730 
0.322108 
0.295754 
0.242662 
0.253058 
0.233314 
0.201414 
0.309524 
0.264868 
0.241001 
0.275369 
0.256671 
0.215803 
0.237791 
0.273465 
0.278782 
0.262587 
0.245545 
0.276477 
0.296050 
0.246917 
0.264786 
0.217226 
0.293018 
0.320500 
0.286436 
0.268053 
0.250190 
0.267270 
0.289931 
0.230201 
0.274506 
0.243691 
0.283729 
0.270835 
0.307120 
0.231250 
0.121401 
0.254357 
0.226352 
0.252619 
0.278417 
0.285687 
0.286777 
0.215063 
0.232233 
0.277986 
0.324009 
0.294885 
0.270922 
0.245867 
0.252695 
0.213818 
0.226472 
0.257338 
0.326870 
0.262781 
0.259675 
0.287022 
0.262776 
0.249921 
0.272174 
0.266588 
0.218155 
0.252179 
0.272214 
0.246462 
0.260698 
0.301765 
0.254016 
0.305625 
0.274667 
0.320019 
0.281880 
0.288677 
0.288528 
0.245623 
0.244634 
0.213070 
0.238230 
0.203192 
0.255776 
0.215425 
0.260833 
0.272909 
0.292724 
0.282597 
0.265809 
0.281293 
0.227811 
0.244857 
0.202422 
0.254694 
0.266364 
0.318447 
0.266176 
0.269646 
0.290642 
0.265429 
0.207888 
0.241403 
0.245490 
0.291095 
0.231135 
0.250589 
0.265539 
0.290191 
0.304191 
0.283105 
0.231959 
0.242173 
0.247381 
0.299824 
0.275811 
0.254946 
0.270591 
0.278170 
0.273401 
0.271211 
0.273486 
0.268699 
0.237821 
0.228094 
0.220935 
0.256068 
0.309209 
0.297897 
0.318078 
0.307120 
0.301172 
0.256700 
0.254649 
0.284823 
0.255796 
0.213036 
0.233433 
0.279886 
0.256823 
0.257776 
0.257464 
0.254778 
0.217974 
0.230730 
0.286771 
0.267662 
0.302409 
0.326699 
0.246406 
0.261044 
0.250579 
0.278911 
0.257306 
0.281926 
0.250149 
0.243635 
0.301957 
0.312193 
0.248767 
0.246765 
0.267290 
0.320378 
0.311948 
0.256601 
0.311958 
0.298386 
0.299326 
0.266269 
0.276468 
0.266657 
0.281711 
0.241055 
0.285571 
0.266315 
0.270485 
0.292471 
0.273056 
0.296237 
0.217875 
0.284916 
0.299156 
0.278668 
0.227242 
0.198031 
0.200769 
0.240609 
0.286762 
0.269108 
0.258885 
0.248978 
0.179434 
0.236412 
0.246963 
0.229014 
0.270694 
0.265950 
0.246858 
0.273701 
0.303268 
0.304785 
0.278268 
0.249665 
0.304657 
0.227045 
0.273509 
0.303318 
0.284990 
0.231205 
0.224364 
0.214112 
0.261892 
0.232895 
0.252543 
0.249839 
0.269200 
0.236383 
0.254349 
0.274917 
0.268898 
0.297504 
0.237585 
0.269053 
0.246131 
0.315869 
0.310475 
0.358793 
0.178036 
0.310196 
0.281441 
0.291280 
0.260297 
0.200094 
0.238562 
0.262627 
0.238762 
0.246870 
0.265226 
0.249949 
0.243108 
0.288290 
0.292082 
0.315041 
0.248475 
0.242027 
0.243329 
0.220901 
0.221273 
0.257669 
0.256113 
0.298428 
0.222240 
0.210927 
0.249428 
0.308589 
0.282633 
0.310016 
0.237347 
0.244684 
0.218722 
0.267894 
0.260650 
0.232684 
0.183170 
0.259694 
0.236683 
0.222999 
0.286144 
0.288345 
0.325188 
0.327379 
0.297194 
0.296742 
0.301971 
0.244061 
0.209246 
0.244846 
0.225597 
0.268475 
0.329644 
0.264952 
0.245720 
0.308602 
0.212100 
0.288346 
0.252131 
0.265659 
0.317702 
0.261137 
0.251920 
0.262546 
0.240355 
0.250365 
0.244248 
0.195578 
0.218699 
0.259448 
0.271471 
0.222253 
0.218174 
0.272794 
0.279472 
0.242707 
0.287871 
0.256206 
0.245647 
0.222875 
0.248987 
0.230608 
0.236235 
0.289563 
0.270299 
0.304348 
0.293013 
0.263591 
0.236472 
0.246200 
0.244217 
0.272863 
0.262926 
0.268608 
0.262619 
0.320923 
0.281807 
0.308715 
0.311167 
0.253527 
0.270977 
0.207480 
0.233498 
0.231414 
0.220947 
0.285526 
0.265336 
0.251133 
0.307274 
0.293473 
0.246100 
0.261859 
0.246048 
0.267984 
0.298917 
0.286262 
0.261661 
0.264043 
0.270167 
0.269675 
0.302789 
0.240984 
0.225220 
0.262963 
0.276681 
0.255382 
0.298631 
0.274929 
0.253283 
0.283864 
0.282244 
0.258242 
0.311987 
0.248544 
0.262475 
0.240976 
0.275635 
0.259040 
0.257728 
0.252462 
0.281396 
0.268303 
0.255483 
0.242695 
0.280972 
0.295242 
0.302752 
0.230100 
0.244289 
0.245180 
0.270192 
0.262311 
0.226290 
0.285908 
0.260551 
0.255909 
0.266058 
0.276586 
0.309532 
0.283562 
0.310725 
0.258660 
0.272204 
0.221519 
0.251204 
0.289161 
0.294459 
0.284714 
0.281077 
0.277872 
0.266138 
0.208075 
0.291018 
0.262435 
0.228773 
0.215926 
0.285372 
0.172274 
0.228224 
0.267038 
0.272113 
0.220694 
0.237344 
0.254054 
0.201994 
0.247453 
0.296029 
0.305048 
0.313038 
0.267917 
0.243665 
0.277668 
0.276521 
0.281442 
0.269918 
0.290132 
0.289810 
0.263910 
0.290618 
0.265406 
0.247821 
0.233584 
0.243636 
0.194393 
0.234677 
0.268565 
0.245667 
0.310131 
0.294296 
0.191497 
0.191573 
0.240311 
0.216695 
0.242638 
0.239383 
0.229464 
0.225971 
0.220832 
0.236575 
0.253747 
0.240206 
0.209015 
0.281938 
0.261016 
0.262121 
0.305009 
0.291552 
0.240724 
0.253955 
0.289933 
0.272336 
0.274961 
0.294860 
0.292413 
0.283768 
0.284346 
0.286011 
0.275111 
0.286043 
0.287567 
0.271788 
0.314538 
0.258270 
0.294665 
0.297360 
0.257487 
0.304132 
0.274132 
0.295940 
0.336733 
0.286392 
0.304785 
0.300063 
0.303752 
0.288186 
0.271012 
0.256939 
0.229626 
0.228664 
0.227913 
0.258994 
0.237868 
0.292341 
0.267242 
0.234440 
0.262369 
0.278978 
0.301904 
0.270140 
0.265520 
0.268284 
0.300689 
0.254623 
0.259224 
0.231465 
0.309207 
0.299786 
0.280670 
0.251959 
0.232610 
0.230119 
0.241481 
0.265961 
0.284017 
0.281969 
0.310798 
0.298774 
0.266989 
0.283913 
0.285796 
0.266321 
0.249076 
0.230423 
0.243185 
0.259015 
0.268984 
0.235985 
0.287641 
0.290208 
0.285757 
0.231957 
0.255917 
0.257631 
0.232682 
0.256043 
0.259717 
0.264078 
0.286864 
0.311192 
0.252097 
0.279236 
0.302350 
0.286993 
0.287236 
0.299345 
0.271219 
0.252893 
0.326425 
0.283961 
0.295670 
0.273864 
0.293260 
0.304735 
0.335607 
0.237677 
0.265132 
0.289855 
0.311672 
0.267115 
0.226719 
0.228268 
0.259174 
0.289396 
0.295623 
0.284461 
0.246887 
0.175536 
0.261657 
0.278072 
0.258430 
0.244036 
0.261401 
0.255435 
0.266490 
0.241868 
0.262203 
0.229028 
0.230794 
0.271785 
0.305663 
0.333208 
0.249774 
0.233997 
0.260414 
0.294583 
0.295567 
0.310931 
0.306836 
0.295217 
0.285689 
0.293357 
0.249589 
0.261164 
0.249013 
0.281233 
0.276009 
0.276619 
0.262663 
0.289472 
0.278434 
0.253121 
0.214809 
0.228298 
0.241033 
0.256604 
0.283194 
0.264097 
0.288621 
0.303091 
0.269184 
0.258627 
0.252375 
0.290596 
0.303993 
0.269567 
0.262975 
0.282333 
0.264819 
0.241044 
0.279870 
0.259723 
0.277781 
0.261761 
0.273779 
0.294037 
0.287079 
0.318471 
0.310467 
0.285027 
0.239053 
0.244003 
0.317280 
0.349664 
0.300880 
0.314093 
0.265285 
0.193504 
0.289055 
0.226636 
0.287162 
0.243573 
0.263036 
0.292089 
0.228926 
0.256793 
0.299521 
0.278622 
0.281430 
0.258651 
0.255213 
0.217709 
0.179883 
0.269838 
0.276685 
0.302315 
0.264713 
0.243739 
0.299546 
0.250615 
0.246773 
0.315773 
0.317637 
0.302335 
0.186803 
0.235889 
0.237268 
0.256487 
0.247865 
0.315904 
0.301421 
0.302197 
0.263306 
0.278996 
0.263206 
0.252820 
0.287655 
0.297940 
0.250231 
0.266209 
0.250298 
0.240698 
0.277388 
0.217729 
0.285151 
0.287008 
0.284296 
0.265331 
0.297390 
0.316171 
0.342698 
0.283398 
0.290534 
0.255454 
0.273899 
0.252989 
0.258072 
0.234990 
0.280299 
0.267800 
0.285769 
0.228643 
0.289272 
0.303107 
0.306420 
0.289670 
0.281056 
0.290040 
0.251416 
0.255566 
0.155368 
0.229842 
0.236048 
0.280784 
0.257483 
0.315419 
0.252072 
0.279075 
0.285036 
0.266492 
0.267781 
0.228186 
0.263926 
0.284580 
0.294562 
0.283537 
0.251094 
0.251435 
0.253906 
0.259130 
0.281556 
0.314350 
0.309446 
0.306901 
0.222163 
0.259681 
0.224569 
0.266839 
0.254887 
0.264141 
0.251537 
0.275490 
0.279957 
0.268419 
0.296743 
0.227753 
0.274707 
0.260108 
0.287768 
0.213669 
0.230787 
0.261990 
0.209810 
0.290348 
0.261961 
0.296867 
0.285032 
0.283662 
0.294446 
0.250452 
0.248894 
0.287969 
0.237188 
0.260880 
0.227373 
0.251981 
0.202966 
0.239820 
0.253401 
0.246915 
0.263134 
0.232656 
0.209509 
0.244392 
0.212791 
0.234534 
0.229437 
0.199875 
0.264927 
0.248188 
0.254875 
0.214391 
0.271484 
0.253135 
0.227820 
0.207292 
0.272846 
0.318444 
0.296474 
0.281972 
0.309241 
0.304199 
0.287577 
0.255715 
0.259859 
0.313766 
0.285361 
0.289231 
0.291827 
0.252277 
0.264086 
0.246470 
0.270147 
0.272049 
0.251661 
0.289030 
0.301483 
0.274145 
0.325038 
0.290440 
0.300877 
0.243864 
0.321611 
0.264888 
0.252235 
0.287665 
0.338589 
0.283368 
0.246061 
0.268387 
0.247968 
0.240452 
0.300707 
0.287367 
0.230809 
0.279429 
0.268592 
0.296470 
0.271713 
0.247665 
0.267403 
0.305002 
0.294220 
0.310204 
0.282711 
0.282460 
0.304204 
0.238546 
0.234994 
0.257769 
0.271342 
0.276467 
0.280667 
0.270667 
0.291024 
0.313553 
0.277769 
0.273641 
0.242696 
0.274619 
0.259817 
0.284194 
0.283748 
0.265771 
0.291821 
0.290294 
0.284291 
0.268806 
0.282191 
0.227998 
0.259030 
0.253806 
0.248311 
0.271777 
0.270492 
0.295709 
0.330476 
0.221741 
0.288766 
0.256916 
0.290295 
0.279591 
0.216882 
0.269945 
0.247093 
0.287699 
0.271185 
0.297309 
0.250214 
0.236586 
0.224706 
0.266225 
0.251776 
0.243055 
0.320329 
0.264319 
0.267286 
0.255467 
0.330483 
0.243599 
0.284671 
0.314608 
0.302417 
0.307749 
0.306656 
0.312570 
0.276885 
0.274352 
0.241371 
0.242125 
0.229633 
0.176936 
0.210225 
0.238041 
0.216862 
0.217808 
0.256582 
0.272647 
0.240464 
0.268088 
0.291705 
0.247170 
0.248038 
0.287729 
0.256836 
0.268533 
0.239823 
0.264843 
0.269156 
0.237114 
0.284114 
0.291806 
0.268178 
0.259109 
0.289203 
0.288485 
0.266487 
0.267257 
0.188525 
0.252496 
0.288566 
0.302844 
0.286901 
0.309223 
0.271820 
0.292368 
0.271308 
0.255116 
0.201004 
0.186451 
0.242607 
0.279539 
0.297644 
0.290668 
0.247359 
0.259867 
0.177650 
0.226431 
0.271112 
0.261718 
0.270303 
0.250425 
0.215016 
0.284977 
0.275351 
0.290765 
0.250210 
0.257056 
0.253129 
0.286064 
0.255051 
0.207876 
0.218912 
0.218367 
0.287114 
0.239917 
0.293689 
0.299830 
0.250462 
0.293057 
0.281446 
0.313695 
0.263545 
0.317428 
0.233672 
0.270082 
0.291249 
0.271963 
0.261871 
0.239499 
0.294776 
0.291583 
0.232308 
0.296756 
0.267612 
0.274173 
0.247684 
0.263894 
0.294290 
0.248286 
0.270320 
0.300184 
0.212148 
0.240442 
0.218818 
0.254480 
0.208983 
0.243483 
0.284095 
0.229810 
0.237862 
0.306675 
0.289453 
0.336631 
0.305969 
0.316251 
0.236832 
0.223131 
0.244564 
0.302147 
0.245977 
0.259430 
0.272341 
0.243880 
0.214935 
0.237220 
0.273691 
0.225378 
0.273257 
0.201050 
0.234488 
0.190091 
0.238315 
0.268506 
0.290012 
0.232501 
0.269166 
0.239028 
0.289650 
0.278148 
0.297038 
0.283760 
0.254844 
0.244008 
0.255639 
0.265720 
0.263408 
0.301758 
0.246098 
0.289727 
0.269851 
0.273367 
0.256597 
0.268422 
0.288686 
0.291289 
0.271639 
0.254100 
0.275360 
0.240154 
0.222707 
0.248249 
0.260094 
0.280138 
0.242586 
0.273758 
0.252105 
0.267251 
0.261568 
0.264303 
0.273352 
0.222641 
0.252599 
0.302738 
0.255313 
0.292682 
0.318592 
0.299673 
0.285333 
0.246922 
0.318953 
0.279757 
0.281743 
0.263306 
0.238387 
0.265460 
0.269859 
0.236200 
0.298857 
0.283036 
0.239049 
0.227629 
0.230094 
0.282199 
0.310421 
0.290655 
0.283144 
0.226495 
0.236268 
0.240795 
0.332571 
0.286792 
0.242480 
0.254817 
0.250108 
0.288866 
0.274475 
0.264204 
0.243682 
0.294276 
0.193602 
0.189114 
0.218329 
0.228426 
0.296374 
0.250149 
0.255899 
0.263537 
0.307919 
0.258972 
0.222239 
0.265374 
0.271858 
0.271902 
0.290710 
0.277486 
0.255406 
0.226639 
0.236054 
0.284135 
0.301958 
0.291781 
0.273226 
0.277682 
0.221199 
0.235258 
0.265565 
0.302773 
0.325506 
0.285229 
0.296899 
0.295965 
0.212426 
0.242852 
0.265094 
0.258672 
0.294505 
0.262674 
0.212082 
0.219726 
0.255319 
0.296193 
0.232321 
0.227246 
0.209043 
0.246974 
0.262121 
0.212056 
0.211270 
0.271958 
0.300518 
0.304846 
0.304916 
0.270934 
0.310399 
0.247991 
0.256533 
0.287361 
0.227849 
0.235989 
0.295352 
0.264450 
0.264882 
0.260725 
0.295862 
0.269687 
0.261454 
0.287903 
0.217798 
0.257485 
0.294986 
0.244664 
0.245835 
0.253748 
0.270740 
0.287453 
0.299645 
0.245528 
0.219338 
0.227009 
0.255234 
0.310090 
0.292207 
0.274406 
0.255416 
0.231526 
0.259813 
0.263827 
0.262325 
0.276543 
0.292167 
0.300651 
0.305068 
0.281680 
0.234984 
0.286283 
0.303719 
0.269529 
0.265284 
0.260940 
0.280631 
0.209934 
0.256225 
0.293123 
0.247310 
0.279691 
0.262697 
0.216861 
0.252718 
0.272111 
0.209680 
0.224646 
0.235246 
0.261718 
0.284133 
0.283408 
0.276708 
0.257905 
0.244670 
0.245884 
0.234894 
0.301630 
0.233609 
0.255641 
0.238878 
0.234279 
0.259976 
0.283510 
0.241621 
0.258800 
0.247374 
0.237982 
0.196825 
0.237363 
0.284523 
0.285685 
0.293421 
0.265506 
0.311897 
0.284965 
0.262203 
0.222675 
0.225799 
0.270552 
0.263482 
0.220980 
0.272657 
0.258298 
0.290787 
0.248342 
0.250247 
0.221347 
0.246481 
0.229853 
0.269459 
0.241895 
0.257670 
0.247636 
0.299953 
0.251217 
0.276566 
0.294291 
0.285901 
0.268647 
0.266083 
0.289918 
0.313813 
0.253270 
0.285946 
0.239051 
0.213992 
0.224093 
0.259961 
0.243579 
0.264219 
0.292371 
0.308487 
0.276137 
0.272133 
0.256516 
0.256313 
0.245469 
0.281848 
0.277069 
0.285867 
0.241800 
0.262293 
0.253235 
0.230243 
0.227273 
0.238293 
0.261031 
0.207110 
0.205227 
0.260422 
0.274490 
0.315101 
0.232510 
0.270339 
0.291576 
0.233275 
0.242843 
0.247807 
0.227974 
0.223801 
0.242079 
0.206767 
0.267867 
0.231345 
0.250177 
0.264912 
0.226749 
0.212302 
0.262992 
0.244323 
0.238139 
0.248835 
0.289926 
0.218768 
0.218157 
0.249416 
0.275939 
0.283390 
0.285590 
0.248284 
0.257216 
0.237819 
0.231669 
0.258772 
0.292497 
0.271799 
0.262283 
0.301409 
0.262706 
0.258683 
0.262866 
0.263982 
0.221230 
0.251761 
0.267468 
0.236816 
0.246878 
0.262042 
0.272625 
0.250821 
0.306908 
0.275665 
0.285660 
0.309277 
0.258637 
0.295054 
0.292530 
0.286831 
0.299635 
0.316946 
0.284720 
0.327185 
0.323395 
0.265326 
0.176627 
0.276240 
0.310597 
0.245786 
0.227352 
0.231138 
0.275895 
0.282351 
0.302721 
0.299650 
0.258639 
0.249518 
0.272597 
0.305347 
0.260648 
0.257810 
0.276312 
0.288734 
0.272654 
0.298221 
0.266376 
0.271084 
0.254530 
0.280105 
0.311960 
0.282355 
0.242496 
0.231530 
0.232893 
0.230622 
0.232666 
0.264010 
0.260591 
0.274723 
0.232412 
0.243689 
0.292941 
0.273416 
0.254232 
0.236811 
0.290559 
0.232122 
0.267234 
0.252484 
0.239043 
0.229477 
0.213445 
0.193397 
0.232181 
0.256742 
0.261868 
0.249438 
0.246985 
0.252522 
0.229683 
0.310832 
0.279051 
0.224773 
0.236178 
0.237157 
0.192811 
0.208517 
0.278057 
0.311680 
0.310390 
0.297974 
0.326771 
0.287673 
0.291290 
0.318140 
0.288699 
0.266526 
0.215034 
0.244244 
0.263095 
0.255320 
0.208074 
0.287519 
0.217572 
0.228456 
0.258397 
0.275749 
0.275961 
0.282854 
0.258435 
0.289174 
0.250940 
0.223737 
0.233238 
0.254624 
0.229763 
0.224634 
0.273253 
0.283732 
0.286289 
0.253075 
0.248400 
0.256327 
0.268552 
0.268473 
0.244800 
0.244181 
0.255154 
0.272383 
0.321617 
0.284084 
0.277619 
0.295311 
0.294515 
0.270910 
0.279114 
0.278997 
0.269569 
0.287414 
0.288841 
0.273605 
0.285559 
0.255949 
0.232214 
0.187747 
0.258267 
0.273253 
0.243384 
0.327095 
0.231144 
0.260918 
0.241795 
0.251854 
0.236716 
0.218166 
0.201748 
0.260334 
0.271357 
0.238469 
0.262673 
0.282033 
0.244311 
0.298386 
0.293496 
0.256905 
0.312104 
0.297579 
0.258391 
0.272049 
0.305915 
0.295919 
0.237141 
0.248299 
0.239824 
0.231653 
0.236731 
0.250743 
0.276921 
0.290697 
0.287229 
0.260816 
0.250566 
0.276285 
0.263090 
0.228522 
0.259261 
0.227779 
0.269045 
0.276279 
0.310267 
0.331316 
0.268784 
0.189822 
0.278783 
0.248381 
0.304724 
0.241133 
0.267674 
0.200290 
0.191567 
0.219691 
0.232707 
0.228209 
0.214767 
0.336967 
0.246036 
0.232337 
0.238515 
0.221367 
0.214087 
0.266744 
0.353635 
0.331245 
0.336818 
0.229511 
0.254883 
0.297966 
0.283518 
0.268082 
0.253085 
0.295786 
0.301265 
0.274390 
0.308432 
0.272656 
0.212841 
0.261429 
0.282212 
0.284301 
0.291743 
0.295386 
0.251409 
0.283374 
0.273894 
0.230070 
0.278817 
0.251709 
0.232240 
0.225270 
0.217995 
0.259722 
0.247057 
0.198190 
0.241248 
0.249738 
0.284436 
0.277912 
0.293544 
0.282964 
0.312085 
0.272276 
0.258654 
0.258790 
0.244606 
0.265636 
0.303371 
0.304926 
0.326736 
0.315471 
0.307180 
0.298562 
0.294888 
0.288538 
0.295972 
0.260387 
0.286407 
0.241907 
0.228011 
0.245002 
0.257314 
0.226078 
0.223405 
0.223815 
0.263406 
0.334695 
0.275235 
0.273167 
0.253845 
0.210233 
0.279748 
0.265993 
0.269714 
0.309266 
0.310911 
0.216757 
0.259737 
0.313132 
0.276211 
0.290665 
0.272379 
0.321059 
0.302947 
0.285913 
0.277538 
0.276481 
0.285326 
0.298433 
0.294313 
0.248050 
0.279865 
0.268629 
0.270591 
0.256761 
0.256163 
0.285370 
0.301710 
0.311659 
0.265805 
0.284749 
0.221852 
0.286389 
0.333188 
0.279981 
0.268851 
0.275518 
0.275420 
0.312372 
0.257841 
0.316211 
0.281518 
0.218358 
0.305188 
0.277606 
0.311341 
0.321723 
0.266470 
0.311857 
0.293246 
0.300080 
0.235587 
0.259754 
0.277512 
0.278999 
0.238968 
0.250854 
0.215143 
0.238552 
0.264638 
0.246980 
0.280256 
0.290171 
0.291756 
0.264258 
0.267741 
0.289476 
0.242812 
0.221101 
0.256367 
0.284771 
0.278103 
0.300219 
0.286969 
0.267407 
0.258836 
0.275503 
0.275726 
0.290579 
0.251755 
0.270495 
0.251942 
0.270492 
0.251327 
0.237476 
0.219713 
0.267341 
0.248266 
0.202792 
0.249891 
0.240241 
0.243226 
0.233991 
0.298001 
0.281084 
0.239777 
0.219353 
0.252012 
0.274270 
0.272452 
0.286138 
0.235049 
0.275324 
0.281506 
0.243760 
0.286551 
0.268362 
0.243635 
0.223011 
0.240598 
0.257844 
0.329335 
0.226999 
0.271176 
0.288929 
0.260892 
0.279866 
0.276763 
0.289161 
0.274385 
0.271007 
0.275599 
0.221055 
0.256421 
0.270221 
0.279261 
0.265668 
0.289605 
0.282670 
0.281681 
0.294463 
0.267680 
0.282186 
0.275959 
0.275171 
0.266525 
0.271319 
0.254862 
0.305506 
0.313836 
0.268283 
0.277535 
0.270182 
0.261478 
0.270913 
0.228825 
0.296599 
0.267378 
0.292055 
0.255941 
0.231971 
0.255969 
0.272620 
0.265054 
0.219223 
0.254848 
0.266749 
0.279141 
0.259735 
0.237318 
0.233984 
0.243448 
0.254021 
0.222713 
0.259818 
0.254231 
0.284040 
0.214282 
0.197122 
0.265744 
0.311259 
0.317013 
0.282178 
0.292678 
0.281298 
0.317984 
0.253501 
0.300406 
0.256521 
0.282631 
0.221941 
0.250143 
0.270511 
0.191200 
0.262270 
0.223932 
0.259979 
0.262637 
0.272086 
0.195563 
0.226342 
0.239119 
0.274318 
0.332506 
0.287094 
0.256650 
0.288302 
0.277952 
0.311646 
0.257156 
0.261397 
0.290357 
0.285933 
0.264638 
0.317243 
0.316679 
0.279936 
0.224977 
0.219668 
0.257278 
0.311818 
0.282399 
0.293750 
0.312511 
0.264739 
0.266234 
0.303169 
0.304897 
0.231438 
0.227899 
0.236794 
0.234858 
0.241223 
0.201731 
0.236705 
0.270068 
0.316805 
0.281567 
0.267988 
0.292676 
0.225265 
0.242500 
0.247781 
0.262577 
0.285259 
0.278854 
0.274255 
0.248785 
0.244985 
0.202272 
0.226529 
0.246854 
0.264492 
0.265736 
0.281702 
0.271965 
0.274890 
0.260857 
0.213624 
0.227014 
0.313782 
0.270803 
0.269163 
0.259328 
0.287384 
0.239051 
0.246910 
0.247614 
0.286537 
0.212241 
0.262966 
0.319418 
0.219375 
0.230141 
0.304277 
0.280939 
0.235466 
0.252767 
0.240692 
0.273905 
0.281148 
0.297868 
0.270967 
0.280441 
0.245906 
0.273664 
0.236004 
0.261581 
0.230236 
0.261796 
0.289744 
0.229591 
0.280155 
0.267663 
0.270338 
0.342358 
0.314861 
0.259084 
0.288121 
0.292805 
0.276438 
0.284904 
0.237936 
0.255221 
0.255036 
0.257957 
0.281753 
0.256816 
0.300264 
0.261519 
0.225670 
0.226723 
0.262977 
0.258553 
0.235398 
0.263879 
0.283306 
0.338047 
0.293470 
0.282192 
0.264430 
0.253408 
0.224389 
0.207078 
0.263757 
0.305100 
0.253711 
0.236109 
0.242229 
0.287071 
0.234043 
0.260520 
0.217704 
0.246604 
0.248494 
0.261103 
0.224197 
0.305358 
0.266395 
0.229605 
0.233464 
0.331384 
0.281472 
0.282442 
0.285520 
0.254646 
0.294885 
0.280056 
0.298501 
0.213999 
0.283830 
0.206901 
0.245702 
0.262954 
0.256929 
0.228999 
0.264747 
0.278856 
0.234440 
0.270575 
0.300556 
0.295302 
0.265608 
0.258184 
0.266525 
0.305938 
0.276595 
0.269905 
0.245974 
0.294932 
0.281130 
0.236387 
0.244850 
0.200647 
0.319191 
0.266657 
0.233164 
0.290216 
0.288775 
0.279378 
0.253127 
0.225690 
0.254409 
0.282177 
0.275549 
0.289820 
0.252894 
0.300711 
0.304102 
0.195878 
0.261674 
0.278192 
0.232442 
0.227907 
0.212249 
0.288885 
0.284966 
0.297245 
0.267947 
0.244273 
0.323738 
0.272367 
0.325389 
0.293633 
0.298527 
0.312782 
0.313109 
0.291248 
0.317332 
0.310573 
0.260984 
0.207652 
0.277089 
0.284493 
0.287972 
0.254236 
0.257163 
0.304552 
0.270590 
0.285769 
0.273163 
0.280488 
0.278514 
0.257103 
0.252550 
0.261061 
0.255031 
0.222530 
0.261077 
0.282680 
0.295481 
0.312660 
0.272729 
0.257232 
0.278485 
0.241769 
0.226724 
0.247242 
0.287422 
0.224477 
0.262495 
0.266167 
0.294063 
0.198639 
0.242114 
0.191990 
0.202013 
0.241723 
0.242535 
0.248730 
0.272462 
0.276479 
0.213646 
0.305359 
0.278686 
0.306239 
0.285273 
0.286070 
0.274519 
0.265232 
0.275114 
0.245408 
0.262497 
0.283163 
0.263488 
0.226569 
0.259767 
0.256595 
0.202879 
0.251010 
0.264556 
0.232925 
0.279748 
0.264945 
0.297277 
0.286576 
0.283659 
0.263403 
0.215796 
0.232417 
0.237089 
0.235426 
0.277371 
0.260369 
0.279228 
0.239723 
0.241276 
0.331969 
0.310649 
0.356805 
0.304008 
0.267488 
0.255401 
0.301030 
0.260739 
0.188258 
0.281303 
0.286632 
0.267490 
0.262940 
0.261193 
0.205612 
0.216801 
0.275144 
0.257648 
0.297327 
0.269108 
0.295516 
0.279487 
0.234820 
0.327404 
0.218690 
0.249478 
0.267155 
0.267093 
0.298465 
0.252817 
0.273802 
0.257547 
0.242400 
0.266275 
0.262130 
0.233129 
0.196449 
0.228798 
0.229913 
0.296566 
0.300678 
0.281511 
0.265795 
0.252151 
0.231017 
0.276747 
0.294969 
0.281952 
0.238005 
0.286085 
0.295686 
0.300332 
0.303667 
0.273020 
0.258426 
0.264310 
0.237868 
0.263503 
0.253426 
0.239430 
0.231941 
0.243103 
0.243602 
0.269573 
0.274621 
0.238816 
0.271489 
0.279088 
0.249429 
0.266695 
0.273676 
0.275309 
0.276798 
0.285824 
0.276251 
0.289221 
0.295820 
0.257565 
0.292113 
0.225348 
0.248826 
0.251776 
0.268572 
0.288056 
0.258845 
0.218660 
0.215032 
0.259308 
0.300001 
0.283187 
0.210703 
0.247441 
0.271700 
0.257898 
0.278496 
0.227082 
0.304956 
0.276177 
0.308720 
0.258329 
0.299927 
0.299583 
0.260044 
0.270547 
0.286216 
0.259503 
0.262529 
0.316187 
0.249893 
0.254108 
0.257580 
0.225204 
0.188681 
0.279640 
0.254834 
0.251262 
0.238969 
0.294275 
0.271925 
0.299419 
0.292312 
0.254796 
0.245896 
0.259457 
0.261726 
0.208312 
0.233259 
0.271179 
0.191932 
0.241595 
0.280531 
0.246958 
0.276870 
0.277245 
0.302772 
0.270814 
0.204448 
0.232413 
0.300380 
0.324494 
0.255575 
0.221122 
0.224165 
0.260996 
0.237435 
0.281100 
0.286072 
0.310787 
0.235528 
0.270881 
0.244863 
0.300742 
0.297180 
0.273596 
0.316186 
0.279598 
0.268184 
0.264581 
0.282041 
0.315397 
0.319647 
0.312111 
0.262515 
0.233851 
0.265726 
0.239267 
0.265226 
0.268856 
0.225516 
0.279552 
0.298854 
0.278745 
0.329434 
0.318654 
0.298445 
0.303149 
0.294187 
0.297459 
0.238625 
0.303541 
0.255591 
0.225765 
0.282438 
0.287176 
0.288582 
0.268247 
0.269433 
0.290340 
0.257891 
0.199334 
0.234969 
0.288854 
0.291965 
0.329910 
0.291302 
0.281300 
0.290976 
0.293483 
0.257656 
0.294994 
0.279754 
0.208567 
0.235056 
0.199589 
0.257327 
0.278769 
0.248330 
0.278659 
0.240384 
0.275137 
0.291284 
0.296977 
0.294005 
0.234809 
0.197920 
0.231919 
0.219424 
0.254662 
0.238294 
0.195813 
0.237844 
0.255124 
0.244032 
0.240017 
0.228027 
0.284116 
0.270666 
0.273728 
0.265453 
0.259262 
0.266710 
0.267419 
0.290179 
0.306874 
0.213685 
0.261411 
0.231959 
0.283323 
0.271296 
0.280798 
0.291261 
0.261294 
0.295496 
0.272155 
0.236481 
0.230478 
0.264203 
0.250913 
0.253237 
0.231388 
0.226367 
0.241612 
0.249341 
0.260256 
0.280751 
0.293081 
0.260468 
0.242336 
0.252382 
0.240522 
0.258744 
0.261033 
0.287930 
0.285571 
0.296879 
0.279698 
0.223605 
0.246240 
0.250011 
0.268540 
0.267671 
0.280646 
0.276004 
0.272729 
0.301849 
0.286681 
0.294729 
0.263105 
0.237410 
0.272623 
0.223488 
0.213983 
0.220436 
0.292378 
0.321038 
0.238708 
0.231473 
0.266972 
0.210463 
0.234698 
0.237629 
0.275749 
0.225638 
0.295005 
0.250921 
0.292497 
0.236062 
0.251111 
0.185065 
0.280282 
0.220676 
0.240341 
0.241071 
0.263092 
0.183901 
0.241117 
0.248819 
0.252312 
0.262898 
0.282542 
0.258869 
0.298770 
0.292310 
0.249565 
0.277151 
0.285885 
0.277155 
0.239538 
0.279469 
0.230382 
0.259704 
0.256324 
0.265453 
0.250035 
0.245899 
0.248836 
0.222110 
0.275192 
0.238786 
0.254705 
0.259745 
0.304943 
0.335916 
0.263810 
0.242441 
0.240144 
0.246297 
0.305204 
0.286808 
0.229341 
0.246800 
0.239840 
0.275301 
0.309187 
0.222584 
0.270563 
0.281552 
0.340312 
0.233326 
0.247058 
0.288068 
0.294857 
0.222247 
0.262033 
0.230246 
0.262933 
0.271828 
0.235783 
0.243980 
0.290633 
0.302911 
0.278028 
0.278632 
0.259836 
0.247016 
0.211990 
0.223285 
0.287333 
0.261649 
0.269344 
0.279828 
0.270215 
0.279793 
0.307956 
0.295066 
0.243614 
0.352396 
0.273613 
0.265159 
0.282398 
0.246562 
0.292528 
0.262148 
0.237849 
0.237808 
0.301576 
0.270502 
0.257190 
0.282159 
0.278065 
0.283132 
0.277146 
0.284503 
0.299979 
0.270791 
0.227644 
0.253201 
0.300956 
0.264245 
0.260847 
0.247785 
0.187800 
0.210204 
0.270759 
0.249228 
0.264133 
0.237633 
0.290835 
0.237520 
0.274418 
0.279330 
0.193125 
0.278041 
0.273789 
0.267180 
0.220915 
0.209455 
0.244806 
0.302492 
0.305286 
0.245496 
0.234918 
0.191285 
0.256344 
0.240129 
0.225091 
0.216207 
0.297322 
0.318480 
0.274612 
0.314530 
0.306938 
0.294854 
0.241232 
0.302243 
0.266673 
0.253903 
0.239566 
0.282469 
0.316096 
0.271718 
0.322409 
0.304179 
0.242897 
0.249073 
0.289717 
0.283879 
0.242086 
0.276893 
0.270462 
0.235198 
0.236956 
0.310171 
0.304894 
0.265465 
0.263972 
0.267327 
0.288948 
0.292267 
0.230648 
0.275460 
0.264291 
0.247246 
0.285506 
0.225377 
0.215111 
0.254521 
0.260641 
0.278349 
0.228196 
0.248488 
0.261044 
0.250513 
0.286082 
0.277611 
0.271724 
0.276508 
0.264965 
0.291592 
0.278524 
0.230801 
0.302071 
0.254510 
0.293596 
0.279964 
0.304612 
0.330767 
0.292354 
0.332293 
0.275814 
0.245035 
0.234623 
0.260552 
0.229950 
0.231111 
0.239131 
0.248009 
0.264575 
0.308978 
0.253946 
0.275361 
0.254013 
0.281653 
0.302290 
0.296770 
0.265816 
0.255541 
0.296563 
0.246369 
0.250330 
0.229283 
0.279089 
0.258937 
0.272821 
0.302959 
0.294991 
0.278262 
0.249199 
0.235078 
0.297533 
0.277057 
0.270489 
0.264571 
0.247055 
0.250646 
0.163868 
0.240788 
0.255542 
0.264711 
0.274434 
0.249353 
0.266518 
0.239114 
0.316187 
0.313205 
0.249538 
0.223756 
0.265352 
0.220338 
0.269043 
0.246891 
0.262959 
0.203037 
0.232495 
0.244967 
0.244050 
0.278035 
0.267072 
0.324305 
0.274382 
0.271714 
0.265474 
0.257004 
0.280094 
0.283695 
0.264303 
0.281798 
0.295549 
0.299122 
0.259768 
0.230535 
0.200725 
0.267046 
0.301139 
0.297465 
0.248599 
0.187700 
0.205688 
0.252533 
0.224131 
0.219176 
0.214174 
0.288806 
0.307187 
0.280818 
0.276494 
0.345273 
0.247853 
0.257676 
0.266316 
0.286814 
0.280418 
0.320954 
0.252160 
0.244008 
0.278331 
0.251678 
0.245795 
0.234889 
0.228700 
0.169279 
0.201703 
0.256102 
0.315633 
0.272366 
0.301455 
0.244897 
0.293806 
0.269671 
0.260280 
0.293086 
0.289574 
0.249849 
0.242674 
0.287767 
0.233535 
0.267862 
0.223509 
0.257034 
0.260208 
0.305375 
0.244633 
0.218973 
0.208379 
0.199553 
0.216817 
0.276704 
0.279722 
0.263524 
0.298620 
0.290043 
0.251376 
0.251262 
0.252059 
0.244788 
0.233308 
0.268015 
0.259758 
0.264875 
0.334452 
0.250733 
0.199870 
0.215774 
0.216167 
0.259340 
0.305523 
0.315030 
0.266501 
0.245359 
0.262433 
0.226062 
0.296386 
0.247448 
0.232041 
0.234156 
0.240720 
0.240511 
0.231713 
0.235178 
0.216269 
0.242156 
0.276968 
0.255106 
0.256838 
0.302151 
0.320892 
0.290460 
0.315906 
0.246385 
0.244775 
0.255514 
0.266634 
0.312494 
0.257352 
0.273958 
0.252061 
0.225376 
0.281981 
0.220018 
0.276201 
0.302944 
0.249698 
0.261354 
0.291293 
0.287623 
0.269543 
0.271762 
0.288566 
0.243430 
0.275252 
0.310640 
0.274964 
0.298487 
0.284288 
0.258125 
0.305207 
0.342392 
0.301122 
0.294959 
0.324041 
0.268235 
0.227555 
0.267338 
0.273472 
0.271519 
0.303121 
0.284786 
0.247389 
0.268783 
0.227211 
0.329827 
0.284729 
0.267468 
0.291500 
0.235336 
0.256989 
0.266093 
0.277895 
0.271596 
0.296822 
0.286676 
0.280705 
0.276128 
0.301568 
0.287690 
0.263873 
0.247271 
0.297905 
0.285833 
0.271994 
0.298241 
0.294285 
0.305222 
0.212296 
0.232218 
0.247088 
0.266363 
0.281108 
0.289274 
0.293410 
0.284982 
0.298986 
0.305041 
0.290277 
0.251907 
0.293643 
0.258905 
0.269522 
0.232891 
0.289627 
0.286225 
0.277357 
0.282954 
0.291241 
0.261055 
0.258639 
0.302116 
0.227667 
0.296932 
0.233626 
0.253260 
0.246803 
0.210248 
0.245872 
0.255853 
0.293748 
0.304739 
0.228918 
0.226952 
0.264452 
0.273338 
0.265941 
0.286892 
0.286671 
0.250255 
0.260960 
0.264339 
0.271268 
0.221844 
0.234563 
0.273113 
0.282456 
0.235144 
0.252574 
0.267266 
0.250993 
0.265768 
0.292493 
0.245825 
0.306597 
0.249024 
0.267052 
0.273280 
0.265070 
0.272406 
0.248379 
0.244397 
0.247378 
0.253994 
0.286988 
0.245928 
0.225619 
0.268895 
0.285198 
0.292392 
0.200831 
0.267085 
0.272745 
0.279294 
0.303742 
0.257988 
0.239866 
0.289498 
0.256259 
0.263246 
0.328363 
0.280580 
0.307300 
0.329314 
0.282940 
0.287117 
0.271192 
0.235606 
0.281261 
0.286423 
0.235734 
0.286014 
0.246634 
0.277920 
0.292994 
0.320668 
0.283616 
0.286787 
0.263509 
0.235351 
0.312568 
0.318051 
0.249693 
0.232611 
0.232234 
0.163157 
0.233887 
0.262667 
0.284478 
0.294935 
0.243454 
0.213922 
0.322398 
0.280522 
0.294016 
0.206422 
0.186303 
0.272106 
0.258237 
0.277459 
0.311423 
0.274792 
0.248367 
0.292476 
0.272402 
0.266612 
0.279728 
0.270538 
0.255369 
0.247499 
0.241849 
0.248346 
0.290276 
0.308313 
0.257457 
0.254347 
0.221236 
0.231383 
0.231122 
0.262633 
0.259868 
0.240479 
0.304424 
0.301338 
0.291109 
0.311581 
0.306449 
0.285802 
0.307472 
0.272401 
0.209529 
0.287544 
0.299527 
0.327301 
0.270722 
0.309466 
0.278781 
0.282296 
0.260256 
0.320276 
0.294073 
0.309596 
0.296185 
0.283106 
0.287553 
0.262318 
0.267502 
0.297903 
0.259760 
0.268668 
0.252521 
0.251786 
0.282179 
0.262608 
0.246774 
0.204237 
0.169680 
0.259403 
0.239778 
0.236310 
0.265205 
0.270776 
0.287593 
0.300323 
0.267277 
0.234989 
0.256328 
0.255700 
0.259077 
0.320861 
0.285326 
0.272373 
0.286992 
0.272943 
0.226498 
0.274803 
0.240700 
0.264288 
0.288103 
0.305059 
0.311477 
0.255728 
0.279017 
0.239064 
0.273062 
0.279301 
0.302760 
0.261282 
0.239703 
0.220788 
0.178154 
0.258653 
0.241021 
0.269059 
0.272394 
0.225811 
0.250975 
0.258338 
0.247209 
0.258707 
0.267376 
0.258132 
0.249535 
0.257179 
0.226274 
0.250322 
0.259149 
0.283951 
0.240761 
0.240998 
0.253833 
0.276327 
0.222410 
0.271486 
0.274804 
0.283492 
0.279363 
0.253273 
0.292024 
0.275798 
0.279748 
0.299254 
0.224986 
0.259648 
0.232891 
0.248024 
0.241878 
0.291605 
0.269938 
0.274859 
0.240060 
0.299339 
0.260478 
0.271936 
0.247999 
0.274278 
0.265088 
0.297937 
0.274966 
0.272565 
0.295813 
0.306710 
0.286665 
0.296545 
0.266984 
0.210959 
0.214242 
0.260428 
0.224720 
0.248513 
0.274441 
0.262826 
0.243108 
0.266200 
0.242568 
0.271721 
0.268299 
0.243778 
0.245098 
0.292781 
0.192858 
0.232245 
0.266585 
0.275910 
0.269269 
0.273307 
0.287191 
0.246959 
0.242173 
0.291007 
0.258370 
0.297862 
0.252279 
0.259656 
0.233561 
0.271591 
0.245974 
0.260205 
0.228534 
0.255935 
0.272680 
0.247645 
0.214464 
0.208418 
0.262578 
0.304108 
0.267280 
0.221674 
0.272322 
0.300069 
0.266545 
0.220521 
0.276232 
0.288320 
0.285111 
0.279472 
0.249077 
0.312108 
0.274879 
0.291611 
0.328304 
0.279108 
0.260956 
0.267936 
0.267371 
0.262965 
0.258419 
0.254849 
0.296775 
0.289418 
0.297705 
0.267416 
0.279672 
0.220275 
0.226197 
0.196661 
0.280376 
0.215937 
0.225735 
0.289325 
0.235178 
0.282954 
0.258333 
0.265638 
0.233358 
0.231377 
0.289454 
0.319881 
0.305794 
0.300777 
0.259702 
0.301197 
0.313472 
0.293656 
0.330170 
0.288171 
0.284473 
0.308543 
0.268399 
0.231291 
0.235266 
0.237879 
0.242645 
0.258839 
0.319702 
0.271034 
0.249753 
0.289446 
0.253091 
0.244710 
0.228978 
0.245220 
0.269433 
0.308359 
0.270394 
0.264834 
0.304821 
0.274541 
0.229980 
0.235668 
0.244235 
0.180767 
0.254092 
0.303772 
0.262857 
0.263048 
0.263796 
0.260573 
0.290561 
0.274795 
0.249181 
0.260566 
0.317796 
0.281220 
0.237149 
0.211647 
0.285851 
0.299312 
0.281456 
0.269879 
0.306899 
0.307177 
0.317621 
0.278534 
0.272181 
0.304970 
0.259511 
0.230442 
0.203992 
0.242160 
0.267478 
0.211904 
0.269906 
0.263544 
0.279785 
0.264690 
0.317536 
0.334851 
0.275620 
0.288573 
0.331731 
0.286140 
0.263524 
0.265391 
0.268211 
0.298445 
0.292033 
0.224871 
0.272112 
0.231571 
0.240309 
0.276175 
0.288834 
0.245599 
0.243170 
0.277006 
0.308056 
0.279030 
0.257222 
0.227093 
0.237372 
0.283800 
0.307366 
0.309998 
0.292583 
0.265178 
0.231722 
0.267255 
0.268531 
0.209636 
0.222135 
0.237854 
0.254755 
0.227615 
0.266448 
0.266003 
0.315674 
0.289534 
0.291050 
0.273787 
0.320292 
0.328194 
0.322878 
0.275250 
0.281075 
0.282139 
0.250893 
0.219890 
0.239752 
0.264583 
0.257840 
0.277544 
0.284573 
0.291180 
0.247290 
0.229184 
0.223640 
0.221205 
0.308272 
0.209854 
0.269845 
0.240850 
0.270361 
0.271572 
0.277725 
0.296733 
0.239999 
0.222113 
0.308639 
0.250381 
0.258726 
0.269890 
0.270558 
0.292106 
0.254092 
0.270588 
0.281717 
0.301616 
0.297397 
0.226457 
0.302275 
0.287013 
0.282590 
0.309625 
0.318185 
0.265494 
0.314980 
0.261528 
0.251125 
0.281901 
0.252616 
0.250755 
0.254820 
0.284518 
0.243824 
0.233636 
0.225644 
0.260761 
0.270139 
0.270269 
0.247768 
0.255819 
0.277561 
0.273573 
0.264111 
0.258029 
0.288109 
0.331867 
0.270085 
0.264598 
0.264963 
0.263531 
0.276076 
0.250984 
0.255416 
0.263830 
0.258687 
0.239044 
0.219538 
0.251339 
0.240522 
0.255234 
0.276966 
0.255055 
0.266711 
0.285717 
0.268535 
0.266542 
0.287873 
0.272593 
0.239457 
0.305802 
0.250669 
0.224519 
0.292301 
0.242588 
0.282240 
0.266564 
0.280680 
0.294820 
0.277384 
0.263731 
0.271240 
0.250064 
0.241020 
0.291905 
0.267716 
0.311627 
0.312906 
0.297867 
0.259618 
0.300779 
0.281866 
0.268989 
0.257122 
0.273734 
0.288546 
0.249512 
0.294160 
0.246754 
0.209443 
0.236924 
0.275824 
0.269108 
0.283945 
0.322829 
0.284685 
0.309009 
0.284076 
0.242156 
0.269760 
0.232180 
0.291423 
0.216869 
0.244336 
0.268207 
0.279451 
0.273798 
0.249115 
0.297733 
0.258085 
0.279614 
0.266416 
0.305610 
0.214265 
0.218319 
0.239565 
0.267671 
0.268111 
0.268868 
0.250733 
0.228257 
0.312485 
0.246809 
0.284264 
0.224194 
0.242370 
0.253213 
0.255542 
0.256919 
0.250697 
0.224613 
0.280753 
0.244133 
0.275630 
0.293856 
0.276834 
0.303373 
0.232019 
0.255329 
0.273607 
0.296687 
0.313240 
0.284571 
0.310491 
0.276994 
0.272673 
0.241013 
0.269630 
0.303548 
0.302231 
0.306997 
0.284640 
0.268666 
0.289347 
0.276689 
0.248963 
0.243760 
0.274913 
0.315671 
0.273128 
0.295343 
0.235032 
0.230954 
0.255004 
0.273739 
0.282905 
0.262970 
0.279413 
0.262809 
0.269131 
0.252864 
0.265753 
0.223264 
0.260096 
0.239035 
0.263589 
0.298669 
0.283050 
0.240030 
0.235920 
0.226191 
0.262922 
0.278074 
0.239449 
0.305344 
0.273420 
0.257709 
0.330391 
0.295567 
0.316537 
0.315147 
0.266938 
0.260394 
0.274621 
0.296686 
0.283555 
0.271138 
0.285319 
0.267946 
0.264583 
0.232242 
0.296783 
0.279283 
0.288429 
0.287923 
0.282740 
0.260808 
0.298613 
0.242136 
0.274079 
0.257441 
0.270991 
0.273201 
0.332582 
0.312336 
0.231578 
0.277668 
0.302669 
0.221622 
0.228722 
0.236791 
0.264170 
0.310165 
0.245291 
0.251198 
0.256516 
0.285476 
0.299281 
0.266253 
0.271183 
0.297001 
0.308983 
0.322986 
0.284279 
0.220534 
0.271986 
0.240489 
0.180989 
0.253831 
0.235863 
0.264564 
0.298245 
0.304393 
0.314004 
0.271003 
0.290894 
0.248939 
0.235287 
0.225435 
0.229166 
0.220274 
0.214875 
0.313326 
0.318122 
0.306092 
0.294900 
0.238986 
0.221406 
0.191804 
0.225000 
0.248263 
0.235605 
0.229573 
0.253225 
0.260480 
0.234667 
0.275683 
0.256478 
0.276935 
0.298248 
0.281294 
0.302543 
0.268581 
0.288443 
0.319876 
0.292364 
0.307058 
0.337126 
0.274190 
0.251994 
0.293756 
0.242134 
0.229176 
0.266632 
0.278034 
0.326688 
0.257403 
0.321449 
0.296217 
0.275478 
0.287835 
0.294745 
0.280439 
0.281423 
0.270754 
0.242805 
0.268676 
0.225741 
0.204172 
0.246157 
0.266535 
0.278060 
0.246129 
0.245027 
0.269609 
0.286102 
0.248446 
0.262123 
0.267260 
0.270851 
0.250310 
0.279916 
0.264598 
0.251150 
0.264828 
0.270407 
0.300134 
0.247848 
0.252588 
0.261126 
0.253908 
0.274878 
0.319674 
0.251745 
0.261259 
0.267500 
0.279415 
0.209501 
0.271585 
0.206881 
0.282439 
0.281793 
0.272314 
0.247140 
0.289763 
0.242230 
0.306690 
0.283131 
0.299914 
0.282997 
0.276739 
0.305856 
0.265200 
0.303851 
0.290585 
0.236765 
0.238912 
0.245401 
0.243196 
0.272332 
0.241190 
0.220251 
0.294368 
0.285951 
0.272106 
0.269760 
0.287377 
0.276466 
0.274071 
0.281181 
0.260051 
0.256428 
0.271957 
0.337820 
0.290134 
0.282551 
0.250760 
0.254618 
0.298967 
0.287794 
0.295550 
0.286952 
0.285784 
0.265036 
0.267594 
0.298490 
0.296054 
0.272868 
0.268662 
0.272731 
0.236097 
0.265299 
0.288532 
0.306931 
0.252311 
0.280694 
0.298897 
0.301499 
0.251714 
0.274252 
0.216756 
0.231261 
0.273857 
0.287210 
0.297938 
0.229336 
0.280378 
0.277637 
0.251252 
0.287822 
0.290669 
0.264002 
0.353689 
0.284425 
0.252393 
0.290895 
0.293627 
0.281389 
0.268662 
0.253411 
0.338784 
0.227642 
0.230999 
0.261560 
0.260299 
0.227287 
0.253974 
0.277005 
0.251026 
0.287701 
0.269951 
0.302189 
0.229921 
0.234838 
0.266895 
0.244784 
0.230376 
0.278850 
0.236614 
0.247825 
0.255233 
0.289384 
0.274041 
0.242332 
0.188395 
0.227327 
0.235462 
0.298483 
0.254815 
0.240482 
0.217610 
0.267270 
0.266052 
0.256700 
0.239702 
0.207553 
0.283453 
0.261438 
0.280140 
0.254672 
0.241595 
0.252417 
0.261889 
0.230602 
0.221368 
0.288553 
0.236741 
0.264534 
0.287817 
0.260863 
0.296150 
0.248063 
0.323166 
0.259132 
0.299266 
0.274380 
0.298554 
0.296287 
0.272752 
0.255918 
0.242519 
0.271548 
0.243972 
0.276709 
0.233647 
0.325633 
0.279519 
0.269381 
0.305654 
0.277958 
0.269594 
0.262978 
0.274031 
0.284985 
0.286110 
0.267938 
0.284847 
0.249293 
0.319255 
0.313300 
0.249532 
0.205872 
0.192978 
0.217673 
0.236770 
0.237213 
0.231332 
0.229032 
0.266490 
0.295423 
0.233921 
0.246196 
0.238306 
0.273105 
0.210327 
0.238126 
0.186574 
0.237218 
0.282026 
0.258982 
0.317613 
0.276144 
0.308279 
0.267437 
0.312769 
0.289542 
0.262437 
0.239704 
0.248979 
