3.115269 
3.136925 
3.085649 
3.052276 
3.092747 
3.072313 
3.093917 
3.108024 
3.082112 
3.132400 
3.107660 
3.131485 
3.138122 
3.130169 
3.133532 
3.131432 
3.127265 
3.129722 
3.108337 
3.112905 
3.161443 
3.093029 
3.087048 
3.139091 
3.098112 
3.130806 
3.111617 
3.099981 
3.076344 
3.139525 
3.107753 
3.131964 
3.121799 
3.108490 
3.096506 
3.150073 
3.112350 
3.126310 
3.062135 
3.129072 
3.102315 
3.124984 
3.067238 
3.153192 
3.076726 
3.143229 
3.105254 
3.098440 
3.093188 
3.080941 
3.138903 
3.131326 
3.139722 
3.143443 
3.108069 
3.169439 
3.108252 
3.140468 
3.119109 
3.105701 
3.098769 
3.104071 
3.073330 
3.126550 
3.154532 
3.094285 
3.091289 
3.170866 
3.091631 
3.124020 
3.106164 
3.113305 
3.124313 
3.137887 
3.065425 
3.098542 
3.087816 
3.114869 
3.113369 
3.116162 
3.073981 
3.060499 
3.116164 
3.116383 
3.133460 
3.072719 
3.084573 
3.085731 
3.128416 
3.103876 
3.098887 
3.079197 
3.066618 
3.104587 
3.087656 
3.084883 
3.114139 
3.099950 
3.127698 
3.097248 
3.102600 
3.102341 
3.083664 
3.143249 
3.121099 
3.094782 
3.057467 
3.085589 
3.129143 
3.123122 
3.102588 
3.147222 
3.139570 
3.100431 
3.133288 
3.153837 
3.138147 
3.113504 
3.118404 
3.112667 
3.121410 
3.130165 
3.116118 
3.136608 
3.098156 
3.128296 
3.096856 
3.146122 
3.101629 
3.097498 
3.117907 
3.087063 
3.117819 
3.075507 
3.042168 
3.082864 
3.148106 
3.093079 
3.064619 
3.091758 
3.138889 
3.119195 
3.140974 
3.147789 
3.090881 
3.093204 
3.109433 
3.100001 
3.131308 
3.130137 
3.095971 
3.104110 
3.074663 
3.080683 
3.141209 
3.123563 
3.109316 
3.128906 
3.114358 
3.146969 
3.114269 
3.146496 
3.107624 
3.105361 
3.128642 
3.092208 
3.106375 
3.108534 
3.110972 
3.120752 
3.085112 
3.126452 
3.120770 
3.128741 
3.100214 
3.143902 
3.103287 
3.144221 
3.123610 
3.105497 
3.107870 
3.120410 
3.142784 
3.141079 
3.127220 
3.155558 
3.132234 
3.094571 
3.104202 
3.108536 
3.122833 
3.139620 
3.107523 
3.090480 
3.119733 
3.152132 
3.122696 
3.106845 
3.090887 
3.108535 
3.084894 
3.117304 
3.124337 
3.072395 
3.133591 
3.098446 
3.061614 
3.088217 
3.121224 
3.116008 
3.080672 
3.121564 
3.106162 
3.105875 
3.084961 
3.109117 
3.082053 
3.103489 
3.089840 
3.099736 
3.089990 
3.109271 
3.116641 
3.094981 
3.113032 
3.110574 
3.127560 
3.126108 
3.133334 
3.158353 
3.113342 
3.141901 
3.131827 
3.121963 
3.079647 
3.114228 
3.097144 
3.113551 
3.135563 
3.119352 
3.087838 
3.073458 
3.104104 
3.130922 
3.125273 
3.136211 
3.131751 
3.098371 
3.108430 
3.097092 
3.073359 
3.142781 
3.162317 
3.140892 
3.118582 
3.120219 
3.109228 
3.153743 
3.144392 
3.145126 
3.096289 
3.096725 
3.116163 
3.141367 
3.086883 
3.097346 
3.077947 
3.138558 
3.103826 
3.103634 
3.098685 
3.084093 
3.062136 
3.083979 
3.099527 
3.110024 
3.120352 
3.079220 
3.113201 
3.084459 
3.080589 
3.051746 
3.106639 
3.124044 
3.095688 
3.112819 
3.127766 
3.116171 
3.137395 
3.080098 
3.058630 
3.107458 
3.127259 
3.126859 
3.108973 
3.084425 
3.046787 
3.067360 
3.099346 
3.118139 
3.153540 
3.086395 
3.113734 
3.111776 
3.112761 
3.117800 
3.134728 
3.075473 
3.149811 
3.153274 
3.138521 
3.116137 
3.074285 
3.111656 
3.135912 
3.121984 
3.193059 
3.154440 
3.154122 
3.109298 
3.128351 
3.104289 
3.127352 
3.123591 
3.097551 
3.149018 
3.127401 
3.146976 
3.179522 
3.063101 
3.124466 
3.118580 
3.134300 
3.095539 
3.085285 
3.132300 
3.127532 
3.118188 
3.140594 
3.117180 
3.159228 
3.137960 
3.121141 
3.098929 
3.116724 
3.146647 
3.160404 
3.152300 
3.182713 
3.119998 
3.122877 
3.161888 
3.097127 
3.148082 
3.094808 
3.077300 
3.074017 
3.088205 
3.093098 
3.136518 
3.129657 
3.092076 
3.095289 
3.113816 
3.132545 
3.089538 
3.149309 
3.093904 
3.078328 
3.112722 
3.129450 
3.122858 
3.087007 
3.109126 
3.089164 
3.114286 
3.087247 
3.114725 
3.140185 
3.110169 
3.060816 
3.123965 
3.109919 
3.151479 
3.167107 
3.141017 
3.121467 
3.133912 
3.117752 
3.162030 
3.153129 
3.149398 
3.101084 
3.087355 
3.114920 
3.088781 
3.094615 
3.129283 
3.142516 
3.131672 
3.173642 
3.097799 
3.117782 
3.095755 
3.101637 
3.120904 
3.079968 
3.090465 
3.121577 
3.125331 
3.119278 
3.159763 
3.156669 
3.097271 
3.099728 
3.075377 
3.068618 
3.135463 
3.137934 
3.130185 
3.125758 
3.127516 
3.141831 
3.171338 
3.124213 
3.148898 
3.155223 
3.126921 
3.134170 
3.116547 
3.122422 
3.098737 
3.130449 
3.128482 
3.065633 
3.125739 
3.132455 
3.120348 
3.098875 
3.092499 
3.112806 
3.109815 
3.122174 
3.112335 
3.135340 
3.106214 
3.126913 
3.080953 
3.140011 
3.119759 
3.131924 
3.139025 
3.133231 
3.105268 
3.067031 
3.149453 
3.125245 
3.143323 
3.162216 
3.137590 
3.170296 
3.121221 
3.146935 
3.150881 
3.118521 
3.115443 
3.159252 
3.116174 
3.118752 
3.173538 
3.141330 
3.088094 
3.157456 
3.128529 
3.106707 
3.103682 
3.092765 
3.094877 
3.090955 
3.116474 
3.155530 
3.134451 
3.155175 
3.112723 
3.150793 
3.158616 
3.111756 
3.125635 
3.152364 
3.120850 
3.085888 
3.108486 
3.125804 
3.085093 
3.099007 
3.105319 
3.107259 
3.117043 
3.128983 
3.135455 
3.034339 
3.078218 
3.098265 
3.127083 
3.158549 
3.122685 
3.067650 
3.140127 
3.128873 
3.101166 
3.122075 
3.107251 
3.105439 
3.095528 
3.132723 
3.136652 
3.086960 
3.098201 
3.140236 
3.118381 
3.132267 
3.113429 
3.138165 
3.130136 
3.072673 
3.079803 
3.084326 
3.110310 
3.146132 
3.162442 
3.105494 
3.076082 
3.128012 
3.117311 
3.123275 
3.107049 
3.069098 
3.104991 
3.123694 
3.129735 
3.127327 
3.071669 
3.086238 
3.096550 
3.133034 
3.039515 
3.125428 
3.101155 
3.098176 
3.080082 
3.111937 
3.135673 
3.143303 
3.179637 
3.178380 
3.150198 
3.125400 
3.135048 
3.111072 
3.136640 
3.126166 
3.139945 
3.133674 
3.121178 
3.132574 
3.116602 
3.115695 
3.088486 
3.089246 
3.073831 
3.081405 
3.121787 
3.152819 
3.113138 
3.128255 
3.089317 
3.107611 
3.170414 
3.133173 
3.109259 
3.172648 
3.151726 
3.145412 
3.162436 
3.154146 
3.111580 
3.093361 
3.058755 
3.114998 
3.118690 
3.082165 
3.089712 
3.105210 
3.082162 
3.102296 
3.078195 
3.065423 
3.068059 
3.142785 
3.113061 
3.102559 
3.100306 
3.100669 
3.131072 
3.109921 
3.109173 
3.169521 
3.132409 
3.113156 
3.075355 
3.155172 
3.159762 
3.117761 
3.127745 
3.141025 
3.126360 
3.092984 
3.120786 
3.118342 
3.174715 
3.118930 
3.103392 
3.166297 
3.110370 
3.097803 
3.101642 
3.155050 
3.142593 
3.121780 
3.128890 
3.107823 
3.110297 
3.097401 
3.069330 
3.099430 
3.085812 
3.141605 
3.105012 
3.111634 
3.125898 
3.130189 
3.141443 
3.106831 
3.105770 
3.103592 
3.152638 
3.172329 
3.125863 
3.118527 
3.126340 
3.136799 
3.123524 
3.161748 
3.103482 
3.093187 
3.147261 
3.130721 
3.118664 
3.145859 
3.164910 
3.108601 
3.156419 
3.110062 
3.135349 
3.137886 
3.100294 
3.085177 
3.118456 
3.112450 
3.145845 
3.140301 
3.143322 
3.108171 
3.096926 
3.145860 
3.105362 
3.102086 
3.096336 
3.116426 
3.110028 
3.109516 
3.124041 
3.135241 
3.136603 
3.114470 
3.131023 
3.107462 
3.120132 
3.098882 
3.121983 
3.132313 
3.104871 
3.112051 
3.128606 
3.102143 
3.121407 
3.097807 
3.125526 
3.154000 
3.106072 
3.105111 
3.099245 
3.083417 
3.123656 
3.070109 
3.119759 
3.163954 
3.149073 
3.135715 
3.125127 
3.150947 
3.104501 
3.068489 
3.105499 
3.099843 
3.137791 
3.113647 
3.102508 
3.090776 
3.108576 
3.097144 
3.084570 
3.124073 
3.133224 
3.120188 
3.129521 
3.128411 
3.167372 
3.097450 
3.095525 
3.095215 
3.117640 
3.139012 
3.150596 
3.122176 
3.138932 
3.137535 
3.099583 
3.113853 
3.158239 
3.101354 
3.115312 
3.161562 
3.153195 
3.117299 
3.126391 
3.105601 
3.106662 
3.145488 
3.109828 
3.119185 
3.143840 
3.128993 
3.095920 
3.049422 
3.062322 
3.090164 
3.087495 
3.113392 
3.041579 
3.117102 
3.088441 
3.145031 
3.116625 
3.115035 
3.108419 
3.099202 
3.128083 
3.167377 
3.094117 
3.136545 
3.090650 
3.109602 
3.117685 
3.095490 
3.101166 
3.096931 
3.071461 
3.118806 
3.139986 
3.142610 
3.117846 
3.176812 
3.144578 
3.088170 
3.079593 
3.109080 
3.098873 
3.095325 
3.098166 
3.142878 
3.133400 
3.111649 
3.130872 
3.139647 
3.191776 
3.122391 
3.116565 
3.093077 
3.150818 
3.117768 
3.100955 
3.155134 
3.068296 
3.096489 
3.073909 
3.118254 
3.105400 
3.111879 
3.131390 
3.128465 
3.161133 
3.166041 
3.164597 
3.140065 
3.087769 
3.078124 
3.112352 
3.099380 
3.121455 
3.154381 
3.133725 
3.131098 
3.115418 
3.110037 
3.144543 
3.135335 
3.086557 
3.127208 
3.118031 
3.132178 
3.103328 
3.056387 
3.090474 
3.086730 
3.122288 
3.145600 
3.146425 
3.149406 
3.122851 
3.098558 
3.105470 
3.107993 
3.083374 
3.104337 
3.078091 
3.093420 
3.151787 
3.119388 
3.138242 
3.117545 
3.091352 
3.112240 
3.070362 
3.074028 
3.119727 
3.139225 
3.144240 
3.136893 
3.089403 
3.142963 
3.102376 
3.087417 
3.118276 
3.109854 
3.135553 
3.098068 
3.140938 
3.177453 
3.157110 
3.144184 
3.116720 
3.150269 
3.107774 
3.113906 
3.140934 
3.145712 
3.122834 
3.067716 
3.076372 
3.073524 
3.053181 
3.069211 
3.103385 
3.128782 
3.132104 
3.091488 
3.125125 
3.163795 
3.114431 
3.053559 
3.046915 
3.097347 
3.113926 
3.091394 
3.080514 
3.086329 
3.114801 
3.094179 
3.139220 
3.085257 
3.114642 
3.118572 
3.102090 
3.108410 
3.147606 
3.159986 
3.149164 
3.153650 
3.155157 
3.114278 
3.098096 
3.133825 
3.143938 
3.173443 
3.145046 
3.123226 
3.098112 
3.097702 
3.082020 
3.074264 
3.106693 
3.096148 
3.078044 
3.105984 
3.031508 
3.115234 
3.125403 
3.096892 
3.119755 
3.055553 
3.126311 
3.130254 
3.128900 
3.083850 
3.132260 
3.108200 
3.112551 
3.101130 
3.131171 
3.104286 
3.125792 
3.085533 
3.112344 
3.128094 
3.142873 
3.120534 
3.119251 
3.079235 
3.118613 
3.119177 
3.113430 
3.111926 
3.120463 
3.097186 
3.091519 
3.088749 
3.151431 
3.137523 
3.137628 
3.113191 
3.112943 
3.100814 
3.094985 
3.104567 
3.149871 
3.106066 
3.093726 
3.152599 
3.104760 
3.108928 
3.066916 
3.140714 
3.149343 
3.115384 
3.088611 
3.096115 
3.098662 
3.102017 
3.130115 
3.093453 
3.078977 
3.065585 
3.094964 
3.108843 
3.098424 
3.057706 
3.127143 
3.141980 
3.152559 
3.079816 
3.106445 
3.067315 
3.133207 
3.091135 
3.095428 
3.104945 
3.146466 
3.134180 
3.111734 
3.108281 
3.133729 
3.111913 
3.120263 
3.102802 
3.060204 
3.072222 
3.091427 
3.182433 
3.165870 
3.088574 
3.072700 
3.110472 
3.110182 
3.129077 
3.128787 
3.154774 
3.127159 
3.169342 
3.147169 
3.125099 
3.062739 
3.055076 
3.070409 
3.131527 
3.110366 
3.117786 
3.109163 
3.174477 
3.171955 
3.106662 
3.128140 
3.136333 
3.133738 
3.124011 
3.109641 
3.159650 
3.129868 
3.104650 
3.110314 
3.149270 
3.115263 
3.101443 
3.094542 
3.098824 
3.144590 
3.159204 
3.130995 
3.134452 
3.133846 
3.097312 
3.077331 
3.102155 
3.116363 
3.101307 
3.067848 
3.145115 
3.090043 
3.082408 
3.122550 
3.124598 
3.142680 
3.143284 
3.160724 
3.157919 
3.139886 
3.082510 
3.088843 
3.093824 
3.127552 
3.073886 
3.106113 
3.085296 
3.075334 
3.161874 
3.121500 
3.138792 
3.139819 
3.094675 
3.063115 
3.077390 
3.059456 
3.086691 
3.097359 
3.094729 
3.077020 
3.110525 
3.093137 
3.102975 
3.082251 
3.104210 
3.128555 
3.112778 
3.112930 
3.099569 
3.091807 
3.120423 
3.097636 
3.091693 
3.046702 
3.121397 
3.095124 
3.073667 
3.103002 
3.113119 
3.121679 
3.059629 
3.100187 
3.068294 
3.115341 
3.104069 
3.100783 
3.111917 
3.144954 
3.098113 
3.072563 
3.091204 
3.089474 
3.159858 
3.128546 
3.109421 
3.113430 
3.121184 
3.078273 
3.096449 
3.114728 
3.130479 
3.091818 
3.079311 
3.111852 
3.121250 
3.100900 
3.083750 
3.088927 
3.103909 
3.064088 
3.066301 
3.084412 
3.130892 
3.109010 
3.112333 
3.091413 
3.064173 
3.120175 
3.096643 
3.089145 
3.113071 
3.129411 
3.099405 
3.103193 
3.039899 
3.119002 
3.082638 
3.136148 
3.108335 
3.107982 
3.116828 
3.135708 
3.127303 
3.085486 
3.079270 
3.089787 
3.066303 
3.109419 
3.059423 
3.049669 
3.050229 
3.015574 
3.085534 
3.041330 
3.099317 
3.095238 
3.082274 
3.124753 
3.082698 
3.136833 
3.098123 
3.085034 
3.131510 
3.141902 
3.148502 
3.104139 
3.084035 
3.073226 
3.141228 
3.066371 
3.136729 
3.158911 
3.136450 
3.137528 
3.136534 
3.118729 
3.114916 
3.115648 
3.074979 
3.107558 
3.084355 
3.110098 
3.101626 
3.087797 
3.163022 
3.141106 
3.161631 
3.133332 
3.123742 
3.143135 
3.058323 
3.064262 
3.111811 
3.097974 
3.084110 
3.123022 
3.121803 
3.080109 
3.058598 
3.073461 
3.116245 
3.100433 
3.092545 
3.092028 
3.122250 
3.140102 
3.119134 
3.127971 
3.157059 
3.078443 
3.137016 
3.112850 
3.143230 
3.113269 
3.140311 
3.126296 
3.082363 
3.106940 
3.083837 
3.074860 
3.075470 
3.125985 
3.129866 
3.112675 
3.101560 
3.094998 
3.116009 
3.130432 
3.097408 
3.073436 
3.093605 
3.122687 
3.106481 
3.123318 
3.091494 
3.084986 
3.067494 
3.052760 
3.102816 
3.121475 
3.108802 
3.097568 
3.150090 
3.128865 
3.098254 
3.132908 
3.152269 
3.108365 
3.100544 
3.091062 
3.081972 
3.100754 
3.129051 
3.121467 
3.120887 
3.121450 
3.123988 
3.145591 
3.147020 
3.149634 
3.134254 
3.087187 
3.177945 
3.103904 
3.122729 
3.114317 
3.089294 
3.116748 
3.112822 
3.093320 
3.101559 
3.129937 
3.142432 
3.124640 
3.147507 
3.078120 
3.098700 
3.093631 
3.092268 
3.088413 
3.141224 
3.144321 
3.106792 
3.123673 
3.114777 
3.118958 
3.133284 
3.128769 
3.098580 
3.117934 
3.127917 
3.108580 
3.095566 
3.094931 
3.119529 
3.079455 
3.080614 
3.061531 
3.105848 
3.133035 
3.108620 
3.079602 
3.101187 
3.116466 
3.080626 
3.106870 
3.098952 
3.132435 
3.156534 
3.133216 
3.052317 
3.131366 
3.116920 
3.099762 
3.135674 
3.149912 
3.123044 
3.113699 
3.135008 
3.131875 
3.142316 
3.075353 
3.074296 
3.122108 
3.083673 
3.138033 
3.108237 
3.135935 
3.140412 
3.085686 
3.087228 
3.090056 
3.080735 
3.101556 
3.101581 
3.116838 
3.095279 
3.144168 
3.118647 
3.105470 
3.114011 
3.075746 
3.096407 
3.132969 
3.120915 
3.094070 
3.076711 
3.086369 
3.072483 
3.122878 
3.109807 
3.114115 
3.124062 
3.133605 
3.107402 
3.105713 
3.117482 
3.135861 
3.088605 
3.076170 
3.113099 
3.146573 
3.110479 
3.094363 
3.068256 
3.130694 
3.106925 
3.103634 
3.145558 
3.147199 
3.117961 
3.123746 
3.095646 
3.083125 
3.170148 
3.167392 
3.152693 
3.103295 
3.091359 
3.088135 
3.077934 
3.085808 
3.164328 
3.116368 
3.146652 
3.113228 
3.140483 
3.147494 
3.115740 
3.129457 
3.110476 
3.148723 
3.125619 
3.132672 
3.110656 
3.133421 
3.102784 
3.121908 
3.112007 
3.093726 
3.107685 
3.097377 
3.131860 
3.184080 
3.141461 
3.105684 
3.114409 
3.115754 
3.027712 
3.111848 
3.142125 
3.090613 
3.092723 
3.111331 
3.104671 
3.122963 
3.128950 
3.101195 
3.170891 
3.152467 
3.136428 
3.124756 
3.138426 
3.139743 
3.162613 
3.144374 
3.126954 
3.122623 
3.115290 
3.094330 
3.104987 
3.152353 
3.112892 
3.153672 
3.130532 
3.045426 
3.096262 
3.090054 
3.155045 
3.149029 
3.118144 
3.118377 
3.168371 
3.097339 
3.093825 
3.154640 
3.119972 
3.165644 
3.134408 
3.138378 
3.102028 
3.171110 
3.118478 
3.138510 
3.135551 
3.079161 
3.111869 
3.102870 
3.079586 
3.113025 
3.117332 
3.127960 
3.099537 
3.074498 
3.105812 
3.135343 
3.103532 
3.131489 
3.159156 
3.086890 
3.095437 
3.076855 
3.082043 
3.103726 
3.156239 
3.133993 
3.159615 
3.153664 
3.140645 
3.108629 
3.114319 
3.136875 
3.138521 
3.116633 
3.100188 
3.161931 
3.127188 
3.082062 
3.104656 
3.087539 
3.121647 
3.098443 
3.140870 
3.077552 
3.117152 
3.097350 
3.139585 
3.133408 
3.126629 
3.090974 
3.070270 
3.103655 
3.108279 
3.117819 
3.130582 
3.146845 
3.151305 
3.172445 
3.107658 
3.130039 
3.065442 
3.089678 
3.095376 
3.110303 
3.106443 
3.157268 
3.154664 
3.133251 
3.117130 
3.123505 
3.128251 
3.124535 
3.097912 
3.133362 
3.125162 
3.138719 
3.121247 
3.100520 
3.111430 
3.115951 
3.103842 
3.098297 
3.078875 
3.150412 
3.111203 
3.125501 
3.120406 
3.114268 
3.138410 
3.114767 
3.133960 
3.117820 
3.138043 
3.122561 
3.155680 
3.124384 
3.122092 
3.128283 
3.116365 
3.087471 
3.135106 
3.121233 
3.102648 
3.122171 
3.126407 
3.127745 
3.135439 
3.131145 
3.111057 
3.117651 
3.094970 
3.122712 
3.148756 
3.128433 
3.106609 
3.134587 
3.142320 
3.121495 
3.112933 
3.084988 
3.092747 
3.138595 
3.102113 
3.126298 
3.112622 
3.096618 
3.117836 
3.041289 
3.094868 
3.118002 
3.126527 
3.145797 
3.136856 
3.088571 
3.106722 
3.146240 
3.147853 
3.110964 
3.106437 
3.095828 
3.099724 
3.109996 
3.130452 
3.131584 
3.083662 
3.117730 
3.117179 
3.122932 
3.150546 
3.133896 
3.110888 
3.126454 
3.133011 
3.078690 
3.124380 
3.100510 
3.113526 
3.114494 
3.090672 
3.148108 
3.129615 
3.130036 
3.139904 
3.099343 
3.088178 
3.138255 
3.129295 
3.127161 
3.142491 
3.133312 
3.112776 
3.133745 
3.101655 
3.130375 
3.148999 
3.121987 
3.085111 
3.102601 
3.092174 
3.099999 
3.092837 
3.066948 
3.112984 
3.137281 
3.132572 
3.132424 
3.080999 
3.163814 
3.084713 
3.094523 
3.082452 
3.107659 
3.154627 
3.151932 
3.104717 
3.066541 
3.105055 
3.127194 
3.111285 
3.145256 
3.145183 
3.108014 
3.137844 
3.148458 
3.126714 
3.137045 
3.135079 
3.146630 
3.162538 
3.142836 
3.075010 
3.086878 
3.068733 
3.142220 
3.145739 
3.131665 
3.133653 
3.117382 
3.113283 
3.127942 
3.118839 
3.160627 
3.115040 
3.118798 
3.108071 
3.102862 
3.059233 
3.129565 
3.113093 
3.124411 
3.131899 
3.103568 
3.103885 
3.103653 
3.087939 
3.105886 
3.111746 
3.136941 
3.126708 
3.105967 
3.108195 
3.110555 
3.084906 
3.152579 
3.152240 
3.088563 
3.149405 
3.092918 
3.102131 
3.086113 
3.111053 
3.157521 
3.124489 
3.106417 
3.080198 
3.084387 
3.148133 
3.110272 
3.079014 
3.118838 
3.108644 
3.129645 
3.109106 
3.111098 
3.115408 
3.131301 
3.115206 
3.116217 
3.094533 
3.097130 
3.087832 
3.141160 
3.099358 
3.111401 
3.109026 
3.184547 
3.138268 
3.105190 
3.092469 
3.087150 
3.105688 
3.092207 
3.140039 
3.141582 
3.121460 
3.090662 
3.118868 
3.159287 
3.114364 
3.121411 
3.129886 
3.099903 
3.130510 
3.094439 
3.140883 
3.090615 
3.089789 
3.086906 
3.109478 
3.092178 
3.101106 
3.111196 
3.093179 
3.086624 
3.100926 
3.128747 
3.144052 
3.174048 
3.094403 
3.106291 
3.134083 
3.113561 
3.122018 
3.113767 
3.103419 
3.070667 
3.112259 
3.112868 
3.093346 
3.084161 
3.103539 
3.099718 
3.126347 
3.096180 
3.098743 
3.161681 
3.098538 
3.140402 
3.117312 
3.123702 
3.166798 
3.130627 
3.104938 
3.116737 
3.081268 
3.111543 
3.099564 
3.112036 
3.085346 
3.104432 
3.106566 
3.096180 
3.133625 
3.134970 
3.069845 
3.118339 
3.100709 
3.154630 
3.098276 
3.113451 
3.077563 
3.076066 
3.108408 
3.141796 
3.103065 
3.105111 
3.107105 
3.066361 
3.092093 
3.080627 
3.137916 
3.153606 
3.132698 
3.118773 
3.127524 
3.101003 
3.136158 
3.110364 
3.107425 
3.092449 
3.069927 
3.137175 
3.108429 
3.141064 
3.101830 
3.123835 
3.097164 
3.127566 
3.109329 
3.132269 
3.102690 
3.094249 
3.086126 
3.097496 
3.146576 
3.094531 
3.098182 
3.076264 
3.124668 
3.059114 
3.096594 
3.134664 
3.132077 
3.138381 
3.094116 
3.110926 
3.114936 
3.106581 
3.143712 
3.173960 
3.144444 
3.142910 
3.077776 
3.079157 
3.101349 
3.081439 
3.070285 
3.116856 
3.095163 
3.061464 
3.107277 
3.109989 
3.116882 
3.087136 
3.105016 
3.133140 
3.130191 
3.094239 
3.170550 
3.149449 
3.130226 
3.089960 
3.131392 
3.142841 
3.113984 
3.055931 
3.108579 
3.108054 
3.111849 
3.097250 
3.113477 
3.104330 
3.088599 
3.096026 
3.074181 
3.133979 
3.113876 
3.156274 
3.148598 
3.102341 
3.088801 
3.078790 
3.113987 
3.110846 
3.117663 
3.125804 
3.159414 
3.116028 
3.072211 
3.094820 
3.097825 
3.091550 
3.121894 
3.119104 
3.125359 
3.120100 
3.123739 
3.126603 
3.163659 
3.120202 
3.115031 
3.089196 
3.138726 
3.159736 
3.151632 
3.150976 
3.147606 
3.104407 
3.107585 
3.118753 
3.154114 
3.129623 
3.132308 
3.147617 
3.149751 
3.095514 
3.112673 
3.141401 
3.157451 
3.095442 
3.090564 
3.121574 
3.102199 
3.120590 
3.105084 
3.098939 
3.083393 
3.113028 
3.155490 
3.119440 
3.116395 
3.116749 
3.141369 
3.119214 
3.093195 
3.141383 
3.127218 
3.111700 
3.112664 
3.121013 
3.104137 
3.111863 
3.129255 
3.104490 
3.098682 
3.099810 
3.134211 
3.114227 
3.113735 
3.117137 
3.087446 
3.091887 
3.128583 
3.138872 
3.140909 
3.131906 
3.154801 
3.120140 
3.074671 
3.089510 
3.066343 
3.100462 
3.107554 
3.145135 
3.130019 
3.098185 
3.121635 
3.114600 
3.082609 
3.094861 
3.102429 
3.077776 
3.123412 
3.082489 
3.122444 
3.149579 
3.146503 
3.138725 
3.103536 
3.091346 
3.094782 
3.149768 
3.125175 
3.115046 
3.115444 
3.055951 
3.098466 
3.104749 
3.078256 
3.086550 
3.101695 
3.076945 
3.122529 
3.093025 
3.073045 
3.126499 
3.111974 
3.082436 
3.118143 
3.132422 
3.086277 
3.096361 
3.120741 
3.090602 
3.108173 
3.148805 
3.100288 
3.133177 
3.120588 
3.123995 
3.114849 
3.107190 
3.146727 
3.113272 
3.135324 
3.128764 
3.155665 
3.150410 
3.103358 
3.158998 
3.119216 
3.143503 
3.137772 
3.129929 
3.115181 
3.107055 
3.094143 
3.143244 
3.127404 
3.123391 
3.089223 
3.094746 
3.116574 
3.094244 
3.096582 
3.134589 
3.098196 
3.115897 
3.108852 
3.112409 
3.101204 
3.119710 
3.143731 
3.061603 
3.126743 
3.158672 
3.132202 
3.146051 
3.119900 
3.062204 
3.113121 
3.152131 
3.115564 
3.107624 
3.125259 
3.102996 
3.093393 
3.088449 
3.089119 
3.141017 
3.142253 
3.100385 
3.090209 
3.073264 
3.039331 
3.065711 
3.061258 
3.117505 
3.092086 
3.090468 
3.105523 
3.108148 
3.151972 
3.110805 
3.116905 
3.138366 
3.115950 
3.101276 
3.070953 
3.072516 
3.117729 
3.102178 
3.076772 
3.120290 
3.120118 
3.099640 
3.114543 
3.071770 
3.092657 
3.137110 
3.089111 
3.092307 
3.116803 
3.088374 
3.121206 
3.107663 
3.069433 
3.127592 
3.130494 
3.103474 
3.099407 
3.130252 
3.123232 
3.115562 
3.145772 
3.117906 
3.114971 
3.131627 
3.117041 
3.072020 
3.130538 
3.129087 
3.143190 
3.135693 
3.111044 
3.157846 
3.137483 
3.113545 
3.114386 
3.105692 
3.083609 
3.078780 
3.147965 
3.146382 
3.106868 
3.098614 
3.124313 
3.081900 
3.116677 
3.110306 
3.145807 
3.164846 
3.151769 
3.153414 
3.157269 
3.149000 
3.136408 
3.150111 
3.112493 
3.107170 
3.115990 
3.138500 
3.149947 
3.154623 
3.149002 
3.132633 
3.118888 
3.122078 
3.157478 
3.158944 
3.147854 
3.127003 
3.114505 
3.081328 
3.125284 
3.163838 
3.145734 
3.130212 
3.138510 
3.142797 
3.137652 
3.103867 
3.070562 
3.106966 
3.081227 
3.094618 
3.121997 
3.103498 
3.075939 
3.079435 
3.070411 
3.101253 
3.040643 
3.101039 
3.110949 
3.129630 
3.070856 
3.098415 
3.112469 
3.071969 
3.128055 
3.141800 
3.098350 
3.106198 
3.111719 
3.036145 
3.089988 
3.108594 
3.121626 
3.093358 
3.069361 
3.109230 
3.087141 
3.123651 
3.137449 
3.154516 
3.088951 
3.088918 
3.138576 
3.036323 
3.090310 
3.125572 
3.109052 
3.157214 
3.163562 
3.122955 
3.149827 
3.103667 
3.145895 
3.101747 
3.136218 
3.133560 
3.128529 
3.073485 
3.113934 
3.046619 
3.094856 
3.121040 
3.143801 
3.107024 
3.113046 
3.119350 
3.161176 
3.119149 
3.066655 
3.132084 
3.156431 
3.164283 
3.155761 
3.103192 
3.130955 
3.102653 
3.085766 
3.070978 
3.082885 
3.070411 
3.115338 
3.105312 
3.116394 
3.145147 
3.122295 
3.103511 
3.136248 
3.095367 
3.115789 
3.115717 
3.086103 
3.109944 
3.079142 
3.114102 
3.066105 
3.137595 
3.098115 
3.116798 
3.108196 
3.078804 
3.076300 
3.127553 
3.109217 
3.100432 
3.103111 
3.101233 
3.104581 
3.130374 
3.117258 
3.121618 
3.141828 
3.151201 
3.134699 
3.157820 
3.120002 
3.118082 
3.072081 
3.054635 
3.075800 
3.059689 
3.068120 
3.136449 
3.149014 
3.097138 
3.104093 
3.123024 
3.104213 
3.123942 
3.086845 
3.103392 
3.077803 
3.078258 
3.093798 
3.086013 
3.100766 
3.115197 
3.081788 
3.140419 
3.134307 
3.114926 
3.092351 
3.078437 
3.096045 
3.145825 
3.063100 
3.081426 
3.099621 
3.121762 
3.114088 
3.126771 
3.130397 
3.151713 
3.138095 
3.134130 
3.092589 
3.113300 
3.107640 
3.096717 
3.077322 
3.115115 
3.132764 
3.129910 
3.092226 
3.133300 
3.127849 
3.101235 
3.182539 
3.101957 
3.104514 
3.121014 
3.086452 
3.170636 
3.136527 
3.113155 
3.110247 
3.093491 
3.140195 
3.132141 
3.077510 
3.130560 
3.152476 
3.101429 
3.117321 
3.119253 
3.074366 
3.064448 
3.063940 
3.132849 
3.117337 
3.149978 
3.134294 
3.090951 
3.138919 
3.145210 
3.123520 
3.153607 
3.162739 
3.159109 
3.137711 
3.100582 
3.113880 
3.127186 
3.089590 
3.108238 
3.125696 
3.066959 
3.111255 
3.071608 
3.093903 
3.128898 
3.130153 
3.152868 
3.146339 
3.096031 
3.150064 
3.126932 
3.151885 
3.065118 
3.143144 
3.141749 
3.103217 
3.117253 
3.121037 
3.132237 
3.089121 
3.091377 
3.094397 
3.137210 
3.118693 
3.084198 
3.109176 
3.124012 
3.123760 
3.102701 
3.098999 
3.090563 
3.079685 
3.130588 
3.071569 
3.103868 
3.080529 
3.081881 
3.110376 
3.115858 
3.112499 
3.106339 
3.142279 
3.114436 
3.111556 
3.121748 
3.105353 
3.129717 
3.138297 
3.163587 
3.060676 
3.106212 
3.179626 
3.126732 
3.139985 
3.126219 
3.118001 
3.114343 
3.147266 
3.128678 
3.143502 
3.110556 
3.109440 
3.072329 
3.106498 
3.072483 
3.106407 
3.081401 
3.083745 
3.175424 
3.156570 
3.129521 
3.099843 
3.126570 
3.145018 
3.161051 
3.135254 
3.106825 
3.142023 
3.132171 
3.131851 
3.151438 
3.108257 
3.107187 
3.120797 
3.102482 
3.103878 
3.082031 
3.102495 
3.095806 
3.099116 
3.114123 
3.115345 
3.101252 
3.109794 
3.121578 
3.114639 
3.150425 
3.085373 
3.115890 
3.121951 
3.097535 
3.084568 
3.118638 
3.124441 
3.090739 
3.089972 
3.097542 
3.151306 
3.065357 
3.106949 
3.114350 
3.125202 
3.141184 
3.130108 
3.156874 
3.119260 
3.099512 
3.129498 
3.132916 
3.141927 
3.122465 
3.084809 
3.075313 
3.096386 
3.107798 
3.111094 
3.124958 
3.110355 
3.145682 
3.088489 
3.099139 
3.107937 
3.106073 
3.053158 
3.047910 
3.085012 
3.082267 
3.057746 
3.065803 
3.139529 
3.120465 
3.110074 
3.125113 
3.104351 
3.130312 
3.111887 
3.120639 
3.089367 
3.127506 
3.099879 
3.083822 
3.124309 
3.110924 
3.098102 
3.095831 
3.084531 
3.111441 
3.133599 
3.118846 
3.116188 
3.107170 
3.107305 
3.137028 
3.091922 
3.116143 
3.116797 
3.085590 
3.069913 
3.071071 
3.106666 
3.056373 
3.064595 
3.090236 
3.094415 
3.100116 
3.112644 
3.097132 
3.112080 
3.078437 
3.122011 
3.132776 
3.120905 
3.105258 
3.086525 
3.071139 
3.065573 
3.069203 
3.071603 
3.137156 
3.135383 
3.120065 
3.117944 
3.099105 
3.095118 
3.085706 
3.137249 
3.148170 
3.088404 
3.104611 
3.103466 
3.125935 
3.141080 
3.105502 
3.174020 
3.095048 
3.112104 
3.092020 
3.123691 
3.124523 
3.135953 
3.134844 
3.135993 
3.089931 
3.078819 
3.060434 
3.110000 
3.107002 
3.092807 
3.097889 
3.083972 
3.072534 
3.110858 
3.113110 
3.123354 
3.087125 
3.086800 
3.086922 
3.121211 
3.166142 
3.113249 
3.116323 
3.109503 
3.121075 
3.131971 
3.182216 
3.127730 
3.112347 
3.102612 
3.153381 
3.136259 
3.084891 
3.096483 
3.114875 
3.191932 
3.154567 
3.140340 
3.125408 
3.134589 
3.132485 
3.112854 
3.123691 
3.111694 
3.096206 
3.096204 
3.113178 
3.133528 
3.128816 
3.172020 
3.131932 
3.140501 
3.164163 
3.154724 
3.077480 
3.095021 
3.096536 
3.104014 
3.089350 
3.116051 
3.125749 
3.094290 
3.081851 
3.062817 
3.093018 
3.070244 
3.069587 
3.127735 
3.072756 
3.128963 
3.127713 
3.084294 
3.131294 
3.141806 
3.145768 
3.133682 
3.095131 
3.129656 
3.102933 
3.098957 
3.127993 
3.152177 
3.127220 
3.119542 
3.119960 
3.120712 
3.093062 
3.110137 
3.107696 
3.125336 
3.133779 
3.118255 
3.102307 
3.110491 
3.127218 
3.147018 
3.121573 
3.072416 
3.084578 
3.168023 
3.159753 
3.161507 
3.156064 
3.099481 
3.109239 
3.102252 
3.108036 
3.070805 
3.102068 
3.122494 
3.130727 
3.130193 
3.120808 
3.133446 
3.135204 
3.106197 
3.171552 
3.144117 
3.144473 
3.128961 
3.118294 
3.094645 
3.079277 
3.103611 
3.086167 
3.098725 
3.112378 
3.115880 
3.105066 
3.124304 
3.105386 
3.106656 
3.094941 
3.150649 
3.156269 
3.137972 
3.111700 
3.101257 
3.120093 
3.120881 
3.113202 
3.128313 
3.096685 
3.059436 
3.109609 
3.124333 
3.106690 
3.092855 
3.097722 
3.133883 
3.106950 
3.123250 
3.102429 
3.125276 
3.101007 
3.081479 
3.117510 
3.118555 
3.068745 
3.077879 
3.088320 
3.091153 
3.080454 
3.106690 
3.147714 
3.122339 
3.116074 
3.085019 
3.100848 
3.143561 
3.127689 
3.121789 
3.094932 
3.086146 
3.108936 
3.060973 
3.053241 
3.115352 
3.125773 
3.085725 
3.084576 
3.078179 
3.075179 
3.087687 
3.120169 
3.111892 
3.085639 
3.107642 
3.095593 
3.096002 
3.091787 
3.118320 
3.113283 
3.172255 
3.141086 
3.099609 
3.088517 
3.070893 
3.068444 
3.146003 
3.156577 
3.158311 
3.154063 
3.141328 
3.162239 
3.138054 
3.109177 
3.120379 
3.065086 
3.102092 
3.103952 
3.095764 
3.101923 
3.105981 
3.107575 
3.117972 
3.091544 
3.108326 
3.112503 
3.088483 
3.115579 
3.075298 
3.083213 
3.112198 
3.081228 
3.074599 
3.107023 
3.132324 
3.081096 
3.148041 
3.160433 
3.150405 
3.121261 
3.141869 
3.065845 
3.078730 
3.122672 
3.126694 
3.092052 
3.102465 
3.096382 
3.099267 
3.147248 
3.143794 
3.112629 
3.115192 
3.131311 
3.115552 
3.092895 
3.096429 
3.079898 
3.117620 
3.125866 
3.088232 
3.096145 
3.171099 
3.145371 
3.135289 
3.117230 
3.162520 
3.105058 
3.082466 
3.088859 
3.085689 
3.106568 
3.115857 
3.096475 
3.135722 
3.129466 
3.106134 
3.071162 
3.076990 
3.120097 
3.167243 
3.124660 
3.131537 
3.122264 
3.150750 
3.133560 
3.076733 
3.075959 
3.058642 
3.106232 
3.154261 
3.137238 
3.097280 
3.130400 
3.098288 
3.115408 
3.139838 
3.142157 
3.098845 
3.120657 
3.119983 
3.105909 
3.145715 
3.108164 
3.110007 
3.112845 
3.136121 
3.110984 
3.156343 
3.142300 
3.139180 
3.115750 
3.109364 
3.108711 
3.132743 
3.109295 
3.096429 
3.098723 
3.129303 
3.130971 
3.132473 
3.144231 
3.152241 
3.157449 
3.118861 
3.091354 
3.118742 
3.148214 
3.115379 
3.092092 
3.113583 
3.110113 
3.112655 
3.071984 
3.105649 
3.122012 
3.116285 
3.111307 
3.134838 
3.112152 
3.125568 
3.175238 
3.142076 
3.134650 
3.121583 
3.120194 
3.144556 
3.163443 
3.166110 
3.125183 
3.147921 
3.101738 
3.095528 
3.105584 
3.137498 
3.076563 
3.145421 
3.124415 
3.098675 
3.112646 
3.120760 
3.146833 
3.091391 
3.078982 
3.076000 
3.074016 
3.104911 
3.123166 
3.063516 
3.142389 
3.138763 
3.116821 
3.099443 
3.111832 
3.077855 
3.106666 
3.104407 
3.122889 
3.129940 
3.113138 
3.123202 
3.167487 
3.151373 
3.112067 
3.057172 
3.110371 
3.094644 
3.116202 
3.082422 
3.108501 
3.148552 
3.099399 
3.130262 
3.131220 
3.115398 
3.099775 
3.085210 
3.124117 
3.130189 
3.167786 
3.132661 
3.120220 
3.090648 
3.117028 
3.101615 
3.098372 
3.085256 
3.109130 
3.132269 
3.160577 
3.145636 
3.155684 
3.067023 
3.069486 
3.053696 
3.102003 
3.075233 
3.029622 
3.068991 
3.084087 
3.142221 
3.063819 
3.124158 
3.086233 
3.101958 
3.129653 
3.091009 
3.103602 
3.137255 
3.133234 
3.112479 
3.088402 
3.111837 
3.133353 
3.124776 
3.061196 
3.104772 
3.137225 
3.117338 
3.101420 
3.101496 
3.114574 
3.098318 
3.086222 
3.094858 
3.105388 
3.061888 
3.160973 
3.103817 
3.109281 
3.142355 
3.102273 
3.087817 
3.101212 
3.109333 
3.119259 
3.099216 
3.122325 
3.121494 
3.099345 
3.085342 
3.097372 
3.124523 
3.121180 
3.071496 
3.153967 
3.132840 
3.123993 
3.121536 
3.156823 
3.124379 
3.121276 
3.091839 
3.109654 
3.122268 
3.120546 
3.129509 
3.131905 
3.125668 
3.104935 
3.099595 
3.089820 
3.106593 
3.131721 
3.136724 
3.154523 
3.138355 
3.082842 
3.164988 
3.082391 
3.095578 
3.152297 
3.142645 
3.134011 
3.089729 
3.080602 
3.034184 
3.117223 
3.105199 
3.088641 
3.117695 
3.136296 
3.141216 
3.107485 
3.110291 
3.132607 
3.087156 
3.094986 
3.146189 
3.142383 
3.163231 
3.167887 
3.133924 
3.131008 
3.058969 
3.143264 
3.116637 
3.124818 
3.162102 
3.147725 
3.175574 
3.151715 
3.126624 
3.165434 
3.149748 
3.132371 
3.145255 
3.120167 
3.120277 
3.143398 
3.136976 
3.149618 
3.103559 
3.093671 
3.103182 
3.143724 
3.099416 
3.100607 
3.116844 
3.116542 
3.124716 
3.117499 
3.120744 
3.091736 
3.107565 
3.136099 
3.122845 
3.134911 
3.118000 
3.131441 
3.139557 
3.144092 
3.097056 
3.086536 
3.142817 
3.135544 
3.132805 
3.093875 
3.075725 
3.138700 
3.128591 
3.107130 
3.095041 
3.104195 
3.093406 
3.131980 
3.146677 
3.112378 
3.116079 
3.097268 
3.118846 
3.107725 
3.124343 
3.104277 
3.127541 
3.107812 
3.135837 
3.111723 
3.083438 
3.100302 
3.083685 
3.102421 
3.120398 
3.135061 
3.127737 
3.169393 
3.163627 
3.161184 
3.161889 
3.183259 
3.143111 
3.119364 
3.087880 
3.098924 
3.051557 
3.078896 
3.052679 
3.131115 
3.099834 
3.121980 
3.100417 
3.132173 
3.151723 
3.063510 
3.134942 
3.122512 
3.130494 
3.111683 
3.087622 
3.115460 
3.095436 
3.096014 
3.119832 
3.070044 
3.087862 
3.126141 
3.094966 
3.071596 
3.164741 
3.115363 
3.133165 
3.101849 
3.160232 
3.144954 
3.155442 
3.050703 
3.077428 
3.083723 
3.095797 
3.112723 
3.148045 
3.166807 
3.100188 
3.086398 
3.125346 
3.122925 
3.128117 
3.109278 
3.133961 
3.133093 
3.115918 
3.143990 
3.151017 
3.147107 
3.157419 
3.161304 
3.144158 
3.091489 
3.120275 
3.141557 
3.116414 
3.139555 
3.152201 
3.095461 
3.124855 
3.118406 
3.074061 
3.109274 
3.096241 
3.147016 
3.098042 
3.127125 
3.145551 
3.132860 
3.140771 
3.097192 
3.122894 
3.095167 
3.089040 
3.116176 
3.087034 
3.066458 
3.081804 
3.112542 
3.144168 
3.130846 
3.170082 
3.119438 
3.102345 
3.128595 
3.103900 
3.094751 
3.119471 
3.153746 
3.108152 
3.164694 
3.145953 
3.122871 
3.141492 
3.162633 
3.149111 
3.172299 
3.128615 
3.111402 
3.133877 
3.109156 
3.088669 
3.090201 
3.140954 
3.168547 
3.097879 
3.174510 
3.133356 
3.147304 
3.107907 
3.130689 
3.131669 
3.128147 
3.093771 
3.127058 
3.094957 
3.097931 
3.114670 
3.116671 
3.114798 
3.074956 
3.099734 
3.140778 
3.129019 
3.112216 
3.113720 
3.123677 
3.114739 
3.128194 
3.118798 
3.135235 
3.190788 
3.088115 
3.114045 
3.075455 
3.091292 
3.078931 
3.099688 
3.125398 
3.105835 
3.094678 
3.153149 
3.104317 
3.153945 
3.099748 
3.169085 
3.140391 
3.083216 
3.068223 
3.107729 
3.119079 
3.130947 
3.120360 
3.119004 
3.104065 
3.132622 
3.127652 
3.078247 
3.096931 
3.108254 
3.131261 
3.127315 
3.101488 
3.155034 
3.138877 
3.148782 
3.085695 
3.109771 
3.111950 
3.111076 
3.117236 
3.089253 
3.097110 
3.122013 
3.132498 
3.118652 
3.162683 
3.128305 
3.096985 
3.101038 
3.109810 
3.121887 
3.142616 
3.129396 
3.142864 
3.148524 
3.143983 
3.115122 
3.137539 
3.101047 
3.076567 
3.099719 
3.133781 
3.159663 
3.173315 
3.156780 
3.114934 
3.135911 
3.082600 
3.163411 
3.183751 
3.121724 
3.081369 
3.118035 
3.142124 
3.119842 
3.116328 
3.152422 
3.146100 
3.133298 
3.117053 
3.068145 
3.068212 
3.050764 
3.093639 
3.098989 
3.109673 
3.133598 
3.135347 
3.096401 
3.042478 
3.040226 
3.141468 
3.163933 
3.088303 
3.079354 
3.140365 
3.103637 
3.124752 
3.096737 
3.123584 
3.120904 
3.110490 
3.114891 
3.131643 
3.169403 
3.160406 
3.116895 
3.109849 
3.113960 
3.135456 
3.137637 
3.156868 
3.116683 
3.095275 
3.102164 
3.083907 
3.118568 
3.111518 
3.125041 
3.104213 
3.142748 
3.156563 
3.142939 
3.123451 
3.117057 
3.078309 
3.067058 
3.125153 
3.086010 
3.092597 
3.150708 
3.117527 
3.138365 
3.117550 
3.136664 
3.126627 
3.141524 
3.133159 
3.119645 
3.172743 
3.126000 
3.106913 
3.105541 
3.108424 
3.124532 
3.113870 
3.093601 
3.107975 
3.096166 
3.103014 
3.093699 
3.137511 
3.159908 
3.125575 
3.123201 
3.093818 
3.088197 
3.117935 
3.127805 
3.115345 
3.156721 
3.136296 
3.127947 
3.141113 
3.086601 
3.097880 
3.131461 
3.112855 
3.114442 
3.170552 
3.152457 
3.136830 
3.116704 
3.119930 
3.125818 
3.153668 
3.087728 
3.053286 
3.101759 
3.111082 
3.090887 
3.126755 
3.141799 
3.176037 
3.138161 
3.131919 
3.144056 
3.144307 
3.125720 
3.152913 
3.154312 
3.150985 
3.100584 
3.091813 
3.116197 
3.155136 
3.126677 
3.037607 
3.075838 
3.094535 
3.090035 
3.101937 
3.101115 
3.132444 
3.104279 
3.150038 
3.151551 
3.136904 
3.122978 
3.160264 
3.144786 
3.143529 
3.144343 
3.130431 
3.120495 
3.100091 
3.135995 
3.129127 
3.111726 
3.122820 
3.088809 
3.118451 
3.092557 
3.104869 
3.067538 
3.078808 
3.116199 
3.082571 
3.105894 
3.126934 
3.116471 
3.101466 
3.120964 
3.114552 
3.088281 
3.105659 
3.091602 
3.116953 
3.121081 
3.097745 
3.102405 
3.120101 
3.133930 
3.115737 
3.165063 
3.086182 
3.130125 
3.124234 
3.140623 
3.109962 
3.124986 
3.170568 
3.130272 
3.156056 
3.123132 
3.146909 
3.102380 
3.122499 
3.135931 
3.146671 
3.092714 
3.086325 
3.151711 
3.140239 
3.119955 
3.105439 
3.119594 
3.072375 
3.077080 
3.135946 
3.124538 
3.147510 
3.168647 
3.103022 
3.139206 
3.110704 
3.152446 
3.072966 
3.109717 
3.106846 
3.124944 
3.106653 
3.131696 
3.032739 
3.065868 
3.088650 
3.121632 
3.088793 
3.106646 
3.050165 
3.178693 
3.168888 
3.130767 
3.133134 
3.103106 
3.071697 
3.115269 
3.157807 
3.130749 
3.098452 
3.070709 
3.110651 
3.063549 
3.083418 
3.097623 
3.083645 
3.127235 
3.134219 
3.090434 
3.106042 
3.133034 
3.104834 
3.145934 
3.149680 
3.133604 
3.136188 
3.144450 
3.112228 
3.073311 
3.086091 
3.095978 
3.115514 
3.116458 
3.093565 
3.101094 
3.090388 
3.088055 
3.104778 
3.139866 
3.138987 
3.113045 
3.138056 
3.112186 
3.132537 
3.160243 
3.162025 
3.100780 
3.091335 
3.070305 
3.078748 
3.080300 
3.099181 
3.094046 
3.104235 
3.137425 
3.114565 
3.132276 
3.118699 
3.123959 
3.122168 
3.099052 
3.077497 
3.131972 
3.142066 
3.107755 
3.125482 
3.128276 
3.120934 
3.132583 
3.140264 
3.126001 
3.107140 
3.132067 
3.073411 
3.093255 
3.091129 
3.130405 
3.090018 
3.127055 
3.103124 
3.150795 
3.114499 
3.142635 
3.136578 
3.111639 
3.111294 
3.140883 
3.123468 
3.079379 
3.118544 
3.098987 
3.121717 
3.099185 
3.087041 
3.099463 
3.097490 
3.104862 
3.086698 
3.119698 
3.109769 
3.130830 
3.135355 
3.165263 
3.158768 
3.108211 
3.115906 
3.117791 
3.123686 
3.149194 
3.144066 
3.107216 
3.110370 
3.071220 
3.057503 
3.138007 
3.122666 
3.123474 
3.131833 
3.150193 
3.093965 
3.099553 
3.115289 
3.115145 
3.153209 
3.119816 
3.122174 
3.126746 
3.129494 
3.137426 
3.134084 
3.066522 
3.081216 
3.115192 
3.089021 
3.145624 
3.146194 
3.134786 
3.126149 
3.115944 
3.125192 
3.087976 
3.089629 
3.097420 
3.103414 
3.099379 
3.097968 
3.068756 
3.111516 
3.146230 
3.084225 
3.076735 
3.083990 
3.118638 
3.127238 
3.158008 
3.158634 
3.130716 
3.154578 
3.134921 
3.149882 
3.096076 
3.098651 
3.126293 
3.101259 
3.100625 
3.121002 
3.129513 
3.125282 
3.115872 
3.146977 
3.122094 
3.118383 
3.101148 
3.130193 
3.128637 
3.108677 
3.100333 
3.118782 
3.133280 
3.108013 
3.136214 
3.065512 
3.057270 
3.093728 
3.094435 
3.132665 
3.107622 
3.145337 
3.106131 
3.122994 
3.120820 
3.110123 
3.132740 
3.143344 
3.084355 
3.098120 
3.084852 
3.099135 
3.141906 
3.148592 
3.117784 
3.134467 
3.096846 
3.107206 
3.079317 
3.109405 
3.101723 
3.067958 
3.160197 
3.112708 
3.061481 
3.091755 
3.082158 
3.062727 
3.081990 
3.087598 
3.138676 
3.151566 
3.092133 
3.085148 
3.082765 
3.171400 
3.131756 
3.134333 
3.132482 
3.086921 
3.142586 
3.116527 
3.103827 
3.083634 
3.149090 
3.122473 
3.104410 
3.088838 
3.100102 
3.111648 
3.100349 
3.132821 
3.174426 
3.097823 
3.104960 
3.117987 
3.066838 
3.098865 
3.085642 
3.083302 
3.097696 
3.090707 
3.096302 
3.058746 
3.083710 
3.102541 
3.119305 
3.110867 
3.122420 
3.133938 
3.120247 
3.083194 
3.115557 
3.170293 
3.103325 
3.064531 
3.069686 
3.076806 
3.097391 
3.124549 
3.120915 
3.110605 
3.105018 
3.069684 
3.114282 
3.106674 
3.075171 
3.090899 
3.091034 
3.104346 
3.133671 
3.076329 
3.120691 
3.090059 
3.140041 
3.099096 
3.137067 
3.126903 
3.089732 
3.142934 
3.138079 
3.139668 
3.134895 
3.143233 
3.091976 
3.100507 
3.071743 
3.087078 
3.073321 
3.066057 
3.109408 
3.106926 
3.178720 
3.108988 
3.110218 
3.176557 
3.101503 
3.124806 
3.141296 
3.073541 
3.123623 
3.099110 
3.100270 
3.104174 
3.126256 
3.101343 
3.164664 
3.130077 
3.140338 
3.132612 
3.138256 
3.058905 
3.077650 
3.110661 
3.135804 
3.124395 
3.081854 
3.106963 
3.141924 
3.157551 
3.140411 
3.097096 
3.113558 
3.145836 
3.117184 
3.114989 
3.141612 
3.125147 
3.105742 
3.115754 
3.154494 
3.113469 
3.091681 
3.098955 
3.094143 
3.148741 
3.172434 
3.142940 
3.102369 
3.072054 
3.171944 
3.117215 
3.090885 
3.138384 
3.180163 
3.152156 
3.115649 
3.140706 
3.128103 
3.129360 
3.117516 
3.136180 
3.111446 
3.089710 
3.102881 
3.117309 
3.123660 
3.104951 
3.138953 
3.156376 
3.134213 
3.129416 
3.079166 
3.077801 
3.108534 
3.120388 
3.075854 
3.156535 
3.112147 
3.115194 
3.123670 
3.134759 
3.162268 
3.121136 
3.117542 
3.116643 
3.107568 
3.061828 
3.081649 
3.091640 
3.135815 
3.102293 
3.103091 
3.118086 
3.132630 
3.100103 
3.120743 
3.122561 
3.105349 
3.118533 
3.140299 
3.118056 
3.115899 
3.144787 
3.131019 
3.111132 
3.072528 
3.103846 
3.116875 
3.117434 
3.149228 
3.129054 
3.107059 
3.156432 
3.113128 
3.097246 
3.165995 
3.119685 
3.086273 
3.139531 
3.121513 
3.086281 
3.076124 
3.089802 
3.080259 
3.100395 
3.141890 
3.098836 
3.111976 
3.131799 
3.156197 
3.136221 
3.092039 
3.076702 
3.065019 
3.107949 
3.110487 
3.118693 
3.089666 
3.062323 
3.124036 
3.094786 
3.144758 
3.142618 
3.149283 
3.105653 
3.066687 
3.107887 
3.098223 
3.127707 
3.131387 
3.084330 
3.131600 
3.117150 
3.072940 
3.068317 
3.121473 
3.140403 
3.125825 
3.110523 
3.128140 
3.098842 
3.115496 
3.090826 
3.067590 
3.082670 
3.111377 
3.096128 
3.123268 
3.147827 
3.136354 
3.117141 
3.077563 
3.083743 
3.076315 
3.120640 
3.139302 
3.115334 
3.080594 
3.126378 
3.098331 
3.088718 
3.117435 
3.130345 
3.125950 
3.147020 
3.128104 
3.110137 
3.102967 
3.118383 
3.125019 
3.190622 
3.122450 
3.115278 
3.113299 
3.116869 
3.113204 
3.136760 
3.150463 
3.104835 
3.115653 
3.110007 
3.146953 
3.135628 
3.115954 
3.110756 
3.128326 
3.194603 
3.154022 
3.157967 
3.135531 
3.117118 
3.109181 
3.125954 
3.113791 
3.111725 
3.129695 
3.125941 
3.068447 
3.151761 
3.117943 
3.111973 
3.103799 
3.066248 
3.092231 
3.083209 
3.125548 
3.107375 
3.063428 
3.109993 
3.127196 
3.089121 
3.174543 
3.049570 
3.118630 
3.138380 
3.152294 
3.130977 
3.117704 
3.068060 
3.094463 
3.115385 
3.110059 
3.126008 
3.117123 
3.084529 
3.144088 
3.169426 
3.114100 
3.160244 
3.124119 
3.120497 
3.105646 
3.116318 
3.122466 
3.121697 
3.144478 
3.083891 
3.088062 
3.028997 
3.071127 
3.115032 
3.138475 
3.135050 
3.083337 
3.076830 
3.117794 
3.173195 
3.115047 
3.122787 
3.094857 
3.116959 
3.107931 
3.103375 
3.093345 
3.116266 
3.141278 
3.090301 
3.104608 
3.135265 
3.105634 
3.102898 
3.107063 
3.098729 
3.086558 
3.104587 
3.081183 
3.147562 
3.112447 
3.114923 
3.151270 
3.100744 
3.115163 
3.122959 
3.124259 
3.135360 
3.119791 
3.148818 
3.130871 
3.116293 
3.131804 
3.165795 
3.097763 
3.150407 
3.084589 
3.085814 
3.119859 
3.145238 
3.113781 
3.097926 
3.113966 
3.137507 
3.132035 
3.115697 
3.152999 
3.096129 
3.117301 
3.088728 
3.117493 
3.080800 
3.137481 
3.099121 
3.107803 
3.099999 
3.101304 
3.051614 
3.097736 
3.087456 
3.048814 
3.056957 
3.098553 
3.133054 
3.142979 
3.133369 
3.165905 
3.128442 
3.144320 
3.128361 
3.097412 
3.161901 
3.146040 
3.118004 
3.129263 
3.119340 
3.079959 
3.097724 
3.096061 
3.096960 
3.130402 
3.156288 
3.083477 
3.103154 
3.110144 
3.080941 
3.130709 
3.140606 
3.115132 
3.110074 
3.090447 
3.080396 
3.111482 
3.121643 
3.142485 
3.130302 
3.118649 
3.038625 
3.106450 
3.070523 
3.087855 
3.117452 
3.120154 
3.134459 
3.109026 
3.100524 
3.098962 
3.148853 
3.138878 
3.149355 
3.108928 
3.112477 
3.091656 
3.100633 
3.092675 
3.115806 
3.156936 
3.120624 
3.095775 
3.071054 
3.088501 
3.107738 
3.124244 
3.123425 
3.125906 
3.108677 
3.092928 
3.196567 
3.156924 
3.127218 
3.124296 
3.176280 
3.097266 
3.110013 
3.123526 
3.132218 
3.100404 
3.112213 
3.094188 
3.107700 
3.114167 
3.113414 
3.125469 
3.094307 
3.069331 
3.071664 
3.102001 
3.108082 
3.076243 
3.113378 
3.132159 
3.151230 
3.102738 
3.142761 
3.078902 
3.086761 
3.129821 
3.114699 
3.102927 
3.099307 
3.119994 
3.121351 
3.110230 
3.164797 
3.133957 
3.101912 
3.140497 
3.160629 
3.135025 
3.103148 
3.120712 
3.115065 
3.111165 
3.110741 
3.133295 
3.124993 
3.081306 
3.108007 
3.132738 
3.176175 
3.125164 
3.099419 
3.156577 
3.152811 
3.150138 
3.140199 
3.095333 
3.129509 
3.074580 
3.139078 
3.131877 
3.127338 
3.134890 
3.137295 
3.067419 
3.161254 
3.129893 
3.112873 
3.114405 
3.107829 
3.099607 
3.110526 
3.109756 
3.103716 
3.134232 
3.084130 
3.128312 
3.099486 
3.091507 
3.144160 
3.145415 
3.132235 
3.114080 
3.160237 
3.123442 
3.100686 
3.100871 
3.099122 
3.073406 
3.119616 
3.157562 
3.119294 
3.128883 
3.141414 
3.148964 
3.094419 
3.084108 
3.151525 
3.114370 
3.140556 
3.106533 
3.098843 
3.079987 
3.104881 
3.147842 
3.085977 
3.099578 
3.080706 
3.133759 
3.101724 
3.105221 
3.106354 
3.111220 
3.085440 
3.081187 
3.154248 
3.119064 
3.101777 
3.084369 
3.095808 
3.073474 
3.078254 
3.148831 
3.143181 
3.120110 
3.105627 
3.136424 
3.125151 
3.135728 
3.150777 
3.163782 
3.193920 
3.117881 
3.081562 
3.012553 
3.067420 
3.073831 
3.096480 
3.098581 
3.080345 
3.096415 
3.113366 
3.094382 
3.114126 
3.094222 
3.118798 
3.114977 
3.105186 
3.135506 
3.140479 
3.146993 
3.133933 
3.116365 
3.115537 
3.071014 
3.107817 
3.107215 
3.110264 
3.081241 
3.056311 
3.094648 
3.109088 
3.083399 
3.074426 
3.112179 
3.080172 
3.113673 
3.144059 
3.131665 
3.123039 
3.105036 
3.124301 
3.113090 
3.102582 
3.088433 
3.109034 
3.081672 
3.108163 
3.084233 
3.107586 
3.076131 
3.107690 
3.099702 
3.112663 
3.093819 
3.100914 
3.157143 
3.141986 
3.147206 
3.105402 
3.095017 
3.151029 
3.101659 
3.148031 
3.103154 
3.098950 
3.101216 
3.115660 
3.115232 
3.073407 
3.070944 
3.087006 
3.126627 
3.076926 
3.107014 
3.070329 
3.092169 
3.105070 
3.112002 
3.061919 
3.123256 
3.099325 
3.113268 
3.105784 
3.121708 
3.108590 
3.108966 
3.091099 
3.096417 
3.058956 
3.107609 
3.090435 
3.119329 
3.109834 
3.074084 
3.080831 
3.080483 
3.119454 
3.124061 
3.114966 
3.100469 
3.145043 
3.120553 
3.087587 
3.103567 
3.089218 
3.031715 
3.117674 
3.131614 
3.161302 
3.140775 
3.119105 
3.150278 
3.083194 
3.138207 
3.125338 
3.120067 
3.095001 
3.130925 
3.099400 
3.118884 
3.157073 
3.133030 
3.110727 
3.111588 
3.090519 
3.090459 
3.099933 
3.106104 
3.126953 
3.127223 
3.107071 
3.136298 
3.103941 
3.090946 
3.052376 
3.095325 
3.117868 
3.085157 
3.061551 
3.100773 
3.120533 
3.123115 
3.189242 
3.144149 
3.123712 
3.163314 
3.103068 
3.113975 
3.108971 
3.137447 
3.096537 
3.126906 
3.122939 
3.100765 
3.112031 
3.105724 
3.086186 
3.105146 
3.104007 
3.094379 
3.106162 
3.144851 
3.103145 
3.095443 
3.088473 
3.129542 
3.146653 
3.090870 
3.100526 
3.081668 
3.071305 
3.085307 
3.109157 
3.067018 
3.067277 
3.116953 
3.116558 
3.067096 
3.084133 
3.091322 
3.093492 
3.082922 
3.090141 
3.113282 
3.045020 
3.139063 
3.129257 
3.142359 
3.081424 
3.113491 
3.108040 
3.079090 
3.127557 
3.107924 
3.095863 
3.153020 
3.151215 
3.121288 
3.111300 
3.124504 
3.091678 
3.103968 
3.143564 
3.119008 
3.066973 
3.159504 
3.058548 
3.119664 
3.091336 
3.072640 
3.110393 
3.078601 
3.096434 
3.125575 
3.143208 
3.142962 
3.118595 
3.095912 
3.069993 
3.072964 
3.101441 
3.169491 
3.146677 
3.133484 
3.114365 
3.107755 
3.116766 
3.105207 
3.105491 
3.106644 
3.103988 
3.095593 
3.123398 
3.122202 
3.110942 
3.168228 
3.155413 
3.119977 
3.135938 
3.116041 
3.100736 
3.127704 
3.100674 
3.127511 
3.111007 
3.099083 
3.128540 
3.082346 
3.096720 
3.065867 
3.122179 
3.136873 
3.120541 
3.138660 
3.100500 
3.093951 
3.083037 
3.084883 
3.051421 
3.117110 
3.167946 
3.131504 
3.096434 
3.097769 
3.082781 
3.064246 
3.103932 
3.065384 
3.113084 
3.149685 
3.094611 
3.074143 
3.100406 
3.077940 
3.096029 
3.117811 
3.105755 
3.105282 
3.136780 
3.102314 
3.136796 
3.135954 
3.125431 
3.145069 
3.138402 
3.135301 
3.139255 
3.087087 
3.102832 
3.109049 
3.180629 
3.137757 
3.108233 
3.129756 
3.111740 
3.095213 
3.103052 
3.134599 
3.152524 
3.101336 
3.079231 
3.149083 
3.113802 
3.120946 
3.145120 
3.099028 
3.122321 
3.069985 
3.080955 
3.089824 
3.094833 
3.114119 
3.115498 
3.125324 
3.128353 
3.169825 
3.146928 
3.141065 
3.092466 
3.108375 
3.054860 
3.133304 
3.109550 
3.084686 
3.127531 
3.104609 
3.100478 
3.166802 
3.113308 
3.104167 
3.122010 
3.117508 
3.103639 
3.086080 
3.136565 
3.116383 
3.093373 
3.095519 
3.100466 
3.119068 
3.146300 
3.144062 
3.132420 
3.145181 
3.156885 
3.124288 
3.097947 
3.072244 
3.103907 
3.091378 
3.115532 
3.092135 
3.102684 
3.102159 
3.147966 
3.097313 
3.104345 
3.156491 
3.103710 
3.115505 
3.109840 
3.094897 
3.116399 
3.082514 
3.090783 
3.085441 
3.125857 
3.127747 
3.139706 
3.095496 
3.072164 
3.093545 
3.109762 
3.149058 
3.105732 
3.084161 
3.102105 
3.093492 
3.107843 
3.129747 
3.071858 
3.086711 
3.090834 
3.150137 
3.119032 
3.087325 
3.102235 
3.130497 
3.134268 
3.142278 
3.121552 
3.082854 
3.096065 
3.126938 
3.129839 
3.107441 
3.076013 
3.096687 
3.097976 
3.092083 
3.125766 
3.126400 
3.077724 
3.131793 
3.142281 
3.129276 
3.115648 
3.134702 
3.148456 
3.109889 
3.146913 
3.109122 
3.112097 
3.108937 
3.119317 
3.111021 
3.142360 
3.134424 
3.054441 
3.091826 
3.158101 
3.121781 
3.143355 
3.101072 
3.102414 
3.127565 
3.040190 
3.092487 
3.106834 
3.162941 
3.167545 
3.153454 
3.139998 
3.114661 
3.115467 
3.101178 
3.108074 
3.125505 
3.110258 
3.122325 
3.124897 
3.124410 
3.107810 
3.091683 
3.106677 
3.136897 
3.141541 
3.130013 
3.132003 
3.160529 
3.139923 
3.162066 
3.153951 
3.098589 
3.151983 
3.111715 
3.180731 
3.126881 
3.102547 
3.076123 
3.091555 
3.119303 
3.119628 
3.118545 
3.100574 
3.097365 
3.091829 
3.134811 
3.135666 
3.158127 
3.141464 
3.155637 
3.112701 
3.104951 
3.136627 
3.108282 
3.076470 
3.075712 
3.149121 
3.121165 
3.122188 
3.103179 
3.132948 
3.114370 
3.124811 
3.135347 
3.106067 
3.090796 
3.097089 
3.071252 
3.121547 
3.110430 
3.090887 
3.101530 
3.108180 
3.138354 
3.135138 
3.123786 
3.116901 
3.105016 
3.141790 
3.126672 
3.160425 
3.105032 
3.116901 
3.100449 
3.091554 
3.142082 
3.154853 
3.190718 
3.147912 
3.111433 
3.127499 
3.129347 
3.113003 
3.117977 
3.118537 
3.118510 
3.113508 
3.140835 
3.148268 
3.071847 
3.108350 
3.070004 
3.098251 
3.114174 
3.074073 
3.109865 
3.128373 
3.088123 
3.065621 
3.091043 
3.095519 
3.126837 
3.114067 
3.159463 
3.129111 
3.108081 
3.149099 
3.111610 
3.118343 
3.106900 
3.130207 
3.094029 
3.125764 
3.155274 
3.153118 
3.156373 
3.131434 
3.122823 
3.084251 
3.056530 
3.086700 
3.101685 
3.112981 
3.105350 
3.132999 
3.087733 
3.152908 
3.118974 
3.144186 
3.135557 
3.151868 
3.110684 
3.166331 
3.159057 
3.045117 
3.096490 
3.093977 
3.115395 
3.177931 
3.163223 
3.130666 
3.133221 
3.140293 
3.168743 
3.147315 
3.131001 
3.126323 
3.139159 
3.141017 
3.119209 
3.084639 
3.090386 
3.125008 
3.132616 
3.129417 
3.109183 
3.141089 
3.099311 
3.088673 
3.153264 
3.161268 
3.127339 
3.156041 
3.103689 
3.103408 
3.134741 
3.105745 
3.102696 
3.171895 
3.115877 
3.133819 
3.084257 
3.161079 
3.132498 
3.142130 
3.157670 
3.149377 
3.070885 
3.127611 
3.142562 
3.164771 
3.148624 
3.134851 
3.131294 
3.160926 
3.127222 
3.109077 
3.098396 
3.090236 
3.104395 
3.109195 
3.114811 
3.124147 
3.143087 
3.154628 
3.144842 
3.144244 
3.107886 
3.111237 
3.059578 
3.114658 
3.133049 
3.077263 
3.091628 
3.094574 
3.100066 
3.105152 
3.111291 
3.094190 
3.083774 
3.148956 
3.131887 
3.115316 
3.124354 
3.103021 
3.075737 
3.111526 
3.116719 
3.093853 
3.093633 
3.132886 
3.062229 
3.069648 
3.045343 
3.100926 
3.105413 
3.123783 
3.079454 
3.103504 
3.128625 
3.111775 
3.074921 
3.104951 
3.137618 
3.126282 
3.108096 
3.126880 
3.083404 
3.127541 
3.113670 
3.109984 
3.100141 
3.129991 
3.113225 
3.085348 
3.087824 
3.093317 
3.068666 
3.084444 
3.136093 
3.163355 
3.098621 
3.109056 
3.127303 
3.111820 
3.096276 
3.082863 
3.131731 
3.117929 
3.120186 
3.145727 
3.082379 
3.082573 
3.116327 
3.059177 
3.149464 
3.091957 
3.103866 
3.064572 
3.070557 
3.098034 
3.092337 
3.138745 
3.110722 
3.108424 
3.119950 
3.126849 
3.098845 
3.107243 
3.111451 
3.124297 
3.076733 
3.089179 
3.105724 
3.091628 
3.108056 
3.110242 
3.147261 
3.102380 
3.123159 
3.059152 
3.074769 
3.104518 
3.080558 
3.128138 
3.126387 
3.128892 
3.165636 
3.105244 
3.102641 
3.122902 
3.122516 
3.133830 
3.125739 
3.136851 
3.112242 
3.067183 
3.098612 
3.124537 
3.130606 
3.119608 
3.104807 
3.148826 
3.101434 
3.074151 
3.126848 
3.105292 
3.131211 
3.114788 
3.057582 
3.109814 
3.123214 
3.129268 
3.140766 
3.124782 
3.138440 
3.151434 
3.149625 
3.148046 
3.162372 
3.124203 
3.131238 
3.150683 
3.103031 
3.072729 
3.118873 
3.119277 
3.082025 
3.126308 
3.124881 
3.144246 
3.150137 
3.103051 
3.104021 
3.117106 
3.088406 
3.082036 
3.107141 
3.066261 
3.081395 
3.115077 
3.119731 
3.142477 
3.096073 
3.100760 
3.074482 
3.062628 
3.130290 
3.111825 
3.154821 
3.150993 
3.095002 
3.109497 
3.151594 
3.114349 
3.078087 
3.069506 
3.098873 
3.113725 
3.115529 
3.158993 
3.131563 
3.109718 
3.157700 
3.143686 
3.084120 
3.104448 
3.131431 
3.113341 
3.110940 
3.098890 
3.056069 
3.141123 
3.122536 
3.134274 
3.113061 
3.124643 
3.106294 
3.110301 
3.121471 
3.143482 
3.100437 
3.154525 
3.074963 
3.092567 
3.090743 
3.106483 
3.098384 
3.106762 
3.140063 
3.127715 
3.124790 
3.080397 
3.088079 
3.120489 
3.089341 
3.088872 
3.104378 
3.089470 
3.102368 
3.070066 
3.111758 
3.092369 
3.100284 
3.112453 
3.118407 
3.145510 
3.125988 
3.107529 
3.071849 
3.080246 
3.113755 
3.115633 
3.089555 
3.095865 
3.091102 
3.120804 
3.118168 
3.170270 
3.178238 
3.125933 
3.136275 
3.143238 
3.121420 
3.124095 
3.097953 
3.073314 
3.097017 
3.110317 
3.135952 
3.115270 
3.093978 
3.139985 
3.125046 
3.135803 
3.119211 
3.129772 
3.124666 
3.082061 
3.078376 
3.097246 
3.115491 
3.115965 
3.106268 
3.160791 
3.098873 
3.162675 
3.150223 
3.114969 
3.113897 
3.108305 
3.119636 
3.129989 
3.118518 
3.115726 
3.053423 
3.102431 
3.111971 
3.122859 
3.122995 
3.102963 
3.128936 
3.129237 
3.139423 
3.119822 
3.089736 
3.150482 
3.135409 
3.105546 
3.083385 
3.085641 
3.063040 
3.099387 
3.106235 
3.105597 
3.096365 
3.106120 
3.107675 
3.114667 
3.072809 
3.054536 
3.113525 
3.128262 
3.126773 
3.111080 
3.111627 
3.128674 
3.107765 
3.136732 
3.116319 
3.124236 
3.124883 
3.109054 
3.108816 
3.100177 
3.179534 
3.111848 
3.130384 
3.093871 
3.084831 
3.090646 
3.096187 
3.127353 
3.147251 
3.137737 
3.088727 
3.121286 
3.152046 
3.135583 
3.151075 
3.118439 
3.104393 
3.083050 
3.111062 
3.114286 
3.126755 
3.094835 
3.129102 
3.118947 
3.115138 
3.150914 
3.170122 
3.097395 
3.128312 
3.137504 
3.065245 
3.117757 
3.146039 
3.112107 
3.121314 
3.129016 
3.096150 
3.127400 
3.132360 
3.090547 
3.055241 
3.122389 
3.123809 
3.110338 
3.134173 
3.106957 
3.151504 
3.115127 
3.091974 
3.113146 
3.093302 
3.097215 
3.091642 
3.136945 
3.056937 
3.124894 
3.115544 
3.101637 
3.102017 
3.076349 
3.068805 
3.116239 
3.090873 
3.074841 
3.067903 
3.113597 
3.166518 
3.147407 
3.123904 
3.118653 
3.118827 
3.112929 
3.107730 
3.106678 
3.083146 
3.106980 
3.100677 
3.120861 
3.108833 
3.098699 
3.111193 
3.084042 
3.110481 
3.081290 
3.084043 
3.145783 
3.110529 
3.149101 
3.147124 
3.155271 
3.138171 
3.158987 
3.136396 
3.142711 
3.105619 
3.116160 
3.137646 
3.094352 
3.071429 
3.116253 
3.104100 
3.058408 
3.106907 
3.075311 
3.149586 
3.129194 
3.111260 
3.160902 
3.107626 
3.122962 
3.096689 
3.095296 
3.091522 
3.101008 
3.110599 
3.126494 
3.151283 
3.098079 
3.086918 
3.108077 
3.109395 
3.111964 
3.100202 
3.093858 
3.126237 
3.106855 
3.114455 
3.084581 
3.053406 
3.070232 
3.088490 
3.065082 
3.098564 
3.121531 
3.134746 
3.112574 
3.065483 
3.082186 
3.136898 
3.158256 
3.156888 
3.128855 
3.094827 
3.113076 
3.104605 
3.097109 
3.134056 
3.138927 
3.130749 
3.138828 
3.118229 
3.108351 
3.090450 
3.135471 
3.148315 
3.089669 
3.085995 
3.108735 
3.103563 
3.153216 
3.130156 
3.146552 
3.155589 
3.141056 
3.156723 
3.150676 
3.131121 
3.099106 
3.081838 
3.134259 
3.170688 
3.126103 
3.152329 
3.140049 
3.109948 
3.116301 
3.112614 
3.116188 
3.149313 
3.114906 
3.071733 
3.111135 
3.116457 
3.110981 
3.132979 
3.108773 
3.100071 
3.089740 
3.091008 
3.058207 
3.126474 
3.070564 
3.116841 
3.059309 
3.062558 
3.060653 
3.076119 
3.105478 
3.107786 
3.093805 
3.119284 
3.146703 
3.152556 
3.103034 
3.112587 
3.090806 
3.131346 
3.131987 
3.140584 
3.089582 
3.067256 
3.065214 
3.070363 
3.069005 
3.084546 
3.146096 
3.092322 
3.105428 
3.099750 
3.090867 
3.110775 
3.133556 
3.122801 
3.092173 
3.091818 
3.052740 
3.067199 
3.079045 
3.105959 
3.075960 
3.092553 
3.081104 
3.107689 
3.107298 
3.116214 
3.110830 
3.108088 
3.107249 
3.103062 
3.086371 
3.073977 
3.146280 
3.142459 
3.103377 
3.121628 
3.117421 
3.140649 
3.126682 
3.150823 
3.105388 
3.128665 
3.131581 
3.207729 
3.139008 
3.171195 
3.101017 
3.112665 
3.085295 
3.093230 
3.106967 
3.110898 
3.102580 
3.072017 
3.091666 
3.105471 
3.126022 
3.077308 
3.109312 
3.111263 
3.135509 
3.145117 
3.138382 
3.135129 
3.127430 
3.109574 
3.081954 
3.117697 
3.132313 
3.121428 
3.103340 
3.089357 
3.102014 
3.093585 
3.104187 
3.154822 
3.123152 
3.156316 
3.125061 
3.114855 
3.118375 
3.105139 
3.115584 
3.122238 
3.101272 
3.130537 
3.171301 
3.177774 
3.157370 
3.146382 
3.146000 
3.131201 
3.120956 
3.119809 
3.090051 
3.094781 
3.094456 
3.122733 
3.127700 
3.135875 
3.115874 
3.066236 
3.042262 
3.112620 
3.130719 
3.131679 
3.128802 
3.127423 
3.143936 
3.127702 
3.215898 
3.166371 
3.123677 
3.099800 
3.114601 
3.133475 
3.161102 
3.127527 
3.105453 
3.171358 
3.102315 
3.103864 
3.120881 
3.183946 
3.148834 
3.113812 
3.118934 
3.108091 
3.147172 
3.133988 
3.117570 
3.149080 
3.124772 
3.097663 
3.086260 
3.088186 
3.114107 
3.116134 
3.087338 
3.052185 
3.068434 
3.156951 
3.118156 
3.121491 
3.157486 
3.186793 
3.128259 
3.156783 
3.112376 
3.157922 
3.107214 
3.108277 
3.105952 
3.117994 
3.149060 
3.124891 
3.127248 
3.129114 
3.112991 
3.121832 
3.170061 
3.059831 
3.087516 
3.123931 
3.099783 
3.063675 
3.107446 
3.114041 
3.129130 
3.153505 
3.143160 
3.080227 
3.142932 
3.110648 
3.097091 
3.074043 
3.098217 
3.118779 
3.103911 
3.123575 
3.163475 
3.086500 
3.087942 
3.105397 
3.110544 
3.113123 
3.117696 
3.102216 
3.103401 
3.070270 
3.141469 
3.148361 
3.139389 
3.154596 
3.107105 
3.098130 
3.110559 
3.120709 
3.087653 
3.099890 
3.108064 
3.109139 
3.154414 
3.083232 
3.086050 
3.088440 
3.077404 
3.109464 
3.112000 
3.107419 
3.098879 
3.129905 
3.123278 
3.139092 
3.103146 
3.137611 
3.144162 
3.115952 
3.120467 
3.124437 
3.113998 
3.096380 
3.123288 
3.124476 
3.147636 
3.128549 
3.138753 
3.098018 
3.103218 
3.096703 
3.110815 
3.096527 
3.104783 
3.109094 
3.072892 
3.104675 
3.130506 
3.151793 
3.107226 
3.062020 
3.105943 
3.114845 
3.112357 
3.130585 
3.162321 
3.117408 
3.080662 
3.101941 
3.113855 
3.123466 
3.036104 
3.082483 
3.089704 
3.098780 
3.103515 
3.117157 
3.097087 
3.102959 
3.089267 
3.107204 
3.122910 
3.196875 
3.163045 
3.117667 
3.146031 
3.088060 
3.119994 
3.063569 
3.082599 
3.106026 
3.101664 
3.139701 
3.099778 
3.096590 
3.135308 
3.100875 
3.113313 
3.075430 
3.069048 
3.065042 
3.077396 
3.098581 
3.103294 
3.129498 
3.072727 
3.125227 
3.129625 
3.090729 
3.086507 
3.116161 
3.101058 
3.128439 
3.114199 
3.114220 
3.117063 
3.123698 
3.099727 
3.122174 
3.117488 
3.141774 
3.136351 
3.089059 
3.091930 
3.094828 
3.114264 
3.107329 
3.091696 
3.091399 
3.131812 
3.102214 
3.126597 
3.085778 
3.048504 
3.116384 
3.154115 
3.130692 
3.077639 
3.124074 
3.144837 
3.128064 
3.150681 
3.119062 
3.103269 
3.146550 
3.109451 
3.149787 
3.110078 
3.114322 
3.085933 
3.083141 
3.088987 
3.117748 
3.116784 
3.128989 
3.141946 
3.114405 
3.136943 
3.099161 
3.080421 
3.109289 
3.074144 
3.115979 
3.152615 
3.130153 
3.090700 
3.158223 
3.120043 
3.131057 
3.119378 
3.147840 
3.119724 
3.094732 
3.050373 
3.093806 
3.067747 
3.123940 
3.123209 
3.092123 
3.056389 
3.091045 
3.127595 
3.159870 
3.164342 
3.117873 
3.091553 
3.086918 
3.096200 
3.091699 
3.088093 
3.090616 
3.112146 
3.147454 
3.086502 
3.116444 
3.152411 
3.099828 
3.141156 
3.117760 
3.071082 
3.096546 
3.099797 
3.127271 
3.100470 
3.106942 
3.146354 
3.141882 
3.121673 
3.132238 
3.147944 
3.142864 
3.131090 
3.129294 
3.123760 
3.140891 
3.104295 
3.098032 
3.114604 
3.137314 
3.087738 
3.068987 
3.053230 
3.066732 
3.102158 
3.127928 
3.085202 
3.098896 
3.133184 
3.144096 
3.087136 
3.112140 
3.139064 
3.124923 
3.140648 
3.145627 
3.134883 
3.114185 
3.112967 
3.122774 
3.074349 
3.088798 
3.097662 
3.125080 
3.089429 
3.083021 
3.159398 
3.118174 
3.103003 
3.180777 
3.097959 
3.067539 
3.096309 
3.121142 
3.115020 
3.101484 
3.132929 
3.094793 
3.106312 
3.124602 
3.103493 
3.110116 
3.103656 
3.137781 
3.143894 
3.078178 
3.094776 
3.144418 
3.136954 
3.156079 
3.133843 
3.144172 
3.152561 
3.143336 
3.096044 
3.120014 
3.174069 
3.119834 
3.111236 
3.111974 
3.078855 
3.092151 
3.075130 
3.137113 
3.129055 
3.128748 
3.120746 
3.101177 
3.121983 
3.132857 
3.143182 
3.136298 
3.131395 
3.078093 
3.117961 
3.112063 
3.135153 
3.133188 
3.139757 
3.136098 
3.106927 
3.132859 
3.124745 
3.148653 
3.129994 
3.118415 
3.156085 
3.139137 
3.138287 
3.155544 
3.152031 
3.170896 
3.134912 
3.145570 
3.130415 
3.149964 
3.137210 
3.172238 
3.143274 
3.085169 
3.083558 
3.094834 
3.132819 
3.083806 
3.109399 
3.085813 
3.105746 
3.112980 
3.101824 
3.151046 
3.081754 
3.120680 
3.140729 
3.145228 
3.139029 
3.138574 
3.141724 
3.111945 
3.113163 
3.086999 
3.066035 
3.073387 
3.125271 
3.098810 
3.102483 
3.125707 
3.135308 
3.107130 
3.122337 
3.109934 
3.142971 
3.109669 
3.094185 
3.124116 
3.099929 
3.117791 
3.127574 
3.123367 
3.121781 
3.095886 
3.135958 
3.108513 
3.113300 
3.123726 
3.174238 
3.130440 
3.126848 
3.132696 
3.133790 
3.123539 
3.119591 
3.168070 
3.127193 
3.063243 
3.097828 
3.044530 
3.120108 
3.107244 
3.146369 
3.134180 
3.111302 
3.130679 
3.126555 
3.076000 
3.094439 
3.079088 
3.125048 
3.103084 
3.122048 
3.152095 
3.082180 
3.125392 
3.106340 
3.132944 
3.111061 
3.108005 
3.108012 
3.119978 
3.130176 
3.092097 
3.105239 
3.119323 
3.129663 
3.081640 
3.096103 
3.111434 
3.076222 
3.138787 
3.166183 
3.156006 
3.150503 
3.112954 
3.126736 
3.127398 
3.142224 
3.130912 
3.120313 
3.127153 
3.121326 
3.110886 
3.116113 
3.118613 
3.119943 
3.113038 
3.054382 
3.098092 
3.111200 
3.145375 
3.084774 
3.093844 
3.097509 
3.126280 
3.130421 
3.117654 
3.077212 
3.118339 
3.108971 
3.126509 
3.102957 
3.145959 
3.121319 
3.148028 
3.152566 
3.156733 
3.116040 
3.157932 
3.160166 
3.085927 
3.078069 
3.094130 
3.087690 
3.100024 
3.106014 
3.123057 
3.132914 
3.104855 
3.097312 
3.085070 
3.115764 
3.109369 
3.150703 
3.079975 
3.077816 
3.096020 
3.078430 
3.094225 
3.117266 
3.090464 
3.087101 
3.115360 
3.101534 
3.085216 
3.142391 
3.131911 
3.130147 
3.100045 
3.089584 
3.125472 
3.129532 
3.162712 
3.083279 
3.079783 
3.056642 
3.099417 
3.082685 
3.104681 
3.139640 
3.129124 
3.135900 
3.138411 
3.106518 
3.128995 
3.122314 
3.109236 
3.096596 
3.096500 
3.085766 
3.058278 
3.079701 
3.104023 
3.143791 
3.132334 
3.111569 
3.130229 
3.141039 
3.141837 
3.134455 
3.105407 
3.101707 
3.074523 
3.105335 
3.172828 
3.141798 
3.064314 
3.086974 
3.107424 
3.138496 
3.121689 
3.106988 
3.151764 
3.138342 
3.125495 
3.128860 
3.127095 
3.096687 
3.082598 
3.111276 
3.093599 
3.144427 
3.119204 
3.096825 
3.114112 
3.109273 
3.155669 
3.143753 
3.105832 
3.099204 
3.132752 
3.105508 
3.068104 
3.085297 
3.101212 
3.122820 
3.098927 
3.105526 
3.146323 
3.103899 
3.151829 
3.124016 
3.133622 
3.140788 
3.127653 
3.114647 
3.124904 
3.129758 
3.130669 
3.147075 
3.127894 
3.112522 
3.121654 
3.112861 
3.128667 
3.149634 
3.122798 
3.104583 
3.124321 
3.119831 
3.127292 
3.095256 
3.104085 
3.087736 
3.104873 
3.091316 
3.112803 
3.115339 
3.128263 
3.115945 
3.087699 
3.103328 
3.068800 
3.098202 
3.132965 
3.133048 
3.131574 
3.108707 
3.121488 
3.140177 
3.111721 
3.127097 
3.122141 
3.119280 
3.058702 
3.068527 
3.148945 
3.104698 
3.098807 
3.112236 
3.063669 
3.147768 
3.131257 
3.160566 
3.135748 
3.135857 
3.116719 
3.114080 
3.131902 
3.142583 
3.149923 
3.151549 
3.098128 
3.075848 
3.125019 
3.157493 
3.089200 
3.119730 
3.096755 
3.090610 
3.070353 
3.131139 
3.101831 
3.157225 
3.137854 
3.118950 
3.148041 
3.150273 
3.120981 
3.147636 
3.096770 
3.127768 
3.123959 
3.157062 
3.091010 
3.062581 
3.124763 
3.152975 
3.094392 
3.097243 
3.113640 
3.101735 
3.087180 
3.110788 
3.098793 
3.080997 
3.136893 
3.098444 
3.111470 
3.135368 
3.108656 
3.117906 
3.129064 
3.121558 
3.130504 
3.103362 
3.102523 
3.119603 
3.087743 
3.076354 
3.098188 
3.128963 
3.113546 
3.108002 
3.095109 
3.138605 
3.090873 
3.081410 
3.129039 
3.100750 
3.134741 
3.082567 
3.092764 
3.128070 
3.146712 
3.129946 
3.110225 
3.092753 
3.103972 
3.098656 
3.127506 
3.113678 
3.057174 
3.075137 
3.093992 
3.097409 
3.147766 
3.142684 
3.114067 
3.118681 
3.180627 
3.164129 
3.134654 
3.129264 
3.104421 
3.127849 
3.135484 
3.117032 
3.131157 
3.127810 
3.192422 
3.129577 
3.134269 
3.162889 
3.116015 
3.169740 
3.112302 
3.131585 
3.138300 
3.133084 
3.118640 
3.077568 
3.047328 
3.078283 
3.051086 
3.117309 
3.118079 
3.119658 
3.099704 
3.128822 
3.130953 
3.140038 
3.150845 
3.149370 
3.134860 
3.112733 
3.145700 
3.108214 
3.129847 
3.115661 
3.138839 
3.134747 
3.128596 
3.119556 
3.087385 
3.071468 
3.121569 
3.091595 
3.108752 
3.101647 
3.103370 
3.112566 
3.109900 
3.100227 
3.119613 
3.145134 
3.129502 
3.129473 
3.201897 
3.088838 
3.105001 
3.062318 
3.135264 
3.160340 
3.116693 
3.105054 
3.141455 
3.120435 
3.036881 
3.115362 
3.104432 
3.076091 
3.094653 
3.156176 
3.101037 
3.142564 
3.166458 
3.146890 
3.119147 
3.123710 
3.111567 
3.103013 
3.119914 
3.116074 
3.104211 
3.067279 
3.113904 
3.086299 
3.087806 
3.120019 
3.086950 
3.070790 
3.117486 
3.092382 
3.094216 
3.103721 
3.144791 
3.125832 
3.119960 
3.119146 
3.106702 
3.109510 
3.100014 
3.081120 
3.092390 
3.064972 
3.088895 
3.104838 
3.184268 
3.118719 
3.141865 
3.134624 
3.091199 
3.087032 
3.092844 
3.102635 
3.105847 
3.106150 
3.111271 
3.068042 
3.117313 
3.120528 
3.113097 
3.084632 
3.150296 
3.066142 
3.148991 
3.126855 
3.123483 
3.113823 
3.099965 
3.112159 
3.135206 
3.105445 
3.082388 
3.134750 
3.106905 
3.129739 
3.109378 
3.094071 
3.116376 
3.097315 
3.089802 
3.090062 
3.072074 
3.065080 
3.081402 
3.094168 
3.091402 
3.146765 
3.098555 
3.115596 
3.143034 
3.122460 
3.132262 
3.131908 
3.098979 
3.116735 
3.111565 
3.135023 
3.078795 
3.136253 
3.138802 
3.114591 
3.117052 
3.156481 
3.106989 
3.132939 
3.142592 
3.097157 
3.108184 
3.102638 
3.130529 
3.129608 
3.155990 
3.170838 
3.142146 
3.143125 
3.117361 
3.095093 
3.077904 
3.097053 
3.111121 
3.108095 
3.099719 
3.100412 
3.099328 
3.101049 
3.120561 
3.130646 
3.154391 
3.119391 
3.126930 
3.158168 
3.096700 
3.082823 
3.145707 
3.095818 
3.112557 
3.076855 
3.086391 
3.104597 
3.140766 
3.139083 
3.109623 
3.100688 
3.165452 
3.077064 
3.144470 
3.133539 
3.131998 
3.132347 
3.105224 
3.109517 
3.073814 
3.071393 
3.095457 
3.108698 
3.092048 
3.118355 
3.092188 
3.151000 
3.119708 
3.145959 
3.138721 
3.177518 
3.125230 
3.150152 
3.184071 
3.130468 
3.115911 
3.150315 
3.151042 
3.162685 
3.127150 
3.111692 
3.104390 
3.139235 
3.123664 
3.121720 
3.163971 
3.135816 
3.157548 
3.115473 
3.063502 
3.094416 
3.134935 
3.163197 
3.120493 
3.130515 
3.140411 
3.091520 
3.104969 
3.110743 
3.125751 
3.088700 
3.122477 
3.085214 
3.122712 
3.121697 
3.116923 
3.110006 
3.153614 
3.131934 
3.094123 
3.113314 
3.132203 
3.124100 
3.141711 
3.136423 
3.120053 
3.165181 
3.129320 
3.117878 
3.133043 
3.126306 
3.079573 
3.088832 
3.106669 
3.109481 
3.107363 
3.119744 
3.124011 
3.106347 
3.098068 
3.117970 
3.125134 
3.107570 
3.121642 
3.119240 
3.144129 
3.132074 
3.136008 
3.144579 
3.113091 
3.119423 
3.092832 
3.100259 
3.145301 
3.135057 
3.127958 
3.132256 
3.081151 
3.080645 
3.109261 
3.126531 
3.088394 
3.057933 
3.080369 
3.120104 
3.132727 
3.114315 
3.119291 
3.138599 
3.128727 
3.133535 
3.117972 
3.083742 
3.092945 
3.107872 
3.132910 
3.140165 
3.093894 
3.115790 
3.097247 
3.093576 
3.087604 
3.097248 
3.120244 
3.101582 
3.112163 
3.122912 
3.094715 
3.118162 
3.148038 
3.139594 
3.123875 
3.095440 
3.085239 
3.139218 
3.186866 
3.103309 
3.130916 
3.149796 
3.128700 
3.102061 
3.107693 
3.087439 
3.116288 
3.116516 
3.130181 
3.135134 
3.132913 
3.107015 
3.087796 
3.088717 
3.116704 
3.129178 
3.093279 
3.072279 
3.086638 
3.072010 
3.160214 
3.129962 
3.098258 
3.128430 
3.116219 
3.134119 
3.116185 
3.143809 
3.135900 
3.092201 
3.112170 
3.095100 
3.125804 
3.123612 
3.153142 
3.080447 
3.084905 
3.079870 
3.131453 
3.092933 
3.085156 
3.109875 
3.090281 
3.172886 
3.157192 
3.086345 
3.076026 
3.115750 
3.132814 
3.131686 
3.129711 
3.136926 
3.110033 
3.074532 
3.090120 
3.116964 
3.095039 
3.091287 
3.076629 
3.080578 
3.085465 
3.089862 
3.097877 
3.143658 
3.121085 
3.103430 
3.151874 
3.105678 
3.115410 
3.136226 
3.080789 
3.096362 
3.142054 
3.127755 
3.135483 
3.126257 
3.126948 
3.116451 
3.091527 
3.141622 
3.101328 
3.091682 
3.085192 
3.137248 
3.154645 
3.154364 
3.153612 
3.125833 
3.154463 
3.148152 
3.159869 
3.147813 
3.146388 
3.175525 
3.164739 
3.144917 
3.130858 
3.142234 
3.144067 
3.130274 
3.122439 
3.144139 
3.125417 
3.157842 
3.091520 
3.089215 
3.194877 
3.123853 
3.107946 
3.081890 
3.116117 
3.120679 
3.143331 
3.077508 
3.095022 
3.114331 
3.119773 
3.111554 
3.122783 
3.129594 
3.154779 
3.154934 
3.151997 
3.122406 
3.131515 
3.159841 
3.129345 
3.096453 
3.042419 
3.101859 
3.076968 
3.131143 
3.129083 
3.121467 
3.069810 
3.127282 
3.080554 
3.096462 
3.104105 
3.136747 
3.101785 
3.076108 
3.089836 
3.068474 
3.050483 
3.109925 
3.119953 
3.092747 
3.089590 
3.063199 
3.103594 
3.098881 
3.090147 
3.152831 
3.117052 
3.151705 
3.155529 
3.126924 
3.141752 
3.081929 
3.084633 
3.113588 
3.132444 
3.113400 
3.088545 
3.095463 
3.103225 
3.170615 
3.090263 
3.109691 
3.103992 
3.139809 
3.133761 
3.143071 
3.134969 
3.133417 
3.092630 
3.118002 
3.109925 
3.121143 
3.126089 
3.105610 
3.074264 
3.098553 
3.121715 
3.167000 
3.125835 
3.122934 
3.102645 
3.105402 
3.059166 
3.094567 
3.139000 
3.135992 
3.122083 
3.088026 
3.094173 
3.103092 
3.061386 
3.119194 
3.109807 
3.117451 
3.110277 
3.097798 
3.117667 
3.083496 
3.092444 
3.075290 
3.098528 
3.126566 
3.096700 
3.102822 
3.070829 
3.080984 
3.083514 
3.069194 
3.091385 
3.101647 
3.101835 
3.123969 
3.080944 
3.109752 
3.133973 
3.120839 
3.119239 
3.114326 
3.094069 
3.124506 
3.108272 
3.119556 
3.094706 
3.139806 
3.140904 
3.112472 
3.104477 
3.140123 
3.127564 
3.100215 
3.123227 
3.098691 
3.098671 
3.145780 
3.093181 
3.145738 
3.129223 
3.104736 
3.095965 
3.118092 
3.124275 
3.143780 
3.137604 
3.105892 
3.112210 
3.084442 
3.113248 
3.089373 
3.117313 
3.102953 
3.055361 
3.104837 
3.083992 
3.134566 
3.109755 
3.155649 
3.156949 
3.087413 
3.111631 
3.093222 
3.131768 
3.122051 
3.103039 
3.081383 
3.134931 
3.112622 
3.058158 
3.103319 
3.131821 
3.132708 
3.108516 
3.101508 
3.107580 
3.125729 
3.090009 
3.137070 
3.110495 
3.094117 
3.096161 
3.098694 
3.092871 
3.087195 
3.084421 
3.070197 
3.112767 
3.119248 
3.121778 
3.126759 
3.085049 
3.107116 
3.129139 
3.137763 
3.103246 
3.114945 
3.108802 
3.128577 
3.131382 
3.181556 
3.194914 
3.117197 
3.125084 
3.129074 
3.080965 
3.051242 
3.071760 
3.081937 
3.106836 
3.094574 
3.113608 
3.135486 
3.094408 
3.098669 
3.084715 
3.074348 
3.114808 
3.154113 
3.105698 
3.118385 
3.126400 
3.100541 
3.102985 
3.142666 
3.103856 
3.147320 
3.130359 
3.118284 
3.121018 
3.097241 
3.104746 
3.140334 
3.099231 
3.116805 
3.086575 
3.118288 
3.113862 
3.099358 
3.087470 
3.106292 
3.077773 
3.100660 
3.114043 
3.079966 
3.081654 
3.082800 
3.108918 
3.129600 
3.081547 
3.114271 
3.085980 
3.076939 
3.119445 
3.115177 
3.097437 
3.086130 
3.123863 
3.106031 
3.106713 
3.124928 
3.119535 
3.090823 
3.088342 
3.138976 
3.111085 
3.151420 
3.126419 
3.133014 
3.145527 
3.091308 
3.104765 
3.124513 
3.107880 
3.130413 
3.070153 
3.119592 
3.162956 
3.142255 
3.100909 
3.150591 
3.126236 
3.044875 
3.098158 
3.112793 
3.103170 
3.124554 
3.125531 
3.141979 
3.137927 
3.149283 
3.101712 
3.089928 
3.111220 
3.118479 
3.099199 
3.089069 
3.074189 
3.117115 
3.057366 
3.099655 
3.116775 
3.102191 
3.105636 
3.110412 
3.124182 
3.139037 
3.127921 
3.095142 
3.145411 
3.153732 
3.143624 
3.127848 
