3.839488 
3.841789 
3.839635 
3.837846 
3.838737 
3.838180 
3.840066 
3.841074 
3.840232 
3.841886 
3.840957 
3.842307 
3.842803 
3.842156 
3.841765 
3.841289 
3.841645 
3.841335 
3.840987 
3.841157 
3.842496 
3.838804 
3.839357 
3.841700 
3.839943 
3.841650 
3.840772 
3.840198 
3.838117 
3.842219 
3.839240 
3.841648 
3.841873 
3.842114 
3.840481 
3.842154 
3.841427 
3.840646 
3.836953 
3.841772 
3.840239 
3.840905 
3.837826 
3.842598 
3.839789 
3.842696 
3.841320 
3.840261 
3.840402 
3.838262 
3.843014 
3.842448 
3.841669 
3.842098 
3.838000 
3.841853 
3.839570 
3.842155 
3.840910 
3.839526 
3.840610 
3.841821 
3.839812 
3.841783 
3.842604 
3.840122 
3.839998 
3.843272 
3.839601 
3.842811 
3.840764 
3.841864 
3.842238 
3.844358 
3.839126 
3.839588 
3.838704 
3.840803 
3.840908 
3.841320 
3.838858 
3.838426 
3.841133 
3.841726 
3.842009 
3.837795 
3.839130 
3.838902 
3.841594 
3.839096 
3.839626 
3.839285 
3.838633 
3.840226 
3.840040 
3.839981 
3.841206 
3.839130 
3.840817 
3.839542 
3.840951 
3.840710 
3.838696 
3.841721 
3.840223 
3.840131 
3.839484 
3.840194 
3.841330 
3.840838 
3.839800 
3.842700 
3.842208 
3.840159 
3.840918 
3.841460 
3.840863 
3.840881 
3.841108 
3.841931 
3.841822 
3.840623 
3.841337 
3.842080 
3.839959 
3.841456 
3.839404 
3.842841 
3.840220 
3.841027 
3.842328 
3.839521 
3.841448 
3.838750 
3.837307 
3.840535 
3.843779 
3.840391 
3.838498 
3.839573 
3.841019 
3.839818 
3.843625 
3.842331 
3.840036 
3.839462 
3.839942 
3.839042 
3.841802 
3.842089 
3.840085 
3.840090 
3.838694 
3.838246 
3.841534 
3.839419 
3.839989 
3.842387 
3.841274 
3.843098 
3.841847 
3.842678 
3.841330 
3.840522 
3.841877 
3.840117 
3.841939 
3.840552 
3.840714 
3.841416 
3.839114 
3.840846 
3.840782 
3.842369 
3.839778 
3.841423 
3.841228 
3.841566 
3.841778 
3.841077 
3.840725 
3.840977 
3.840772 
3.841666 
3.841662 
3.843156 
3.841479 
3.840039 
3.840668 
3.840904 
3.841744 
3.841353 
3.839710 
3.840484 
3.841236 
3.842461 
3.841183 
3.839936 
3.839272 
3.840545 
3.839256 
3.840870 
3.841792 
3.839183 
3.842383 
3.839565 
3.838402 
3.839940 
3.840453 
3.841168 
3.839955 
3.841173 
3.839821 
3.839620 
3.839074 
3.840205 
3.839278 
3.840085 
3.838997 
3.840967 
3.840666 
3.841178 
3.841887 
3.840583 
3.841809 
3.841096 
3.841517 
3.841006 
3.841502 
3.843635 
3.840492 
3.842178 
3.841158 
3.840143 
3.838885 
3.838635 
3.839803 
3.841151 
3.842979 
3.840957 
3.839817 
3.838971 
3.839503 
3.841941 
3.841650 
3.842579 
3.841621 
3.838400 
3.840091 
3.840126 
3.839703 
3.841869 
3.843064 
3.842482 
3.841676 
3.841882 
3.840557 
3.841213 
3.841636 
3.842317 
3.839412 
3.838965 
3.840300 
3.842961 
3.839534 
3.840336 
3.838548 
3.842943 
3.841087 
3.840052 
3.840459 
3.840592 
3.838321 
3.839884 
3.840572 
3.841570 
3.841510 
3.839464 
3.841939 
3.840015 
3.839959 
3.837935 
3.840854 
3.841134 
3.839431 
3.840015 
3.841448 
3.841543 
3.842511 
3.839397 
3.837463 
3.840731 
3.841829 
3.841924 
3.840522 
3.839506 
3.836892 
3.838221 
3.839912 
3.839053 
3.842125 
3.838885 
3.842112 
3.841155 
3.840874 
3.840610 
3.841174 
3.839204 
3.842589 
3.843103 
3.840757 
3.839796 
3.838900 
3.841552 
3.843354 
3.842626 
3.844884 
3.842644 
3.843529 
3.840094 
3.840636 
3.840538 
3.842917 
3.842917 
3.841299 
3.843929 
3.841402 
3.842836 
3.844048 
3.838752 
3.841017 
3.841384 
3.841022 
3.840399 
3.839819 
3.841582 
3.842177 
3.840494 
3.841405 
3.840833 
3.841283 
3.841201 
3.840313 
3.840585 
3.841364 
3.842443 
3.842642 
3.842164 
3.844523 
3.841166 
3.842830 
3.843680 
3.840976 
3.842728 
3.839831 
3.838152 
3.837918 
3.838837 
3.840498 
3.841866 
3.842294 
3.841007 
3.839808 
3.841401 
3.841541 
3.839770 
3.842593 
3.840843 
3.840227 
3.840515 
3.841466 
3.841473 
3.840143 
3.840740 
3.840529 
3.840544 
3.837991 
3.839822 
3.840917 
3.839951 
3.837453 
3.840964 
3.840658 
3.843524 
3.842791 
3.842171 
3.842155 
3.841165 
3.840741 
3.842225 
3.843808 
3.842667 
3.840000 
3.839202 
3.839700 
3.838929 
3.838899 
3.840973 
3.842144 
3.841399 
3.843211 
3.839534 
3.841827 
3.840491 
3.839956 
3.841395 
3.838157 
3.839931 
3.841533 
3.841423 
3.841564 
3.843809 
3.843128 
3.841327 
3.840560 
3.840189 
3.838967 
3.841836 
3.843206 
3.842404 
3.840534 
3.840488 
3.842253 
3.844925 
3.841684 
3.842505 
3.842892 
3.841771 
3.842153 
3.840646 
3.840871 
3.839818 
3.840955 
3.841847 
3.839529 
3.840231 
3.840875 
3.841499 
3.840965 
3.840356 
3.840613 
3.840683 
3.841442 
3.841264 
3.841587 
3.840969 
3.841500 
3.838580 
3.842778 
3.841737 
3.842451 
3.842210 
3.842564 
3.841234 
3.838726 
3.843142 
3.839512 
3.842587 
3.842436 
3.841633 
3.842989 
3.841174 
3.842579 
3.842605 
3.840866 
3.842574 
3.842765 
3.841010 
3.841469 
3.843935 
3.842612 
3.839557 
3.844415 
3.841720 
3.840160 
3.839848 
3.839565 
3.839442 
3.838844 
3.841263 
3.843238 
3.841605 
3.840904 
3.841190 
3.843207 
3.844921 
3.841835 
3.841977 
3.843910 
3.840679 
3.840477 
3.841624 
3.841005 
3.839162 
3.839571 
3.840904 
3.839430 
3.840243 
3.842823 
3.842692 
3.837286 
3.838912 
3.838913 
3.841569 
3.842778 
3.841456 
3.838634 
3.842481 
3.841138 
3.842167 
3.841460 
3.841350 
3.840901 
3.839872 
3.841658 
3.840848 
3.838394 
3.839831 
3.841226 
3.841594 
3.842407 
3.840127 
3.841641 
3.841380 
3.838887 
3.838126 
3.838909 
3.839470 
3.842354 
3.842953 
3.840967 
3.838929 
3.840795 
3.839854 
3.840940 
3.839221 
3.838569 
3.840608 
3.841318 
3.842052 
3.842054 
3.837363 
3.838949 
3.839740 
3.843375 
3.838400 
3.841249 
3.839702 
3.839939 
3.839568 
3.841878 
3.842605 
3.842471 
3.844725 
3.845076 
3.843817 
3.841640 
3.842641 
3.840943 
3.841057 
3.841222 
3.842503 
3.841488 
3.840752 
3.841013 
3.842209 
3.841180 
3.839551 
3.839549 
3.839254 
3.837566 
3.840132 
3.842597 
3.840362 
3.840588 
3.838324 
3.840053 
3.842950 
3.842104 
3.840605 
3.845248 
3.843706 
3.842014 
3.842473 
3.842741 
3.841036 
3.839554 
3.837845 
3.840547 
3.841564 
3.838180 
3.838936 
3.840721 
3.840957 
3.839596 
3.837818 
3.836898 
3.838243 
3.842314 
3.840602 
3.840105 
3.840464 
3.839874 
3.841674 
3.840319 
3.841405 
3.844977 
3.841922 
3.841271 
3.838336 
3.843271 
3.844335 
3.841204 
3.841381 
3.840999 
3.842547 
3.840089 
3.840835 
3.840398 
3.843086 
3.840879 
3.841173 
3.843629 
3.840109 
3.840343 
3.839749 
3.843539 
3.842148 
3.841832 
3.842259 
3.841414 
3.840811 
3.840753 
3.838694 
3.840247 
3.841203 
3.842263 
3.840065 
3.840351 
3.841436 
3.841835 
3.841977 
3.839934 
3.840121 
3.839619 
3.842392 
3.843646 
3.840747 
3.840814 
3.841016 
3.841668 
3.840871 
3.842831 
3.839796 
3.839437 
3.841923 
3.841516 
3.840063 
3.840271 
3.842152 
3.839484 
3.842792 
3.840309 
3.841438 
3.840728 
3.840002 
3.838497 
3.840650 
3.839523 
3.842456 
3.841381 
3.841862 
3.840853 
3.839774 
3.841154 
3.839591 
3.840202 
3.839329 
3.841031 
3.840311 
3.839516 
3.842006 
3.842101 
3.842114 
3.839724 
3.841410 
3.840298 
3.840740 
3.838802 
3.840694 
3.841790 
3.840003 
3.842222 
3.842591 
3.840218 
3.841390 
3.841378 
3.842619 
3.843119 
3.840169 
3.840912 
3.840536 
3.839471 
3.842136 
3.839527 
3.842481 
3.843826 
3.843431 
3.841271 
3.841645 
3.843795 
3.840746 
3.838577 
3.839890 
3.840056 
3.842772 
3.841732 
3.841170 
3.840330 
3.841208 
3.839500 
3.839409 
3.841326 
3.842245 
3.840994 
3.841441 
3.841176 
3.843931 
3.840251 
3.840760 
3.840144 
3.841302 
3.842335 
3.843625 
3.842296 
3.842270 
3.842013 
3.839993 
3.841169 
3.842726 
3.839280 
3.838513 
3.842396 
3.842228 
3.840722 
3.840432 
3.839982 
3.841612 
3.841734 
3.840611 
3.840038 
3.842579 
3.843462 
3.840736 
3.837906 
3.838454 
3.839233 
3.840161 
3.840600 
3.836217 
3.840361 
3.839561 
3.840931 
3.840664 
3.840342 
3.841246 
3.841086 
3.842587 
3.846166 
3.839847 
3.842794 
3.839112 
3.841368 
3.842016 
3.840286 
3.840768 
3.840518 
3.839929 
3.841913 
3.842227 
3.842017 
3.841199 
3.844096 
3.843426 
3.838264 
3.838167 
3.840427 
3.841840 
3.840823 
3.838497 
3.842061 
3.841045 
3.840878 
3.840499 
3.841898 
3.844190 
3.840575 
3.840540 
3.839210 
3.842340 
3.841288 
3.840119 
3.842227 
3.839085 
3.839918 
3.838813 
3.841701 
3.840919 
3.840382 
3.841334 
3.840393 
3.842730 
3.843455 
3.842230 
3.842235 
3.840156 
3.839651 
3.840458 
3.839961 
3.841436 
3.843578 
3.842285 
3.842535 
3.842833 
3.841842 
3.842170 
3.841908 
3.839730 
3.841946 
3.841786 
3.841535 
3.840997 
3.838318 
3.839378 
3.840544 
3.841676 
3.842521 
3.842069 
3.842420 
3.842121 
3.839799 
3.842021 
3.841632 
3.840197 
3.839825 
3.839332 
3.840140 
3.844027 
3.841838 
3.841334 
3.840470 
3.840064 
3.841536 
3.838045 
3.839395 
3.841480 
3.843334 
3.842767 
3.842659 
3.839205 
3.842799 
3.839925 
3.838704 
3.841344 
3.841551 
3.843472 
3.840415 
3.843955 
3.844133 
3.842320 
3.842670 
3.842228 
3.842758 
3.840781 
3.840392 
3.841859 
3.843290 
3.841877 
3.838387 
3.838436 
3.839958 
3.836970 
3.838361 
3.840120 
3.841019 
3.841825 
3.839736 
3.841093 
3.842610 
3.841572 
3.837889 
3.837176 
3.839814 
3.840885 
3.839292 
3.837875 
3.840117 
3.840701 
3.839151 
3.842520 
3.840495 
3.839774 
3.840132 
3.839501 
3.841134 
3.842232 
3.842908 
3.843775 
3.843844 
3.844382 
3.842544 
3.840355 
3.840865 
3.841993 
3.844027 
3.841624 
3.840278 
3.838848 
3.839021 
3.839671 
3.838877 
3.839685 
3.839713 
3.838981 
3.840138 
3.837410 
3.841919 
3.841842 
3.840394 
3.841011 
3.838161 
3.841581 
3.841574 
3.840757 
3.839907 
3.841482 
3.841753 
3.841234 
3.840662 
3.841360 
3.840360 
3.840728 
3.839386 
3.840483 
3.842306 
3.841790 
3.841528 
3.841355 
3.839160 
3.841587 
3.841940 
3.839951 
3.840840 
3.841682 
3.840233 
3.840294 
3.838864 
3.841928 
3.841528 
3.842321 
3.841856 
3.840865 
3.841089 
3.840509 
3.841070 
3.843076 
3.841502 
3.841037 
3.843199 
3.841213 
3.840984 
3.839410 
3.842277 
3.843445 
3.841566 
3.839529 
3.839703 
3.839405 
3.839992 
3.841386 
3.839856 
3.839782 
3.838681 
3.839846 
3.840589 
3.840339 
3.839206 
3.841785 
3.843274 
3.843176 
3.839488 
3.839891 
3.839303 
3.842136 
3.840806 
3.841219 
3.841098 
3.842748 
3.842394 
3.840656 
3.839887 
3.840862 
3.841494 
3.841052 
3.840722 
3.838436 
3.838337 
3.838758 
3.842234 
3.842530 
3.839497 
3.839155 
3.840301 
3.840617 
3.840897 
3.841944 
3.842994 
3.841813 
3.843827 
3.843407 
3.843398 
3.838655 
3.837088 
3.838027 
3.841234 
3.839883 
3.840774 
3.840447 
3.844581 
3.844352 
3.838993 
3.842086 
3.842354 
3.840634 
3.840508 
3.841817 
3.844563 
3.842534 
3.840858 
3.841422 
3.843923 
3.841264 
3.840739 
3.840108 
3.840976 
3.842645 
3.843817 
3.840971 
3.841874 
3.841603 
3.840228 
3.838571 
3.840185 
3.840350 
3.840811 
3.837486 
3.843205 
3.839831 
3.839352 
3.840383 
3.840613 
3.841875 
3.841672 
3.843544 
3.843976 
3.842246 
3.841229 
3.839967 
3.841248 
3.841522 
3.838848 
3.840704 
3.838656 
3.838620 
3.843007 
3.841619 
3.842119 
3.841369 
3.839228 
3.838372 
3.839411 
3.837608 
3.839496 
3.839299 
3.839284 
3.838077 
3.841104 
3.839526 
3.840370 
3.839072 
3.841305 
3.842128 
3.841411 
3.841063 
3.840561 
3.840263 
3.839888 
3.839254 
3.840138 
3.837836 
3.841670 
3.840552 
3.840001 
3.840228 
3.840957 
3.840731 
3.837862 
3.840495 
3.838329 
3.840272 
3.840959 
3.840840 
3.841097 
3.842727 
3.840361 
3.839992 
3.839881 
3.840006 
3.842397 
3.841756 
3.840365 
3.840834 
3.840597 
3.838441 
3.841364 
3.841007 
3.842284 
3.839455 
3.839790 
3.839751 
3.841465 
3.840681 
3.839827 
3.839777 
3.840647 
3.838430 
3.838480 
3.839155 
3.841589 
3.840611 
3.841232 
3.839694 
3.838958 
3.841394 
3.840324 
3.839347 
3.840980 
3.842414 
3.840554 
3.840358 
3.837146 
3.839967 
3.838321 
3.842748 
3.841269 
3.841115 
3.842167 
3.841062 
3.841348 
3.840731 
3.839267 
3.839833 
3.838317 
3.840380 
3.838722 
3.838889 
3.837192 
3.837111 
3.839503 
3.836811 
3.841002 
3.841539 
3.840761 
3.841480 
3.840334 
3.843550 
3.841046 
3.839997 
3.840926 
3.841744 
3.842061 
3.840336 
3.838671 
3.838104 
3.841426 
3.838595 
3.841499 
3.842974 
3.842637 
3.841232 
3.841611 
3.840833 
3.840424 
3.840869 
3.839453 
3.840298 
3.840191 
3.841134 
3.840409 
3.839525 
3.843067 
3.840881 
3.842412 
3.841041 
3.841179 
3.842263 
3.838911 
3.839572 
3.841645 
3.840178 
3.840087 
3.842646 
3.841292 
3.838775 
3.838824 
3.839176 
3.841714 
3.841958 
3.840566 
3.839679 
3.841169 
3.841162 
3.840900 
3.842247 
3.844258 
3.839634 
3.841845 
3.840648 
3.841741 
3.842025 
3.842573 
3.843137 
3.840885 
3.840743 
3.839632 
3.838559 
3.839475 
3.842174 
3.842231 
3.842524 
3.840867 
3.840061 
3.841322 
3.840469 
3.839134 
3.840025 
3.840814 
3.841901 
3.840123 
3.841317 
3.839211 
3.837664 
3.838133 
3.837462 
3.839580 
3.842322 
3.840791 
3.840477 
3.842611 
3.841460 
3.841179 
3.841133 
3.842606 
3.839785 
3.840061 
3.839572 
3.839921 
3.840756 
3.841213 
3.840874 
3.840697 
3.840687 
3.842026 
3.843147 
3.842892 
3.843449 
3.842100 
3.838905 
3.843724 
3.841187 
3.840270 
3.840334 
3.839702 
3.841202 
3.841474 
3.840083 
3.839867 
3.841610 
3.843008 
3.841988 
3.841633 
3.838562 
3.839683 
3.840017 
3.839263 
3.840195 
3.840966 
3.841851 
3.841803 
3.842319 
3.841692 
3.841065 
3.841771 
3.840782 
3.839656 
3.838949 
3.841205 
3.840251 
3.839668 
3.839339 
3.840600 
3.837341 
3.838071 
3.838616 
3.838799 
3.841065 
3.840053 
3.839101 
3.840872 
3.841335 
3.839213 
3.840431 
3.840966 
3.842947 
3.842399 
3.840930 
3.836892 
3.842313 
3.839870 
3.839831 
3.842481 
3.843685 
3.841911 
3.841313 
3.842314 
3.842373 
3.842533 
3.838709 
3.839219 
3.841646 
3.839272 
3.841869 
3.840492 
3.842214 
3.841478 
3.840507 
3.841217 
3.840626 
3.839825 
3.838905 
3.840864 
3.842261 
3.840221 
3.843152 
3.842191 
3.840839 
3.842228 
3.839336 
3.840603 
3.841014 
3.840347 
3.840544 
3.837765 
3.839744 
3.839295 
3.841113 
3.840769 
3.840645 
3.841521 
3.841811 
3.841800 
3.842844 
3.840838 
3.841549 
3.839981 
3.838948 
3.840514 
3.843072 
3.840065 
3.839013 
3.837632 
3.841754 
3.839592 
3.839573 
3.842650 
3.842903 
3.841739 
3.841658 
3.839698 
3.838368 
3.842575 
3.842172 
3.842450 
3.840056 
3.838594 
3.838555 
3.839197 
3.839533 
3.843651 
3.840382 
3.843154 
3.841540 
3.842327 
3.842442 
3.842140 
3.841942 
3.839120 
3.842440 
3.841654 
3.841255 
3.840432 
3.840652 
3.841044 
3.842738 
3.841830 
3.840265 
3.839677 
3.840449 
3.841179 
3.843885 
3.841813 
3.839253 
3.840743 
3.841084 
3.836385 
3.839910 
3.841756 
3.839735 
3.840004 
3.841043 
3.840603 
3.842230 
3.841673 
3.840407 
3.843985 
3.841540 
3.842000 
3.840729 
3.841455 
3.841357 
3.842078 
3.841341 
3.842277 
3.841793 
3.840910 
3.840029 
3.840217 
3.841990 
3.840747 
3.841363 
3.840765 
3.837058 
3.838800 
3.839103 
3.843026 
3.841364 
3.840720 
3.840275 
3.842009 
3.838000 
3.839097 
3.843211 
3.841641 
3.842933 
3.841745 
3.842880 
3.840026 
3.843399 
3.841215 
3.841681 
3.842960 
3.839137 
3.840080 
3.839112 
3.839427 
3.840798 
3.841019 
3.840955 
3.840217 
3.838971 
3.840186 
3.841861 
3.840023 
3.842047 
3.843580 
3.840927 
3.839518 
3.838493 
3.838616 
3.840293 
3.844092 
3.842109 
3.843032 
3.842645 
3.842256 
3.841163 
3.841610 
3.842211 
3.842434 
3.840540 
3.839815 
3.843366 
3.841948 
3.839886 
3.840551 
3.839451 
3.840595 
3.839725 
3.841060 
3.838994 
3.841350 
3.839811 
3.841323 
3.841494 
3.842217 
3.840343 
3.839729 
3.842837 
3.839851 
3.842433 
3.841753 
3.841228 
3.842384 
3.844045 
3.840551 
3.842341 
3.839958 
3.839714 
3.840225 
3.841396 
3.840312 
3.842567 
3.843452 
3.842094 
3.840464 
3.840907 
3.840868 
3.841262 
3.840080 
3.841451 
3.842768 
3.841774 
3.842299 
3.840999 
3.841376 
3.842198 
3.841138 
3.841290 
3.839584 
3.841825 
3.840324 
3.841062 
3.840942 
3.840479 
3.841465 
3.841128 
3.840993 
3.840546 
3.841317 
3.841736 
3.842700 
3.841328 
3.841254 
3.841276 
3.840826 
3.840314 
3.842996 
3.842535 
3.840637 
3.842579 
3.840961 
3.841559 
3.842072 
3.842286 
3.841080 
3.841400 
3.839740 
3.840876 
3.841351 
3.841232 
3.840693 
3.840953 
3.841500 
3.841984 
3.841412 
3.840171 
3.840583 
3.841774 
3.840307 
3.840745 
3.842220 
3.841212 
3.841265 
3.838052 
3.841537 
3.842563 
3.840114 
3.841881 
3.842691 
3.839385 
3.840214 
3.842901 
3.841629 
3.839830 
3.840032 
3.839716 
3.840293 
3.839002 
3.841939 
3.842396 
3.839479 
3.841319 
3.841289 
3.840663 
3.843356 
3.842769 
3.841372 
3.842245 
3.842171 
3.840296 
3.842073 
3.840109 
3.840663 
3.840463 
3.838831 
3.843279 
3.841813 
3.840672 
3.841011 
3.840160 
3.840205 
3.842171 
3.841891 
3.841179 
3.840804 
3.842340 
3.840307 
3.842414 
3.840109 
3.841221 
3.843259 
3.841691 
3.839290 
3.839332 
3.838457 
3.839863 
3.839025 
3.839309 
3.840515 
3.843715 
3.841572 
3.841444 
3.839056 
3.842149 
3.838587 
3.838500 
3.838129 
3.840145 
3.842949 
3.843090 
3.840582 
3.838248 
3.841769 
3.842710 
3.841228 
3.841973 
3.842655 
3.841095 
3.841352 
3.842664 
3.841066 
3.841606 
3.841396 
3.842876 
3.844575 
3.842564 
3.840475 
3.839589 
3.838549 
3.842594 
3.842150 
3.842280 
3.842362 
3.839743 
3.840141 
3.841050 
3.840167 
3.844002 
3.840033 
3.840830 
3.840695 
3.840264 
3.838679 
3.841528 
3.841536 
3.841307 
3.843329 
3.840730 
3.839712 
3.840794 
3.839331 
3.840096 
3.840602 
3.841493 
3.842536 
3.840704 
3.840468 
3.840851 
3.840596 
3.843350 
3.843645 
3.839764 
3.842288 
3.840047 
3.839757 
3.838762 
3.838646 
3.841307 
3.840774 
3.839325 
3.838990 
3.839784 
3.842526 
3.841297 
3.840016 
3.840499 
3.840283 
3.841899 
3.840817 
3.841812 
3.841417 
3.840962 
3.841660 
3.841976 
3.840873 
3.839384 
3.838379 
3.842898 
3.839878 
3.840256 
3.841346 
3.845770 
3.842943 
3.840022 
3.840050 
3.839609 
3.839813 
3.839327 
3.842080 
3.841650 
3.842492 
3.840443 
3.841446 
3.843545 
3.840076 
3.841554 
3.841365 
3.840386 
3.841217 
3.840542 
3.842310 
3.839398 
3.838438 
3.838792 
3.840575 
3.839272 
3.840664 
3.840327 
3.839967 
3.838068 
3.839870 
3.841795 
3.841740 
3.843632 
3.839611 
3.840955 
3.842341 
3.841354 
3.841567 
3.842315 
3.840074 
3.838464 
3.840656 
3.840912 
3.840776 
3.840461 
3.841086 
3.840209 
3.841071 
3.839379 
3.840408 
3.842476 
3.838726 
3.841188 
3.840271 
3.841715 
3.843057 
3.840760 
3.840426 
3.841615 
3.838844 
3.840823 
3.841301 
3.841050 
3.839427 
3.839328 
3.840576 
3.839409 
3.842568 
3.841581 
3.837956 
3.840534 
3.839810 
3.842360 
3.840634 
3.840773 
3.840065 
3.839578 
3.840229 
3.841820 
3.838601 
3.840096 
3.840035 
3.837608 
3.840140 
3.839299 
3.841758 
3.842642 
3.841897 
3.841193 
3.840610 
3.840288 
3.841788 
3.841001 
3.841679 
3.840965 
3.840550 
3.842563 
3.840910 
3.842912 
3.840592 
3.841875 
3.839461 
3.841351 
3.840445 
3.841629 
3.840543 
3.839310 
3.840297 
3.840259 
3.841925 
3.839759 
3.840655 
3.840260 
3.842043 
3.837390 
3.839328 
3.840499 
3.842349 
3.842765 
3.841711 
3.841587 
3.840059 
3.840397 
3.842194 
3.843383 
3.842894 
3.842332 
3.840067 
3.838548 
3.840247 
3.838864 
3.839200 
3.841773 
3.840280 
3.839735 
3.840390 
3.840753 
3.839978 
3.839146 
3.840746 
3.842583 
3.841849 
3.840070 
3.844705 
3.842851 
3.841869 
3.839078 
3.841844 
3.842041 
3.842748 
3.837873 
3.840007 
3.841284 
3.841347 
3.840909 
3.840422 
3.839629 
3.839814 
3.838396 
3.837619 
3.840736 
3.842519 
3.843239 
3.842602 
3.839784 
3.839787 
3.839112 
3.840579 
3.840817 
3.841117 
3.840794 
3.842336 
3.840251 
3.839966 
3.840158 
3.839418 
3.840350 
3.842040 
3.841685 
3.841930 
3.841018 
3.841386 
3.840319 
3.842547 
3.840798 
3.841164 
3.839051 
3.839823 
3.843956 
3.842264 
3.843458 
3.842078 
3.839491 
3.839492 
3.841691 
3.843135 
3.842143 
3.841113 
3.843492 
3.842089 
3.838606 
3.840734 
3.841734 
3.842014 
3.840235 
3.839636 
3.841730 
3.840228 
3.841035 
3.839507 
3.838614 
3.838968 
3.839624 
3.841666 
3.841597 
3.841919 
3.840744 
3.842321 
3.841770 
3.840016 
3.842828 
3.841825 
3.840532 
3.841027 
3.841930 
3.841010 
3.841591 
3.842039 
3.839538 
3.838143 
3.839211 
3.840748 
3.840313 
3.840860 
3.841549 
3.840070 
3.839858 
3.841124 
3.841129 
3.841900 
3.841941 
3.843903 
3.842006 
3.838681 
3.839368 
3.838711 
3.839286 
3.840725 
3.842958 
3.841065 
3.839711 
3.841134 
3.840783 
3.839399 
3.841337 
3.840737 
3.839519 
3.840947 
3.839093 
3.841791 
3.842941 
3.841582 
3.841262 
3.839031 
3.839561 
3.839493 
3.843204 
3.841821 
3.840577 
3.841127 
3.838905 
3.840551 
3.839692 
3.839197 
3.840208 
3.839621 
3.837554 
3.840362 
3.840082 
3.838315 
3.840085 
3.841285 
3.840317 
3.842058 
3.841550 
3.839746 
3.840137 
3.841469 
3.841921 
3.842208 
3.842224 
3.839729 
3.842432 
3.841788 
3.842029 
3.840587 
3.840806 
3.841022 
3.840773 
3.840288 
3.840086 
3.842008 
3.843049 
3.840755 
3.843808 
3.841155 
3.842518 
3.842713 
3.841726 
3.841363 
3.839565 
3.839773 
3.841977 
3.841902 
3.842614 
3.839277 
3.839653 
3.840305 
3.840236 
3.840218 
3.841864 
3.839467 
3.840785 
3.840229 
3.840504 
3.840255 
3.841117 
3.842365 
3.838192 
3.841461 
3.843986 
3.842333 
3.842062 
3.839779 
3.837457 
3.840540 
3.842827 
3.839722 
3.840443 
3.840855 
3.839201 
3.838984 
3.839392 
3.839880 
3.842931 
3.842364 
3.841076 
3.839708 
3.839112 
3.836800 
3.837700 
3.837903 
3.840871 
3.838866 
3.839667 
3.840525 
3.841021 
3.843450 
3.840365 
3.841408 
3.842482 
3.840852 
3.840655 
3.839188 
3.838633 
3.841336 
3.840282 
3.839215 
3.840395 
3.839558 
3.839854 
3.840357 
3.838084 
3.838263 
3.840533 
3.838785 
3.838650 
3.842179 
3.840135 
3.841840 
3.840261 
3.838529 
3.840187 
3.841662 
3.841387 
3.840867 
3.842706 
3.841446 
3.840667 
3.842378 
3.841133 
3.841234 
3.843211 
3.840649 
3.838865 
3.842031 
3.841572 
3.842360 
3.839881 
3.838530 
3.843031 
3.842532 
3.841571 
3.841286 
3.840219 
3.839395 
3.838231 
3.842424 
3.841649 
3.840928 
3.840622 
3.841352 
3.839241 
3.840011 
3.841284 
3.842234 
3.842863 
3.842390 
3.842014 
3.842948 
3.842584 
3.843846 
3.842110 
3.839483 
3.840214 
3.840525 
3.842893 
3.842273 
3.842341 
3.842972 
3.842226 
3.843011 
3.840526 
3.841767 
3.841943 
3.842385 
3.840239 
3.839217 
3.838522 
3.842904 
3.844189 
3.841549 
3.840979 
3.842293 
3.842285 
3.842703 
3.840329 
3.839116 
3.841002 
3.839695 
3.839709 
3.840849 
3.840018 
3.838700 
3.840151 
3.838774 
3.839713 
3.837805 
3.840329 
3.840940 
3.841827 
3.839101 
3.840608 
3.840817 
3.838128 
3.841369 
3.842980 
3.840133 
3.840497 
3.841195 
3.837527 
3.840007 
3.840322 
3.841369 
3.839041 
3.838144 
3.839613 
3.838093 
3.840683 
3.842232 
3.843816 
3.839199 
3.839625 
3.841879 
3.836655 
3.839828 
3.842052 
3.840985 
3.842897 
3.843611 
3.841366 
3.841882 
3.839423 
3.842211 
3.839970 
3.841244 
3.840795 
3.840689 
3.838982 
3.840108 
3.835502 
3.838189 
3.840503 
3.841008 
3.839853 
3.839514 
3.839760 
3.842316 
3.839876 
3.839152 
3.842334 
3.842901 
3.842799 
3.842415 
3.840097 
3.842617 
3.841171 
3.839747 
3.839202 
3.839211 
3.838372 
3.839443 
3.840891 
3.842873 
3.842808 
3.841990 
3.841164 
3.842547 
3.840103 
3.840692 
3.840837 
3.840083 
3.839992 
3.838595 
3.840508 
3.838652 
3.841604 
3.840966 
3.841812 
3.840619 
3.838959 
3.841042 
3.842512 
3.840843 
3.841843 
3.840514 
3.839774 
3.838309 
3.841176 
3.840909 
3.841970 
3.841885 
3.842163 
3.841453 
3.843474 
3.841540 
3.841327 
3.838732 
3.837920 
3.839591 
3.838524 
3.838893 
3.841634 
3.843741 
3.839691 
3.841148 
3.841941 
3.840255 
3.840457 
3.839732 
3.840646 
3.839032 
3.839219 
3.839887 
3.839469 
3.839708 
3.841342 
3.839280 
3.842209 
3.842146 
3.842359 
3.839442 
3.838982 
3.839469 
3.840769 
3.837791 
3.840082 
3.839728 
3.840939 
3.840060 
3.840444 
3.840944 
3.842046 
3.841574 
3.841008 
3.840138 
3.842093 
3.840822 
3.840658 
3.839349 
3.840642 
3.841263 
3.840566 
3.839781 
3.841191 
3.842450 
3.840462 
3.845460 
3.840516 
3.840527 
3.841663 
3.839801 
3.843935 
3.842060 
3.841372 
3.840490 
3.838561 
3.841071 
3.841466 
3.838632 
3.841149 
3.841578 
3.840209 
3.839216 
3.840372 
3.838523 
3.838027 
3.837570 
3.840924 
3.840695 
3.842497 
3.841915 
3.841337 
3.841925 
3.842401 
3.841735 
3.843471 
3.843268 
3.842947 
3.841512 
3.839793 
3.840850 
3.842120 
3.840425 
3.840795 
3.841606 
3.840161 
3.841091 
3.839380 
3.838769 
3.840699 
3.842176 
3.842508 
3.842031 
3.839112 
3.842929 
3.841908 
3.843817 
3.838927 
3.841077 
3.841094 
3.840879 
3.842219 
3.840727 
3.841408 
3.838563 
3.838762 
3.839030 
3.842051 
3.841002 
3.839125 
3.839624 
3.841205 
3.840055 
3.839531 
3.839824 
3.839266 
3.839065 
3.842189 
3.839008 
3.840400 
3.839565 
3.839209 
3.840690 
3.841102 
3.840136 
3.839811 
3.841610 
3.840421 
3.840729 
3.841441 
3.840453 
3.842067 
3.841052 
3.843193 
3.837075 
3.839750 
3.845695 
3.839885 
3.841169 
3.841069 
3.841326 
3.841029 
3.841428 
3.841658 
3.841952 
3.840936 
3.840579 
3.838875 
3.841202 
3.838556 
3.840068 
3.839089 
3.839714 
3.843413 
3.842226 
3.841862 
3.841291 
3.841213 
3.842750 
3.843987 
3.843251 
3.840951 
3.843196 
3.841541 
3.842308 
3.842052 
3.838961 
3.840261 
3.841431 
3.840679 
3.840592 
3.839242 
3.840752 
3.839154 
3.839496 
3.840972 
3.840348 
3.840527 
3.840767 
3.840329 
3.840144 
3.842880 
3.839542 
3.841893 
3.841908 
3.840080 
3.838073 
3.840983 
3.841888 
3.839734 
3.840281 
3.840534 
3.842951 
3.837801 
3.841010 
3.840223 
3.841085 
3.841521 
3.841548 
3.842670 
3.840551 
3.840737 
3.842682 
3.842331 
3.842044 
3.840847 
3.839360 
3.837227 
3.838962 
3.840031 
3.840043 
3.841870 
3.840188 
3.841603 
3.839476 
3.841029 
3.840224 
3.840099 
3.837072 
3.836919 
3.839784 
3.839372 
3.837738 
3.838713 
3.843027 
3.841874 
3.840572 
3.841758 
3.841284 
3.842502 
3.841170 
3.841633 
3.839452 
3.841201 
3.840261 
3.841229 
3.841543 
3.841479 
3.839062 
3.839452 
3.838337 
3.839747 
3.840744 
3.841507 
3.840495 
3.840820 
3.840394 
3.840259 
3.839512 
3.840853 
3.840879 
3.840719 
3.838422 
3.838180 
3.840337 
3.837708 
3.837988 
3.840861 
3.839858 
3.840069 
3.841459 
3.839999 
3.840414 
3.839878 
3.840907 
3.840380 
3.841316 
3.840580 
3.839507 
3.838608 
3.837860 
3.837711 
3.838104 
3.842717 
3.841393 
3.841000 
3.840874 
3.840499 
3.839986 
3.840388 
3.841184 
3.844130 
3.841191 
3.840027 
3.840654 
3.841374 
3.841289 
3.841092 
3.844474 
3.840194 
3.840515 
3.840117 
3.840127 
3.840849 
3.839945 
3.841269 
3.841852 
3.839879 
3.840190 
3.838962 
3.841021 
3.840985 
3.838641 
3.839804 
3.839263 
3.838352 
3.840824 
3.840537 
3.841296 
3.839876 
3.840171 
3.839786 
3.840524 
3.843934 
3.840598 
3.840199 
3.840345 
3.841042 
3.840784 
3.842327 
3.842255 
3.839840 
3.838798 
3.842975 
3.842061 
3.839882 
3.839776 
3.842256 
3.844085 
3.842011 
3.842600 
3.841377 
3.841402 
3.842136 
3.841172 
3.842094 
3.842035 
3.840764 
3.839812 
3.841062 
3.842332 
3.842899 
3.844342 
3.841593 
3.842067 
3.842572 
3.842501 
3.839148 
3.840379 
3.839909 
3.840442 
3.840187 
3.840209 
3.840819 
3.840078 
3.838629 
3.839534 
3.840432 
3.838817 
3.839075 
3.842810 
3.839547 
3.842474 
3.841798 
3.839656 
3.842856 
3.841980 
3.842117 
3.841797 
3.841394 
3.842956 
3.841300 
3.839634 
3.841448 
3.842749 
3.842344 
3.841833 
3.841012 
3.840945 
3.840233 
3.841398 
3.841463 
3.842173 
3.843496 
3.841677 
3.840137 
3.840569 
3.840067 
3.841597 
3.841988 
3.839014 
3.840263 
3.842508 
3.842555 
3.843966 
3.844005 
3.840571 
3.841513 
3.840482 
3.840629 
3.839642 
3.839221 
3.840021 
3.841637 
3.840766 
3.839221 
3.840939 
3.842806 
3.841398 
3.843625 
3.842540 
3.841631 
3.841173 
3.841222 
3.840083 
3.839112 
3.840286 
3.838817 
3.839259 
3.839642 
3.839527 
3.840003 
3.840903 
3.839979 
3.838945 
3.840226 
3.842398 
3.842769 
3.841506 
3.840634 
3.839333 
3.840861 
3.842174 
3.841911 
3.842776 
3.840919 
3.838630 
3.840863 
3.841100 
3.840857 
3.839398 
3.839651 
3.840921 
3.841365 
3.842317 
3.840400 
3.841377 
3.839766 
3.838457 
3.841272 
3.842358 
3.838994 
3.839123 
3.840980 
3.839606 
3.839261 
3.840444 
3.842342 
3.841110 
3.841550 
3.838366 
3.839815 
3.841457 
3.840662 
3.839557 
3.839481 
3.840615 
3.840287 
3.837298 
3.837810 
3.841283 
3.842321 
3.839519 
3.841353 
3.839195 
3.839469 
3.838461 
3.840425 
3.840579 
3.841534 
3.840096 
3.840188 
3.840514 
3.839527 
3.841543 
3.841755 
3.844814 
3.843330 
3.841165 
3.841664 
3.838802 
3.839157 
3.841977 
3.842990 
3.842619 
3.842785 
3.843702 
3.843414 
3.842090 
3.839618 
3.839374 
3.836448 
3.839532 
3.839617 
3.838959 
3.840478 
3.840578 
3.841042 
3.842151 
3.840108 
3.840308 
3.839954 
3.839544 
3.841820 
3.839497 
3.840149 
3.840824 
3.839729 
3.839495 
3.842093 
3.842896 
3.839195 
3.842120 
3.843041 
3.843209 
3.841123 
3.842110 
3.837398 
3.838326 
3.841305 
3.841326 
3.838296 
3.840182 
3.841178 
3.840611 
3.843915 
3.842981 
3.841274 
3.840932 
3.842121 
3.840796 
3.840175 
3.840119 
3.838929 
3.840054 
3.840594 
3.840338 
3.841418 
3.843908 
3.841810 
3.840520 
3.841397 
3.841442 
3.841802 
3.840163 
3.839690 
3.839904 
3.841243 
3.842074 
3.840179 
3.842400 
3.842324 
3.840808 
3.839468 
3.840394 
3.841013 
3.843763 
3.842398 
3.841159 
3.840890 
3.843113 
3.840665 
3.839051 
3.839941 
3.838862 
3.841392 
3.843123 
3.842612 
3.840481 
3.840239 
3.838784 
3.840254 
3.841899 
3.841493 
3.840595 
3.841751 
3.840736 
3.839814 
3.841931 
3.839976 
3.840042 
3.840321 
3.841273 
3.840292 
3.842288 
3.842106 
3.842108 
3.839994 
3.840592 
3.838939 
3.842042 
3.840204 
3.840600 
3.839804 
3.841611 
3.841319 
3.842312 
3.842472 
3.841278 
3.842520 
3.842015 
3.839232 
3.841587 
3.843668 
3.840814 
3.840201 
3.841355 
3.840846 
3.839718 
3.838077 
3.839578 
3.840812 
3.840424 
3.841373 
3.842723 
3.840720 
3.840702 
3.843645 
3.842842 
3.842988 
3.841455 
3.840723 
3.842631 
3.843275 
3.844806 
3.841539 
3.842913 
3.839790 
3.839173 
3.840637 
3.840075 
3.837238 
3.841353 
3.840767 
3.839500 
3.839220 
3.841864 
3.843055 
3.839159 
3.837539 
3.838729 
3.838863 
3.841116 
3.841755 
3.836843 
3.842304 
3.841764 
3.840876 
3.839114 
3.841261 
3.839174 
3.840124 
3.840288 
3.842021 
3.842311 
3.840210 
3.840334 
3.841895 
3.842376 
3.841857 
3.838683 
3.841283 
3.839467 
3.841091 
3.839592 
3.840154 
3.841493 
3.841280 
3.840961 
3.840834 
3.840087 
3.839620 
3.838371 
3.841933 
3.841255 
3.843224 
3.841675 
3.840005 
3.839213 
3.841395 
3.840973 
3.839183 
3.839121 
3.841458 
3.841570 
3.843281 
3.843459 
3.843251 
3.839678 
3.839521 
3.838266 
3.841540 
3.839208 
3.836323 
3.839075 
3.838733 
3.841683 
3.838637 
3.842291 
3.839632 
3.839887 
3.842003 
3.840583 
3.839172 
3.841748 
3.842096 
3.840801 
3.838570 
3.840401 
3.841000 
3.841284 
3.837426 
3.839984 
3.841291 
3.841618 
3.840307 
3.841127 
3.840567 
3.841234 
3.839888 
3.840058 
3.840864 
3.838527 
3.842017 
3.839660 
3.841104 
3.842796 
3.839912 
3.838488 
3.839484 
3.839374 
3.841270 
3.840697 
3.841292 
3.840268 
3.842013 
3.840396 
3.840046 
3.840566 
3.840946 
3.837963 
3.843291 
3.842910 
3.840042 
3.840566 
3.841732 
3.842240 
3.842069 
3.841021 
3.840464 
3.840572 
3.841323 
3.841634 
3.842121 
3.841304 
3.841553 
3.839944 
3.840122 
3.840729 
3.842134 
3.842197 
3.842553 
3.841600 
3.838678 
3.841827 
3.839608 
3.840557 
3.842952 
3.841561 
3.841907 
3.838961 
3.839490 
3.836776 
3.840644 
3.839820 
3.839544 
3.841135 
3.841155 
3.842999 
3.840681 
3.841103 
3.841979 
3.838772 
3.839709 
3.841921 
3.841097 
3.842879 
3.843622 
3.842402 
3.842972 
3.839919 
3.842930 
3.841047 
3.842569 
3.843199 
3.842983 
3.844817 
3.842689 
3.842139 
3.844118 
3.842739 
3.841175 
3.842504 
3.840921 
3.841635 
3.842358 
3.841145 
3.841395 
3.840635 
3.839483 
3.840576 
3.841967 
3.840102 
3.840136 
3.841514 
3.841387 
3.840251 
3.839522 
3.838856 
3.839078 
3.842079 
3.843376 
3.842325 
3.842828 
3.841508 
3.841608 
3.842463 
3.843385 
3.840390 
3.840210 
3.840503 
3.842621 
3.840968 
3.840317 
3.838676 
3.840823 
3.840662 
3.839706 
3.839812 
3.840518 
3.838875 
3.841105 
3.841389 
3.840771 
3.842634 
3.840779 
3.842072 
3.841412 
3.841600 
3.840010 
3.840823 
3.840237 
3.840298 
3.839333 
3.839028 
3.839824 
3.839650 
3.840504 
3.841216 
3.841811 
3.841686 
3.844504 
3.842913 
3.843491 
3.843923 
3.844250 
3.841693 
3.840382 
3.838460 
3.841036 
3.836853 
3.838870 
3.836855 
3.841018 
3.841374 
3.841839 
3.840165 
3.841715 
3.842234 
3.839816 
3.842223 
3.841824 
3.841722 
3.840855 
3.838849 
3.840157 
3.840080 
3.840796 
3.841179 
3.839012 
3.841348 
3.842213 
3.840301 
3.837444 
3.842041 
3.840372 
3.841526 
3.841484 
3.843801 
3.842635 
3.842386 
3.839245 
3.839068 
3.838965 
3.839813 
3.839898 
3.841712 
3.842751 
3.841409 
3.840179 
3.841527 
3.841004 
3.840728 
3.840683 
3.843056 
3.842889 
3.840609 
3.841425 
3.842676 
3.842583 
3.842957 
3.844306 
3.843888 
3.839853 
3.842035 
3.842739 
3.841379 
3.842097 
3.842331 
3.840481 
3.842347 
3.842412 
3.839869 
3.840681 
3.839189 
3.842689 
3.838683 
3.841220 
3.842333 
3.840652 
3.841212 
3.839622 
3.841949 
3.839487 
3.837750 
3.838759 
3.839851 
3.838324 
3.838030 
3.840094 
3.842923 
3.840692 
3.844472 
3.842495 
3.840476 
3.842295 
3.840876 
3.839008 
3.841724 
3.843066 
3.840607 
3.844245 
3.843116 
3.841312 
3.841594 
3.842457 
3.842452 
3.844852 
3.842855 
3.840018 
3.842523 
3.841581 
3.841192 
3.840335 
3.841976 
3.843521 
3.839736 
3.843583 
3.842086 
3.843348 
3.841146 
3.842578 
3.842834 
3.841280 
3.840032 
3.840884 
3.838928 
3.839784 
3.841042 
3.840988 
3.840621 
3.839728 
3.840657 
3.841177 
3.840669 
3.839894 
3.840693 
3.841235 
3.840888 
3.841571 
3.840917 
3.842446 
3.844182 
3.839680 
3.840578 
3.838445 
3.839338 
3.838840 
3.840233 
3.841401 
3.840082 
3.839321 
3.842390 
3.839752 
3.842292 
3.840983 
3.843133 
3.841591 
3.839594 
3.839009 
3.839977 
3.841476 
3.840893 
3.840926 
3.841189 
3.839030 
3.840826 
3.841644 
3.839280 
3.839259 
3.841241 
3.841702 
3.842862 
3.839159 
3.843593 
3.841142 
3.842122 
3.839105 
3.840799 
3.840487 
3.841300 
3.841057 
3.839533 
3.840385 
3.841864 
3.841760 
3.841393 
3.842639 
3.840828 
3.840126 
3.840213 
3.840873 
3.841371 
3.841980 
3.841368 
3.842189 
3.841551 
3.841709 
3.840923 
3.841584 
3.839452 
3.838817 
3.839982 
3.840412 
3.843220 
3.844325 
3.842492 
3.840809 
3.842615 
3.839212 
3.842590 
3.843503 
3.840038 
3.840657 
3.842354 
3.842263 
3.841383 
3.840042 
3.843516 
3.843600 
3.843424 
3.841905 
3.839421 
3.838490 
3.838912 
3.840660 
3.840644 
3.840440 
3.842581 
3.839823 
3.841254 
3.837616 
3.837545 
3.840719 
3.842194 
3.839487 
3.839679 
3.842891 
3.840829 
3.841431 
3.841774 
3.840928 
3.841030 
3.839193 
3.840748 
3.841252 
3.843246 
3.844587 
3.841744 
3.841703 
3.840558 
3.841775 
3.841838 
3.843053 
3.840923 
3.839262 
3.840172 
3.838139 
3.841125 
3.841337 
3.839910 
3.839566 
3.843658 
3.843377 
3.842318 
3.840771 
3.841277 
3.839129 
3.839022 
3.841698 
3.840345 
3.839395 
3.842477 
3.841963 
3.841184 
3.841933 
3.841523 
3.841594 
3.841888 
3.842153 
3.842087 
3.843532 
3.841041 
3.840107 
3.840822 
3.840189 
3.841198 
3.841607 
3.840775 
3.840685 
3.841061 
3.839530 
3.840023 
3.843836 
3.843526 
3.841802 
3.843497 
3.840737 
3.839695 
3.841357 
3.841357 
3.840610 
3.842766 
3.842728 
3.842277 
3.842727 
3.840208 
3.839529 
3.841546 
3.841496 
3.840720 
3.843130 
3.841703 
3.842956 
3.842486 
3.841945 
3.841646 
3.843772 
3.839514 
3.836800 
3.840767 
3.840861 
3.838644 
3.840195 
3.841977 
3.844817 
3.842113 
3.842094 
3.841352 
3.841756 
3.840646 
3.842777 
3.844769 
3.843289 
3.840350 
3.839625 
3.841447 
3.842517 
3.841209 
3.837920 
3.838702 
3.839949 
3.838718 
3.840046 
3.839792 
3.842335 
3.840646 
3.842150 
3.841446 
3.842116 
3.841699 
3.842009 
3.842488 
3.842696 
3.842373 
3.842526 
3.841376 
3.840789 
3.842447 
3.842802 
3.841532 
3.841949 
3.838872 
3.840238 
3.839567 
3.839720 
3.837407 
3.839527 
3.840820 
3.839588 
3.839509 
3.841508 
3.841790 
3.839498 
3.840715 
3.840288 
3.840239 
3.839956 
3.839843 
3.840648 
3.840845 
3.839657 
3.840381 
3.840930 
3.840925 
3.840608 
3.842669 
3.839753 
3.841283 
3.841467 
3.842926 
3.841104 
3.842526 
3.844166 
3.842595 
3.842391 
3.841060 
3.841453 
3.839672 
3.840478 
3.841871 
3.842023 
3.839788 
3.839273 
3.843498 
3.842188 
3.840990 
3.840504 
3.840874 
3.838663 
3.838010 
3.841358 
3.841827 
3.842200 
3.842217 
3.839160 
3.842790 
3.840157 
3.843831 
3.838663 
3.840543 
3.840125 
3.841213 
3.840487 
3.841995 
3.837180 
3.838528 
3.838954 
3.840749 
3.840601 
3.840625 
3.838305 
3.845678 
3.844498 
3.842290 
3.842498 
3.839135 
3.838396 
3.839104 
3.843824 
3.842532 
3.839529 
3.838173 
3.839936 
3.838515 
3.839043 
3.839712 
3.838314 
3.840722 
3.842616 
3.839813 
3.841242 
3.841048 
3.840233 
3.841957 
3.842488 
3.842609 
3.842676 
3.843127 
3.841696 
3.839781 
3.840210 
3.839491 
3.841599 
3.840395 
3.839215 
3.839921 
3.839693 
3.839262 
3.841764 
3.842854 
3.842683 
3.842462 
3.842290 
3.840017 
3.841408 
3.843208 
3.842746 
3.840697 
3.839352 
3.839254 
3.839084 
3.839463 
3.839919 
3.840232 
3.840686 
3.842369 
3.840493 
3.842425 
3.841137 
3.840837 
3.841861 
3.840539 
3.839394 
3.840308 
3.840168 
3.839538 
3.840686 
3.841172 
3.841718 
3.841296 
3.843196 
3.842608 
3.840497 
3.841807 
3.839062 
3.841123 
3.840667 
3.841466 
3.840524 
3.841100 
3.838793 
3.843870 
3.841590 
3.841919 
3.841237 
3.841651 
3.841955 
3.843701 
3.842208 
3.838263 
3.840568 
3.841770 
3.842815 
3.841583 
3.839568 
3.840833 
3.840791 
3.840612 
3.837965 
3.840479 
3.840443 
3.841274 
3.841667 
3.844490 
3.843861 
3.841690 
3.841932 
3.841801 
3.841624 
3.842790 
3.841261 
3.840698 
3.841857 
3.839958 
3.838403 
3.843358 
3.840157 
3.841074 
3.841368 
3.842280 
3.839318 
3.839607 
3.840251 
3.840377 
3.842714 
3.841279 
3.840673 
3.840215 
3.841248 
3.842364 
3.841992 
3.838726 
3.839960 
3.839899 
3.838246 
3.841049 
3.841694 
3.842978 
3.841344 
3.840716 
3.841512 
3.839063 
3.838307 
3.839216 
3.838793 
3.838620 
3.839823 
3.839271 
3.839981 
3.842398 
3.839505 
3.839895 
3.839889 
3.841611 
3.842183 
3.842689 
3.842916 
3.841903 
3.843332 
3.842732 
3.843010 
3.839360 
3.839247 
3.840178 
3.840529 
3.840459 
3.840980 
3.842114 
3.841839 
3.841221 
3.842142 
3.841134 
3.841227 
3.839962 
3.841716 
3.841452 
3.840138 
3.838630 
3.840620 
3.841231 
3.840394 
3.842353 
3.839005 
3.838107 
3.839644 
3.839930 
3.841306 
3.839813 
3.841750 
3.840417 
3.840427 
3.840853 
3.841091 
3.841515 
3.842214 
3.840290 
3.840653 
3.839607 
3.840724 
3.842773 
3.842528 
3.840916 
3.842030 
3.841204 
3.841651 
3.840093 
3.841124 
3.841116 
3.838959 
3.842383 
3.840604 
3.839316 
3.840345 
3.840807 
3.839131 
3.839957 
3.839737 
3.841578 
3.842730 
3.840358 
3.839910 
3.839454 
3.843299 
3.841381 
3.841991 
3.841791 
3.839182 
3.842771 
3.840870 
3.838307 
3.839527 
3.843753 
3.840977 
3.839967 
3.840499 
3.841752 
3.840557 
3.839956 
3.841339 
3.842647 
3.839931 
3.839240 
3.839773 
3.838182 
3.840293 
3.839188 
3.840281 
3.840218 
3.839260 
3.839726 
3.838194 
3.839697 
3.840545 
3.842165 
3.840938 
3.840680 
3.841869 
3.841580 
3.839171 
3.841575 
3.844139 
3.840611 
3.839081 
3.839246 
3.839377 
3.839856 
3.841308 
3.841787 
3.839617 
3.841197 
3.838374 
3.840570 
3.840527 
3.839274 
3.839970 
3.839406 
3.840290 
3.840847 
3.838187 
3.840777 
3.838118 
3.842056 
3.841332 
3.843134 
3.842343 
3.839805 
3.841854 
3.841755 
3.843211 
3.841607 
3.842705 
3.839801 
3.839401 
3.837732 
3.839746 
3.838520 
3.838158 
3.840211 
3.841733 
3.844681 
3.840339 
3.839478 
3.843477 
3.839243 
3.840868 
3.842168 
3.838773 
3.840937 
3.839817 
3.840438 
3.840676 
3.841579 
3.840930 
3.843181 
3.841142 
3.841811 
3.841443 
3.841111 
3.837011 
3.838631 
3.841000 
3.841085 
3.841158 
3.839994 
3.841470 
3.841810 
3.842306 
3.841031 
3.839231 
3.840989 
3.842193 
3.840998 
3.842223 
3.843959 
3.843343 
3.841751 
3.841276 
3.843111 
3.840065 
3.838557 
3.841916 
3.839545 
3.842636 
3.844834 
3.843528 
3.840232 
3.838538 
3.843746 
3.841367 
3.839869 
3.842739 
3.844662 
3.842016 
3.841032 
3.841944 
3.841480 
3.841113 
3.840973 
3.841346 
3.840652 
3.838363 
3.839166 
3.840598 
3.841200 
3.840457 
3.842005 
3.842251 
3.840593 
3.840831 
3.838443 
3.839349 
3.840195 
3.841125 
3.838860 
3.843157 
3.841058 
3.841526 
3.840952 
3.840963 
3.843011 
3.841345 
3.841127 
3.841523 
3.840500 
3.838520 
3.839216 
3.839622 
3.842321 
3.840756 
3.840354 
3.840692 
3.841832 
3.840659 
3.840762 
3.841434 
3.839325 
3.839935 
3.841257 
3.840503 
3.841832 
3.842559 
3.841781 
3.839581 
3.839159 
3.839905 
3.840404 
3.841164 
3.842333 
3.840055 
3.840520 
3.844282 
3.842419 
3.840034 
3.843447 
3.841301 
3.839263 
3.843064 
3.842482 
3.840278 
3.838899 
3.840535 
3.839576 
3.839312 
3.842290 
3.840150 
3.842669 
3.842443 
3.844417 
3.842149 
3.839631 
3.838838 
3.837710 
3.840376 
3.840219 
3.840541 
3.838415 
3.838641 
3.842358 
3.839327 
3.841037 
3.841550 
3.842172 
3.840973 
3.839844 
3.840844 
3.840100 
3.841542 
3.842002 
3.838972 
3.841823 
3.840559 
3.840409 
3.838303 
3.841711 
3.842241 
3.841285 
3.840953 
3.840337 
3.839925 
3.840850 
3.840651 
3.839052 
3.839322 
3.839536 
3.839980 
3.842141 
3.842461 
3.842015 
3.841386 
3.839562 
3.840513 
3.839482 
3.842198 
3.843107 
3.841796 
3.838626 
3.840490 
3.839208 
3.838716 
3.841413 
3.841508 
3.841394 
3.842344 
3.842563 
3.841412 
3.839978 
3.840589 
3.841538 
3.844737 
3.842145 
3.842699 
3.843317 
3.841751 
3.841108 
3.841650 
3.842617 
3.839590 
3.840637 
3.840677 
3.841943 
3.841970 
3.841640 
3.841534 
3.842411 
3.844904 
3.842525 
3.842003 
3.842979 
3.841956 
3.841667 
3.841672 
3.840537 
3.840540 
3.841324 
3.841552 
3.838326 
3.842755 
3.841202 
3.839670 
3.840392 
3.838145 
3.839831 
3.839917 
3.841219 
3.840348 
3.838814 
3.839544 
3.839565 
3.839283 
3.841820 
3.835883 
3.841033 
3.841601 
3.842231 
3.841356 
3.842019 
3.839767 
3.838723 
3.841417 
3.840948 
3.840443 
3.841199 
3.840021 
3.843063 
3.844079 
3.841121 
3.843706 
3.842389 
3.841308 
3.840347 
3.840796 
3.841750 
3.842094 
3.842625 
3.840125 
3.838833 
3.836882 
3.839123 
3.840515 
3.842244 
3.842027 
3.838896 
3.839043 
3.841386 
3.843531 
3.840990 
3.841547 
3.841835 
3.840432 
3.840548 
3.839713 
3.839581 
3.842126 
3.842354 
3.840530 
3.840858 
3.842612 
3.840000 
3.839861 
3.840486 
3.839967 
3.839942 
3.840048 
3.838155 
3.842549 
3.841459 
3.840880 
3.841638 
3.839960 
3.840484 
3.841993 
3.840706 
3.841841 
3.841175 
3.843992 
3.842151 
3.839985 
3.841590 
3.842075 
3.839791 
3.842411 
3.839692 
3.840276 
3.841689 
3.841712 
3.840322 
3.839353 
3.840469 
3.842288 
3.841571 
3.840433 
3.843512 
3.840287 
3.840640 
3.839448 
3.841484 
3.839149 
3.841534 
3.840514 
3.840952 
3.840071 
3.841391 
3.838344 
3.838696 
3.838897 
3.838309 
3.837417 
3.839684 
3.842338 
3.841733 
3.842015 
3.842880 
3.842044 
3.841829 
3.841141 
3.838624 
3.843025 
3.842142 
3.841574 
3.840984 
3.841970 
3.839871 
3.840187 
3.840493 
3.840613 
3.842301 
3.843109 
3.839271 
3.839920 
3.840376 
3.840541 
3.842770 
3.842743 
3.840686 
3.840045 
3.838583 
3.838756 
3.840156 
3.841229 
3.842981 
3.841009 
3.841760 
3.837891 
3.840415 
3.838104 
3.837871 
3.840489 
3.839801 
3.841022 
3.840245 
3.839784 
3.840390 
3.842662 
3.842167 
3.843102 
3.841462 
3.841419 
3.839025 
3.840349 
3.839522 
3.840442 
3.843357 
3.841001 
3.840250 
3.839722 
3.840150 
3.840524 
3.841835 
3.841651 
3.841514 
3.840712 
3.839693 
3.844131 
3.843568 
3.839986 
3.840987 
3.844105 
3.840550 
3.839805 
3.841325 
3.841453 
3.840526 
3.840466 
3.838906 
3.838919 
3.840775 
3.840563 
3.841458 
3.839838 
3.839144 
3.837880 
3.839791 
3.840339 
3.838195 
3.839398 
3.840418 
3.843590 
3.841526 
3.842638 
3.839337 
3.839674 
3.840312 
3.839037 
3.839183 
3.839593 
3.839952 
3.840270 
3.840557 
3.842897 
3.841284 
3.841203 
3.841996 
3.842809 
3.842433 
3.840499 
3.842642 
3.842589 
3.841135 
3.840913 
3.842178 
3.841909 
3.840746 
3.840417 
3.841784 
3.843276 
3.842298 
3.839109 
3.843982 
3.842878 
3.841279 
3.842729 
3.841151 
3.842236 
3.839296 
3.843228 
3.842447 
3.841776 
3.842788 
3.842546 
3.838839 
3.842721 
3.840797 
3.839802 
3.839515 
3.840522 
3.840793 
3.841226 
3.840881 
3.840225 
3.842823 
3.839756 
3.841090 
3.840726 
3.839805 
3.841392 
3.840844 
3.842289 
3.841545 
3.844789 
3.841051 
3.839696 
3.838600 
3.839670 
3.838547 
3.841663 
3.843664 
3.840386 
3.840954 
3.843162 
3.843225 
3.840588 
3.838232 
3.841937 
3.840423 
3.842272 
3.840203 
3.839752 
3.838920 
3.841864 
3.841826 
3.838539 
3.841150 
3.838231 
3.842882 
3.839119 
3.839681 
3.840490 
3.840852 
3.839426 
3.838828 
3.843045 
3.842440 
3.840949 
3.837899 
3.840311 
3.839395 
3.839499 
3.843237 
3.842945 
3.841130 
3.840673 
3.842310 
3.840834 
3.840985 
3.843202 
3.843197 
3.844520 
3.841791 
3.837498 
3.834651 
3.839675 
3.839008 
3.839343 
3.840488 
3.840205 
3.840659 
3.842016 
3.840814 
3.840383 
3.838224 
3.840025 
3.840036 
3.839929 
3.841370 
3.842638 
3.843923 
3.842388 
3.841615 
3.841343 
3.838653 
3.840007 
3.840996 
3.840798 
3.839354 
3.838600 
3.840918 
3.841538 
3.839450 
3.838013 
3.839642 
3.839329 
3.841133 
3.842218 
3.842376 
3.841550 
3.842406 
3.841218 
3.840322 
3.840187 
3.838995 
3.840774 
3.839448 
3.840175 
3.840028 
3.840904 
3.838850 
3.841219 
3.840602 
3.841587 
3.839915 
3.840099 
3.843010 
3.842698 
3.843734 
3.840341 
3.839599 
3.842703 
3.840399 
3.841852 
3.841136 
3.841715 
3.840793 
3.839911 
3.840305 
3.838785 
3.838948 
3.840419 
3.843110 
3.840251 
3.841729 
3.838625 
3.840313 
3.840361 
3.841822 
3.836752 
3.841121 
3.840460 
3.839127 
3.838896 
3.840277 
3.841503 
3.841867 
3.840168 
3.840014 
3.837425 
3.839575 
3.840112 
3.841836 
3.841838 
3.839298 
3.840756 
3.840331 
3.842231 
3.841080 
3.840592 
3.840205 
3.841786 
3.842062 
3.838551 
3.840514 
3.839556 
3.837573 
3.841832 
3.840209 
3.842715 
3.842329 
3.841954 
3.841633 
3.839399 
3.841716 
3.840703 
3.841098 
3.840716 
3.842393 
3.838844 
3.840601 
3.842128 
3.842948 
3.841919 
3.839672 
3.839372 
3.839627 
3.842528 
3.840903 
3.840922 
3.840870 
3.841084 
3.842050 
3.841095 
3.839231 
3.837783 
3.841503 
3.841627 
3.838988 
3.838148 
3.841493 
3.841706 
3.842475 
3.844401 
3.841062 
3.841439 
3.844824 
3.841516 
3.841827 
3.840346 
3.841727 
3.839121 
3.841657 
3.841229 
3.840140 
3.842000 
3.839991 
3.838717 
3.840803 
3.840846 
3.841126 
3.841075 
3.843336 
3.840511 
3.840817 
3.840777 
3.843010 
3.843272 
3.839763 
3.839836 
3.839128 
3.837845 
3.839490 
3.840606 
3.838821 
3.838774 
3.842035 
3.840930 
3.839549 
3.839857 
3.838586 
3.840526 
3.838360 
3.839670 
3.840315 
3.837469 
3.842422 
3.841683 
3.841617 
3.840321 
3.841496 
3.841327 
3.838578 
3.842021 
3.840711 
3.839178 
3.842469 
3.841830 
3.841809 
3.842163 
3.842292 
3.840389 
3.840237 
3.842884 
3.842783 
3.839234 
3.841937 
3.838175 
3.841806 
3.838575 
3.839962 
3.840494 
3.840089 
3.839840 
3.840795 
3.841757 
3.841493 
3.840058 
3.839929 
3.839273 
3.837791 
3.840026 
3.844326 
3.843324 
3.841728 
3.840479 
3.840262 
3.840886 
3.840801 
3.840735 
3.840749 
3.839873 
3.839645 
3.841754 
3.840909 
3.840571 
3.843379 
3.842975 
3.841443 
3.842578 
3.841479 
3.840945 
3.841041 
3.839727 
3.840075 
3.840985 
3.841200 
3.842767 
3.839784 
3.839873 
3.838424 
3.840822 
3.841226 
3.841503 
3.841270 
3.839776 
3.840131 
3.839396 
3.839462 
3.837104 
3.840859 
3.843752 
3.842258 
3.840105 
3.839963 
3.839228 
3.837745 
3.839415 
3.837717 
3.839426 
3.841497 
3.838480 
3.838764 
3.841250 
3.840475 
3.840979 
3.841764 
3.840988 
3.841128 
3.842017 
3.839764 
3.841510 
3.841395 
3.840947 
3.842826 
3.841496 
3.842075 
3.842004 
3.839872 
3.840003 
3.841351 
3.844461 
3.843371 
3.841360 
3.841907 
3.840531 
3.839711 
3.840205 
3.841448 
3.841749 
3.839202 
3.839674 
3.841728 
3.840913 
3.840956 
3.842802 
3.839947 
3.841601 
3.839452 
3.838438 
3.839650 
3.839873 
3.840432 
3.841016 
3.841500 
3.841070 
3.842403 
3.842784 
3.843155 
3.839705 
3.839989 
3.838832 
3.842207 
3.840840 
3.839080 
3.842118 
3.841435 
3.841272 
3.844219 
3.840625 
3.839452 
3.841750 
3.840862 
3.840010 
3.840526 
3.842474 
3.841563 
3.840643 
3.839330 
3.839899 
3.839862 
3.842240 
3.843571 
3.842477 
3.843148 
3.842701 
3.841190 
3.839589 
3.839067 
3.840776 
3.840110 
3.840624 
3.838366 
3.839744 
3.841509 
3.842877 
3.840924 
3.841288 
3.844285 
3.840876 
3.841647 
3.839253 
3.839854 
3.840899 
3.839560 
3.840257 
3.839345 
3.843146 
3.842903 
3.842166 
3.839042 
3.838105 
3.840736 
3.841294 
3.843780 
3.840001 
3.837808 
3.839425 
3.839453 
3.841021 
3.841242 
3.839313 
3.840018 
3.841751 
3.843515 
3.842453 
3.841275 
3.840510 
3.841426 
3.841989 
3.841692 
3.841083 
3.839460 
3.840979 
3.842881 
3.842422 
3.841157 
3.839252 
3.840716 
3.839117 
3.839942 
3.841149 
3.841319 
3.840399 
3.843130 
3.843185 
3.841527 
3.841610 
3.841712 
3.842706 
3.840703 
3.841039 
3.840097 
3.841554 
3.839418 
3.840136 
3.839533 
3.842883 
3.841714 
3.838513 
3.840353 
3.843717 
3.843566 
3.843755 
3.841479 
3.841310 
3.843034 
3.837636 
3.838835 
3.840578 
3.842785 
3.844808 
3.841981 
3.841296 
3.840363 
3.840709 
3.839938 
3.841358 
3.840818 
3.839722 
3.841333 
3.841216 
3.840609 
3.840201 
3.838976 
3.841131 
3.841590 
3.842430 
3.841821 
3.842445 
3.843639 
3.843220 
3.844177 
3.843550 
3.841078 
3.842697 
3.839608 
3.843025 
3.840594 
3.839273 
3.838461 
3.840325 
3.840708 
3.842159 
3.841402 
3.839749 
3.839355 
3.839797 
3.841507 
3.840948 
3.842754 
3.841679 
3.841484 
3.840956 
3.841953 
3.842151 
3.839593 
3.839181 
3.840484 
3.842931 
3.841461 
3.841282 
3.842856 
3.842972 
3.842243 
3.842210 
3.842945 
3.841371 
3.840095 
3.840419 
3.838015 
3.841391 
3.840603 
3.838120 
3.840372 
3.839805 
3.842361 
3.841948 
3.841018 
3.841139 
3.842234 
3.843079 
3.840664 
3.842971 
3.840974 
3.840128 
3.840855 
3.839663 
3.842030 
3.842398 
3.844783 
3.841816 
3.840897 
3.840971 
3.841014 
3.839587 
3.839312 
3.839968 
3.840899 
3.841906 
3.843539 
3.842757 
3.839464 
3.840771 
3.839068 
3.839807 
3.840585 
3.839036 
3.840987 
3.842028 
3.838588 
3.837698 
3.839528 
3.839740 
3.841533 
3.839607 
3.842100 
3.840501 
3.840244 
3.841494 
3.839284 
3.839766 
3.839388 
3.841034 
3.838756 
3.839863 
3.844677 
3.843177 
3.843351 
3.841139 
3.841814 
3.839339 
3.838263 
3.839458 
3.840767 
3.840275 
3.840214 
3.842574 
3.840027 
3.843322 
3.841527 
3.843571 
3.842822 
3.843741 
3.839545 
3.843013 
3.842991 
3.837827 
3.840373 
3.841104 
3.840753 
3.844662 
3.843759 
3.841717 
3.842154 
3.842349 
3.843372 
3.842406 
3.841115 
3.841311 
3.843287 
3.842781 
3.841475 
3.840619 
3.839750 
3.841476 
3.843581 
3.841546 
3.839817 
3.841967 
3.840240 
3.840221 
3.842432 
3.842757 
3.840681 
3.842748 
3.841098 
3.841087 
3.841589 
3.840488 
3.839677 
3.843732 
3.842100 
3.842003 
3.838896 
3.842046 
3.841881 
3.841739 
3.842978 
3.841798 
3.838219 
3.842029 
3.841923 
3.842452 
3.842710 
3.842731 
3.842326 
3.844632 
3.842272 
3.841211 
3.840599 
3.839144 
3.839616 
3.840936 
3.840030 
3.840194 
3.841659 
3.841895 
3.841325 
3.842052 
3.840570 
3.840635 
3.837634 
3.841671 
3.843041 
3.839310 
3.839997 
3.840524 
3.840776 
3.840863 
3.840841 
3.840112 
3.840080 
3.843671 
3.843356 
3.841984 
3.841689 
3.840696 
3.839440 
3.841797 
3.842465 
3.840220 
3.840058 
3.842863 
3.838590 
3.838336 
3.838092 
3.840812 
3.840667 
3.841174 
3.840888 
3.840513 
3.841641 
3.840423 
3.838363 
3.840573 
3.840579 
3.841783 
3.840897 
3.841948 
3.839622 
3.840677 
3.840474 
3.840840 
3.839035 
3.840051 
3.840742 
3.838866 
3.838885 
3.840069 
3.839595 
3.839924 
3.842960 
3.842485 
3.838332 
3.840345 
3.842475 
3.841825 
3.841096 
3.839932 
3.842217 
3.841865 
3.841760 
3.843002 
3.840445 
3.840177 
3.841520 
3.838728 
3.842738 
3.840683 
3.839677 
3.839422 
3.837917 
3.839457 
3.839420 
3.842120 
3.840661 
3.839304 
3.841519 
3.842438 
3.840261 
3.840139 
3.840925 
3.842194 
3.839404 
3.840302 
3.840445 
3.840382 
3.840449 
3.840645 
3.842177 
3.839051 
3.840966 
3.838996 
3.839339 
3.840684 
3.839346 
3.841385 
3.840782 
3.841854 
3.842294 
3.841092 
3.840845 
3.841953 
3.841326 
3.841315 
3.841415 
3.842525 
3.839970 
3.837802 
3.842113 
3.840226 
3.841539 
3.841905 
3.839026 
3.841268 
3.839263 
3.837806 
3.841584 
3.841264 
3.841435 
3.840469 
3.837719 
3.839809 
3.841542 
3.841436 
3.842469 
3.841607 
3.841947 
3.842414 
3.842572 
3.843526 
3.843575 
3.841092 
3.841323 
3.841725 
3.839797 
3.838259 
3.841790 
3.840596 
3.838503 
3.840454 
3.841146 
3.842660 
3.843621 
3.840957 
3.839782 
3.839304 
3.838972 
3.839070 
3.840160 
3.837867 
3.838772 
3.841538 
3.842378 
3.842965 
3.841160 
3.840264 
3.838177 
3.838224 
3.842011 
3.841004 
3.841905 
3.840706 
3.839105 
3.838437 
3.841218 
3.840849 
3.838777 
3.838134 
3.840619 
3.841099 
3.839650 
3.842773 
3.841869 
3.840503 
3.843261 
3.841835 
3.839175 
3.840478 
3.841527 
3.841442 
3.840349 
3.839560 
3.836414 
3.841838 
3.842690 
3.842673 
3.840399 
3.842276 
3.840228 
3.840274 
3.841366 
3.843121 
3.840721 
3.843643 
3.840777 
3.840103 
3.841492 
3.841460 
3.840969 
3.840569 
3.842430 
3.841819 
3.841604 
3.839273 
3.839631 
3.840544 
3.839311 
3.840289 
3.841045 
3.840727 
3.840885 
3.839011 
3.841156 
3.839062 
3.840390 
3.840574 
3.841958 
3.841640 
3.840678 
3.839459 
3.837827 
3.838468 
3.840939 
3.839477 
3.839074 
3.840721 
3.839898 
3.842050 
3.842608 
3.843892 
3.843697 
3.841542 
3.842050 
3.842563 
3.840758 
3.840792 
3.839531 
3.838170 
3.839001 
3.840159 
3.843109 
3.840452 
3.838513 
3.840100 
3.840071 
3.842607 
3.841741 
3.841642 
3.841228 
3.838997 
3.840195 
3.840419 
3.841385 
3.840867 
3.841341 
3.842733 
3.840455 
3.843445 
3.842203 
3.839066 
3.840393 
3.841695 
3.841915 
3.842506 
3.840859 
3.842094 
3.839033 
3.840691 
3.841412 
3.842174 
3.840744 
3.840061 
3.842376 
3.842755 
3.842904 
3.842079 
3.840167 
3.843653 
3.841840 
3.841173 
3.839603 
3.839179 
3.838394 
3.839854 
3.840591 
3.841159 
3.839198 
3.839887 
3.839204 
3.841812 
3.839910 
3.838860 
3.841426 
3.841942 
3.842047 
3.841267 
3.841184 
3.840429 
3.839488 
3.842267 
3.840689 
3.841548 
3.841457 
3.840824 
3.840399 
3.839491 
3.843038 
3.840724 
3.842044 
3.839811 
3.839907 
3.840303 
3.840426 
3.841904 
3.842802 
3.841013 
3.840032 
3.840860 
3.842729 
3.841314 
3.841618 
3.840982 
3.840171 
3.838675 
3.839835 
3.840240 
3.841508 
3.839462 
3.843083 
3.841898 
3.841142 
3.843667 
3.843886 
3.841398 
3.841655 
3.842138 
3.837762 
3.840275 
3.842164 
3.840681 
3.840986 
3.841164 
3.839786 
3.841210 
3.842086 
3.840565 
3.837047 
3.839595 
3.839587 
3.838567 
3.841496 
3.840470 
3.843354 
3.841344 
3.841886 
3.841348 
3.839058 
3.840015 
3.839633 
3.842203 
3.838060 
3.841415 
3.841552 
3.841092 
3.841693 
3.839313 
3.839979 
3.841329 
3.840176 
3.839420 
3.838109 
3.840064 
3.842975 
3.842065 
3.841610 
3.840008 
3.840128 
3.840560 
3.841045 
3.841604 
3.840678 
3.841858 
3.840424 
3.841414 
3.840976 
3.839654 
3.841210 
3.839107 
3.840739 
3.838735 
3.839776 
3.843031 
3.840286 
3.841730 
3.842536 
3.843963 
3.843786 
3.844291 
3.842524 
3.841572 
3.839985 
3.839263 
3.841259 
3.840692 
3.839319 
3.839715 
3.837726 
3.837378 
3.839525 
3.837745 
3.842592 
3.841057 
3.840753 
3.844959 
3.840844 
3.840262 
3.839943 
3.839486 
3.838230 
3.840378 
3.841176 
3.841154 
3.843067 
3.839920 
3.839726 
3.840483 
3.841574 
3.840131 
3.839762 
3.840767 
3.842215 
3.840667 
3.841213 
3.839830 
3.837477 
3.838458 
3.838814 
3.838088 
3.839551 
3.842188 
3.841939 
3.840423 
3.838231 
3.839730 
3.842185 
3.842184 
3.841821 
3.841868 
3.840711 
3.841606 
3.839553 
3.840785 
3.840656 
3.841427 
3.841459 
3.841972 
3.840750 
3.840012 
3.839600 
3.842329 
3.842117 
3.840572 
3.839874 
3.840779 
3.840746 
3.842474 
3.842191 
3.842078 
3.844353 
3.842148 
3.844127 
3.842460 
3.841239 
3.840538 
3.840448 
3.843225 
3.844626 
3.842305 
3.843253 
3.842685 
3.840553 
3.841721 
3.840983 
3.840324 
3.842779 
3.841124 
3.838451 
3.841396 
3.841216 
3.841129 
3.841610 
3.839981 
3.839896 
3.839795 
3.838965 
3.838296 
3.841021 
3.838974 
3.841389 
3.838439 
3.839796 
3.838142 
3.839591 
3.841127 
3.841029 
3.840272 
3.842145 
3.841904 
3.842529 
3.839902 
3.840784 
3.839622 
3.841168 
3.841935 
3.842932 
3.838818 
3.838304 
3.839662 
3.838191 
3.837950 
3.838832 
3.843121 
3.839506 
3.840297 
3.839940 
3.839586 
3.840608 
3.841890 
3.840697 
3.839583 
3.840292 
3.838566 
3.839080 
3.840064 
3.841356 
3.839992 
3.839981 
3.839889 
3.840370 
3.841483 
3.841969 
3.840982 
3.842949 
3.841940 
3.841576 
3.839306 
3.838609 
3.843058 
3.842241 
3.840177 
3.842035 
3.840547 
3.841276 
3.841297 
3.841989 
3.839506 
3.841589 
3.841228 
3.846121 
3.842352 
3.845016 
3.841007 
3.839887 
3.838482 
3.838873 
3.840926 
3.840822 
3.841845 
3.840796 
3.841571 
3.841857 
3.843186 
3.838177 
3.838876 
3.839951 
3.841008 
3.840853 
3.840844 
3.841470 
3.841280 
3.839878 
3.838368 
3.840506 
3.841861 
3.841750 
3.840370 
3.839195 
3.838813 
3.840054 
3.840779 
3.844840 
3.841842 
3.842016 
3.841007 
3.841497 
3.841261 
3.840447 
3.840680 
3.841427 
3.840476 
3.841445 
3.844826 
3.843944 
3.842387 
3.841450 
3.841033 
3.842058 
3.840357 
3.841481 
3.839572 
3.840628 
3.840229 
3.841653 
3.841151 
3.841149 
3.840972 
3.837562 
3.838410 
3.841171 
3.843615 
3.842611 
3.842652 
3.842105 
3.843632 
3.840437 
3.845250 
3.844090 
3.840333 
3.839762 
3.839828 
3.841561 
3.843036 
3.842655 
3.841774 
3.844568 
3.840077 
3.839908 
3.840754 
3.844122 
3.842989 
3.841300 
3.841179 
3.841895 
3.842470 
3.842475 
3.841577 
3.843284 
3.842164 
3.841294 
3.840369 
3.839917 
3.841423 
3.841502 
3.839899 
3.837500 
3.838039 
3.842972 
3.841424 
3.842158 
3.843698 
3.843728 
3.842387 
3.843335 
3.840049 
3.843201 
3.840572 
3.839871 
3.839216 
3.840087 
3.842002 
3.840871 
3.841633 
3.841950 
3.840520 
3.840291 
3.843085 
3.837507 
3.839779 
3.842104 
3.840408 
3.837331 
3.840870 
3.841667 
3.841319 
3.842205 
3.842646 
3.839173 
3.842008 
3.840656 
3.838938 
3.839394 
3.839818 
3.841489 
3.841488 
3.842914 
3.843449 
3.839261 
3.840143 
3.840205 
3.840322 
3.840655 
3.840846 
3.840339 
3.840554 
3.839635 
3.842330 
3.842182 
3.842732 
3.843107 
3.842949 
3.841074 
3.841112 
3.841281 
3.840381 
3.840638 
3.840163 
3.840334 
3.842678 
3.840730 
3.839540 
3.839118 
3.837963 
3.839320 
3.839708 
3.842213 
3.840347 
3.841421 
3.841551 
3.842365 
3.841168 
3.843451 
3.843318 
3.840875 
3.841446 
3.841625 
3.840517 
3.839725 
3.840952 
3.841395 
3.842754 
3.841484 
3.841396 
3.841090 
3.841446 
3.840639 
3.839587 
3.839993 
3.839052 
3.838631 
3.838401 
3.841266 
3.841886 
3.841807 
3.840743 
3.838913 
3.840459 
3.840721 
3.840800 
3.841187 
3.843660 
3.841261 
3.839324 
3.841483 
3.841694 
3.841893 
3.836651 
3.839691 
3.839600 
3.839848 
3.841930 
3.841307 
3.841101 
3.841621 
3.840566 
3.841292 
3.840849 
3.845313 
3.843159 
3.840559 
3.842944 
3.838648 
3.839879 
3.838090 
3.838065 
3.840074 
3.839648 
3.841781 
3.840079 
3.840974 
3.842777 
3.841254 
3.841895 
3.838628 
3.837967 
3.837967 
3.838810 
3.840596 
3.840565 
3.840910 
3.839882 
3.842898 
3.841185 
3.840350 
3.838623 
3.839811 
3.839156 
3.841941 
3.841105 
3.840727 
3.840950 
3.841119 
3.839691 
3.841973 
3.841785 
3.843350 
3.843550 
3.839867 
3.840367 
3.840623 
3.841257 
3.842454 
3.840657 
3.839935 
3.840530 
3.838299 
3.842397 
3.840357 
3.839145 
3.839873 
3.843605 
3.842361 
3.838690 
3.840645 
3.841121 
3.840076 
3.841694 
3.841116 
3.838403 
3.841489 
3.839776 
3.843300 
3.841674 
3.842191 
3.839123 
3.839507 
3.840959 
3.839893 
3.840324 
3.842376 
3.841990 
3.840747 
3.841981 
3.840075 
3.839187 
3.840884 
3.839349 
3.840071 
3.841095 
3.841650 
3.839431 
3.842801 
3.840404 
3.840753 
3.841360 
3.842628 
3.841110 
3.840049 
3.836849 
3.838842 
3.839625 
3.841292 
3.841892 
3.841010 
3.837153 
3.840345 
3.843353 
3.843462 
3.843048 
3.840983 
3.841089 
3.838997 
3.838873 
3.840638 
3.839927 
3.839207 
3.840744 
3.843373 
3.840216 
3.842623 
3.842961 
3.839140 
3.840959 
3.838774 
3.837762 
3.839268 
3.840215 
3.841466 
3.839922 
3.840415 
3.842765 
3.842851 
3.841035 
3.841719 
3.841970 
3.841968 
3.842225 
3.842463 
3.841712 
3.841656 
3.840762 
3.839394 
3.840496 
3.842215 
3.838749 
3.838076 
3.838168 
3.838353 
3.841144 
3.843010 
3.839302 
3.839983 
3.841904 
3.842868 
3.839085 
3.839829 
3.841654 
3.840763 
3.841451 
3.843372 
3.841906 
3.841081 
3.841084 
3.841053 
3.838942 
3.839670 
3.840788 
3.842484 
3.839832 
3.838682 
3.842485 
3.842470 
3.841020 
3.844780 
3.841401 
3.838225 
3.840094 
3.841186 
3.841663 
3.840385 
3.842498 
3.841133 
3.841233 
3.842837 
3.841322 
3.840108 
3.840646 
3.843395 
3.841714 
3.837948 
3.839728 
3.841770 
3.842232 
3.843123 
3.841874 
3.840859 
3.841776 
3.842421 
3.841943 
3.842174 
3.844248 
3.841354 
3.840396 
3.840165 
3.839022 
3.839930 
3.839524 
3.842040 
3.841958 
3.840534 
3.840125 
3.840202 
3.840824 
3.841406 
3.842978 
3.841777 
3.841679 
3.839293 
3.841415 
3.839869 
3.841228 
3.840896 
3.841896 
3.842208 
3.840903 
3.840784 
3.841122 
3.844780 
3.841528 
3.840408 
3.842897 
3.841729 
3.842041 
3.842132 
3.842115 
3.844403 
3.841648 
3.842279 
3.841734 
3.842657 
3.841946 
3.844929 
3.842439 
3.838999 
3.839605 
3.839690 
3.839918 
3.839296 
3.841314 
3.841450 
3.841261 
3.840579 
3.839448 
3.842489 
3.839959 
3.841397 
3.842386 
3.842311 
3.841750 
3.841901 
3.842540 
3.840993 
3.841438 
3.840401 
3.838322 
3.838002 
3.842061 
3.840940 
3.840977 
3.841377 
3.842092 
3.840021 
3.840123 
3.840075 
3.841810 
3.839863 
3.838960 
3.840688 
3.841072 
3.841311 
3.840744 
3.840408 
3.840177 
3.839248 
3.840849 
3.841245 
3.840976 
3.842171 
3.843848 
3.841179 
3.841095 
3.839908 
3.841713 
3.841879 
3.841603 
3.842785 
3.842335 
3.837158 
3.839090 
3.836516 
3.841801 
3.840161 
3.842523 
3.842348 
3.840484 
3.842042 
3.842327 
3.839482 
3.839396 
3.837940 
3.840443 
3.841472 
3.841814 
3.842679 
3.838552 
3.841483 
3.840636 
3.842221 
3.839367 
3.840384 
3.840912 
3.841027 
3.840828 
3.839877 
3.840378 
3.841052 
3.842054 
3.839404 
3.840304 
3.840541 
3.839128 
3.841386 
3.843683 
3.843140 
3.841794 
3.840444 
3.841388 
3.840661 
3.841870 
3.842153 
3.842216 
3.841579 
3.840748 
3.840350 
3.840130 
3.840527 
3.840368 
3.840209 
3.838731 
3.840574 
3.839482 
3.841763 
3.840090 
3.839243 
3.840325 
3.840792 
3.842693 
3.840433 
3.838975 
3.840911 
3.840043 
3.842153 
3.840157 
3.841427 
3.839977 
3.842358 
3.842712 
3.843339 
3.840530 
3.843052 
3.842319 
3.839710 
3.839829 
3.839932 
3.839008 
3.840060 
3.840250 
3.841651 
3.841364 
3.840828 
3.839559 
3.838718 
3.841006 
3.839846 
3.842012 
3.839705 
3.839359 
3.840309 
3.839789 
3.839401 
3.840308 
3.839166 
3.839191 
3.841345 
3.839651 
3.838415 
3.841513 
3.841597 
3.841263 
3.839068 
3.839257 
3.841877 
3.841461 
3.841437 
3.839805 
3.839037 
3.837166 
3.840308 
3.838536 
3.838898 
3.840882 
3.841080 
3.841765 
3.842718 
3.840276 
3.841440 
3.841130 
3.839558 
3.839508 
3.840425 
3.839450 
3.837087 
3.837867 
3.840066 
3.842194 
3.841778 
3.840987 
3.842925 
3.841748 
3.841578 
3.841179 
3.840413 
3.840482 
3.837725 
3.840876 
3.844176 
3.842677 
3.839267 
3.839778 
3.841597 
3.843200 
3.841366 
3.840355 
3.841869 
3.841776 
3.840265 
3.841035 
3.840944 
3.840615 
3.840349 
3.841014 
3.839788 
3.841606 
3.840388 
3.840442 
3.841497 
3.840559 
3.843085 
3.842157 
3.841185 
3.840975 
3.843766 
3.841236 
3.838623 
3.839982 
3.841026 
3.841479 
3.840340 
3.840191 
3.844200 
3.840504 
3.842282 
3.842216 
3.840979 
3.842061 
3.841177 
3.840315 
3.841466 
3.841707 
3.842376 
3.841695 
3.840941 
3.841537 
3.840911 
3.840524 
3.840887 
3.842560 
3.842459 
3.840429 
3.842572 
3.841471 
3.841291 
3.839444 
3.840776 
3.838135 
3.839246 
3.839612 
3.841010 
3.841458 
3.842464 
3.842280 
3.839991 
3.840273 
3.838644 
3.840040 
3.841544 
3.840453 
3.840990 
3.839674 
3.839473 
3.842644 
3.842137 
3.842426 
3.842314 
3.842082 
3.838437 
3.837633 
3.842561 
3.838778 
3.839810 
3.839715 
3.838193 
3.841567 
3.842409 
3.842547 
3.841844 
3.841535 
3.840258 
3.839303 
3.840380 
3.842823 
3.842488 
3.841370 
3.839345 
3.838521 
3.841515 
3.843246 
3.839336 
3.841141 
3.840423 
3.839479 
3.838141 
3.842304 
3.840232 
3.843541 
3.842508 
3.842156 
3.842042 
3.841961 
3.840414 
3.843758 
3.839310 
3.841177 
3.841930 
3.843603 
3.840442 
3.838188 
3.842260 
3.843307 
3.840174 
3.839082 
3.839626 
3.839795 
3.839160 
3.839829 
3.841010 
3.839985 
3.842139 
3.840005 
3.841364 
3.842645 
3.839327 
3.841584 
3.842230 
3.841702 
3.841697 
3.840832 
3.839465 
3.839534 
3.838358 
3.837944 
3.839722 
3.841075 
3.840404 
3.840245 
3.839937 
3.840308 
3.839406 
3.838929 
3.841484 
3.840385 
3.842646 
3.837982 
3.839145 
3.840496 
3.841093 
3.840651 
3.839984 
3.839675 
3.840012 
3.840948 
3.841708 
3.841206 
3.837980 
3.839171 
3.840591 
3.840029 
3.842939 
3.842336 
3.842166 
3.841274 
3.843927 
3.842204 
3.841333 
3.841207 
3.839682 
3.841121 
3.841675 
3.840541 
3.841118 
3.841569 
3.843989 
3.840807 
3.842051 
3.842853 
3.841181 
3.845159 
3.841341 
3.841184 
3.843139 
3.842959 
3.841342 
3.839874 
3.838611 
3.838000 
3.838032 
3.839911 
3.841807 
3.842280 
3.841575 
3.842409 
3.843606 
3.842849 
3.842359 
3.842635 
3.842366 
3.841466 
3.841674 
3.840300 
3.842744 
3.841105 
3.842642 
3.842298 
3.841581 
3.840333 
3.840319 
3.838823 
3.841235 
3.840050 
3.840538 
3.839003 
3.840298 
3.841289 
3.839586 
3.839956 
3.840754 
3.841082 
3.841326 
3.841651 
3.844863 
3.838620 
3.841193 
3.837974 
3.840856 
3.843789 
3.840067 
3.839601 
3.841881 
3.840170 
3.836342 
3.840097 
3.840077 
3.838749 
3.839141 
3.844194 
3.840881 
3.842410 
3.844320 
3.841950 
3.840893 
3.840372 
3.839776 
3.840744 
3.840929 
3.841622 
3.841499 
3.839308 
3.841771 
3.839707 
3.839801 
3.841411 
3.840932 
3.838657 
3.841177 
3.839543 
3.840122 
3.840396 
3.841745 
3.840990 
3.842008 
3.841781 
3.840848 
3.840584 
3.839737 
3.838455 
3.838994 
3.838496 
3.839075 
3.839514 
3.844360 
3.842798 
3.842400 
3.842181 
3.840102 
3.839096 
3.838536 
3.840409 
3.840960 
3.841316 
3.840812 
3.837300 
3.841071 
3.841430 
3.840589 
3.838734 
3.843746 
3.839396 
3.842465 
3.841220 
3.841017 
3.841052 
3.840290 
3.842403 
3.842385 
3.840114 
3.839228 
3.841056 
3.840450 
3.842615 
3.839728 
3.839526 
3.840910 
3.841071 
3.840722 
3.840593 
3.839202 
3.838575 
3.839111 
3.839837 
3.840177 
3.842541 
3.839082 
3.840715 
3.842444 
3.840301 
3.841043 
3.840763 
3.840569 
3.841409 
3.840259 
3.842183 
3.839077 
3.841679 
3.842521 
3.841397 
3.841658 
3.842583 
3.840511 
3.841780 
3.842999 
3.840602 
3.840822 
3.840085 
3.841665 
3.842394 
3.842351 
3.842667 
3.840988 
3.842373 
3.841479 
3.839963 
3.838457 
3.839735 
3.839685 
3.841293 
3.840807 
3.839482 
3.839972 
3.839587 
3.840628 
3.841911 
3.842841 
3.840584 
3.840309 
3.842401 
3.839848 
3.839465 
3.841291 
3.838400 
3.839723 
3.838337 
3.838501 
3.841034 
3.841577 
3.842255 
3.840770 
3.839791 
3.841754 
3.837083 
3.841251 
3.842209 
3.841770 
3.841905 
3.838442 
3.840414 
3.838478 
3.839395 
3.839926 
3.840912 
3.839774 
3.841845 
3.839986 
3.841645 
3.841302 
3.843018 
3.842040 
3.843303 
3.841482 
3.842254 
3.843223 
3.842306 
3.840916 
3.843092 
3.843397 
3.844257 
3.842400 
3.841114 
3.840410 
3.842039 
3.841079 
3.840469 
3.843670 
3.842926 
3.842670 
3.839997 
3.837634 
3.838927 
3.842004 
3.842423 
3.841113 
3.841133 
3.842115 
3.840017 
3.840092 
3.839530 
3.841652 
3.840142 
3.841651 
3.840339 
3.841912 
3.841536 
3.840517 
3.840119 
3.842326 
3.842045 
3.840868 
3.839588 
3.841929 
3.841234 
3.842245 
3.842148 
3.841725 
3.843105 
3.840843 
3.840128 
3.840973 
3.840538 
3.839830 
3.838713 
3.840550 
3.839963 
3.839555 
3.840655 
3.841378 
3.841000 
3.840629 
3.841049 
3.840733 
3.840600 
3.841395 
3.841022 
3.842156 
3.841246 
3.841904 
3.842166 
3.839643 
3.840851 
3.839979 
3.839285 
3.841865 
3.841502 
3.841198 
3.841035 
3.838935 
3.838901 
3.840298 
3.841248 
3.839399 
3.837649 
3.839136 
3.839316 
3.840810 
3.840757 
3.841346 
3.842505 
3.841825 
3.841656 
3.841689 
3.839391 
3.840242 
3.841539 
3.842501 
3.842472 
3.840038 
3.840988 
3.839797 
3.840323 
3.839486 
3.839302 
3.841811 
3.840857 
3.841167 
3.842402 
3.839225 
3.841688 
3.841969 
3.842420 
3.841627 
3.839636 
3.839791 
3.842686 
3.844449 
3.841177 
3.841234 
3.843672 
3.842005 
3.840197 
3.839212 
3.838667 
3.841458 
3.841013 
3.841900 
3.841339 
3.841080 
3.839549 
3.838837 
3.838844 
3.840975 
3.841544 
3.839610 
3.838576 
3.839177 
3.837675 
3.842709 
3.842130 
3.840327 
3.841938 
3.841217 
3.841353 
3.841236 
3.841150 
3.840805 
3.838698 
3.840610 
3.840216 
3.841878 
3.842273 
3.843152 
3.838568 
3.839901 
3.838823 
3.840118 
3.838658 
3.838377 
3.841068 
3.839148 
3.842718 
3.842965 
3.839702 
3.838733 
3.840254 
3.841299 
3.841411 
3.840968 
3.841398 
3.841015 
3.839159 
3.841419 
3.841857 
3.839267 
3.839300 
3.839456 
3.839794 
3.840478 
3.841024 
3.840484 
3.842788 
3.841300 
3.842152 
3.843270 
3.841312 
3.840868 
3.842365 
3.839363 
3.839706 
3.842348 
3.841854 
3.841580 
3.842349 
3.842913 
3.841073 
3.838940 
3.841378 
3.839900 
3.838252 
3.839130 
3.841452 
3.842185 
3.842500 
3.841797 
3.841171 
3.843519 
3.842673 
3.842919 
3.842279 
3.842126 
3.843799 
3.842417 
3.842159 
3.841452 
3.841284 
3.841293 
3.842678 
3.841811 
3.842997 
3.841705 
3.843709 
3.839937 
3.839288 
3.843197 
3.840620 
3.839073 
3.837637 
3.840281 
3.841358 
3.842763 
3.838503 
3.842271 
3.842024 
3.840984 
3.840717 
3.841643 
3.842115 
3.843245 
3.843924 
3.844165 
3.842004 
3.842777 
3.843520 
3.841568 
3.840306 
3.836523 
3.840353 
3.839036 
3.841564 
3.841042 
3.842527 
3.838891 
3.842041 
3.839191 
3.838814 
3.840387 
3.842549 
3.838674 
3.838263 
3.839221 
3.838521 
3.838292 
3.841068 
3.841188 
3.839236 
3.839503 
3.838278 
3.839855 
3.839645 
3.839688 
3.841459 
3.841489 
3.842417 
3.842695 
3.843367 
3.842850 
3.839526 
3.837721 
3.840645 
3.843515 
3.841410 
3.839801 
3.839218 
3.839903 
3.842632 
3.839051 
3.840449 
3.839511 
3.841922 
3.841526 
3.841968 
3.841785 
3.840544 
3.838581 
3.840794 
3.841834 
3.841080 
3.840145 
3.840468 
3.837845 
3.838786 
3.840746 
3.842231 
3.840527 
3.840532 
3.839292 
3.839012 
3.836738 
3.839637 
3.842371 
3.841857 
3.841314 
3.839780 
3.839316 
3.840061 
3.838670 
3.840998 
3.840810 
3.841240 
3.840676 
3.838680 
3.840562 
3.839860 
3.840739 
3.840683 
3.839981 
3.841159 
3.839978 
3.839878 
3.838346 
3.839231 
3.838955 
3.838341 
3.839850 
3.840532 
3.840850 
3.841269 
3.838519 
3.839137 
3.841873 
3.841276 
3.840507 
3.840547 
3.840698 
3.840568 
3.841436 
3.841755 
3.840715 
3.842740 
3.841179 
3.840665 
3.840351 
3.842023 
3.840930 
3.839135 
3.840653 
3.840725 
3.839442 
3.841806 
3.839391 
3.842510 
3.840903 
3.840102 
3.839789 
3.841184 
3.841580 
3.842479 
3.842675 
3.840226 
3.840738 
3.838871 
3.840490 
3.838960 
3.841084 
3.840568 
3.837825 
3.840979 
3.839630 
3.842581 
3.840938 
3.842407 
3.842897 
3.840622 
3.840713 
3.839018 
3.840605 
3.840246 
3.840349 
3.839080 
3.841273 
3.840581 
3.838322 
3.839595 
3.841445 
3.841398 
3.840221 
3.839008 
3.840700 
3.841478 
3.838794 
3.840853 
3.839446 
3.839344 
3.840531 
3.840023 
3.840718 
3.839211 
3.840081 
3.837730 
3.840915 
3.841276 
3.842415 
3.840881 
3.839472 
3.839468 
3.840601 
3.841873 
3.840368 
3.841066 
3.841031 
3.841863 
3.840117 
3.843866 
3.845623 
3.841447 
3.842718 
3.842644 
3.840564 
3.837541 
3.838010 
3.839261 
3.840349 
3.840595 
3.840444 
3.841384 
3.839158 
3.840032 
3.840020 
3.839298 
3.841742 
3.842292 
3.841646 
3.841388 
3.842700 
3.840623 
3.839504 
3.840794 
3.840068 
3.842487 
3.840828 
3.841819 
3.841639 
3.838577 
3.839031 
3.841586 
3.839612 
3.841072 
3.838990 
3.839976 
3.840968 
3.840480 
3.839815 
3.840535 
3.840155 
3.839229 
3.840202 
3.839340 
3.839496 
3.839325 
3.840768 
3.843136 
3.839938 
3.841668 
3.839924 
3.838737 
3.840665 
3.840295 
3.840591 
3.839292 
3.841607 
3.839571 
3.841480 
3.840408 
3.840003 
3.838835 
3.838885 
3.840925 
3.840022 
3.842815 
3.840716 
3.843114 
3.841825 
3.839113 
3.840663 
3.841269 
3.840532 
3.841862 
3.838359 
3.840806 
3.844411 
3.842401 
3.840608 
3.843335 
3.841612 
3.837056 
3.839088 
3.840233 
3.840415 
3.842492 
3.841754 
3.842845 
3.843112 
3.842375 
3.841247 
3.838379 
3.839709 
3.840671 
3.839074 
3.840192 
3.837389 
3.839915 
3.837923 
3.840542 
3.840108 
3.838952 
3.841035 
3.840289 
3.841552 
3.842158 
3.842085 
3.838887 
3.840800 
3.843539 
3.842767 
3.841022 
