0.242249 
0.271461 
0.272298 
0.300516 
0.284266 
0.255276 
0.263489 
0.236868 
0.191753 
0.229730 
0.212493 
0.237564 
0.248600 
0.265198 
0.269284 
0.254606 
0.218921 
0.229443 
0.226316 
0.220205 
0.221270 
0.219161 
0.243632 
0.260885 
0.278699 
0.254621 
0.266943 
0.269847 
0.289001 
0.268517 
0.270711 
0.269174 
0.254181 
0.250121 
0.236062 
0.251428 
0.248401 
0.233216 
0.251980 
0.217454 
0.245976 
0.247669 
0.202529 
0.270816 
0.252947 
0.259470 
0.240555 
0.242745 
0.255979 
0.220296 
0.225886 
0.232685 
0.251339 
0.262856 
0.278371 
0.277248 
0.275159 
0.239663 
0.227986 
0.236884 
0.264835 
0.262900 
0.237650 
0.272725 
0.259336 
0.219880 
0.239857 
0.272539 
0.272923 
0.274311 
0.249957 
0.268340 
0.258416 
0.252392 
0.258596 
0.251021 
0.268641 
0.266049 
0.276813 
0.223244 
0.230962 
0.226050 
0.237774 
0.255633 
0.281800 
0.288017 
0.231383 
0.264007 
0.237616 
0.243131 
0.288248 
0.248166 
0.263675 
0.273518 
0.262922 
0.296289 
0.266768 
0.276573 
0.237099 
0.215155 
0.210002 
0.243947 
0.261088 
0.251668 
0.286781 
0.272867 
0.272483 
0.237379 
0.282364 
0.285127 
0.267514 
0.278832 
0.263764 
0.247631 
0.259388 
0.261862 
0.255448 
0.270369 
0.263601 
0.248651 
0.284320 
0.230258 
0.235595 
0.255591 
0.273966 
0.257327 
0.256061 
0.244279 
0.253848 
0.251294 
0.250917 
0.250396 
0.211222 
0.268172 
0.267469 
0.253191 
0.232904 
0.236313 
0.225466 
0.264571 
0.236126 
0.245797 
0.224077 
0.227390 
0.209552 
0.214288 
0.253774 
0.264559 
0.264193 
0.288791 
0.224924 
0.235905 
0.253873 
0.257099 
0.257251 
0.268840 
0.249213 
0.292259 
0.255197 
0.233597 
0.219875 
0.261202 
0.264781 
0.265842 
0.275853 
0.253029 
0.252352 
0.273572 
0.279429 
0.248663 
0.256986 
0.258275 
0.269250 
0.248766 
0.264238 
0.283258 
0.266772 
0.282021 
0.250036 
0.260503 
0.282917 
0.242234 
0.250538 
0.254350 
0.227080 
0.210720 
0.232024 
0.282748 
0.263948 
0.246083 
0.256771 
0.262769 
0.244022 
0.221222 
0.250056 
0.274156 
0.273178 
0.232177 
0.229194 
0.203714 
0.244312 
0.295372 
0.288088 
0.249078 
0.268815 
0.242559 
0.249695 
0.266148 
0.277668 
0.257853 
0.282962 
0.255201 
0.243792 
0.245575 
0.249730 
0.259022 
0.275624 
0.268983 
0.262313 
0.251936 
0.233350 
0.246963 
0.238230 
0.272409 
0.274409 
0.197919 
0.242374 
0.242646 
0.252552 
0.273347 
0.248722 
0.261896 
0.261261 
0.254132 
0.255951 
0.222491 
0.250932 
0.250085 
0.278166 
0.286344 
0.279514 
0.264961 
0.249593 
0.242697 
0.250547 
0.259254 
0.228186 
0.232401 
0.240837 
0.228386 
0.226327 
0.226493 
0.226391 
0.274934 
0.275232 
0.221426 
0.245907 
0.267202 
0.254889 
0.258804 
0.257744 
0.257578 
0.245526 
0.229544 
0.280319 
0.253821 
0.236377 
0.246896 
0.271086 
0.277040 
0.279970 
0.252839 
0.242262 
0.239782 
0.236182 
0.234375 
0.275110 
0.243666 
0.232157 
0.275551 
0.253539 
0.276581 
0.262332 
0.260239 
0.272577 
0.278349 
0.249329 
0.281093 
0.297310 
0.259676 
0.276267 
0.289707 
0.271984 
0.280055 
0.263235 
0.277751 
0.243438 
0.252227 
0.228195 
0.254224 
0.250908 
0.279835 
0.273369 
0.223892 
0.261734 
0.248880 
0.263719 
0.272619 
0.252303 
0.268907 
0.277695 
0.241124 
0.230637 
0.217213 
0.254769 
0.259911 
0.299311 
0.259405 
0.210585 
0.244540 
0.229858 
0.262438 
0.257295 
0.265952 
0.259265 
0.266326 
0.261472 
0.239893 
0.241264 
0.222526 
0.271224 
0.273075 
0.242172 
0.255814 
0.251899 
0.244668 
0.265716 
0.267504 
0.274302 
0.222654 
0.227988 
0.260743 
0.281406 
0.230602 
0.257657 
0.250883 
0.262398 
0.259883 
0.257178 
0.268371 
0.280471 
0.249204 
0.271644 
0.290515 
0.262274 
0.254354 
0.249874 
0.259035 
0.265006 
0.245317 
0.230335 
0.265571 
0.274407 
0.263047 
0.268156 
0.271035 
0.256190 
0.226087 
0.253419 
0.231730 
0.246298 
0.218788 
0.236290 
0.236833 
0.245555 
0.232993 
0.288283 
0.276892 
0.273278 
0.267503 
0.271027 
0.274706 
0.278502 
0.265753 
0.253057 
0.257919 
0.270157 
0.252980 
0.246979 
0.241861 
0.272896 
0.237670 
0.229510 
0.247766 
0.218449 
0.286330 
0.263568 
0.256530 
0.251645 
0.232877 
0.255877 
0.250097 
0.226078 
0.189890 
0.219865 
0.234409 
0.232673 
0.245114 
0.255576 
0.234797 
0.255313 
0.266912 
0.291469 
0.294358 
0.244355 
0.253423 
0.261747 
0.266510 
0.266989 
0.271099 
0.227480 
0.297005 
0.267737 
0.266717 
0.266828 
0.268554 
0.291454 
0.258056 
0.287730 
0.301345 
0.277149 
0.252533 
0.233975 
0.268770 
0.280837 
0.250735 
0.249930 
0.227964 
0.275303 
0.257035 
0.268247 
0.266518 
0.253450 
0.246498 
0.239993 
0.256581 
0.247425 
0.240984 
0.270802 
0.223164 
0.254388 
0.268022 
0.249343 
0.254510 
0.255810 
0.254150 
0.289706 
0.258951 
0.274149 
0.256227 
0.254347 
0.256146 
0.219707 
0.233119 
0.238676 
0.243364 
0.211513 
0.224857 
0.277768 
0.264199 
0.284221 
0.251710 
0.273549 
0.268769 
0.236570 
0.262323 
0.252561 
0.290531 
0.262361 
0.232967 
0.217412 
0.227496 
0.284044 
0.214486 
0.258575 
0.261452 
0.265738 
0.267266 
0.260591 
0.236873 
0.270754 
0.260761 
0.286184 
0.243276 
0.264685 
0.258077 
0.274829 
0.290972 
0.264708 
0.244248 
0.268055 
0.246012 
0.295949 
0.262189 
0.222152 
0.237570 
0.250663 
0.297674 
0.283442 
0.263296 
0.252860 
0.274578 
0.255229 
0.270641 
0.268562 
0.261355 
0.228327 
0.251504 
0.265121 
0.255668 
0.256921 
0.274434 
0.255762 
0.254571 
0.262307 
0.291450 
0.271706 
0.258759 
0.207600 
0.257451 
0.237343 
0.263305 
0.275568 
0.236316 
0.246861 
0.238860 
0.262948 
0.248186 
0.253079 
0.284864 
0.276103 
0.280805 
0.254066 
0.257799 
0.215096 
0.224115 
0.222811 
0.244508 
0.206448 
0.249417 
0.258348 
0.289027 
0.244601 
0.291757 
0.264648 
0.248488 
0.252001 
0.267474 
0.243114 
0.258533 
0.213741 
0.275071 
0.273340 
0.233643 
0.227060 
0.253311 
0.248439 
0.248906 
0.257627 
0.261359 
0.258530 
0.251378 
0.245099 
0.250539 
0.235532 
0.232516 
0.256264 
0.271431 
0.267297 
0.229672 
0.260388 
0.219769 
0.234584 
0.252557 
0.254920 
0.267716 
0.262567 
0.248397 
0.231372 
0.290264 
0.266610 
0.270206 
0.246717 
0.260586 
0.229238 
0.241238 
0.267199 
0.238996 
0.242392 
0.268880 
0.279799 
0.267769 
0.268831 
0.283210 
0.255118 
0.256032 
0.258637 
0.247128 
0.260302 
0.215105 
0.243963 
0.270692 
0.250763 
0.257796 
0.235923 
0.233497 
0.280903 
0.280948 
0.289263 
0.240798 
0.234186 
0.257660 
0.255017 
0.289747 
0.258712 
0.279482 
0.295282 
0.264371 
0.246186 
0.235256 
0.225148 
0.283663 
0.294109 
0.275639 
0.268354 
0.262842 
0.228852 
0.239256 
0.252823 
0.272959 
0.242537 
0.251052 
0.286025 
0.259044 
0.295688 
0.283401 
0.240500 
0.296920 
0.262323 
0.244020 
0.213463 
0.242866 
0.249401 
0.260395 
0.260838 
0.265778 
0.251851 
0.235268 
0.272088 
0.265732 
0.239239 
0.281973 
0.257253 
0.239536 
0.220559 
0.247570 
0.293435 
0.276821 
0.254876 
0.283254 
0.250838 
0.261866 
0.272044 
0.260694 
0.264137 
0.242165 
0.258881 
0.253705 
0.224164 
0.253140 
0.272362 
0.295092 
0.269309 
0.253094 
0.214404 
0.263789 
0.258515 
0.260321 
0.263659 
0.261088 
0.275347 
0.274126 
0.256302 
0.251530 
0.270654 
0.269329 
0.263106 
0.276619 
0.282095 
0.272907 
0.268470 
0.225460 
0.244830 
0.256811 
0.282850 
0.287990 
0.279721 
0.258954 
0.226664 
0.234652 
0.225386 
0.267540 
0.212824 
0.212356 
0.251559 
0.255592 
0.223410 
0.233658 
0.249187 
0.260893 
0.213805 
0.241098 
0.284586 
0.272226 
0.259482 
0.271088 
0.270551 
0.275850 
0.274149 
0.268155 
0.250685 
0.220456 
0.229250 
0.250387 
0.282828 
0.258109 
0.271786 
0.270545 
0.266178 
0.261657 
0.257640 
0.184705 
0.275445 
0.249001 
0.227913 
0.249895 
0.288331 
0.259738 
0.209325 
0.238481 
0.248745 
0.252603 
0.230891 
0.243167 
0.236562 
0.234564 
0.240207 
0.249872 
0.237754 
0.274929 
0.258110 
0.257793 
0.216788 
0.279451 
0.279793 
0.257713 
0.259684 
0.285941 
0.231788 
0.234476 
0.261814 
0.277812 
0.254639 
0.265881 
0.260439 
0.230975 
0.266793 
0.256254 
0.266626 
0.247992 
0.228622 
0.240249 
0.281119 
0.267361 
0.249970 
0.258144 
0.242321 
0.247148 
0.242418 
0.247933 
0.269511 
0.278539 
0.255537 
0.261994 
0.259312 
0.260739 
0.226113 
0.256544 
0.281310 
0.218632 
0.202327 
0.251244 
0.271515 
0.265659 
0.279662 
0.273979 
0.269453 
0.283860 
0.257186 
0.226822 
0.268744 
0.261100 
0.248641 
0.258061 
0.244399 
0.255957 
0.279882 
0.246779 
0.235128 
0.246899 
0.252463 
0.275115 
0.300350 
0.283337 
0.286046 
0.261855 
0.271784 
0.252862 
0.248792 
0.219609 
0.233525 
0.284051 
0.242628 
0.208772 
0.251815 
0.269151 
0.254371 
0.245962 
0.221690 
0.247508 
0.262912 
0.271916 
0.266246 
0.266297 
0.273797 
0.225523 
0.241617 
0.262247 
0.235785 
0.271201 
0.257310 
0.254280 
0.251870 
0.258771 
0.228198 
0.250326 
0.259835 
0.255747 
0.269133 
0.256414 
0.245318 
0.242928 
0.218561 
0.266800 
0.259408 
0.273983 
0.257559 
0.230719 
0.227858 
0.223555 
0.210883 
0.232284 
0.246825 
0.224941 
0.249003 
0.222945 
0.230086 
0.227859 
0.247945 
0.260776 
0.280603 
0.259871 
0.276933 
0.239854 
0.245308 
0.247354 
0.218579 
0.220501 
0.228864 
0.252087 
0.259846 
0.253495 
0.223515 
0.228131 
0.243369 
0.252539 
0.238887 
0.238354 
0.251982 
0.277424 
0.251040 
0.262226 
0.255901 
0.263748 
0.270258 
0.265143 
0.243644 
0.259282 
0.241326 
0.277881 
0.255573 
0.244957 
0.240515 
0.262039 
0.237064 
0.235104 
0.249822 
0.253824 
0.239008 
0.269634 
0.247491 
0.265946 
0.264398 
0.234120 
0.240891 
0.266516 
0.248268 
0.210232 
0.216581 
0.251572 
0.270491 
0.255164 
0.256887 
0.255472 
0.232480 
0.259956 
0.256565 
0.234580 
0.242434 
0.253147 
0.260708 
0.253092 
0.242359 
0.251212 
0.237997 
0.252171 
0.276183 
0.267143 
0.276103 
0.253703 
0.267835 
0.260025 
0.255300 
0.264285 
0.233478 
0.252999 
0.248794 
0.240872 
0.251558 
0.220137 
0.212691 
0.254328 
0.256403 
0.252718 
0.230554 
0.249435 
0.280939 
0.266234 
0.270450 
0.238553 
0.241312 
0.245001 
0.263966 
0.282263 
0.275906 
0.270257 
0.246920 
0.261646 
0.230179 
0.231582 
0.255905 
0.277564 
0.232807 
0.259782 
0.241711 
0.249677 
0.254263 
0.243801 
0.249315 
0.264856 
0.278965 
0.256783 
0.267996 
0.278615 
0.285071 
0.248872 
0.254141 
0.264172 
0.263435 
0.303970 
0.269518 
0.272629 
0.255356 
0.222818 
0.221536 
0.255923 
0.258009 
0.256065 
0.257826 
0.280005 
0.246471 
0.256144 
0.232771 
0.246956 
0.259593 
0.278008 
0.246838 
0.238027 
0.252050 
0.228933 
0.227053 
0.249801 
0.241095 
0.252367 
0.241435 
0.247045 
0.231179 
0.227886 
0.249878 
0.267837 
0.261218 
0.298583 
0.256044 
0.250947 
0.237212 
0.268176 
0.254675 
0.266011 
0.258765 
0.232792 
0.243911 
0.265578 
0.265807 
0.233529 
0.246761 
0.287496 
0.259078 
0.238012 
0.228547 
0.238954 
0.260415 
0.277937 
0.278135 
0.274877 
0.281525 
0.246354 
0.253387 
0.257241 
0.213269 
0.256964 
0.273986 
0.266136 
0.250958 
0.258022 
0.261165 
0.232237 
0.236900 
0.257478 
0.223838 
0.240051 
0.237099 
0.224606 
0.280018 
0.219754 
0.243619 
0.275505 
0.246635 
0.250149 
0.250312 
0.231882 
0.245040 
0.241828 
0.243500 
0.218201 
0.251115 
0.245839 
0.267241 
0.282976 
0.265374 
0.266484 
0.277143 
0.269406 
0.285078 
0.283805 
0.255069 
0.258290 
0.237744 
0.278599 
0.225700 
0.250834 
0.252918 
0.235649 
0.266205 
0.268157 
0.280425 
0.256638 
0.271075 
0.234467 
0.219384 
0.236553 
0.236979 
0.260279 
0.268714 
0.277798 
0.249990 
0.258276 
0.247355 
0.209057 
0.271667 
0.278665 
0.202171 
0.234780 
0.238514 
0.218796 
0.215972 
0.235209 
0.250489 
0.267476 
0.248664 
0.208911 
0.260114 
0.260269 
0.286772 
0.266763 
0.266938 
0.234403 
0.246199 
0.286294 
0.291070 
0.266399 
0.256216 
0.228262 
0.250263 
0.265471 
0.259231 
0.271079 
0.265805 
0.249193 
0.281345 
0.290802 
0.257523 
0.261574 
0.254915 
0.248400 
0.220565 
0.238106 
0.260212 
0.222865 
0.249368 
0.211146 
0.217344 
0.246253 
0.263469 
0.268734 
0.245488 
0.220922 
0.250871 
0.237325 
0.262255 
0.246065 
0.250329 
0.249651 
0.272136 
0.270338 
0.262171 
0.263963 
0.238942 
0.224477 
0.239197 
0.254753 
0.230076 
0.230336 
0.254404 
0.238760 
0.259007 
0.275005 
0.235080 
0.249944 
0.235764 
0.253077 
0.254891 
0.251657 
0.240136 
0.239007 
0.271218 
0.239659 
0.244699 
0.234075 
0.227836 
0.264647 
0.225759 
0.275235 
0.262398 
0.296852 
0.259282 
0.250054 
0.263021 
0.270853 
0.275596 
0.256523 
0.252235 
0.273317 
0.283267 
0.253032 
0.250111 
0.251339 
0.261188 
0.271752 
0.282051 
0.269918 
0.276361 
0.268797 
0.268727 
0.272881 
0.250861 
0.273679 
0.264199 
0.245485 
0.244703 
0.251437 
0.247354 
0.267898 
0.272477 
0.253603 
0.280872 
0.291116 
0.264053 
0.228512 
0.250122 
0.253841 
0.204557 
0.253526 
0.254015 
0.274049 
0.263921 
0.271088 
0.256587 
0.190543 
0.221037 
0.253292 
0.217639 
0.286716 
0.255765 
0.263129 
0.266757 
0.271014 
0.254745 
0.235849 
0.271316 
0.282420 
0.277595 
0.245387 
0.254379 
0.269480 
0.271579 
0.256840 
0.251301 
0.269707 
0.228157 
0.252813 
0.244776 
0.224695 
0.272605 
0.248890 
0.263946 
0.249985 
0.230027 
0.253572 
0.286644 
0.253098 
0.257876 
0.273248 
0.244914 
0.225523 
0.205953 
0.237596 
0.275410 
0.254570 
0.267363 
0.254660 
0.265307 
0.248527 
0.252468 
0.271381 
0.256158 
0.244624 
0.215770 
0.239992 
0.245228 
0.220446 
0.264342 
0.273259 
0.268436 
0.275127 
0.275928 
0.291881 
0.249908 
0.248840 
0.264682 
0.261750 
0.270544 
0.242614 
0.271710 
0.258497 
0.237852 
0.216498 
0.253558 
0.276060 
0.255870 
0.244950 
0.237195 
0.234820 
0.281310 
0.232301 
0.270631 
0.261406 
0.267560 
0.226654 
0.221949 
0.215072 
0.212580 
0.249777 
0.279450 
0.272670 
0.269779 
0.287540 
0.274789 
0.230609 
0.278149 
0.277063 
0.204491 
0.243458 
0.252406 
0.241399 
0.226502 
0.259475 
0.262681 
0.290336 
0.256520 
0.247070 
0.252197 
0.260416 
0.250799 
0.241004 
0.255213 
0.262822 
0.267622 
0.289536 
0.293625 
0.252131 
0.272581 
0.227825 
0.256048 
0.236311 
0.237139 
0.257889 
0.275356 
0.276829 
0.242034 
0.240967 
0.253834 
0.267979 
0.241002 
0.236776 
0.252252 
0.275044 
0.275497 
0.272791 
0.247631 
0.243607 
0.241066 
0.270930 
0.264043 
0.280665 
0.264823 
0.252222 
0.238270 
0.253648 
0.256563 
0.255479 
0.260796 
0.257730 
0.259043 
0.244575 
0.232520 
0.222870 
0.241161 
0.236458 
0.212684 
0.219717 
0.257633 
0.281696 
0.272952 
0.280698 
0.258503 
0.239869 
0.266734 
0.262955 
0.243975 
0.285626 
0.271784 
0.243564 
0.274380 
0.269107 
0.258118 
0.256871 
0.231506 
0.246153 
0.279299 
0.257965 
0.278040 
0.246183 
0.271560 
0.266015 
0.251709 
0.262584 
0.272493 
0.264210 
0.242698 
0.248943 
0.229906 
0.269744 
0.263961 
0.271266 
0.265587 
0.261252 
0.276457 
0.261552 
0.264324 
0.295269 
0.253121 
0.235589 
0.276206 
0.274383 
0.267800 
0.268304 
0.255101 
0.239807 
0.253533 
0.230177 
0.264823 
0.277786 
0.239244 
0.240968 
0.260021 
0.273669 
0.264696 
0.276449 
0.226237 
0.265502 
0.225444 
0.216939 
0.258451 
0.253085 
0.277021 
0.237104 
0.238062 
0.255507 
0.255237 
0.260842 
0.262339 
0.266135 
0.242358 
0.230386 
0.245913 
0.247460 
0.251872 
0.224009 
0.227872 
0.230807 
0.269043 
0.263153 
0.261762 
0.256147 
0.254482 
0.285849 
0.254086 
0.246496 
0.239399 
0.260764 
0.261238 
0.270816 
0.249341 
0.254726 
0.276041 
0.261195 
0.244392 
0.247026 
0.268128 
0.276165 
0.255839 
0.270673 
0.242952 
0.248821 
0.243667 
0.241320 
0.229563 
0.196533 
0.232164 
0.259189 
0.262150 
0.260664 
0.262191 
0.236859 
0.257618 
0.263585 
0.237518 
0.257429 
0.247179 
0.239446 
0.238070 
0.230743 
0.261360 
0.274534 
0.238545 
0.259973 
0.244256 
0.259636 
0.293040 
0.275419 
0.254892 
0.218368 
0.269794 
0.275482 
0.272044 
0.254173 
0.204473 
0.229905 
0.232701 
0.244119 
0.244820 
0.273673 
0.219286 
0.221012 
0.271939 
0.248751 
0.233592 
0.244627 
0.226306 
0.267069 
0.248000 
0.235927 
0.250766 
0.206854 
0.179412 
0.238806 
0.251180 
0.188979 
0.231756 
0.221724 
0.248254 
0.232814 
0.262619 
0.278093 
0.264423 
0.274161 
0.291717 
0.269049 
0.284050 
0.275909 
0.244215 
0.246515 
0.247694 
0.255485 
0.230333 
0.237424 
0.277209 
0.265918 
0.239693 
0.279379 
0.245985 
0.233066 
0.248002 
0.241970 
0.214210 
0.235153 
0.221264 
0.218193 
0.210539 
0.260816 
0.241128 
0.236444 
0.207352 
0.217165 
0.268703 
0.231754 
0.279302 
0.245142 
0.267146 
0.260470 
0.252856 
0.272532 
0.251757 
0.242428 
0.216101 
0.240344 
0.219128 
0.211335 
0.257100 
0.271054 
0.219909 
0.260409 
0.280818 
0.263110 
0.270454 
0.270730 
0.241336 
0.239094 
0.238089 
0.276892 
0.252254 
0.261623 
0.224976 
0.236964 
0.242618 
0.249282 
0.280260 
0.286458 
0.285027 
0.246960 
0.266889 
0.225148 
0.243029 
0.257917 
0.248927 
0.261290 
0.301948 
0.275220 
0.266799 
0.248315 
0.260674 
0.262791 
0.229015 
0.242303 
0.236506 
0.250581 
0.258693 
0.256419 
0.233061 
0.223764 
0.231444 
0.253041 
0.257554 
0.283387 
0.294205 
0.276355 
0.261197 
0.284559 
0.269581 
0.278292 
0.238040 
0.245615 
0.242088 
0.267459 
0.301932 
0.230585 
0.229334 
0.242378 
0.264432 
0.256619 
0.278920 
0.257162 
0.246334 
0.279078 
0.258665 
0.252018 
0.214786 
0.268363 
0.262631 
0.243745 
0.247571 
0.250647 
0.256684 
0.247290 
0.258520 
0.246329 
0.263666 
0.242839 
0.243763 
0.244730 
0.233138 
0.230896 
0.207567 
0.287621 
0.236521 
0.219594 
0.270197 
0.257810 
0.262180 
0.271934 
0.215213 
0.264078 
0.263696 
0.277049 
0.265559 
0.245656 
0.220372 
0.255248 
0.255919 
0.265958 
0.257951 
0.237065 
0.231707 
0.270319 
0.269628 
0.276608 
0.266064 
0.271411 
0.266948 
0.225340 
0.244676 
0.274764 
0.275612 
0.265474 
0.258309 
0.247150 
0.261173 
0.282745 
0.270912 
0.220305 
0.218427 
0.217005 
0.257667 
0.258806 
0.252742 
0.239828 
0.233064 
0.251360 
0.197526 
0.251376 
0.257583 
0.273703 
0.268357 
0.231299 
0.208992 
0.217845 
0.245261 
0.245342 
0.216025 
0.259793 
0.280391 
0.231219 
0.230169 
0.255544 
0.270381 
0.286891 
0.272636 
0.258103 
0.229852 
0.278516 
0.284517 
0.268620 
0.234390 
0.237634 
0.238563 
0.247693 
0.265448 
0.266482 
0.244364 
0.221514 
0.247364 
0.239438 
0.238145 
0.213666 
0.231015 
0.262197 
0.246074 
0.241100 
0.233264 
0.272686 
0.229533 
0.231853 
0.258929 
0.269103 
0.273142 
0.243749 
0.246727 
0.263980 
0.260155 
0.257683 
0.249474 
0.210185 
0.223143 
0.254904 
0.267781 
0.258832 
0.255692 
0.277414 
0.265017 
0.244695 
0.285451 
0.276286 
0.260123 
0.254824 
0.244717 
0.275053 
0.262683 
0.219887 
0.211492 
0.251980 
0.244462 
0.243484 
0.288720 
0.273757 
0.273633 
0.255505 
0.231274 
0.219654 
0.255639 
0.255809 
0.221676 
0.265229 
0.258411 
0.241231 
0.266652 
0.256015 
0.250418 
0.239964 
0.259598 
0.252539 
0.239347 
0.260612 
0.276870 
0.227998 
0.249339 
0.241079 
0.261779 
0.270548 
0.254300 
0.280668 
0.259924 
0.242993 
0.257910 
0.249301 
0.246616 
0.227385 
0.233300 
0.248731 
0.229270 
0.247237 
0.256714 
0.255616 
0.252442 
0.224566 
0.257729 
0.213254 
0.244697 
0.247954 
0.241917 
0.262928 
0.256706 
0.256412 
0.266105 
0.269288 
0.261620 
0.256694 
0.229174 
0.255146 
0.201088 
0.233827 
0.236132 
0.249487 
0.280396 
0.273785 
0.234791 
0.266112 
0.257392 
0.249612 
0.254855 
0.274984 
0.286127 
0.281978 
0.275501 
0.228199 
0.253932 
0.250631 
0.254377 
0.285834 
0.224831 
0.273619 
0.258103 
0.267542 
0.261004 
0.252086 
0.225256 
0.259396 
0.265097 
0.288238 
0.252698 
0.288891 
0.249575 
0.228614 
0.215618 
0.218182 
0.211105 
0.277591 
0.234120 
0.242272 
0.257982 
0.246384 
0.271941 
0.249388 
0.254179 
0.272282 
0.247364 
0.267303 
0.270950 
0.279850 
0.263936 
0.243122 
0.245385 
0.273703 
0.255911 
0.273643 
0.244578 
0.270975 
0.266330 
0.245448 
0.212564 
0.247056 
0.252021 
0.263330 
0.281865 
0.263608 
0.300444 
0.256137 
0.269887 
0.281960 
0.234548 
0.243846 
0.245215 
0.250156 
0.249124 
0.286935 
0.280386 
0.245827 
0.253839 
0.250877 
0.271405 
0.293696 
0.275059 
0.284703 
0.268027 
0.231993 
0.238655 
0.212935 
0.239278 
0.256974 
0.276849 
0.261724 
0.270885 
0.305172 
0.254257 
0.244861 
0.253125 
0.251482 
0.262040 
0.248379 
0.256899 
0.273226 
0.255965 
0.232098 
0.224137 
0.231614 
0.255042 
0.248665 
0.254270 
0.262086 
0.279393 
0.269934 
0.242082 
0.258478 
0.252920 
0.237038 
0.247580 
0.245398 
0.273391 
0.281171 
0.260116 
0.244043 
0.244509 
0.272137 
0.248772 
0.234125 
0.253942 
0.282136 
0.270425 
0.281779 
0.255746 
0.228788 
0.229080 
0.250130 
0.244126 
0.280885 
0.278182 
0.277071 
0.231049 
0.246351 
0.267357 
0.238430 
0.219362 
0.239072 
0.245391 
0.230278 
0.277358 
0.240590 
0.259536 
0.233335 
0.252965 
0.260953 
0.272142 
0.257830 
0.251853 
0.294078 
0.293994 
0.272548 
0.268803 
0.262345 
0.283652 
0.249696 
0.264694 
0.279117 
0.265966 
0.293677 
0.268842 
0.273399 
0.291021 
0.253916 
0.233757 
0.267338 
0.270351 
0.262439 
0.255870 
0.245520 
0.265207 
0.290590 
0.265859 
0.257014 
0.195698 
0.211342 
0.224380 
0.251825 
0.258027 
0.230493 
0.259635 
0.259913 
0.293072 
0.295606 
0.256339 
0.289062 
0.262113 
0.265468 
0.262559 
0.286071 
0.271780 
0.245992 
0.249511 
0.262903 
0.238635 
0.258741 
0.246692 
0.270349 
0.260062 
0.259585 
0.254336 
0.244288 
0.258740 
0.273049 
0.286023 
0.291975 
0.252117 
0.258839 
0.273627 
0.260545 
0.270242 
0.279491 
0.262569 
0.277145 
0.274978 
0.254595 
0.223251 
0.241086 
0.248694 
0.270226 
0.277599 
0.253174 
0.241095 
0.276039 
0.306320 
0.280846 
0.266904 
0.262281 
0.262273 
0.269991 
0.250063 
0.277059 
0.255644 
0.245325 
0.218202 
0.233774 
0.234879 
0.239766 
0.258528 
0.271874 
0.283618 
0.256235 
0.244315 
0.226420 
0.256972 
0.272701 
0.249893 
0.246666 
0.270485 
0.228345 
0.254938 
0.252791 
0.267081 
0.267793 
0.292651 
0.269397 
0.275883 
0.248282 
0.274265 
0.216974 
0.222973 
0.259927 
0.225210 
0.269818 
0.292355 
0.272373 
0.265583 
0.232866 
0.283671 
0.295648 
0.281975 
0.271214 
0.251200 
0.263107 
0.278829 
0.267429 
0.267305 
0.249345 
0.249850 
0.228815 
0.242346 
0.232506 
0.265346 
0.274465 
0.239047 
0.249507 
0.233334 
0.269393 
0.264463 
0.268412 
0.263855 
0.269832 
0.275984 
0.283596 
0.274029 
0.279200 
0.251414 
0.258341 
0.240977 
0.280985 
0.265731 
0.232146 
0.282690 
0.261110 
0.289313 
0.282707 
0.294463 
0.267672 
0.252409 
0.240421 
0.264600 
0.234238 
0.249414 
0.266256 
0.276278 
0.272887 
0.271358 
0.271898 
0.244034 
0.230805 
0.232344 
0.244191 
0.240308 
0.234682 
0.264524 
0.262351 
0.242838 
0.265392 
0.236441 
0.229802 
0.258761 
0.246206 
0.252318 
0.258753 
0.227235 
0.239978 
0.244157 
0.252456 
0.260479 
0.244205 
0.253118 
0.283775 
0.261358 
0.251238 
0.286458 
0.263564 
0.270335 
0.277227 
0.271751 
0.264706 
0.252192 
0.281770 
0.253540 
0.267429 
0.271219 
0.275460 
0.229498 
0.260884 
0.270210 
0.232414 
0.258992 
0.264692 
0.265957 
0.262977 
0.224253 
0.276776 
0.232727 
0.217815 
0.242166 
0.234376 
0.258977 
0.261436 
0.250004 
0.236739 
0.283714 
0.277519 
0.267739 
0.269457 
0.246157 
0.244951 
0.282930 
0.261478 
0.282745 
0.259144 
0.234792 
0.272055 
0.240204 
0.217736 
0.277893 
0.275988 
0.232086 
0.217966 
0.232745 
0.230893 
0.252770 
0.275151 
0.263549 
0.244890 
0.253410 
0.222332 
0.240890 
0.225020 
0.242497 
0.261612 
0.278168 
0.265909 
0.247466 
0.202485 
0.242254 
0.257875 
0.246136 
0.243509 
0.273495 
0.247911 
0.241857 
0.289109 
0.277415 
0.235422 
0.262841 
0.251176 
0.270807 
0.252182 
0.271922 
0.298366 
0.275043 
0.261959 
0.249904 
0.259940 
0.267883 
0.239765 
0.242072 
0.233065 
0.249388 
0.266758 
0.277086 
0.254685 
0.232221 
0.211610 
0.218717 
0.223944 
0.225576 
0.252762 
0.277255 
0.284930 
0.285570 
0.223791 
0.240345 
0.297975 
0.271769 
0.281570 
0.277217 
0.225989 
0.233030 
0.278977 
0.248365 
0.256604 
0.272017 
0.268533 
0.244031 
0.266690 
0.235422 
0.222189 
0.229551 
0.270671 
0.275764 
0.267817 
0.278208 
0.268940 
0.261477 
0.271246 
0.260778 
0.242793 
0.257895 
0.258877 
0.254399 
0.236826 
0.250749 
0.228706 
0.213377 
0.243580 
0.249697 
0.274987 
0.224352 
0.217491 
0.255719 
0.257836 
0.244296 
0.259178 
0.282178 
0.287075 
0.247955 
0.265536 
0.270603 
0.278219 
0.258246 
0.258552 
0.255736 
0.275863 
0.289020 
0.277273 
0.274640 
0.254923 
0.288278 
0.266443 
0.270024 
0.272108 
0.266151 
0.269097 
0.240485 
0.293410 
0.270335 
0.262930 
0.261457 
0.246297 
0.254992 
0.236299 
0.217532 
0.291014 
0.263544 
0.252411 
0.263217 
0.280308 
0.238163 
0.255430 
0.261003 
0.267503 
0.262182 
0.265078 
0.259873 
0.270101 
0.251080 
0.271200 
0.268847 
0.268373 
0.260657 
0.248791 
0.249159 
0.262307 
0.242029 
0.237902 
0.249298 
0.267693 
0.279812 
0.274599 
0.254554 
0.253763 
0.263822 
0.281195 
0.270296 
0.275527 
0.239594 
0.253389 
0.257878 
0.232996 
0.224057 
0.235781 
0.261864 
0.239717 
0.234248 
0.267796 
0.266221 
0.286904 
0.270383 
0.253152 
0.272602 
0.238627 
0.254829 
0.247869 
0.294713 
0.275384 
0.270571 
0.279668 
0.255708 
0.250114 
0.276081 
0.273328 
0.253912 
0.280968 
0.240434 
0.247065 
0.249007 
0.268149 
0.209527 
0.235192 
0.243359 
0.263868 
0.258809 
0.240784 
0.256595 
0.261895 
0.236241 
0.266161 
0.290454 
0.275545 
0.263524 
0.233503 
0.253062 
0.263970 
0.222885 
0.276055 
0.252026 
0.232080 
0.254738 
0.270622 
0.249000 
0.278147 
0.253988 
0.257144 
0.259938 
0.247398 
0.266667 
0.265336 
0.274117 
0.239867 
0.277619 
0.268132 
0.246917 
0.220150 
0.237478 
0.242375 
0.244204 
0.266600 
0.288298 
0.270474 
0.235919 
0.259390 
0.230821 
0.244139 
0.240432 
0.238171 
0.250188 
0.247810 
0.228448 
0.239654 
0.272863 
0.285666 
0.261147 
0.229839 
0.227811 
0.264916 
0.268191 
0.277403 
0.274325 
0.255200 
0.250398 
0.239516 
0.230740 
0.271694 
0.266217 
0.255441 
0.231779 
0.202887 
0.239724 
0.220936 
0.246482 
0.261169 
0.233716 
0.240933 
0.277436 
0.290862 
0.254564 
0.241260 
0.265589 
0.255622 
0.267531 
0.284353 
0.280930 
0.281717 
0.268939 
0.241563 
0.244128 
0.249914 
0.243452 
0.235548 
0.241568 
0.233365 
0.260937 
0.272024 
0.252740 
0.242681 
0.258900 
0.248071 
0.269807 
0.235203 
0.261311 
0.273242 
0.263296 
0.271528 
0.292959 
0.283442 
0.238307 
0.267706 
0.237152 
0.238032 
0.257292 
0.284835 
0.273866 
0.236492 
0.272157 
0.272672 
0.258142 
0.287961 
0.272554 
0.272634 
0.248622 
0.221681 
0.235314 
0.226203 
0.237019 
0.250108 
0.288079 
0.309318 
0.259035 
0.262420 
0.262334 
0.269349 
0.229607 
0.219640 
0.254726 
0.251603 
0.273270 
0.277790 
0.235470 
0.221546 
0.237236 
0.260000 
0.245264 
0.183940 
0.193275 
0.208814 
0.219648 
0.228980 
0.260754 
0.252505 
0.237741 
0.233754 
0.231991 
0.229742 
0.245520 
0.266397 
0.265285 
0.254908 
0.259255 
0.265776 
0.232837 
0.236006 
0.239319 
0.222744 
0.269959 
0.221890 
0.255087 
0.276981 
0.263649 
0.214010 
0.258327 
0.240940 
0.258304 
0.236800 
0.265700 
0.217010 
0.272306 
0.266718 
0.259468 
0.265815 
0.219079 
0.257705 
0.265970 
0.281095 
0.277733 
0.247899 
0.254663 
0.244640 
0.243702 
0.243033 
0.271571 
0.237611 
0.251252 
0.250180 
0.266840 
0.272428 
0.258346 
0.237271 
0.265527 
0.253553 
0.291331 
0.279068 
0.240734 
0.278001 
0.278516 
0.236549 
0.258235 
0.246504 
0.249227 
0.277262 
0.249221 
0.227659 
0.248572 
0.253760 
0.272350 
0.265815 
0.274132 
0.256742 
0.272938 
0.273298 
0.261828 
0.250721 
0.277833 
0.245693 
0.208177 
0.250940 
0.238369 
0.219876 
0.238918 
0.249147 
0.269411 
0.274470 
0.264609 
0.288498 
0.260683 
0.271501 
0.241230 
0.255495 
0.250427 
0.279191 
0.294041 
0.254427 
0.252927 
0.262164 
0.251996 
0.280846 
0.273645 
0.247804 
0.238403 
0.246191 
0.270250 
0.291318 
0.283935 
0.275397 
0.219770 
0.281961 
0.227402 
0.243349 
0.226611 
0.210948 
0.242925 
0.211958 
0.261533 
0.257955 
0.263573 
0.271491 
0.269540 
0.265814 
0.206871 
0.242834 
0.224963 
0.268349 
0.237591 
0.278253 
0.238689 
0.253159 
0.243239 
0.267701 
0.231824 
0.246818 
0.253673 
0.252946 
0.244663 
0.258117 
0.275473 
0.259370 
0.271309 
0.268336 
0.255785 
0.215730 
0.229781 
0.237092 
0.260028 
0.281615 
0.261053 
0.258577 
0.255232 
0.272689 
0.243862 
0.220709 
0.229277 
0.244030 
0.235481 
0.249416 
0.221999 
0.260694 
0.221482 
0.256164 
0.258964 
0.244653 
0.227606 
0.240746 
0.287740 
0.293200 
0.268176 
0.256548 
0.252438 
0.276733 
0.260255 
0.240145 
0.244577 
0.217740 
0.265210 
0.286782 
0.234046 
0.241779 
0.267581 
0.237507 
0.261584 
0.225413 
0.232827 
0.244467 
0.232651 
0.265830 
0.266012 
0.256878 
0.280156 
0.284424 
0.257051 
0.248929 
0.268295 
0.284003 
0.298362 
0.268310 
0.259864 
0.261072 
0.268300 
0.276823 
0.243601 
0.283216 
0.269962 
0.264437 
0.263526 
0.280129 
0.267485 
0.277424 
0.271913 
0.272131 
0.266293 
0.275833 
0.244673 
0.269020 
0.248288 
0.281492 
0.232309 
0.238930 
0.252593 
0.269695 
0.259356 
0.228165 
0.229297 
0.254960 
0.262300 
0.280475 
0.251039 
0.246713 
0.270085 
0.251119 
0.250366 
0.238383 
0.262769 
0.240177 
0.259493 
0.254733 
0.249573 
0.250476 
0.268222 
0.276711 
0.250669 
0.262195 
0.282352 
0.283169 
0.241622 
0.228149 
0.225097 
0.256772 
0.225766 
0.231651 
0.252847 
0.252782 
0.257767 
0.264621 
0.281230 
0.261053 
0.258152 
0.279424 
0.264533 
0.241689 
0.201066 
0.219153 
0.221490 
0.228135 
0.256789 
0.240173 
0.254861 
0.267785 
0.218527 
0.254945 
0.298413 
0.263356 
0.244542 
0.244710 
0.232211 
0.261800 
0.262408 
0.282053 
0.248730 
0.261014 
0.277648 
0.251429 
0.259158 
0.277515 
0.275324 
0.278528 
0.278103 
0.241172 
0.266130 
0.266646 
0.267826 
0.260345 
0.279978 
0.246157 
0.279441 
0.278480 
0.268101 
0.265711 
0.267607 
0.267076 
0.268870 
0.269534 
0.262874 
0.259671 
0.256105 
0.224640 
0.256438 
0.244376 
0.248623 
0.205830 
0.229241 
0.234877 
0.248938 
0.272793 
0.285021 
0.259235 
0.272160 
0.277332 
0.270086 
0.271092 
0.279754 
0.255180 
0.251732 
0.264337 
0.236398 
0.262402 
0.275548 
0.280967 
0.248787 
0.277989 
0.287942 
0.277380 
0.301853 
0.251096 
0.262696 
0.233089 
0.273115 
0.285080 
0.258161 
0.270088 
0.260905 
0.244830 
0.247437 
0.253786 
0.248040 
0.264028 
0.263479 
0.259331 
0.261986 
0.242012 
0.276047 
0.272937 
0.257141 
0.266110 
0.265214 
0.251893 
0.247688 
0.286666 
0.272218 
0.252971 
0.244549 
0.259281 
0.283460 
0.252043 
0.267761 
0.266292 
0.227081 
0.270290 
0.257419 
0.264207 
0.284336 
0.277550 
0.294385 
0.263308 
0.238073 
0.240891 
0.245169 
0.246277 
0.250816 
0.233193 
0.252908 
0.245504 
0.253651 
0.245926 
0.258286 
0.233419 
0.222896 
0.254175 
0.233982 
0.227873 
0.254090 
0.272494 
0.266656 
0.256440 
0.274785 
0.262740 
0.235316 
0.267082 
0.251908 
0.223779 
0.230569 
0.255580 
0.267381 
0.254980 
0.259497 
0.266278 
0.265760 
0.268382 
0.244456 
0.246503 
0.213924 
0.260001 
0.260460 
0.273425 
0.268217 
0.281552 
0.262711 
0.239364 
0.260396 
0.259740 
0.230120 
0.211393 
0.235100 
0.240587 
0.272856 
0.262010 
0.233187 
0.267118 
0.243457 
0.222211 
0.237501 
0.246641 
0.272966 
0.273606 
0.261663 
0.264899 
0.185185 
0.211038 
0.245489 
0.256695 
0.268168 
0.242090 
0.249952 
0.244671 
0.224593 
0.267234 
0.216126 
0.263166 
0.249054 
0.241042 
0.274483 
0.238706 
0.248799 
0.246726 
0.265630 
0.197350 
0.228204 
0.229566 
0.257831 
0.245821 
0.239808 
0.275068 
0.232762 
0.241987 
0.253933 
0.241738 
0.216434 
0.249497 
0.256200 
0.269619 
0.283196 
0.272878 
0.278799 
0.274611 
0.266583 
0.279996 
0.250460 
0.270849 
0.273193 
0.219249 
0.208127 
0.217083 
0.258979 
0.257735 
0.267292 
0.256970 
0.245809 
0.251126 
0.279472 
0.224545 
0.252836 
0.273527 
0.252123 
0.266548 
0.294035 
0.270445 
0.229633 
0.243255 
0.253527 
0.241420 
0.261212 
0.294371 
0.243030 
0.258092 
0.240715 
0.262645 
0.262154 
0.285447 
0.253428 
0.243041 
0.257047 
0.216559 
0.217008 
0.241485 
0.254613 
0.261665 
0.257214 
0.284958 
0.255764 
0.256486 
0.267174 
0.259578 
0.247965 
0.249557 
0.245699 
0.258983 
0.255470 
0.230853 
0.268009 
0.287611 
0.285345 
0.259801 
0.273945 
0.253627 
0.214706 
0.233552 
0.221978 
0.270258 
0.260482 
0.289073 
0.277667 
0.239298 
0.216576 
0.216830 
0.257978 
0.264383 
0.278499 
0.255745 
0.255991 
0.258015 
0.238023 
0.280052 
0.279019 
0.255408 
0.248837 
0.232563 
0.253409 
0.218362 
0.237279 
0.187529 
0.252025 
0.261004 
0.251388 
0.250380 
0.275054 
0.255088 
0.245749 
0.261288 
0.227176 
0.250513 
0.266800 
0.243911 
0.259571 
0.266237 
0.268754 
0.242635 
0.195951 
0.227227 
0.254094 
0.266551 
0.245602 
0.267784 
0.271468 
0.263182 
0.227209 
0.240300 
0.240767 
0.239267 
0.245392 
0.264613 
0.233275 
0.264676 
0.247105 
0.264420 
0.257470 
0.261292 
0.212037 
0.234055 
0.249912 
0.249104 
0.241436 
0.248236 
0.255685 
0.252455 
0.275185 
0.261697 
0.205055 
0.224780 
0.223426 
0.242565 
0.222617 
0.241881 
0.243163 
0.243932 
0.226017 
0.268785 
0.269721 
0.269286 
0.247377 
0.242368 
0.250371 
0.257913 
0.262310 
0.265571 
0.251826 
0.282126 
0.267865 
0.244176 
0.254440 
0.234252 
0.243694 
0.227447 
0.294914 
0.259148 
0.309624 
0.254044 
0.214736 
0.256952 
0.273607 
0.261282 
0.257804 
0.245719 
0.236351 
0.254418 
0.252842 
0.265705 
0.220632 
0.243474 
0.237452 
0.262636 
0.229972 
0.242946 
0.249125 
0.222316 
0.232357 
0.254454 
0.224753 
0.251654 
0.280384 
0.266104 
0.238078 
0.267464 
0.270220 
0.272017 
0.249514 
0.265952 
0.262419 
0.256671 
0.260484 
0.226246 
0.238003 
0.267335 
0.256062 
0.253664 
0.247063 
0.249686 
0.243749 
0.239484 
0.207625 
0.277792 
0.263895 
0.276713 
0.223290 
0.253264 
0.262500 
0.275170 
0.274460 
0.287397 
0.275027 
0.266967 
0.277981 
0.265188 
0.247505 
0.236724 
0.275570 
0.261535 
0.234180 
0.240837 
0.247160 
0.234904 
0.236120 
0.257001 
0.259158 
0.261883 
0.227105 
0.235601 
0.264654 
0.287768 
0.251102 
0.246464 
0.261497 
0.248222 
0.236146 
0.217634 
0.251480 
0.222344 
0.240716 
0.239513 
0.230651 
0.247906 
0.219340 
0.273037 
0.245908 
0.254247 
0.231490 
0.223245 
0.238449 
0.252520 
0.249335 
0.239340 
0.222949 
0.277674 
0.209795 
0.252315 
0.284121 
0.265161 
0.273617 
0.291230 
0.296092 
0.251891 
0.289306 
0.272325 
0.258558 
0.255509 
0.264176 
0.232048 
0.240925 
0.233299 
0.232968 
0.252486 
0.263129 
0.258223 
0.264608 
0.284811 
0.272761 
0.237076 
0.195557 
0.240569 
0.270208 
0.246307 
0.242078 
0.223123 
0.252678 
0.271168 
0.246368 
0.242573 
0.224332 
0.236123 
0.255922 
0.261496 
0.278038 
0.255025 
0.237806 
0.250139 
0.249222 
0.233863 
0.257643 
0.249186 
0.256219 
0.244095 
0.254659 
0.253346 
0.235563 
0.274597 
0.264981 
0.266042 
0.272549 
0.273744 
0.272084 
0.241352 
0.234118 
0.226422 
0.252379 
0.257001 
0.269743 
0.245320 
0.248608 
0.264487 
0.256966 
0.228523 
0.222263 
0.236480 
0.271794 
0.222085 
0.222260 
0.277631 
0.270396 
0.267948 
0.257395 
0.296125 
0.267173 
0.281786 
0.246979 
0.234694 
0.269044 
0.266928 
0.272264 
0.244240 
0.241915 
0.235741 
0.239441 
0.241834 
0.258705 
0.245826 
0.241327 
0.271916 
0.244142 
0.253281 
0.271796 
0.265275 
0.242384 
0.264378 
0.280908 
0.278709 
0.297058 
0.267797 
0.273072 
0.282419 
0.254899 
0.226255 
0.246414 
0.265257 
0.263899 
0.256064 
0.255443 
0.272464 
0.272330 
0.203594 
0.253206 
0.244934 
0.254416 
0.250151 
0.196716 
0.248230 
0.219043 
0.273247 
0.222871 
0.255922 
0.244832 
0.266770 
0.261440 
0.250517 
0.274079 
0.254394 
0.224052 
0.284811 
0.264448 
0.252551 
0.263383 
0.238513 
0.245462 
0.273105 
0.282968 
0.267026 
0.269870 
0.250770 
0.259361 
0.282808 
0.267226 
0.277187 
0.253679 
0.276932 
0.263354 
0.271250 
0.264553 
0.230816 
0.228285 
0.257779 
0.271559 
0.249884 
0.262204 
0.247613 
0.237682 
0.268205 
0.225673 
0.246858 
0.261583 
0.291202 
0.267450 
0.281977 
0.264828 
0.262183 
0.251750 
0.313538 
0.259026 
0.232295 
0.208148 
0.283068 
0.278699 
0.247036 
0.248181 
0.257425 
0.232535 
0.230152 
0.255890 
0.236272 
0.262172 
0.260437 
0.282408 
0.273454 
0.244374 
0.252496 
0.234220 
0.248335 
0.260171 
0.284225 
0.256820 
0.251506 
0.247531 
0.273720 
0.251735 
0.250969 
0.280021 
0.274821 
0.238588 
0.250980 
0.255268 
0.254363 
0.257249 
0.284986 
0.284268 
0.287549 
0.277567 
0.259061 
0.266289 
0.239956 
0.270082 
0.249510 
0.254096 
0.231516 
0.260681 
0.264302 
0.262372 
0.265493 
0.281918 
0.259337 
0.251019 
0.245903 
0.272332 
0.251795 
0.232641 
0.267436 
0.288226 
0.261492 
0.286665 
0.231422 
0.275171 
0.274789 
0.265809 
0.244550 
0.277727 
0.257594 
0.279787 
0.257768 
0.278539 
0.272115 
0.249133 
0.249000 
0.229070 
0.239928 
0.252285 
0.208669 
0.250184 
0.262975 
0.275482 
0.260914 
0.275085 
0.260408 
0.268871 
0.276590 
0.235042 
0.221251 
0.226531 
0.238384 
0.230138 
0.249664 
0.246883 
0.268291 
0.270981 
0.248233 
0.281538 
0.238006 
0.272660 
0.266048 
0.243617 
0.260816 
0.265982 
0.254699 
0.269038 
0.240611 
0.219659 
0.244001 
0.261988 
0.260642 
0.293408 
0.311073 
0.275205 
0.294928 
0.276884 
0.262383 
0.279843 
0.208314 
0.250476 
0.220955 
0.232951 
0.233597 
0.254940 
0.300471 
0.277971 
0.283957 
0.296054 
0.284864 
0.266310 
0.264058 
0.278553 
0.266941 
0.256662 
0.279687 
0.249137 
0.248313 
0.255934 
0.252651 
0.278464 
0.280585 
0.265713 
0.268294 
0.251516 
0.272735 
0.248092 
0.250148 
0.263367 
0.254373 
0.261985 
0.282756 
0.267790 
0.247466 
0.269133 
0.269846 
0.277813 
0.281357 
0.285382 
0.243143 
0.271552 
0.254463 
0.268142 
0.239137 
0.252608 
0.259160 
0.202986 
0.218565 
0.239577 
0.263343 
0.229826 
0.263756 
0.254930 
0.259345 
0.239738 
0.254546 
0.260145 
0.240864 
0.251565 
0.255759 
0.252456 
0.243636 
0.242101 
0.261255 
0.262094 
0.274211 
0.269087 
0.237448 
0.224670 
0.265208 
0.260535 
0.239880 
0.278532 
0.238268 
0.226644 
0.242991 
0.265594 
0.254001 
0.260188 
0.271800 
0.289068 
0.262267 
0.255008 
0.256852 
0.251083 
0.237043 
0.281167 
0.278007 
0.258596 
0.294222 
0.269052 
0.231422 
0.268729 
0.286672 
0.265966 
0.268049 
0.266355 
0.278623 
0.298693 
0.284191 
0.245709 
0.276821 
0.252180 
0.265344 
0.260155 
0.273407 
0.223284 
0.227955 
0.224494 
0.240177 
0.268237 
0.246125 
0.228666 
0.235893 
0.247654 
0.253363 
0.246236 
0.273890 
0.261127 
0.263271 
0.270570 
0.277123 
0.256116 
0.274378 
0.265742 
0.261913 
0.251093 
0.212198 
0.247189 
0.244243 
0.254465 
0.259343 
0.268967 
0.253641 
0.233478 
0.228912 
0.265348 
0.262233 
0.262173 
0.260217 
0.236160 
0.246013 
0.247589 
0.243397 
0.252220 
0.270300 
0.270470 
0.281654 
0.294507 
0.288124 
0.247183 
0.244420 
0.236594 
0.180303 
0.277025 
0.234417 
0.256309 
0.273010 
0.284228 
0.272462 
0.244320 
0.276016 
0.250697 
0.256914 
0.244075 
0.281076 
0.275207 
0.267417 
0.255453 
0.245034 
0.267230 
0.271050 
0.280435 
0.282937 
0.265184 
0.263224 
0.264367 
0.265345 
0.240390 
0.254745 
0.234273 
0.264632 
0.273888 
0.284932 
0.256244 
0.251985 
0.253109 
0.264055 
0.254722 
0.256336 
0.269788 
0.236746 
0.227147 
0.208171 
0.215650 
0.245684 
0.257285 
0.236424 
0.259483 
0.246660 
0.254763 
0.267791 
0.249122 
0.244926 
0.239102 
0.259650 
0.218436 
0.239984 
0.262780 
0.243772 
0.279398 
0.287679 
0.281099 
0.267211 
0.264868 
0.279043 
0.287531 
0.275446 
0.242069 
0.235687 
0.211768 
0.237510 
0.260422 
0.255503 
0.245750 
0.246275 
0.241282 
0.245754 
0.255633 
0.271636 
0.255284 
0.244390 
0.246311 
0.257014 
0.266075 
0.289072 
0.257144 
0.248733 
0.254418 
0.265144 
0.259263 
0.274948 
0.251735 
0.251039 
0.236051 
0.242641 
0.246856 
0.208985 
0.249707 
0.255741 
0.275217 
0.269953 
0.231670 
0.246872 
0.257465 
0.281592 
0.267807 
0.264282 
0.265467 
0.275293 
0.237789 
0.236496 
0.234728 
0.204124 
0.230515 
0.257479 
0.260886 
0.262076 
0.270759 
0.262731 
0.273186 
0.268197 
0.205651 
0.245561 
0.252702 
0.247241 
0.247801 
0.251110 
0.221703 
0.206202 
0.273994 
0.283582 
0.270274 
0.269753 
0.243329 
0.249261 
0.272541 
0.255261 
0.250875 
0.284291 
0.297943 
0.243741 
0.252405 
0.259710 
0.247583 
0.254560 
0.238370 
0.239228 
0.247884 
0.268704 
0.267980 
0.270679 
0.250621 
0.260900 
0.274212 
0.270158 
0.252683 
0.291071 
0.295598 
0.254076 
0.267430 
0.242855 
0.255633 
0.272589 
0.269756 
0.262680 
0.281142 
0.252705 
0.224691 
0.242142 
0.211462 
0.236971 
0.249881 
0.245789 
0.294485 
0.258839 
0.272281 
0.246651 
0.252750 
0.236481 
0.271557 
0.268450 
0.266639 
0.236250 
0.250750 
0.222921 
0.257554 
0.244026 
0.261878 
0.282601 
0.284495 
0.287179 
0.231907 
0.243278 
0.283380 
0.288823 
0.275526 
0.275351 
0.244051 
0.252755 
0.263979 
0.238553 
0.279803 
0.291924 
0.287597 
0.256236 
0.223207 
0.251287 
0.250494 
0.247414 
0.226204 
0.279768 
0.273227 
0.273841 
0.254142 
0.256602 
0.261913 
0.254794 
0.270571 
0.246833 
0.259420 
0.268267 
0.261817 
0.252845 
0.270054 
0.261291 
0.260921 
0.279590 
0.248237 
0.277408 
0.259237 
0.235426 
0.276994 
0.257575 
0.248581 
0.247846 
0.262620 
0.252470 
0.239812 
0.248450 
0.251829 
0.271686 
0.254353 
0.249265 
0.260669 
0.232230 
0.244786 
0.267105 
0.293469 
0.228495 
0.213793 
0.222551 
0.274108 
0.261513 
0.277811 
0.240075 
0.238567 
0.239824 
0.249434 
0.241827 
0.270980 
0.259666 
0.277251 
0.259005 
0.206753 
0.264540 
0.223249 
0.225844 
0.266362 
0.239243 
0.268867 
0.271737 
0.247009 
0.257802 
0.268266 
0.256258 
0.252278 
0.288531 
0.238822 
0.232985 
0.259916 
0.243020 
0.245852 
0.259710 
0.242610 
0.253847 
0.254669 
0.248830 
0.246348 
0.263525 
0.256615 
0.280046 
0.284407 
0.239727 
0.224554 
0.280370 
0.268919 
0.252354 
0.274109 
0.272168 
0.253888 
0.266135 
0.283682 
0.292254 
0.269735 
0.259814 
0.270270 
0.241870 
0.226149 
0.228761 
0.244304 
0.239746 
0.257130 
0.289658 
0.265404 
0.260539 
0.251672 
0.235000 
0.243440 
0.276827 
0.219782 
0.211318 
0.266202 
0.283320 
0.252672 
0.265420 
0.269231 
0.266057 
0.267859 
0.271570 
0.259453 
0.257517 
0.228975 
0.257516 
0.280106 
0.241507 
0.235420 
0.250671 
0.267008 
0.291729 
0.269643 
0.225005 
0.241294 
0.250618 
0.249790 
0.225060 
0.268103 
0.249926 
0.223159 
0.235853 
0.223390 
0.257985 
0.245623 
0.285570 
0.239782 
0.244928 
0.257553 
0.231424 
0.237800 
0.240114 
0.243089 
0.244450 
0.249481 
0.271573 
0.246782 
0.255445 
0.243313 
0.262805 
0.235995 
0.264176 
0.252678 
0.266730 
0.256811 
0.255859 
0.251083 
0.252341 
0.245002 
0.233798 
0.245377 
0.241375 
0.227057 
0.224713 
0.265409 
0.277800 
0.284115 
0.265715 
0.254089 
0.254760 
0.284194 
0.267193 
0.251016 
0.190966 
0.244978 
0.252143 
0.249340 
0.259566 
0.262498 
0.265312 
0.261141 
0.272888 
0.252839 
0.229259 
0.274900 
0.257893 
0.258024 
0.278363 
0.276835 
0.275644 
0.226829 
0.234862 
0.259119 
0.247059 
0.242709 
0.252659 
0.260528 
0.261427 
0.272782 
0.273881 
0.268284 
0.283318 
0.275396 
0.221500 
0.266768 
0.263534 
0.239403 
0.222070 
0.218538 
0.230633 
0.255764 
0.220746 
0.250776 
0.239245 
0.233553 
0.248378 
0.260361 
0.249768 
0.257796 
0.243736 
0.235058 
0.238266 
0.267212 
0.276951 
0.273993 
0.276424 
0.257426 
0.238512 
0.253232 
0.237177 
0.284019 
0.300289 
0.283214 
0.238421 
0.217305 
0.243817 
0.248928 
0.267608 
0.273433 
0.268079 
0.276159 
0.263519 
0.236726 
0.251944 
0.249667 
0.239308 
0.261060 
0.205535 
0.217270 
0.248717 
0.208980 
0.264840 
0.263182 
0.244692 
0.228787 
0.238687 
0.278031 
0.248898 
0.244831 
0.235711 
0.250518 
0.235413 
0.232879 
0.229405 
0.243303 
0.264822 
0.278139 
0.258641 
0.267807 
0.277058 
0.239258 
0.235440 
0.269234 
0.270306 
0.274368 
0.262554 
0.253741 
0.224479 
0.250783 
0.272991 
0.259070 
0.262899 
0.279732 
0.277399 
0.230474 
0.247547 
0.249844 
0.257998 
0.266302 
0.249036 
0.229539 
0.223283 
0.227880 
0.253309 
0.267350 
0.223700 
0.228669 
0.282084 
0.284052 
0.297402 
0.277779 
0.294888 
0.277789 
0.242217 
0.255666 
0.271613 
0.257963 
0.269360 
0.258404 
0.289654 
0.242694 
0.237836 
0.248520 
0.250230 
0.280825 
0.273370 
0.273773 
0.255305 
0.268176 
0.266472 
0.267201 
0.236403 
0.267174 
0.287440 
0.228940 
0.241902 
0.260615 
0.284641 
0.277524 
0.274670 
0.257654 
0.290014 
0.275011 
0.225216 
0.278829 
0.266727 
0.263817 
0.243956 
0.254430 
0.242227 
0.259224 
0.253693 
0.251225 
0.256445 
0.219434 
0.223208 
0.225638 
0.269809 
0.270964 
0.243688 
0.298655 
0.245486 
0.257023 
0.279055 
0.261716 
0.292307 
0.238654 
0.272424 
0.267587 
0.241867 
0.253234 
0.261837 
0.224774 
0.247113 
0.278450 
0.274031 
0.241547 
0.249423 
0.224587 
0.236503 
0.267317 
0.251348 
0.271290 
0.240948 
0.246752 
0.253823 
0.255727 
0.233040 
0.254467 
0.257355 
0.232428 
0.219400 
0.271359 
0.247792 
0.265458 
0.218011 
0.239781 
0.248393 
0.241663 
0.267726 
0.236849 
0.260928 
0.264435 
0.255941 
0.228593 
0.263791 
0.242932 
0.210874 
0.236940 
0.249382 
0.265322 
0.238018 
0.222752 
0.254688 
0.203875 
0.199447 
0.206743 
0.210123 
0.240671 
0.243399 
0.261101 
0.260715 
0.243426 
0.253066 
0.263522 
0.252837 
0.250649 
0.277134 
0.273134 
0.235054 
0.272276 
0.284386 
0.286893 
0.241766 
0.273771 
0.240746 
0.253612 
0.259750 
0.265620 
0.206121 
0.214332 
0.244333 
0.266958 
0.247142 
0.264199 
0.277160 
0.258784 
0.271394 
0.245453 
0.291598 
0.263339 
0.279833 
0.269576 
0.289751 
0.254749 
0.257602 
0.260402 
0.249464 
0.213931 
0.210125 
0.258839 
0.253599 
0.262221 
0.258618 
0.226977 
0.256096 
0.259273 
0.224878 
0.250309 
0.233631 
0.269874 
0.246606 
0.279149 
0.279094 
0.273520 
0.259518 
0.250341 
0.277553 
0.235819 
0.236210 
0.242496 
0.238864 
0.235863 
0.245356 
0.263211 
0.275419 
0.276009 
0.272472 
0.265898 
0.251385 
0.257256 
0.271843 
0.255137 
0.233741 
0.256886 
0.233277 
0.241375 
0.241019 
0.240113 
0.235914 
0.232031 
0.259555 
0.266367 
0.252260 
0.259113 
0.273060 
0.244068 
0.236453 
0.261494 
0.246064 
0.269293 
0.269703 
0.273128 
0.280852 
0.251885 
0.246064 
0.239030 
0.227471 
0.256885 
0.255537 
0.267348 
0.264575 
0.250186 
0.254346 
0.222355 
0.243184 
0.269665 
0.244273 
0.245695 
0.262369 
0.269167 
0.258901 
0.239023 
0.259552 
0.276542 
0.245649 
0.232468 
0.266706 
0.247177 
0.230383 
0.244200 
0.237712 
0.254865 
0.273331 
0.248838 
0.257791 
0.265904 
0.253765 
0.271917 
0.227026 
0.237264 
0.226323 
0.262384 
0.268537 
0.276970 
0.252737 
0.274666 
0.270710 
0.223612 
0.239791 
0.252150 
0.255047 
0.270362 
0.256728 
0.271370 
0.251907 
0.256581 
0.246639 
0.253659 
0.265899 
0.267539 
0.261313 
0.259859 
0.226434 
0.243199 
0.228533 
0.255405 
0.274991 
0.266975 
0.290035 
0.288668 
0.259693 
0.273190 
0.255191 
0.245456 
0.239354 
0.240159 
0.246754 
0.264063 
0.278849 
0.268401 
0.242542 
0.247675 
0.253460 
0.272921 
0.286101 
0.267893 
0.237976 
0.246781 
0.251603 
0.267078 
0.272950 
0.239770 
0.243903 
0.252745 
0.212541 
0.205472 
0.263672 
0.243457 
0.247604 
0.265029 
0.259877 
0.253666 
0.258521 
0.240219 
0.248446 
0.257881 
0.290851 
0.246113 
0.250022 
0.273504 
0.254466 
0.226253 
0.256723 
0.245932 
0.253043 
0.282620 
0.269358 
0.269702 
0.261609 
0.226169 
0.255285 
0.254534 
0.275307 
0.284584 
0.272265 
0.253543 
0.246867 
0.267009 
0.273856 
0.276585 
0.254849 
0.256536 
0.197900 
0.241231 
0.261024 
0.276210 
0.232560 
0.284348 
0.268178 
0.273143 
0.255090 
0.296227 
0.260567 
0.246245 
0.256682 
0.236387 
0.245899 
0.241675 
0.260454 
0.244429 
0.265129 
0.234014 
0.233978 
0.276445 
0.256600 
0.252181 
0.267035 
0.245333 
0.277449 
0.246992 
0.229190 
0.286473 
0.274220 
0.264335 
0.239967 
0.255308 
0.259774 
0.233427 
0.260706 
0.245459 
0.248133 
0.238311 
0.228461 
0.268117 
0.260506 
0.244592 
0.226033 
0.298266 
0.253188 
0.238071 
0.256670 
0.224338 
0.254061 
0.236389 
0.240797 
0.260611 
0.278496 
0.244833 
0.250396 
0.249679 
0.250048 
0.236210 
0.269398 
0.283802 
0.256874 
0.263364 
0.224300 
0.271450 
0.225696 
0.222917 
0.257095 
0.253783 
0.248179 
0.254467 
0.274959 
0.286088 
0.259101 
0.228169 
0.268522 
0.206341 
0.248697 
0.234917 
0.229923 
0.268631 
0.265709 
0.272413 
0.277770 
0.264846 
0.236256 
0.234594 
0.227032 
0.221358 
0.278625 
0.274376 
0.249091 
0.263129 
0.257929 
0.250089 
0.267570 
0.236245 
0.208922 
0.259032 
0.256661 
0.280676 
0.274209 
0.265802 
0.268846 
0.245005 
0.270077 
0.271823 
0.272770 
0.269621 
0.299860 
0.266593 
0.267009 
0.299444 
0.278521 
0.278605 
0.275233 
0.279484 
0.286328 
0.290989 
0.290060 
0.281799 
0.276378 
0.240423 
0.256082 
0.278217 
0.272467 
0.261929 
0.213238 
0.238563 
0.240708 
0.253643 
0.255914 
0.255993 
0.234009 
0.244227 
0.260497 
0.223263 
0.268089 
0.259551 
0.234644 
0.263823 
0.279113 
0.280239 
0.272225 
0.250633 
0.249724 
0.256962 
0.216683 
0.207885 
0.250612 
0.253163 
0.257182 
0.209955 
0.191248 
0.215906 
0.272294 
0.268652 
0.246456 
0.277858 
0.266579 
0.218998 
0.238139 
0.261182 
0.262726 
0.249030 
0.228190 
0.249596 
0.271483 
0.247443 
0.287215 
0.229672 
0.282533 
0.278493 
0.228630 
0.214614 
0.237711 
0.253116 
0.252478 
0.249127 
0.273298 
0.226289 
0.218151 
0.240461 
0.265229 
0.240773 
0.275758 
0.254921 
0.261002 
0.251898 
0.253361 
0.263391 
0.287556 
0.259467 
0.236976 
0.255270 
0.222512 
0.221898 
0.241904 
0.261376 
0.256066 
0.280030 
0.256622 
0.253555 
0.279547 
0.252740 
0.239698 
0.249430 
0.247561 
0.282581 
0.220408 
0.238026 
0.257564 
0.259929 
0.242156 
0.254617 
0.246330 
0.253868 
0.249103 
0.258619 
0.245282 
0.278320 
0.270217 
0.260239 
0.275919 
0.262904 
0.258546 
0.252047 
0.255618 
0.241317 
0.253603 
0.260268 
0.246591 
0.242195 
0.238067 
0.278823 
0.232610 
0.224916 
0.230594 
0.254896 
0.274731 
0.270582 
0.203782 
0.238401 
0.274035 
0.267734 
0.269257 
0.302877 
0.301056 
0.261718 
0.249863 
0.282005 
0.250248 
0.260036 
0.260315 
0.266579 
0.276669 
0.263264 
0.268291 
0.250896 
0.229857 
0.220569 
0.240148 
0.260917 
0.287108 
0.261053 
0.272606 
0.241849 
0.242443 
0.229797 
0.250362 
0.246784 
0.259963 
0.288547 
0.293686 
0.252634 
0.261209 
0.226371 
0.195570 
0.229630 
0.264089 
0.256904 
0.252749 
0.260263 
0.266126 
0.241416 
0.240194 
0.227571 
0.228198 
0.277983 
0.272497 
0.236181 
0.236563 
0.265386 
0.263086 
0.235958 
0.259136 
0.270425 
0.243053 
0.228467 
0.247890 
0.256576 
0.248912 
0.245189 
0.265294 
0.210958 
0.243897 
0.262661 
0.218395 
0.288461 
0.264697 
0.256258 
0.283309 
0.271430 
0.269753 
0.255089 
0.270418 
0.234146 
0.233441 
0.268281 
0.279765 
0.274304 
0.280863 
0.243539 
0.247183 
0.249706 
0.252722 
0.238874 
0.268458 
0.260707 
0.258395 
0.262842 
0.268318 
0.258359 
0.255894 
0.272886 
0.270102 
0.296035 
0.289716 
0.282234 
0.243716 
0.247740 
0.246418 
0.256127 
0.242914 
0.241229 
0.256940 
0.236235 
0.238369 
0.258584 
0.254702 
0.286245 
0.217424 
0.250273 
0.261800 
0.260681 
0.250928 
0.255151 
0.264366 
0.266070 
0.244720 
0.219073 
0.225700 
0.258525 
0.255238 
0.223302 
0.215991 
0.259798 
0.265924 
0.285394 
0.268030 
0.214158 
0.251925 
0.247346 
0.279190 
0.276750 
0.272710 
0.259726 
0.245345 
0.254928 
0.272454 
0.252853 
0.246823 
0.248058 
0.277064 
0.254451 
0.231173 
0.245467 
0.277191 
0.248489 
0.246528 
0.260645 
0.274139 
0.268920 
0.242298 
0.234875 
0.233019 
0.220016 
0.263270 
0.264436 
0.250554 
0.261009 
0.250975 
0.247776 
0.278108 
0.277066 
0.251792 
0.230216 
0.210814 
0.251067 
0.240498 
0.253632 
0.264652 
0.258248 
0.267424 
0.239334 
0.277589 
0.251986 
0.273745 
0.273876 
0.256696 
0.250652 
0.204071 
0.228221 
0.212613 
0.225430 
0.263526 
0.256003 
0.273395 
0.267027 
0.245893 
0.249915 
0.276768 
0.293779 
0.247483 
0.275612 
0.265796 
0.280777 
0.261234 
0.259936 
0.236664 
0.257888 
0.278551 
0.262212 
0.270259 
0.248725 
0.270688 
0.240131 
0.256588 
0.237437 
0.237633 
0.241510 
0.256741 
0.229239 
0.229454 
0.235144 
0.248678 
0.249254 
0.247826 
0.264442 
0.290934 
0.281865 
0.279591 
0.277444 
0.250096 
0.253360 
0.269089 
0.251964 
0.239781 
0.258739 
0.234161 
0.210028 
0.230025 
0.238072 
0.253305 
0.265322 
0.263224 
0.290817 
0.260222 
0.260221 
0.273006 
0.256111 
0.266582 
0.251744 
0.236837 
0.228166 
0.245365 
0.246356 
0.272751 
0.262464 
0.269630 
0.273288 
0.235920 
0.246022 
0.244321 
0.196073 
0.248943 
0.229176 
0.277044 
0.241596 
0.243271 
0.255227 
0.236920 
0.238229 
0.284231 
0.296541 
0.270191 
0.253523 
0.255646 
0.241465 
0.242885 
0.280418 
0.281230 
0.225844 
0.237980 
0.267481 
0.282297 
0.246884 
0.244956 
0.252839 
0.235442 
0.258270 
0.231109 
0.272157 
0.298852 
0.238409 
0.246601 
0.242433 
0.249917 
0.260470 
0.266738 
0.263697 
0.266961 
0.256166 
0.280946 
0.246757 
0.225948 
0.235075 
0.231786 
0.256911 
0.238017 
0.248685 
0.262147 
0.264696 
0.243906 
0.238313 
0.262663 
0.290451 
0.262979 
0.248609 
0.232087 
0.213882 
0.265544 
0.290784 
0.250317 
0.287133 
0.279363 
0.267736 
0.247022 
0.243402 
0.257118 
0.268584 
0.277069 
0.261438 
0.286771 
0.248502 
0.278544 
0.256401 
0.261882 
0.270804 
0.268983 
0.276545 
0.243257 
0.268464 
0.236194 
0.268703 
0.281692 
0.245394 
0.237622 
0.238674 
0.222656 
0.234314 
0.265277 
0.287019 
0.286200 
0.239791 
0.246832 
0.257930 
0.227302 
0.228882 
0.237808 
0.241062 
0.255606 
0.263878 
0.271662 
0.244761 
0.247625 
0.251820 
0.249290 
0.262593 
0.219170 
0.255372 
0.239014 
0.245500 
0.272980 
0.265283 
0.253991 
0.225483 
0.253153 
0.261374 
0.249406 
0.237074 
0.264402 
0.234612 
0.262415 
0.258624 
0.287898 
0.263355 
0.238632 
0.273875 
0.251370 
0.231364 
0.253583 
0.226374 
0.274130 
0.230976 
0.270175 
0.252812 
0.271785 
0.268597 
0.260909 
0.261010 
0.254684 
0.246061 
0.245731 
0.272260 
0.253062 
0.241591 
0.243832 
0.257886 
0.227721 
0.277974 
0.262505 
0.221085 
0.236677 
0.244912 
0.279552 
0.271065 
0.256231 
0.286151 
0.249095 
0.269121 
0.299914 
0.283889 
0.250334 
0.213577 
0.218901 
0.221759 
0.254371 
0.258636 
0.277116 
0.275910 
0.259121 
0.268696 
0.235638 
0.266625 
0.255750 
0.272021 
0.287765 
0.260193 
0.236056 
0.265361 
0.245719 
0.249582 
0.248817 
0.236778 
0.246256 
0.258947 
0.280887 
0.265324 
0.256590 
0.255154 
0.236190 
0.222502 
0.232127 
0.272411 
0.253533 
0.213568 
0.268000 
0.274373 
0.302139 
0.250765 
0.260873 
0.259284 
0.247042 
0.259134 
0.259203 
0.234388 
0.228163 
0.213401 
0.290592 
0.262345 
0.267501 
0.222555 
0.205386 
0.244383 
0.254751 
0.231865 
0.278566 
0.293179 
0.272943 
0.289995 
0.249632 
0.263974 
0.279299 
0.276004 
0.257410 
0.261064 
0.286766 
0.274607 
0.245474 
0.242420 
0.214522 
0.254202 
0.261098 
0.281088 
0.280632 
0.271918 
0.252695 
0.239339 
0.241585 
0.222498 
0.254177 
0.230699 
0.253499 
0.292863 
0.277457 
0.259902 
0.253066 
0.273737 
0.245022 
0.254145 
0.257120 
0.234195 
0.267335 
0.251497 
0.259189 
0.264381 
0.271925 
0.255897 
0.270767 
0.274860 
0.257942 
0.246265 
0.280400 
0.233977 
0.262272 
0.233616 
0.263595 
0.291079 
0.245717 
0.249840 
0.291659 
0.266816 
0.280452 
0.267543 
0.241731 
0.276463 
0.275419 
0.278352 
0.251755 
0.236400 
0.248004 
0.287313 
0.262138 
0.261498 
0.247806 
0.245361 
0.227488 
0.253749 
0.247536 
0.241413 
0.230860 
0.249363 
0.255157 
0.264224 
0.284725 
0.285388 
0.272452 
0.272040 
0.272356 
0.257422 
0.272927 
0.222308 
0.228029 
0.256569 
0.241657 
0.248316 
0.281524 
0.261702 
0.232782 
0.211543 
0.268966 
0.250261 
0.229309 
0.241899 
0.263111 
0.248828 
0.254820 
0.251636 
0.284759 
0.289077 
0.271845 
0.265795 
0.241130 
0.254502 
0.266213 
0.286262 
0.238617 
0.262018 
0.234623 
0.256622 
0.274461 
0.253374 
0.262076 
0.282437 
0.272812 
0.257796 
0.262250 
0.263927 
0.271535 
0.209254 
0.233181 
0.240235 
0.262368 
0.262644 
0.275425 
0.217818 
0.248012 
0.258732 
0.257828 
0.223087 
0.233483 
0.226048 
0.242750 
0.250704 
0.251778 
0.246868 
0.264350 
0.228146 
0.235152 
0.242165 
0.230304 
0.209260 
0.235548 
0.250416 
0.264029 
0.259231 
0.229940 
0.266118 
0.242280 
0.291266 
0.274018 
0.283804 
0.302838 
0.256725 
0.247200 
0.234226 
0.230352 
0.231594 
0.232450 
0.275115 
0.230624 
0.236906 
0.267713 
0.269832 
0.264991 
0.277648 
0.270020 
0.267771 
0.266220 
0.277678 
0.279851 
0.287533 
0.274489 
0.249907 
0.274183 
0.243296 
0.271003 
0.279223 
0.258468 
0.275356 
0.265359 
0.252067 
0.256719 
0.268712 
0.258214 
0.255600 
0.248952 
0.246768 
0.254220 
0.295510 
0.270867 
0.270053 
0.250588 
0.252363 
0.268281 
0.268691 
0.293990 
0.274546 
0.274794 
0.242475 
0.255741 
0.268096 
0.272446 
0.260849 
0.220296 
0.217118 
0.198307 
0.251938 
0.258060 
0.240636 
0.255863 
0.245725 
0.254741 
0.254822 
0.277179 
0.297892 
0.225534 
0.248468 
0.249451 
0.239531 
0.229447 
0.244710 
0.246555 
0.263591 
0.259148 
0.244054 
0.271456 
0.257104 
0.241599 
0.258110 
0.263496 
0.241688 
0.267451 
0.283803 
0.254831 
0.255109 
0.270210 
0.250440 
0.230142 
0.248993 
0.234484 
0.235462 
0.229579 
0.218355 
0.242144 
0.290245 
0.282073 
0.271056 
0.269001 
0.254776 
0.269954 
0.276368 
0.239061 
0.267099 
0.266768 
0.267114 
0.260164 
0.252905 
0.294442 
0.271934 
0.235551 
0.260130 
0.273162 
0.289336 
0.256850 
0.260350 
0.250339 
0.258798 
0.257864 
0.260047 
0.204720 
0.225741 
0.257669 
0.212680 
0.191069 
0.252411 
0.236604 
0.243793 
0.229000 
0.234411 
0.275737 
0.256621 
0.275922 
0.257165 
0.289031 
0.271894 
0.262364 
0.249372 
0.248194 
0.249082 
0.231370 
0.266678 
0.250360 
0.227864 
0.250689 
0.240127 
0.249894 
0.274544 
0.261472 
0.257508 
0.237669 
0.245890 
0.275965 
0.276400 
0.230093 
0.255625 
0.247737 
0.267584 
0.260392 
0.269622 
0.254074 
0.296899 
0.264994 
0.283094 
0.279633 
0.272920 
0.272858 
0.254483 
0.241369 
0.254195 
0.269486 
0.259905 
0.268937 
0.267912 
0.249646 
0.267818 
0.264225 
0.256012 
0.255763 
0.246672 
0.231551 
0.230479 
0.242490 
0.271702 
0.260022 
0.253221 
0.268053 
0.248531 
0.252645 
0.283015 
0.285814 
0.247785 
0.256572 
0.281678 
0.277297 
0.228031 
0.215771 
0.225027 
0.237175 
0.255735 
0.264309 
0.262142 
0.249616 
0.256184 
0.217081 
0.250541 
0.241749 
0.272608 
0.245623 
0.234828 
0.226004 
0.287401 
0.246021 
0.233456 
0.280259 
0.256876 
0.272277 
0.283403 
0.251732 
0.251758 
0.227207 
0.269638 
0.257603 
0.243020 
0.247385 
0.278614 
0.261881 
0.259002 
0.247329 
0.215857 
0.224297 
0.237798 
0.272938 
0.272854 
0.257168 
0.241312 
0.234163 
0.247992 
0.241991 
0.250639 
0.250688 
0.238934 
0.259236 
0.257001 
0.260704 
0.243710 
0.255755 
0.264959 
0.259676 
0.298335 
0.202682 
0.233228 
0.238424 
0.277896 
0.253691 
0.247392 
0.225279 
0.270172 
0.280026 
0.228416 
0.268441 
0.261809 
0.264685 
0.225941 
0.238778 
0.253115 
0.250026 
0.243271 
0.242389 
0.242234 
0.232209 
0.247492 
0.251810 
0.242591 
0.237264 
0.286619 
0.285504 
0.251270 
0.269777 
0.284493 
0.265372 
0.244984 
0.267267 
0.273412 
0.217446 
0.240692 
0.223171 
0.254958 
0.252273 
0.244854 
0.257210 
0.215837 
0.254500 
0.268142 
0.239419 
0.239121 
0.201972 
0.217008 
0.256402 
0.246247 
0.243865 
0.269077 
0.257983 
0.239458 
0.245327 
0.249202 
0.250402 
0.249159 
0.241971 
0.262766 
0.237147 
0.266353 
0.239986 
0.252448 
0.270350 
0.262231 
0.267223 
0.255768 
0.267879 
0.271537 
0.259936 
0.276113 
0.261609 
0.211295 
0.250549 
0.244966 
0.267782 
0.282306 
0.292395 
0.276940 
0.260241 
0.202616 
0.230825 
0.229413 
0.256703 
0.266724 
0.265236 
0.234122 
0.242871 
0.261701 
0.236392 
0.267137 
0.261319 
0.266562 
0.199934 
0.261506 
0.248163 
0.231675 
0.265478 
0.263058 
0.283582 
0.252960 
0.280107 
0.276620 
0.255177 
0.257360 
0.276124 
0.295695 
0.245447 
0.250706 
0.236392 
0.217126 
0.248793 
0.282150 
0.271123 
0.262668 
0.271554 
0.246298 
0.248944 
0.256534 
0.255204 
0.260799 
0.233873 
0.251834 
0.237782 
0.249928 
0.251740 
0.224522 
0.245707 
0.247574 
0.248167 
0.251839 
0.196148 
0.225657 
0.279290 
0.285415 
0.309956 
0.284146 
0.270528 
0.258250 
0.231702 
0.229466 
0.288242 
0.222653 
0.233792 
0.261885 
0.264929 
0.264636 
0.277087 
0.214778 
0.220719 
0.271521 
0.294748 
0.263125 
0.279147 
0.275596 
0.263177 
0.283667 
0.232692 
0.241674 
0.190257 
0.213784 
0.237207 
0.228244 
0.260673 
0.251562 
0.247090 
0.245119 
0.252834 
0.253414 
0.236334 
0.239780 
0.251986 
0.275629 
0.254465 
0.246579 
0.287322 
0.244914 
0.284137 
0.254653 
0.273833 
0.252399 
0.264013 
0.255468 
0.249741 
0.217828 
0.246665 
0.275381 
0.257585 
0.265936 
0.268085 
0.261424 
0.248453 
0.254991 
0.275042 
0.250297 
0.237459 
0.297091 
0.260199 
0.245443 
0.253419 
0.269201 
0.259474 
0.242341 
0.273037 
0.277921 
0.261795 
0.248351 
0.250230 
0.276613 
0.272922 
0.265799 
0.244460 
0.266540 
0.249114 
0.269594 
0.252962 
0.258704 
0.261731 
0.271951 
0.237123 
0.259317 
0.258016 
0.229406 
0.254115 
0.262002 
0.261202 
0.253485 
0.249869 
0.253414 
0.254120 
0.252484 
0.254528 
0.281050 
0.206447 
0.256909 
0.229347 
0.245821 
0.243070 
0.262161 
0.246408 
0.240282 
0.246218 
0.242026 
0.250193 
0.274806 
0.250723 
0.266375 
0.246695 
0.234772 
0.256401 
0.275313 
0.281278 
0.275216 
0.252092 
0.280832 
0.261691 
0.268177 
0.248849 
0.239613 
0.231696 
0.303983 
0.260754 
0.226017 
0.237523 
0.263979 
0.258827 
0.252347 
0.275961 
0.260090 
0.265560 
0.245665 
0.267868 
0.214211 
0.267593 
0.248787 
0.257592 
0.274396 
0.246459 
0.259909 
0.252541 
0.239562 
0.234807 
0.234919 
0.292289 
0.269069 
0.274187 
0.280586 
0.266792 
0.258158 
0.241073 
0.261924 
0.252465 
0.243218 
0.237783 
0.235920 
0.251209 
0.261928 
0.237418 
0.225652 
0.231475 
0.278214 
0.231563 
0.292383 
0.245705 
0.219632 
0.236628 
0.234239 
0.216206 
0.253312 
0.247106 
0.235868 
0.242010 
0.259931 
0.233162 
0.276093 
0.265506 
0.285920 
0.274641 
0.266900 
0.267014 
0.238753 
0.237891 
0.262891 
0.271225 
0.300826 
0.246777 
0.251222 
0.253642 
0.218509 
0.203552 
0.227845 
0.221075 
0.249748 
0.259745 
0.283559 
0.244999 
0.286769 
0.263813 
0.263083 
0.260722 
0.276293 
0.220206 
0.269436 
0.239827 
0.235545 
0.265435 
0.246819 
0.220998 
0.255926 
0.259732 
0.261677 
0.260509 
0.260536 
0.243389 
0.252480 
0.259459 
0.225107 
0.239837 
0.250881 
0.274460 
0.283248 
0.283048 
0.250762 
0.217203 
0.283460 
0.276920 
0.272568 
0.266048 
0.242776 
0.231118 
0.268059 
0.245381 
0.228299 
0.263502 
0.257136 
0.243817 
0.229160 
0.241318 
0.247667 
0.289270 
0.280033 
0.258090 
0.253478 
0.230434 
0.255562 
0.278120 
0.266635 
0.254318 
0.246491 
0.230148 
0.236244 
0.266674 
0.225157 
0.241092 
0.240831 
0.255548 
0.269743 
0.256985 
0.262296 
0.240442 
0.237626 
0.244005 
0.265724 
0.228949 
0.215364 
0.232454 
0.274443 
0.249970 
0.247597 
0.252025 
0.245819 
0.269968 
0.267080 
0.254543 
0.249949 
0.255432 
0.234908 
0.265281 
0.256839 
0.262379 
0.241190 
0.268397 
0.278250 
0.251390 
0.242738 
0.225352 
0.262251 
0.267932 
0.263019 
0.254746 
0.265739 
0.273676 
0.258090 
0.264316 
0.255759 
0.285027 
0.231567 
0.234489 
0.259588 
0.304055 
0.279429 
0.258445 
0.257342 
0.273686 
0.274001 
0.289750 
0.266802 
0.258955 
0.269819 
0.228792 
0.238160 
0.225015 
0.253875 
0.234488 
0.276002 
0.265186 
0.257876 
0.240747 
0.231242 
0.237454 
0.221339 
0.266993 
0.279692 
0.248392 
0.258863 
0.265208 
0.272619 
0.267974 
0.259078 
0.261519 
0.242074 
0.223941 
0.204796 
0.258970 
0.234416 
0.264881 
0.271754 
0.264895 
0.242791 
0.239388 
0.224352 
0.261637 
0.263215 
0.229945 
0.241136 
0.232177 
0.269670 
0.264282 
0.289226 
0.263342 
0.256431 
0.221427 
0.254455 
0.260137 
0.270919 
0.249428 
0.273761 
0.269349 
0.263012 
0.241692 
0.236042 
0.234086 
0.248883 
0.262090 
0.226190 
0.228571 
0.239679 
0.218550 
0.255164 
0.249203 
0.233918 
0.272762 
0.247465 
0.223978 
0.219127 
0.249802 
0.292807 
0.275292 
0.241848 
0.260307 
0.250135 
0.289698 
0.268313 
0.308296 
0.279916 
0.265992 
0.221304 
0.270298 
0.264850 
0.260755 
0.275752 
0.254133 
0.275242 
0.261797 
0.222281 
0.221235 
0.267924 
0.279395 
0.253032 
0.280460 
0.266751 
0.258150 
0.288184 
0.253832 
0.259699 
0.216215 
0.207139 
0.252389 
0.242613 
0.274862 
0.232874 
0.239003 
0.222944 
0.255341 
0.255158 
0.257268 
0.236540 
0.255690 
0.262150 
0.248907 
0.244663 
0.243252 
0.242042 
0.238490 
0.244558 
0.247205 
0.248849 
0.250821 
0.257803 
0.235927 
0.260466 
0.279931 
0.272560 
0.284013 
0.261036 
0.261804 
0.262857 
0.250719 
0.237714 
0.230035 
0.246363 
0.246376 
0.241467 
0.255046 
0.256260 
0.269724 
0.271929 
0.271394 
0.244137 
0.273971 
0.245246 
0.264034 
0.281997 
0.224280 
0.247423 
0.238403 
0.245262 
0.252231 
0.211777 
0.236229 
0.264094 
0.261648 
0.244144 
0.257393 
0.274692 
0.290344 
0.240731 
0.207137 
0.264255 
0.293656 
0.263930 
0.276394 
0.256503 
0.250940 
0.270423 
0.243242 
0.231754 
0.233761 
0.260726 
0.249011 
0.234996 
0.260412 
0.216536 
0.209022 
0.289779 
0.253608 
0.254842 
0.267553 
0.228067 
0.256440 
0.250059 
0.265137 
0.268871 
0.245716 
0.259190 
0.260833 
0.271331 
0.261908 
0.255123 
0.277811 
0.247815 
0.251565 
0.252839 
0.276709 
0.259022 
0.276080 
0.261539 
0.274440 
0.253518 
0.281360 
0.276130 
0.279407 
0.295047 
0.291943 
0.295672 
0.273509 
0.267258 
0.251214 
0.236411 
0.241506 
0.266692 
0.273088 
0.292923 
0.255291 
0.274603 
0.262145 
0.257580 
0.244363 
0.259046 
0.240078 
0.239649 
0.249728 
0.262601 
0.283927 
0.239466 
0.260570 
0.208715 
0.212951 
0.252010 
0.260732 
0.269680 
0.286271 
0.280500 
0.259460 
0.255665 
0.266569 
0.215274 
0.236246 
0.239888 
0.218131 
0.220579 
0.278913 
0.258881 
0.259894 
0.257183 
0.255244 
0.229932 
0.251474 
0.266602 
0.267139 
0.261084 
0.261452 
0.245258 
0.233544 
0.243186 
0.276901 
0.287649 
0.257181 
0.260981 
0.256891 
0.248674 
0.275407 
0.265490 
0.280467 
0.242632 
0.231436 
0.294943 
0.272006 
0.228573 
0.264335 
0.223662 
0.248099 
0.291979 
0.282787 
0.279028 
0.287743 
0.269800 
0.244398 
0.262508 
0.275338 
0.272451 
0.241784 
0.247402 
0.251550 
0.236446 
0.277210 
0.272661 
0.243510 
0.250354 
0.261774 
0.246345 
0.258527 
0.249053 
0.264328 
0.254131 
0.235341 
0.255442 
0.267133 
0.253317 
0.253375 
0.239738 
0.230721 
0.245807 
0.250936 
0.242853 
0.237991 
0.204470 
0.253822 
0.254398 
0.212781 
0.221702 
0.231216 
0.226720 
0.241643 
0.223429 
0.218729 
0.217181 
0.250502 
0.264847 
0.270474 
0.241424 
0.281528 
0.258503 
0.216202 
0.243951 
0.247856 
0.270296 
0.282867 
0.261096 
0.236009 
0.259297 
0.291993 
0.272069 
0.287959 
0.243509 
0.235456 
0.272706 
0.237996 
0.252491 
0.265358 
0.251266 
0.281255 
0.231159 
0.273552 
0.262272 
0.288485 
0.242894 
0.254689 
0.232288 
0.259488 
0.276376 
0.262786 
0.280588 
0.267361 
0.240741 
0.245016 
0.285006 
0.252974 
0.258994 
0.236212 
0.206668 
0.245049 
0.231450 
0.213177 
0.233778 
0.234676 
0.247513 
0.223775 
0.241393 
0.239586 
0.222730 
0.243547 
0.250817 
0.257830 
0.262353 
0.251870 
0.252795 
0.266178 
0.252677 
0.256036 
0.256526 
0.271872 
0.277749 
0.264865 
0.264673 
0.224719 
0.244013 
0.225325 
0.210588 
0.256827 
0.273186 
0.273660 
0.268110 
0.243878 
0.268101 
0.261009 
0.232699 
0.192523 
0.235214 
0.251595 
0.241651 
0.251936 
0.226938 
0.244693 
0.266433 
0.257560 
0.233742 
0.261460 
0.247589 
0.268861 
0.278970 
0.268431 
0.270807 
0.278958 
0.270824 
0.210142 
0.220089 
0.258971 
0.274041 
0.276692 
0.279201 
0.265202 
0.296147 
0.280049 
0.256503 
0.245580 
0.250831 
0.241967 
0.254111 
0.274777 
0.229128 
0.284817 
0.269875 
0.279860 
0.268653 
0.241264 
0.257403 
0.247418 
0.242788 
0.254433 
0.252572 
0.244592 
0.225792 
0.249977 
0.218220 
0.228589 
0.202983 
0.234878 
0.266079 
0.240586 
0.222663 
0.237085 
0.255397 
0.264882 
0.267623 
0.250663 
0.255313 
0.279214 
0.286945 
0.298698 
0.253640 
0.287519 
0.252370 
0.259034 
0.198277 
0.238190 
0.229246 
0.284658 
0.256491 
0.247845 
0.240147 
0.232018 
0.253736 
0.216244 
0.255864 
0.244014 
0.257157 
0.267273 
0.261268 
0.282064 
0.264504 
0.252723 
0.295659 
0.284534 
0.260008 
0.275915 
0.302800 
0.256952 
0.254094 
0.284850 
0.231989 
0.242822 
0.239747 
0.237026 
0.261613 
0.230239 
0.260367 
0.249032 
0.261661 
0.244892 
0.227937 
0.270343 
0.210481 
0.269819 
0.255184 
0.237241 
0.256838 
0.247244 
0.269397 
0.268667 
0.275003 
0.271628 
0.218371 
0.274536 
0.227484 
0.230930 
0.262302 
0.264246 
0.283629 
0.265921 
0.243391 
0.285406 
0.271374 
0.241087 
0.259300 
0.249486 
0.213708 
0.239984 
0.247260 
0.246131 
0.241877 
0.223190 
0.258197 
0.251784 
0.263903 
0.254899 
0.278226 
0.285827 
0.274253 
0.267679 
0.273864 
0.253280 
0.263443 
0.257432 
0.245226 
0.262767 
0.259226 
0.258787 
0.261231 
0.284698 
0.280807 
0.248237 
0.261690 
0.233413 
0.265480 
0.274420 
0.282128 
0.256665 
0.251824 
0.224131 
0.256814 
0.240761 
0.262092 
0.256503 
0.242304 
0.215563 
0.260873 
0.244587 
0.262451 
0.247668 
0.214848 
0.239333 
0.229325 
0.238778 
0.251195 
0.257810 
0.265983 
0.272891 
0.260386 
0.249526 
0.275679 
0.261314 
0.269124 
0.234364 
0.254421 
0.267174 
0.267672 
0.249490 
0.268722 
0.252996 
0.236855 
0.263520 
0.246993 
0.217410 
0.242867 
0.268085 
0.277662 
0.243937 
0.283884 
0.287116 
0.228569 
0.244784 
0.246841 
0.230671 
0.248070 
0.254658 
0.259320 
0.272222 
0.237146 
0.284407 
0.265125 
0.253545 
0.249779 
0.241236 
0.259752 
0.227669 
0.259678 
0.268632 
0.254027 
0.231973 
0.266736 
0.251760 
0.226443 
0.254702 
0.269371 
0.275850 
0.265847 
0.250985 
0.258929 
0.250740 
0.279583 
0.250566 
0.256266 
0.242360 
0.255951 
0.244417 
0.221285 
0.210778 
0.270112 
0.255177 
0.226640 
0.240736 
0.263761 
0.243703 
0.239327 
0.229279 
0.246224 
0.261460 
0.237341 
0.257441 
0.249309 
0.278256 
0.245608 
0.260536 
0.266743 
0.284655 
0.238078 
0.266188 
0.265144 
0.246379 
0.262134 
0.226720 
0.238140 
0.253061 
0.278839 
0.263178 
0.263418 
0.257939 
0.250030 
0.273723 
0.279705 
0.244205 
0.228545 
0.218346 
0.226163 
0.257843 
0.303099 
0.264744 
0.290732 
0.268187 
0.294441 
0.274508 
0.275978 
0.261944 
0.229992 
0.222197 
0.266612 
0.256532 
0.235685 
0.248730 
0.242920 
0.253452 
0.228128 
0.300990 
0.267622 
0.249024 
0.254318 
0.258648 
0.247449 
0.248241 
0.265609 
0.260648 
0.271378 
0.242837 
0.251656 
0.264536 
0.245106 
0.271740 
0.283247 
0.289712 
0.268958 
0.302134 
0.254261 
0.277102 
0.272714 
0.244538 
0.251868 
0.246322 
0.253789 
0.274872 
0.276540 
0.264974 
0.239566 
0.237023 
0.251757 
0.277425 
0.272537 
0.268355 
0.258120 
0.278801 
0.297417 
0.261230 
0.248372 
0.269215 
0.240559 
0.239254 
0.251125 
0.238148 
0.192721 
0.209473 
0.232704 
0.236431 
0.232766 
0.251276 
0.279625 
0.277520 
0.232427 
0.247095 
0.228644 
0.240786 
0.249790 
0.244871 
0.258217 
0.226754 
0.240148 
0.213750 
0.264299 
0.260659 
0.257543 
0.255419 
0.218902 
0.234414 
0.251772 
0.277307 
0.215130 
0.222290 
0.250989 
0.224919 
0.233364 
0.247246 
0.246206 
0.262076 
0.268838 
0.226061 
0.251913 
0.272066 
0.249177 
0.266793 
0.275706 
0.267243 
0.261563 
0.241458 
0.288906 
0.237379 
0.224906 
0.249913 
0.256034 
0.252448 
0.268529 
0.276067 
0.276058 
0.241892 
0.231257 
0.253207 
0.251079 
0.247011 
0.243337 
0.167261 
0.279595 
0.239006 
0.277122 
0.288224 
0.264228 
0.236158 
0.280069 
0.266310 
0.247030 
0.236855 
0.225378 
0.221784 
0.239138 
0.275583 
0.252998 
0.298021 
0.249598 
0.244297 
0.251254 
0.255612 
0.286652 
0.267668 
0.257930 
0.275599 
0.231090 
0.252977 
0.244353 
0.229076 
0.262843 
0.265154 
0.233049 
0.232806 
0.256482 
0.265958 
0.271940 
0.252735 
0.234926 
0.268016 
0.235510 
0.242641 
0.273511 
0.248034 
0.262161 
0.265465 
0.264667 
0.256254 
0.258416 
0.230925 
0.245789 
0.250135 
0.246307 
0.280732 
0.273816 
0.260279 
0.245603 
0.248177 
0.235110 
0.254930 
0.259637 
0.226021 
0.264727 
0.297216 
0.229577 
0.235046 
0.245778 
0.248624 
0.240089 
0.267056 
0.258169 
0.252062 
0.252847 
0.245533 
0.258627 
0.249060 
0.273584 
0.275705 
0.253135 
0.288812 
0.245944 
0.272972 
0.283854 
0.250843 
0.269790 
0.238357 
0.225301 
0.234628 
0.253277 
0.239466 
0.254428 
0.252829 
0.242189 
0.248597 
0.240471 
0.293491 
0.273505 
0.246361 
0.208013 
0.255982 
0.281386 
0.218278 
0.257850 
0.254916 
0.264054 
0.279663 
0.257385 
0.293793 
0.273247 
0.286523 
0.284925 
0.242952 
0.254783 
0.286330 
0.263281 
0.285134 
0.285639 
0.282959 
0.302055 
0.256336 
0.250337 
0.188009 
0.242635 
0.242707 
0.248400 
0.263431 
0.249261 
0.278374 
0.297518 
0.210286 
0.239944 
0.269799 
0.250612 
0.258435 
0.250239 
0.249112 
0.273834 
0.274701 
0.267053 
0.274257 
0.253982 
0.195405 
0.233864 
0.174665 
0.244878 
0.263261 
0.264227 
0.260956 
0.250771 
0.248828 
0.245310 
0.245974 
0.253621 
0.247610 
0.264427 
0.230883 
0.247980 
0.252499 
0.268138 
0.252486 
0.284387 
0.264218 
0.262092 
0.268556 
0.251750 
0.264445 
0.298078 
0.267729 
0.272395 
0.273860 
0.285405 
0.249777 
0.223807 
0.226106 
0.253305 
0.225450 
0.261173 
0.243959 
0.257044 
0.244532 
0.236463 
0.259531 
0.278687 
0.277095 
0.272444 
0.292159 
0.269908 
0.260397 
0.261421 
0.241996 
0.235384 
0.267792 
0.274058 
0.248981 
0.285335 
0.260679 
0.240257 
0.198180 
0.224345 
0.207012 
0.196173 
0.221202 
0.256819 
0.244717 
0.248537 
0.257908 
0.278241 
0.262855 
0.222987 
0.272673 
0.263311 
0.245784 
