0.008138 
0.030264 
0.049134 
0.043679 
0.009508 
-0.022338 
0.008196 
0.031670 
0.100560 
0.030608 
0.056952 
0.007390 
0.001158 
0.011162 
-0.045164 
-0.089789 
-0.062174 
-0.076220 
-0.025851 
0.011105 
-0.036319 
-0.013369 
0.018697 
-0.019693 
-0.071980 
0.069999 
0.062347 
0.031349 
-0.044241 
0.047482 
0.014891 
0.016597 
0.059200 
0.067467 
-0.008523 
-0.004254 
0.064238 
0.036784 
0.048191 
0.005197 
-0.029937 
0.021523 
0.085012 
0.034283 
0.065261 
-0.002309 
0.059875 
0.023022 
0.028546 
0.021695 
0.052861 
0.034053 
0.040312 
0.040286 
0.083281 
0.010305 
0.001359 
-0.012890 
0.031691 
0.000963 
0.013520 
0.003676 
0.041237 
-0.026513 
-0.010474 
-0.001882 
0.073422 
0.036307 
0.020987 
0.010890 
0.067973 
0.066463 
0.071528 
-0.024876 
0.039015 
0.044017 
-0.012919 
0.013621 
0.045768 
0.051502 
0.057874 
0.047534 
-0.044380 
-0.005523 
-0.004861 
-0.004491 
0.026484 
-0.037414 
0.053075 
0.091054 
0.076548 
0.081427 
0.066002 
0.023452 
0.013913 
0.025203 
0.028883 
-0.071427 
0.013477 
-0.029050 
0.074600 
0.052398 
-0.003214 
-0.038240 
-0.001645 
0.038333 
0.028696 
0.063391 
0.025528 
0.036562 
0.058413 
0.023770 
-0.013332 
0.044345 
0.067851 
0.048317 
-0.029217 
-0.036576 
-0.093667 
-0.039365 
0.065183 
0.052478 
-0.015781 
-0.011908 
0.012183 
0.058529 
0.005611 
0.009392 
0.062636 
0.064179 
0.066150 
0.011632 
-0.053062 
0.027015 
0.018543 
0.054706 
0.051504 
-0.003091 
-0.009197 
0.011571 
-0.024898 
0.014983 
0.048309 
0.027728 
0.017331 
0.049777 
0.017005 
0.038673 
0.035727 
0.015379 
0.065052 
0.057603 
0.015939 
0.022783 
0.058988 
0.053888 
0.048859 
0.009684 
-0.008854 
0.027489 
-0.012234 
-0.024063 
-0.021588 
0.010867 
-0.045645 
0.012416 
0.057677 
0.067265 
0.052208 
0.068791 
0.055615 
0.043129 
0.091291 
-0.042306 
0.022683 
0.019958 
0.002862 
-0.007780 
-0.085899 
-0.003107 
-0.025744 
-0.034246 
-0.023884 
0.044084 
0.056028 
0.127447 
0.126374 
0.015165 
0.040808 
0.084358 
0.065459 
-0.006036 
-0.019525 
-0.021811 
-0.050426 
-0.025940 
0.009457 
-0.008805 
-0.022441 
-0.033690 
0.021722 
0.023317 
0.014235 
0.015645 
0.024412 
0.006084 
-0.058313 
0.047084 
-0.006246 
0.016187 
0.048204 
0.055555 
-0.005489 
0.044013 
0.038924 
0.022448 
0.024496 
0.069097 
0.015656 
0.063994 
0.000555 
-0.058360 
-0.006090 
0.017169 
0.042234 
0.037041 
-0.002517 
-0.017723 
0.045167 
0.045934 
0.009097 
-0.012143 
-0.024197 
0.021286 
-0.007862 
-0.045066 
-0.021556 
0.011877 
-0.032451 
0.006720 
0.005117 
0.044648 
0.006596 
0.060018 
-0.019921 
0.018862 
-0.057405 
0.081050 
0.094653 
0.024612 
0.104715 
-0.029244 
0.038050 
0.049538 
0.008610 
0.070753 
0.029763 
-0.015983 
0.051911 
0.015960 
-0.081277 
-0.021198 
-0.014954 
-0.079098 
0.032887 
-0.016112 
-0.062000 
0.037849 
0.007449 
-0.005215 
0.049058 
0.041199 
0.006482 
0.028810 
-0.037349 
0.031839 
0.030188 
0.014444 
0.008191 
0.027661 
0.011630 
0.054956 
0.056755 
0.029555 
0.042850 
0.025166 
0.087961 
0.040406 
0.014261 
-0.034905 
-0.016452 
-0.005136 
0.037040 
0.011432 
0.053719 
0.038753 
0.048145 
0.005296 
-0.038764 
0.014515 
0.003213 
0.033348 
0.031674 
0.058831 
-0.002752 
-0.074085 
0.015694 
0.004238 
0.047352 
-0.025463 
0.028218 
0.020738 
0.037790 
0.043174 
0.040406 
0.002432 
0.017155 
0.008269 
-0.060447 
-0.017151 
-0.026280 
0.003868 
0.027229 
0.036317 
0.052735 
0.062313 
0.018040 
0.012354 
-0.020849 
-0.007396 
-0.072225 
-0.030061 
-0.035156 
-0.075234 
0.033346 
-0.015409 
0.067190 
0.102115 
0.012536 
-0.002672 
-0.011309 
0.002323 
-0.007268 
0.006917 
0.023067 
-0.036687 
-0.007942 
-0.043217 
0.000359 
-0.017561 
0.042989 
0.037448 
0.028055 
-0.045481 
0.019398 
0.050757 
0.047829 
0.040022 
-0.000329 
0.097357 
-0.011138 
0.000517 
0.020368 
-0.019144 
-0.033253 
0.061323 
0.060226 
0.128457 
0.055668 
0.007622 
0.026241 
0.027742 
0.024190 
0.015695 
0.084282 
0.054817 
-0.000396 
0.016929 
-0.051752 
-0.023018 
0.003792 
-0.060771 
-0.013736 
0.046019 
0.060453 
0.000283 
-0.025128 
-0.005775 
0.018053 
0.019019 
0.039519 
0.005745 
0.019184 
0.013964 
0.060135 
0.046990 
0.012967 
0.040144 
0.055152 
0.075247 
0.021273 
-0.014987 
-0.026678 
0.088494 
0.099467 
0.076048 
-0.016527 
-0.029596 
0.008005 
-0.036722 
0.005502 
-0.006141 
0.050288 
-0.009461 
-0.035399 
0.030420 
0.042768 
0.051298 
0.040175 
-0.004142 
0.036146 
-0.052851 
-0.056560 
-0.046776 
-0.037050 
-0.009570 
-0.002834 
0.000139 
0.023854 
0.004369 
0.048678 
-0.013234 
-0.055316 
-0.008385 
-0.010026 
0.051936 
-0.036361 
0.044871 
-0.060026 
0.018392 
0.032937 
-0.001086 
0.009874 
0.039168 
0.009141 
-0.000506 
0.065135 
0.038296 
-0.034419 
-0.031557 
0.060711 
0.054220 
0.004831 
-0.013128 
0.008762 
0.002019 
-0.053144 
0.075094 
0.054359 
-0.012477 
-0.019021 
0.067697 
0.048353 
0.042024 
0.008247 
0.091568 
0.064150 
0.060476 
0.012346 
-0.002549 
0.018460 
0.021325 
0.083540 
0.058148 
0.013502 
0.023349 
0.032900 
0.002158 
-0.024277 
0.028909 
0.005209 
-0.038469 
-0.015990 
0.052277 
0.059952 
0.094787 
0.062616 
0.035494 
0.032188 
0.008163 
-0.001115 
0.051559 
0.016429 
0.060379 
0.004041 
-0.023669 
-0.067030 
-0.019803 
0.002916 
0.017896 
-0.002446 
0.020789 
-0.011564 
0.025523 
0.031210 
0.100305 
0.040402 
-0.030970 
-0.031372 
0.010139 
0.037116 
0.033918 
0.031385 
0.037890 
0.046344 
0.017170 
0.006758 
0.039856 
0.001048 
0.011501 
0.046248 
0.030423 
0.040027 
-0.005896 
0.057290 
0.021494 
0.040980 
0.020895 
-0.030575 
0.012885 
-0.002650 
-0.030153 
-0.004310 
0.032219 
0.053292 
0.014704 
0.066298 
0.053070 
0.065724 
0.017675 
0.052029 
0.023148 
-0.006279 
0.001336 
0.123006 
0.072007 
0.075934 
0.070028 
0.014407 
0.002264 
-0.065871 
0.017885 
-0.033737 
-0.009151 
0.015841 
-0.029152 
-0.026649 
-0.020430 
-0.027397 
-0.085630 
-0.024321 
-0.034438 
-0.012761 
0.046919 
0.107331 
0.065569 
0.001773 
0.006848 
0.037351 
0.057717 
-0.058275 
-0.004333 
-0.024286 
0.012852 
-0.076066 
0.027834 
-0.004579 
-0.025503 
0.012474 
0.042270 
0.053649 
-0.034936 
-0.007209 
-0.021396 
0.007784 
0.049959 
-0.022474 
0.032852 
-0.045312 
0.059666 
0.018782 
0.030398 
0.049007 
0.054638 
-0.005753 
-0.022441 
0.016063 
0.034511 
0.037758 
0.013884 
-0.023937 
-0.037449 
0.030110 
-0.002479 
0.017228 
0.026955 
-0.017751 
0.002702 
0.005070 
0.041028 
-0.019162 
0.057206 
0.016655 
-0.053676 
0.027816 
-0.026391 
0.030683 
-0.003857 
0.003877 
0.039310 
-0.047076 
0.039259 
0.029008 
0.001508 
0.045313 
-0.000362 
0.040172 
0.048105 
0.002541 
-0.012237 
0.020355 
0.062099 
0.043810 
0.036581 
0.026757 
0.030895 
0.007262 
0.012953 
-0.001575 
0.004049 
0.050671 
0.036897 
-0.012330 
-0.083958 
-0.006124 
-0.007196 
0.056234 
0.050158 
0.047169 
-0.031537 
-0.018931 
0.004511 
-0.031338 
-0.008923 
0.071125 
0.055543 
0.044341 
0.012076 
-0.003799 
0.023911 
0.030064 
0.077270 
0.001162 
0.063419 
0.096845 
0.065219 
-0.014133 
0.038349 
-0.020297 
0.009288 
0.014357 
0.076647 
-0.014461 
0.075810 
0.007361 
0.001722 
0.051487 
0.086712 
0.069205 
0.051211 
-0.002244 
-0.002559 
-0.028828 
0.024772 
0.031476 
0.008011 
-0.042333 
0.038101 
0.051859 
0.054668 
0.021069 
0.022429 
0.071170 
0.087079 
0.058648 
0.060164 
-0.017357 
0.020236 
0.002698 
-0.056346 
-0.006404 
-0.024073 
0.007296 
0.026244 
0.047867 
-0.006988 
-0.007917 
-0.011604 
0.023690 
-0.001667 
-0.047475 
-0.036116 
0.011384 
0.065186 
0.073578 
-0.011411 
-0.049926 
0.092728 
0.077494 
0.117542 
0.022364 
0.120638 
0.037943 
0.060226 
0.033509 
0.056168 
0.023790 
0.003258 
0.060302 
0.047471 
0.055480 
0.016268 
0.038855 
0.012951 
-0.002359 
0.048034 
0.011173 
-0.015631 
-0.036150 
-0.002244 
0.039860 
0.113905 
0.071746 
0.072110 
0.072122 
-0.044387 
0.070684 
-0.013215 
0.059510 
-0.010565 
0.049979 
0.041895 
0.078694 
0.058723 
0.091761 
-0.002297 
-0.045116 
0.042734 
0.020396 
0.050514 
-0.020704 
0.035901 
-0.030430 
-0.007404 
-0.044185 
-0.020863 
-0.038154 
-0.005393 
0.096189 
0.055135 
0.045899 
0.034222 
0.033241 
0.032012 
0.017537 
0.037774 
0.033855 
0.025255 
0.028782 
-0.033574 
-0.048560 
-0.006009 
0.069033 
0.024617 
-0.046843 
-0.016658 
0.018953 
0.026439 
0.034728 
-0.018872 
-0.008498 
-0.037731 
-0.008262 
0.000441 
0.030846 
0.024285 
0.017006 
-0.016965 
-0.043489 
0.005825 
0.085136 
0.073515 
0.012394 
-0.033008 
-0.007606 
-0.028393 
0.008249 
0.049846 
0.025980 
0.086973 
0.048820 
0.056010 
0.078366 
0.065367 
0.062971 
0.037441 
0.043235 
0.007675 
-0.018889 
0.002132 
-0.002781 
0.037830 
0.031210 
0.022857 
-0.046997 
0.018432 
0.006489 
0.064415 
0.060138 
0.057505 
0.004077 
0.007329 
0.022505 
0.050856 
-0.027384 
0.028314 
0.025668 
0.026999 
0.064509 
0.021689 
0.029263 
0.016949 
-0.009248 
0.048725 
0.056510 
0.007990 
0.010565 
0.023772 
-0.063438 
-0.022503 
0.023020 
-0.032475 
0.033474 
-0.015524 
0.018980 
0.023565 
0.032623 
0.006124 
-0.051052 
0.011149 
0.036995 
0.006978 
0.044814 
0.035428 
0.025835 
0.070461 
0.041598 
0.042457 
0.018025 
0.007033 
0.001107 
-0.009665 
0.023949 
0.034813 
0.010516 
0.022828 
0.017520 
0.013811 
0.026277 
0.021180 
0.057921 
0.041008 
0.067437 
0.084749 
0.033187 
0.039829 
0.093833 
0.117192 
0.008327 
0.056844 
0.066436 
0.018741 
0.075174 
0.092606 
0.054179 
0.089793 
0.076634 
-0.018323 
0.055586 
-0.009504 
0.030343 
-0.013261 
0.038666 
0.010679 
0.024121 
0.028757 
0.014469 
0.032814 
-0.029371 
0.037507 
0.095445 
0.020606 
0.071030 
0.040209 
0.027613 
-0.014872 
-0.027046 
0.045953 
-0.022760 
-0.025941 
-0.024364 
0.008171 
-0.014194 
0.012899 
-0.014007 
0.083495 
0.086853 
0.030458 
0.015964 
-0.034789 
0.082065 
0.057001 
-0.033037 
-0.044329 
0.027816 
0.039914 
0.058233 
0.053510 
0.040678 
0.018419 
-0.044202 
-0.026054 
-0.040166 
0.007133 
-0.071448 
-0.050434 
0.025754 
0.077565 
-0.020533 
0.011074 
-0.014383 
0.042492 
0.052479 
-0.016461 
-0.055457 
-0.013993 
-0.006667 
0.101060 
0.036310 
0.035789 
0.088908 
0.064016 
0.073249 
-0.030307 
-0.055424 
-0.023276 
-0.010377 
-0.003077 
0.049857 
-0.033306 
-0.014719 
0.046434 
0.061162 
0.030129 
-0.023358 
0.016748 
0.008526 
-0.006854 
0.034313 
0.049243 
0.012561 
-0.005605 
0.044195 
0.104926 
-0.014973 
-0.040994 
0.013458 
0.022872 
0.006596 
0.065578 
0.016493 
0.076275 
0.106293 
-0.030597 
0.010325 
0.015028 
0.056752 
0.072893 
0.056857 
0.015103 
0.001266 
0.037934 
-0.003072 
-0.013662 
0.077132 
0.088463 
0.096597 
0.040903 
0.041906 
-0.001291 
-0.025671 
0.012996 
-0.030105 
-0.042137 
-0.032486 
0.003956 
0.036083 
0.021322 
0.035900 
0.028466 
0.103792 
0.070381 
0.103261 
0.069883 
0.043550 
0.014138 
-0.036598 
0.058859 
0.022467 
0.016442 
0.057037 
0.048470 
0.036243 
0.046964 
0.010336 
0.026651 
-0.002307 
0.046728 
0.027890 
0.047678 
0.044305 
0.053691 
0.002847 
0.014883 
0.064321 
0.011754 
0.005110 
0.034082 
-0.000737 
-0.078133 
-0.065464 
0.040892 
0.012942 
0.048340 
0.022881 
0.018753 
0.017984 
0.035883 
-0.062103 
-0.017726 
0.048683 
0.053672 
0.035542 
0.043972 
-0.037439 
-0.057679 
0.001768 
0.053390 
0.117727 
-0.015777 
0.011206 
0.014870 
0.006134 
0.106589 
0.034579 
-0.017190 
0.033170 
0.015826 
-0.020046 
0.036034 
-0.029106 
-0.026456 
-0.039169 
-0.016638 
0.031110 
0.010121 
-0.008877 
0.000304 
0.026281 
0.024014 
0.015335 
-0.001717 
0.015064 
0.045188 
0.008357 
-0.006086 
0.035832 
-0.014313 
-0.055706 
0.008499 
-0.008372 
0.011112 
0.037268 
0.039736 
0.014256 
-0.011922 
0.012005 
0.018034 
0.076507 
0.018218 
-0.011622 
0.044890 
0.001587 
0.013193 
0.022664 
0.032087 
0.057417 
0.063610 
0.002696 
-0.052926 
0.024453 
0.010004 
0.043230 
0.035417 
0.035963 
0.040366 
-0.036223 
0.048077 
0.036612 
0.032920 
0.108505 
0.045008 
0.032293 
0.022215 
0.027981 
-0.001005 
0.061261 
0.006452 
-0.012002 
0.039728 
0.031505 
0.094282 
0.081093 
0.045878 
0.047623 
0.074228 
0.086652 
0.079517 
0.031395 
0.028761 
0.034355 
0.030973 
-0.056788 
-0.103673 
0.016484 
-0.023776 
-0.017738 
-0.000902 
-0.006460 
0.089111 
-0.034441 
0.033768 
0.010198 
0.080600 
0.049291 
0.089013 
-0.018646 
0.083102 
0.057921 
0.005808 
-0.052536 
0.040993 
-0.011699 
0.047271 
0.038893 
0.048887 
0.016785 
0.067977 
0.055380 
0.091170 
0.042307 
0.092592 
0.026325 
0.067739 
0.062488 
0.038253 
-0.008749 
-0.018657 
-0.058257 
-0.030846 
-0.000772 
-0.030692 
0.006406 
0.024681 
0.043257 
0.058966 
0.035534 
0.031200 
0.089667 
0.060450 
-0.017562 
0.026008 
0.043641 
0.045397 
0.005650 
0.004487 
0.008946 
0.057119 
-0.037299 
0.006654 
-0.006583 
0.016195 
-0.051474 
-0.050319 
0.013879 
0.054798 
0.051745 
0.048435 
0.019367 
0.011718 
0.056453 
0.034505 
0.031855 
0.006977 
0.010455 
0.012254 
0.064887 
0.048514 
0.017995 
0.050505 
0.098610 
0.011872 
0.005912 
0.017000 
0.069326 
-0.008299 
0.050882 
0.060029 
0.044307 
0.083292 
0.011890 
0.015020 
0.020273 
0.027747 
-0.000689 
0.049938 
-0.027989 
0.106484 
0.015417 
0.001599 
0.048990 
0.008348 
0.066690 
-0.005071 
-0.020560 
-0.055163 
-0.035689 
0.006321 
-0.068375 
-0.001080 
-0.005963 
-0.004518 
0.041000 
0.007770 
-0.031823 
-0.021823 
-0.011469 
0.030038 
0.005156 
0.056468 
0.020621 
0.068208 
0.024158 
0.013244 
0.017615 
0.016365 
0.066725 
-0.030813 
-0.023688 
0.072514 
0.065823 
0.025743 
-0.021140 
-0.024787 
-0.039522 
0.046950 
0.033524 
0.012733 
-0.015159 
0.009936 
0.026585 
0.107621 
0.067830 
0.015603 
-0.009249 
-0.029331 
0.037191 
-0.009894 
0.028385 
0.013727 
0.033450 
-0.002355 
0.026017 
-0.004995 
0.023353 
0.016389 
-0.000763 
0.008567 
0.052050 
0.027515 
-0.012857 
0.007998 
0.012215 
-0.000234 
-0.023506 
0.056040 
0.004129 
0.007641 
0.027154 
0.013549 
0.048746 
0.000249 
0.036114 
-0.015611 
0.010508 
0.017383 
0.018708 
-0.014722 
0.025850 
0.082796 
0.028477 
0.054144 
0.034767 
0.019142 
-0.039896 
0.008826 
0.011683 
0.063312 
0.098440 
0.044516 
-0.035250 
-0.006079 
-0.026106 
0.063448 
-0.001308 
0.003034 
0.046868 
-0.022080 
-0.027539 
0.084281 
0.031322 
0.008434 
0.075676 
0.069453 
0.080702 
0.033585 
-0.007962 
0.064898 
-0.009188 
0.015014 
0.022720 
0.046768 
0.049622 
0.090221 
0.051853 
0.075788 
0.002082 
0.055140 
0.050233 
0.042159 
0.023505 
-0.011956 
-0.018983 
0.016087 
0.009577 
0.009536 
0.015960 
0.049545 
0.014779 
-0.015608 
-0.009653 
-0.000713 
0.009492 
0.007415 
0.022314 
0.009255 
0.037682 
0.061980 
-0.009543 
-0.012895 
0.018839 
0.019844 
0.042085 
0.005292 
0.035618 
0.015433 
0.048808 
0.022987 
0.086790 
0.036629 
0.028231 
0.002646 
0.026511 
-0.013405 
0.046080 
0.036387 
0.031047 
0.042867 
-0.003828 
0.003034 
-0.025310 
-0.000071 
0.028311 
-0.010724 
-0.021161 
-0.018829 
0.084044 
0.063751 
0.002939 
0.019948 
-0.020296 
-0.046029 
-0.008925 
0.020169 
0.086112 
0.078234 
0.062063 
0.038606 
-0.023298 
0.003428 
0.046285 
0.044873 
0.026315 
0.032760 
0.042830 
-0.043257 
-0.002288 
-0.015516 
-0.007177 
0.047652 
0.005047 
0.056340 
0.032995 
-0.007326 
0.004542 
-0.010575 
0.064041 
-0.042119 
0.027352 
-0.015247 
0.053847 
0.113058 
0.019470 
0.049176 
-0.021584 
-0.008329 
-0.012884 
-0.044957 
0.019630 
-0.001121 
-0.060090 
-0.062366 
0.071003 
0.058067 
0.097844 
0.083112 
0.002772 
0.017473 
-0.005716 
0.020615 
0.048206 
-0.021479 
0.045107 
0.071200 
0.016665 
0.012562 
-0.008704 
0.027205 
-0.007881 
0.015626 
0.064425 
-0.001575 
0.028992 
0.035247 
0.000048 
-0.031509 
-0.000903 
0.024449 
0.023283 
0.020005 
0.062947 
0.021969 
-0.066723 
0.041081 
-0.000380 
0.082050 
0.064804 
0.048247 
0.087292 
0.001316 
0.018236 
-0.044255 
-0.027735 
0.017318 
-0.044156 
-0.019891 
0.054755 
-0.032098 
0.041171 
0.027040 
0.043682 
0.053527 
0.015126 
-0.003419 
-0.011948 
-0.027328 
0.036474 
0.067010 
-0.021718 
-0.033067 
0.043770 
0.011903 
0.011463 
0.006519 
-0.027598 
-0.018896 
0.075102 
0.043289 
0.019113 
-0.022390 
-0.004732 
0.043017 
0.046841 
0.015720 
0.020448 
-0.030102 
0.055065 
0.085192 
-0.028055 
-0.078456 
-0.008449 
-0.037835 
-0.028662 
0.070999 
0.015949 
0.020120 
-0.024533 
0.100097 
0.093775 
-0.050310 
0.011455 
0.049278 
0.087266 
-0.003532 
0.040079 
-0.030596 
0.002209 
0.035444 
0.024086 
0.085965 
0.042441 
-0.081799 
0.007873 
0.016263 
-0.022223 
0.038958 
0.006447 
-0.011401 
0.051118 
-0.019788 
-0.050433 
0.000140 
-0.048621 
0.095709 
-0.007507 
-0.023749 
-0.024412 
-0.043667 
-0.018652 
0.021520 
-0.015245 
0.004193 
0.041198 
0.072678 
0.033577 
0.072295 
0.099902 
0.123085 
0.040842 
0.052943 
0.000854 
0.060828 
-0.003706 
0.063529 
-0.030896 
-0.034254 
0.029130 
0.052377 
0.022058 
0.004285 
0.032631 
0.034383 
0.073114 
0.057412 
0.034665 
-0.004701 
0.067783 
-0.007382 
0.039214 
-0.001386 
-0.083937 
-0.029684 
-0.044571 
0.010569 
0.057730 
0.026130 
0.045169 
0.049985 
0.024216 
0.060975 
-0.029492 
0.050937 
0.069858 
0.027991 
0.027163 
0.008403 
0.022619 
0.034059 
0.044873 
-0.007193 
-0.001352 
-0.037197 
-0.010521 
0.082253 
0.023722 
0.052124 
0.029646 
0.024522 
-0.036357 
-0.063724 
0.002527 
-0.020046 
-0.040826 
-0.011765 
0.028253 
0.023809 
0.093710 
0.036995 
0.088134 
0.102752 
0.004418 
-0.051014 
-0.026258 
0.017871 
0.065315 
0.033535 
0.030145 
0.049909 
0.052359 
0.055120 
0.010366 
0.015252 
-0.028540 
-0.047099 
0.012337 
0.027680 
0.015856 
0.106996 
0.058692 
-0.069172 
0.035889 
0.007371 
0.022401 
0.032329 
0.035905 
0.005392 
0.081861 
0.026340 
0.024172 
0.013206 
0.022801 
0.018580 
0.035262 
-0.002189 
0.022841 
0.037694 
-0.007432 
0.000375 
-0.092897 
-0.034684 
-0.075866 
-0.037034 
0.000037 
-0.029629 
-0.046827 
-0.067820 
-0.001177 
0.038415 
-0.015355 
0.010973 
0.071274 
0.077710 
0.052005 
0.076284 
-0.023606 
0.050723 
0.064112 
0.066682 
0.070376 
0.041131 
0.019259 
0.018673 
-0.011187 
0.032542 
0.023516 
0.043288 
0.040788 
0.010699 
0.068322 
-0.001296 
-0.030402 
0.035267 
0.086103 
0.074269 
0.079581 
0.061982 
0.042262 
0.039951 
-0.024918 
0.004434 
0.003377 
0.019032 
0.019595 
-0.037684 
-0.024865 
0.011905 
0.047632 
-0.010854 
0.016740 
-0.054097 
-0.038179 
-0.055228 
0.041524 
0.047155 
0.052004 
0.072833 
0.035461 
0.028333 
-0.038483 
-0.009657 
0.006107 
-0.006750 
0.103125 
-0.006781 
0.029617 
0.048353 
0.018963 
0.020418 
-0.037545 
0.062907 
0.057257 
0.012202 
-0.025793 
-0.060278 
-0.045527 
-0.101986 
-0.011640 
0.017563 
0.002943 
-0.004136 
0.061127 
0.070611 
0.058131 
0.039711 
0.035921 
0.025476 
0.035047 
0.042903 
-0.010846 
0.028845 
-0.008594 
-0.000647 
-0.041514 
0.037357 
-0.004043 
0.020778 
-0.013247 
-0.021935 
-0.019222 
0.003032 
0.004244 
0.105405 
0.012347 
0.014935 
0.028680 
0.026830 
-0.042313 
-0.008106 
0.009178 
-0.023356 
0.060784 
0.033855 
-0.010809 
0.010191 
0.039119 
0.019071 
0.060207 
0.067698 
0.017611 
0.055879 
0.009538 
-0.010845 
0.025819 
0.022593 
0.032635 
0.022692 
0.083685 
0.064252 
0.036349 
0.033663 
-0.098985 
-0.012242 
-0.008836 
-0.033898 
-0.004360 
-0.021131 
-0.047572 
-0.057203 
0.025848 
0.046583 
0.000978 
-0.065699 
0.003864 
0.057648 
0.039811 
0.038557 
0.049087 
0.085093 
0.019128 
0.031464 
-0.010591 
-0.015736 
-0.037253 
-0.018622 
-0.014142 
0.027615 
0.044847 
-0.029014 
0.050264 
0.026335 
-0.019633 
0.013284 
0.023119 
0.063343 
0.077190 
0.038838 
0.070164 
-0.034444 
-0.023658 
-0.047364 
0.036238 
0.021860 
-0.018640 
-0.009575 
0.005998 
0.053137 
0.049507 
0.035031 
0.104031 
-0.005588 
-0.029913 
-0.003786 
0.008572 
0.019367 
0.026560 
0.015880 
-0.028050 
-0.042868 
-0.036357 
0.014856 
0.006536 
-0.029212 
-0.020151 
0.095803 
0.037865 
-0.001997 
-0.043395 
0.022240 
0.045552 
0.047529 
0.017771 
0.009630 
0.027753 
-0.034587 
0.014229 
-0.020149 
-0.001550 
0.004994 
-0.002533 
0.025123 
0.039072 
-0.021980 
-0.030090 
0.017532 
0.020724 
0.070000 
0.026917 
-0.039186 
0.016830 
0.059804 
0.047038 
-0.039253 
-0.054116 
-0.029232 
0.027031 
-0.006791 
0.027831 
0.014812 
0.018374 
0.025962 
0.048974 
-0.010764 
0.053644 
-0.013886 
-0.015902 
0.016921 
-0.023430 
-0.056364 
0.004810 
0.006137 
0.008859 
0.021539 
0.043193 
0.049725 
0.008552 
0.047878 
0.035451 
0.005497 
0.040221 
-0.017335 
-0.031892 
-0.063361 
0.011409 
-0.005429 
0.008053 
0.062033 
0.096686 
0.070446 
0.001805 
-0.004428 
-0.004483 
0.059775 
0.085946 
0.011082 
-0.009107 
-0.034263 
-0.082369 
-0.029003 
-0.037275 
-0.002635 
-0.014989 
0.029243 
0.023544 
0.012894 
0.031960 
0.069572 
0.085735 
0.093349 
0.036400 
0.031218 
0.073371 
0.011891 
-0.005091 
-0.002539 
-0.035951 
-0.009334 
-0.005465 
0.021234 
0.020686 
-0.035301 
-0.007565 
0.046785 
0.013093 
0.094209 
0.054491 
0.059823 
0.043204 
0.030872 
0.020144 
0.015455 
-0.006774 
0.026836 
-0.002282 
-0.081813 
-0.023499 
0.039887 
0.068852 
0.041215 
0.038834 
0.091189 
0.065155 
-0.004908 
0.055031 
0.067345 
-0.009629 
-0.058314 
-0.038275 
0.054970 
0.063916 
-0.020040 
0.029992 
0.064641 
0.034832 
-0.007308 
0.040047 
-0.030052 
-0.031896 
-0.044644 
-0.024957 
-0.010898 
0.022661 
-0.017466 
0.038731 
0.039469 
0.012472 
0.026937 
-0.024581 
0.025663 
0.058710 
0.077354 
0.035970 
0.036490 
0.032866 
0.002335 
0.039281 
-0.045229 
0.046008 
0.016006 
0.075881 
0.013690 
0.012720 
-0.013688 
-0.011924 
0.051523 
0.015471 
-0.008632 
0.039485 
0.003853 
-0.044705 
-0.077646 
-0.066955 
-0.023199 
0.000559 
-0.031199 
-0.043213 
-0.029974 
-0.044575 
0.040262 
0.011266 
0.005352 
0.012399 
0.037083 
0.003905 
-0.039202 
0.043821 
-0.049340 
-0.011576 
0.041407 
0.064245 
0.044393 
0.007971 
0.067807 
0.036571 
0.064922 
0.003351 
0.006856 
-0.017783 
0.064436 
0.049659 
0.048680 
0.068309 
0.018570 
-0.006046 
-0.003970 
0.031164 
0.022171 
0.009803 
0.035731 
0.008708 
0.101236 
-0.007401 
0.038333 
0.038096 
0.068400 
0.024069 
0.082222 
0.027187 
0.046505 
-0.001690 
0.051860 
0.055662 
0.035028 
0.009559 
-0.029977 
0.005911 
-0.060441 
-0.016700 
-0.066918 
-0.099976 
0.029230 
0.068256 
0.046122 
0.021979 
-0.046020 
-0.028639 
-0.038302 
-0.007997 
0.049442 
0.034790 
0.014549 
0.049388 
0.003813 
0.056697 
0.037870 
0.037560 
0.006898 
0.047220 
0.024161 
-0.006853 
0.043817 
0.003611 
-0.000611 
-0.036058 
-0.011429 
-0.048733 
-0.044017 
0.018614 
-0.003468 
-0.008232 
-0.037956 
-0.015723 
0.027192 
-0.033882 
0.001857 
0.044811 
-0.000850 
0.065506 
-0.000521 
0.033919 
-0.035891 
0.034241 
-0.010580 
-0.005374 
0.060942 
0.048582 
0.078013 
0.031839 
-0.029450 
-0.063807 
-0.052482 
-0.019572 
0.021098 
-0.014110 
-0.007975 
0.008942 
0.029600 
0.002741 
-0.041672 
-0.009184 
0.004156 
-0.023424 
-0.005128 
-0.042121 
-0.021572 
0.019990 
0.048680 
0.002373 
0.041826 
-0.014971 
0.081341 
0.017431 
0.031247 
-0.012437 
0.032240 
0.057220 
0.015219 
0.075152 
0.053049 
0.030470 
-0.030784 
-0.010328 
0.010290 
0.005589 
-0.009069 
-0.043282 
-0.021421 
0.013446 
0.015560 
0.022420 
-0.027510 
0.056734 
-0.020227 
0.058543 
0.037390 
-0.006221 
0.010029 
0.010228 
0.003995 
0.002354 
-0.039980 
-0.026438 
0.027957 
0.013710 
-0.025967 
-0.026131 
-0.002093 
0.039049 
-0.012341 
0.002085 
-0.021127 
0.003757 
0.050569 
0.037240 
0.084721 
0.014456 
0.020284 
-0.009700 
0.006809 
0.045272 
0.032933 
0.045909 
0.066014 
0.059560 
0.033989 
-0.010810 
0.054303 
0.041750 
0.010513 
-0.065779 
-0.015871 
-0.054737 
-0.024100 
-0.013048 
-0.003049 
-0.020559 
0.020626 
0.064373 
0.028911 
0.072306 
0.056211 
0.026115 
0.025827 
0.030916 
-0.022904 
0.010824 
0.011987 
0.022789 
0.045552 
0.056523 
0.005221 
0.026603 
-0.046417 
-0.024868 
0.022157 
0.046088 
0.055860 
0.062151 
0.046792 
0.069273 
0.016798 
0.009515 
-0.030276 
-0.043108 
0.020419 
0.030823 
0.103474 
0.088627 
-0.016345 
0.007346 
0.028551 
0.016112 
0.054219 
0.005769 
0.085615 
0.022137 
0.036553 
0.015319 
-0.017708 
0.011731 
-0.012538 
0.047329 
0.059755 
0.035717 
0.010526 
0.070492 
0.004317 
-0.018286 
0.035407 
0.060433 
0.032930 
-0.007718 
0.029895 
-0.032790 
-0.003046 
0.018524 
0.106703 
0.031100 
-0.032581 
0.039023 
0.012419 
-0.033870 
0.037982 
0.029361 
-0.016072 
0.011269 
0.022966 
-0.005861 
0.050195 
0.047879 
0.034077 
0.048433 
0.024441 
0.009678 
0.008676 
-0.016734 
0.045760 
-0.023400 
0.061839 
-0.019467 
0.041991 
-0.004921 
-0.017739 
-0.036703 
0.028780 
0.001995 
0.027374 
-0.033968 
0.010537 
0.019674 
0.007371 
0.036722 
0.000409 
0.017602 
0.015630 
0.016236 
0.000465 
0.055627 
-0.047012 
-0.021725 
-0.032635 
-0.018367 
0.056302 
-0.020960 
0.006399 
0.012566 
0.024744 
0.028678 
0.046146 
0.040542 
0.011700 
0.040222 
0.008666 
0.003634 
0.006308 
0.006938 
-0.000097 
0.039631 
0.002006 
-0.001094 
-0.038148 
0.030059 
0.034155 
-0.064485 
0.003304 
0.073156 
-0.021556 
0.030786 
0.048176 
-0.018849 
-0.009763 
-0.005743 
0.019483 
0.039077 
0.013144 
-0.014128 
-0.002055 
0.015177 
0.014561 
-0.016783 
0.040184 
0.006109 
0.007595 
-0.009841 
0.002505 
0.009929 
0.053409 
0.055604 
0.038293 
0.080038 
0.091512 
0.026381 
-0.041226 
-0.034996 
-0.025231 
0.029409 
0.075822 
0.003813 
-0.017448 
0.046092 
-0.024404 
0.020115 
0.073109 
-0.051828 
-0.040297 
-0.073599 
0.019771 
0.019793 
0.029133 
0.043254 
0.032828 
-0.004436 
-0.028159 
0.028559 
0.016789 
-0.006935 
-0.037319 
0.013416 
0.021135 
0.051960 
0.046982 
0.072725 
0.063477 
-0.002742 
0.052622 
0.031861 
0.055460 
-0.000517 
0.036189 
-0.047471 
0.007843 
0.048873 
-0.003349 
0.013413 
0.033635 
0.056439 
0.034185 
-0.016308 
0.023410 
-0.048644 
0.033698 
0.070269 
-0.051798 
-0.021290 
0.022162 
0.031608 
0.028128 
0.018191 
-0.006505 
0.010627 
0.100511 
0.039708 
0.038366 
0.024498 
0.023553 
0.019171 
0.005413 
0.005864 
0.044392 
0.043539 
-0.006408 
0.025684 
0.035526 
-0.061960 
-0.021308 
0.046860 
0.010423 
-0.030153 
-0.043344 
-0.048639 
0.034769 
0.007957 
-0.013461 
0.011508 
-0.002860 
0.024968 
0.022783 
0.065054 
0.085922 
0.001010 
-0.024999 
0.007409 
0.025665 
-0.011840 
0.029336 
-0.008401 
0.037366 
0.041234 
-0.023829 
0.086756 
0.077281 
0.065303 
0.076246 
0.055805 
0.048149 
0.029355 
0.042973 
0.005321 
0.000275 
-0.031473 
-0.012549 
0.028488 
0.033663 
0.049960 
0.014118 
0.014344 
0.009090 
0.073900 
0.015666 
0.044503 
0.035254 
0.042207 
0.034836 
0.058316 
0.037429 
0.014864 
0.107686 
0.082460 
0.090552 
0.045252 
0.028005 
-0.022772 
0.065914 
0.008469 
0.027865 
-0.003625 
0.013096 
-0.003369 
-0.006444 
0.012213 
0.054532 
0.015306 
0.080025 
0.017468 
0.053787 
0.053443 
0.016581 
-0.037519 
-0.020148 
0.038399 
0.005904 
0.018492 
0.011172 
-0.023669 
0.027446 
-0.010122 
0.034719 
0.021736 
0.015730 
0.011652 
0.022360 
-0.027096 
0.006611 
-0.005561 
0.077395 
0.081739 
0.038269 
0.011877 
-0.022834 
0.060233 
0.085528 
0.041035 
-0.002536 
0.062763 
0.019860 
-0.017111 
0.026369 
0.050557 
0.042989 
-0.018469 
-0.029961 
0.037876 
-0.012373 
-0.021998 
0.070120 
0.005651 
-0.045533 
0.035272 
0.025920 
-0.042727 
-0.015959 
-0.007858 
0.022279 
0.035984 
0.016269 
0.025550 
0.003068 
0.035897 
0.008156 
-0.019924 
0.037305 
0.044013 
-0.001633 
0.125689 
0.108827 
0.108674 
0.028339 
0.000726 
-0.033131 
0.024841 
0.086598 
0.094691 
0.118303 
0.083467 
0.012056 
0.044163 
-0.030249 
0.025922 
-0.027654 
-0.066487 
-0.002568 
0.021340 
-0.025340 
0.035400 
-0.065633 
-0.028111 
0.036161 
0.043250 
0.085208 
0.070239 
0.049027 
0.093778 
0.026019 
0.078010 
0.069689 
0.009423 
0.021484 
0.052424 
0.016696 
0.098527 
-0.006824 
-0.023562 
0.026939 
-0.000864 
0.037585 
0.025396 
0.064458 
0.020827 
0.078863 
0.053584 
-0.026769 
0.032341 
0.054943 
0.003764 
-0.024212 
0.048704 
0.062952 
0.059344 
0.019839 
0.091667 
0.058897 
0.031106 
-0.015257 
0.014947 
0.041132 
0.026865 
0.033280 
-0.022017 
-0.004190 
0.007635 
-0.031116 
-0.036129 
-0.006882 
0.010976 
0.016768 
0.015194 
0.019559 
0.024602 
-0.014488 
-0.021941 
-0.037637 
0.026490 
0.045938 
0.091411 
0.029647 
0.003508 
0.046749 
0.038571 
0.030518 
-0.015204 
-0.037139 
0.029989 
0.047980 
0.019002 
0.051366 
-0.023841 
0.039692 
0.004278 
0.009614 
0.019761 
0.023606 
-0.027432 
-0.047251 
0.073778 
0.010604 
-0.001419 
-0.009019 
0.012143 
-0.016929 
-0.008730 
-0.002188 
0.015975 
0.026047 
0.056981 
0.067179 
0.064576 
0.014214 
-0.039252 
-0.044494 
-0.027038 
0.043759 
0.020454 
0.007536 
0.019850 
0.037547 
-0.044007 
0.033040 
0.016373 
-0.011118 
-0.082917 
-0.006103 
0.027065 
0.047745 
0.031177 
0.014295 
0.023126 
-0.005727 
-0.004367 
0.003738 
-0.006784 
0.016983 
0.015543 
0.036454 
0.031820 
-0.022943 
-0.001215 
-0.013112 
-0.002362 
0.000101 
-0.010214 
-0.020553 
0.039529 
0.021590 
0.039835 
0.026146 
0.030742 
0.033585 
0.047908 
-0.003789 
0.073952 
0.068625 
0.015649 
0.014517 
0.024785 
0.028564 
0.013256 
0.014834 
-0.022068 
0.027945 
0.027366 
0.052565 
0.006210 
0.029703 
0.033259 
0.050427 
0.003952 
0.061235 
0.024305 
-0.000973 
-0.022838 
-0.039927 
0.004379 
0.043977 
-0.036509 
-0.014132 
0.005272 
0.072425 
0.094501 
0.024032 
0.041141 
0.045145 
0.038355 
0.007033 
0.049219 
0.031691 
-0.003767 
0.023171 
0.007203 
-0.012096 
-0.010680 
0.003940 
-0.007912 
-0.000643 
0.011538 
0.024013 
-0.061355 
-0.004453 
0.011664 
0.018402 
0.004582 
0.002773 
0.082500 
0.041384 
0.006174 
0.014414 
0.050220 
0.059357 
0.039421 
0.036714 
0.024929 
-0.053600 
-0.028142 
0.014581 
0.048134 
0.051511 
0.084303 
-0.024570 
-0.017954 
0.064072 
0.051758 
0.053639 
0.011667 
0.018666 
-0.009022 
0.030443 
0.014533 
0.005477 
-0.005983 
-0.022773 
0.003466 
0.032105 
0.051822 
0.062040 
0.056791 
0.038421 
0.036379 
0.003177 
0.035389 
-0.019772 
-0.000338 
0.007052 
0.056218 
0.048536 
0.103260 
0.037149 
-0.033301 
0.072372 
0.037990 
-0.001840 
0.056760 
0.029796 
0.046358 
0.020637 
0.002891 
0.073093 
0.086831 
0.025098 
0.086240 
-0.042665 
-0.010842 
-0.034671 
0.035480 
-0.017367 
-0.027571 
-0.077803 
-0.028826 
0.059804 
0.067848 
0.014935 
0.032499 
-0.005394 
0.005852 
0.011773 
-0.024053 
0.016202 
-0.047789 
0.040764 
0.034702 
0.008932 
0.023381 
0.011565 
0.012238 
0.047260 
-0.010029 
-0.032580 
0.055067 
0.032557 
0.018872 
0.029494 
0.000723 
-0.021001 
-0.027367 
0.032507 
0.014735 
0.014302 
0.027854 
-0.006684 
0.011970 
-0.055682 
-0.060122 
-0.040180 
-0.019577 
-0.032724 
-0.018513 
0.022354 
-0.039327 
0.020003 
-0.001444 
0.028542 
0.053377 
0.035438 
0.001409 
0.010612 
0.034974 
0.041698 
0.042774 
0.007097 
0.003012 
0.011415 
-0.012029 
0.086861 
0.013820 
0.051981 
0.061804 
0.061672 
0.033416 
0.068518 
-0.048511 
0.071412 
0.076369 
0.009157 
0.028863 
-0.022037 
0.031374 
-0.013376 
0.044251 
-0.004265 
-0.021622 
-0.074571 
-0.000716 
-0.063542 
0.028971 
0.056049 
0.059176 
0.041796 
0.044349 
0.039724 
-0.029819 
0.030719 
0.071816 
-0.011433 
0.007692 
0.023419 
0.038756 
0.004265 
0.004972 
-0.013022 
0.014053 
0.012062 
0.063572 
0.009108 
0.018009 
0.042525 
0.030363 
0.081647 
0.061181 
0.045948 
0.000724 
-0.043499 
0.101993 
0.043353 
0.019875 
0.067925 
0.009338 
0.050985 
0.013729 
-0.007847 
-0.000074 
-0.039589 
-0.005202 
-0.042280 
0.013878 
0.046190 
0.050810 
0.062686 
0.011791 
-0.005705 
0.042835 
0.011625 
0.014555 
0.016989 
-0.024979 
-0.007046 
0.022175 
0.060470 
0.106810 
0.032247 
-0.027343 
-0.026653 
-0.039618 
-0.045194 
-0.037383 
0.023409 
0.074622 
0.045266 
0.024648 
0.025492 
0.088881 
0.045905 
0.032031 
0.068935 
0.001802 
-0.003794 
0.062025 
0.027416 
-0.040424 
0.034992 
0.054025 
0.076644 
0.009629 
0.033310 
0.079394 
0.028836 
0.073348 
-0.000045 
0.019379 
-0.090720 
-0.049376 
0.049231 
-0.004041 
0.031363 
0.010575 
0.053696 
0.018718 
0.093952 
0.017313 
0.000395 
-0.016115 
0.015921 
0.071601 
0.029223 
0.012937 
0.001641 
0.072108 
0.006961 
0.053308 
0.016477 
0.014756 
0.055701 
0.081247 
0.070245 
0.087096 
0.064226 
0.060004 
0.035517 
0.043370 
0.027819 
0.011188 
0.033593 
0.022754 
0.050502 
0.092725 
0.054764 
0.003428 
-0.006105 
0.015068 
-0.042720 
0.032723 
0.045366 
-0.026020 
0.049699 
0.001955 
0.040514 
-0.030707 
0.019366 
-0.026865 
0.019719 
-0.128063 
-0.014144 
-0.010189 
0.024572 
0.012878 
0.044465 
0.068158 
0.005939 
0.047877 
0.097406 
0.066185 
0.014454 
0.019415 
0.044015 
0.007733 
0.038084 
0.052818 
0.014381 
0.058944 
-0.001004 
0.006239 
-0.021092 
-0.049979 
0.013435 
0.058286 
0.053644 
0.007080 
0.037260 
0.018334 
-0.067054 
0.012724 
-0.050541 
-0.015678 
0.013637 
0.060884 
0.026802 
-0.034555 
0.010475 
0.007676 
0.019720 
0.004502 
0.013620 
-0.017971 
-0.009797 
-0.035604 
0.059681 
0.011374 
0.080115 
0.041781 
0.062880 
-0.014805 
0.053851 
0.021457 
0.073314 
0.004195 
0.000708 
0.023102 
-0.018919 
-0.043480 
0.001763 
0.067828 
0.057692 
-0.017692 
-0.008235 
0.038155 
-0.001324 
-0.020324 
-0.034515 
0.025875 
-0.010924 
0.076065 
0.003779 
0.031679 
0.015739 
0.026503 
0.019347 
0.020143 
-0.027416 
0.019888 
0.084909 
0.010821 
-0.051903 
0.007140 
0.034631 
0.048462 
0.029277 
-0.014456 
0.068879 
0.038701 
0.023350 
0.028710 
-0.003828 
-0.014713 
-0.014573 
-0.054573 
-0.039973 
0.002653 
0.043946 
-0.014646 
-0.041369 
0.048664 
0.028239 
0.041619 
0.028409 
0.000949 
0.069772 
-0.047993 
-0.036091 
0.053731 
0.060156 
0.061596 
0.060248 
0.037496 
0.022757 
-0.012897 
-0.003764 
-0.047196 
0.040326 
0.036187 
0.095053 
0.065769 
0.014532 
-0.039204 
-0.039872 
-0.001300 
-0.057650 
0.086209 
0.079201 
0.069852 
0.052347 
0.009008 
0.088527 
0.036391 
-0.000419 
-0.039751 
-0.026329 
0.054370 
0.030738 
0.039585 
0.050484 
0.084174 
0.027824 
0.036545 
0.024890 
0.063033 
0.025777 
0.025164 
0.040472 
0.056527 
-0.029792 
0.003451 
0.027175 
-0.013252 
0.013823 
-0.017981 
0.028415 
0.065880 
0.041727 
0.055683 
0.054362 
0.003801 
0.008851 
-0.087031 
-0.015467 
0.078364 
0.036556 
0.082639 
0.060457 
0.075676 
0.043826 
0.059779 
0.011769 
-0.004686 
0.062071 
0.012165 
0.018361 
-0.011175 
-0.037071 
0.001307 
0.028331 
0.020992 
0.042424 
0.044820 
-0.006168 
-0.022589 
0.008517 
0.029781 
0.002557 
-0.025254 
0.038536 
0.020628 
0.018141 
0.042159 
0.035774 
-0.039263 
-0.063060 
-0.037029 
0.030626 
0.038768 
0.012402 
0.004116 
-0.038790 
0.008133 
-0.002813 
0.055883 
0.014579 
-0.002714 
-0.018031 
0.054621 
0.000737 
0.009623 
0.011996 
0.049868 
-0.019324 
0.010529 
-0.009129 
-0.011263 
-0.018115 
-0.002467 
0.019432 
0.080151 
-0.018074 
-0.022491 
-0.016241 
-0.065254 
-0.081619 
-0.035465 
0.027291 
-0.004990 
0.030617 
-0.000577 
0.055606 
0.031597 
0.039260 
0.020250 
0.033772 
0.007861 
0.064770 
0.040111 
0.011317 
0.093969 
0.026071 
0.052185 
0.036806 
0.048234 
0.046304 
0.006408 
0.033743 
-0.039000 
-0.057971 
-0.053724 
-0.048940 
0.012830 
-0.039965 
0.018916 
0.065805 
0.021010 
0.019708 
0.047128 
0.012167 
-0.023415 
0.030624 
0.023579 
0.059007 
0.046368 
0.085159 
0.086196 
0.076894 
0.077699 
0.033584 
0.030737 
0.077557 
0.026205 
-0.003716 
0.002594 
0.057942 
-0.002873 
0.007915 
0.016918 
0.010122 
0.042646 
0.072128 
0.040439 
0.021611 
0.024423 
-0.044619 
-0.038927 
0.012489 
0.028022 
-0.030273 
0.020760 
0.036179 
0.043238 
0.015944 
0.060829 
-0.014997 
-0.041398 
-0.083450 
-0.004702 
0.089398 
0.069067 
0.033256 
0.043572 
0.068164 
0.018252 
-0.002980 
0.025434 
0.036405 
0.072543 
0.015389 
0.126369 
0.037795 
-0.012743 
-0.096444 
-0.023186 
0.013357 
-0.056770 
-0.044056 
-0.010678 
0.020770 
0.000719 
0.004729 
-0.036681 
0.096366 
0.112427 
0.045925 
0.018216 
0.041487 
0.056862 
0.023393 
0.048705 
0.077284 
-0.022671 
0.018077 
-0.005912 
0.073829 
0.076403 
0.086806 
0.026808 
0.039238 
0.024627 
0.047864 
0.028491 
0.016753 
-0.021936 
0.050305 
0.048058 
-0.013615 
0.011707 
-0.021558 
0.036924 
0.049391 
-0.014024 
0.029702 
0.018669 
0.031370 
0.009110 
0.026285 
-0.038782 
-0.005737 
-0.009589 
0.091304 
0.046019 
-0.019044 
-0.044862 
0.018605 
0.008090 
0.048808 
0.052357 
0.025537 
0.001979 
-0.056653 
-0.119208 
-0.016011 
-0.038212 
-0.013553 
0.121169 
0.097436 
0.014109 
0.015789 
0.006147 
-0.020845 
0.080215 
0.009315 
0.075864 
0.052908 
0.051796 
0.004313 
-0.042601 
-0.007316 
0.005515 
0.018943 
0.006012 
0.065063 
0.046149 
0.001563 
0.018653 
0.016815 
0.038999 
0.049301 
0.003128 
-0.014442 
-0.001006 
0.004699 
0.008789 
0.005099 
-0.034348 
-0.046681 
-0.041061 
-0.023394 
-0.027905 
0.027616 
-0.048066 
-0.003509 
0.072485 
0.038084 
-0.031294 
0.022264 
-0.004839 
0.058056 
-0.002375 
0.061241 
0.027275 
-0.017415 
-0.043662 
-0.025727 
-0.009926 
-0.067876 
0.020877 
-0.002326 
0.005925 
-0.002999 
-0.016296 
-0.029922 
-0.018785 
0.015528 
0.049262 
-0.048588 
0.002669 
0.022679 
0.022487 
-0.008290 
0.025068 
-0.019157 
-0.025403 
-0.006114 
-0.001376 
0.030506 
0.028725 
-0.040833 
-0.036984 
-0.029169 
0.022488 
0.039516 
0.024316 
0.019206 
0.046588 
0.046180 
0.015301 
-0.002478 
-0.012102 
0.012975 
-0.038930 
-0.023325 
-0.024721 
0.014882 
-0.015495 
0.076682 
0.057992 
-0.009824 
-0.039352 
0.021115 
0.033868 
0.007103 
0.001394 
-0.042714 
-0.030134 
0.055868 
0.026968 
0.001081 
0.016692 
0.021044 
0.021941 
0.053672 
0.025905 
-0.011282 
0.023762 
0.013793 
-0.007362 
0.029325 
0.019208 
0.040138 
-0.014147 
0.050535 
0.018533 
0.022618 
0.010900 
0.016962 
0.083726 
0.057942 
0.020016 
-0.019161 
-0.052432 
0.012894 
0.006394 
-0.013533 
-0.007859 
0.021170 
0.073846 
0.076156 
0.089269 
0.105586 
0.038499 
0.014180 
0.051651 
-0.027467 
0.041263 
0.057757 
0.037639 
-0.047728 
0.052127 
0.077050 
-0.040732 
0.005539 
0.022378 
0.006382 
-0.028300 
0.009555 
0.048006 
0.028910 
0.040997 
0.032471 
0.043304 
0.034743 
0.033874 
0.040260 
0.022542 
-0.006331 
0.040724 
-0.032037 
0.004252 
0.068924 
0.013085 
0.019611 
0.035344 
-0.024321 
0.062119 
0.077148 
0.024609 
-0.001433 
-0.004486 
0.029583 
0.006821 
0.026670 
-0.024416 
0.024911 
0.023350 
0.037693 
0.058630 
0.093298 
0.029682 
0.014812 
-0.037080 
-0.021182 
-0.000509 
0.039795 
0.006201 
0.054005 
0.041217 
0.032459 
0.018807 
-0.010509 
-0.033445 
0.036668 
-0.002398 
0.006684 
0.021846 
0.099226 
0.028246 
-0.010656 
0.022401 
-0.018773 
0.024540 
0.070838 
0.033261 
0.067203 
0.062387 
0.007674 
0.011172 
-0.059266 
0.020552 
0.046512 
0.064886 
0.066874 
-0.048782 
-0.011438 
0.046762 
-0.016674 
0.004120 
-0.015112 
-0.054554 
-0.024311 
-0.009787 
-0.018746 
0.032746 
0.007879 
0.052993 
-0.048618 
0.030471 
0.012593 
0.023503 
-0.012237 
-0.040836 
-0.040981 
-0.009722 
0.044064 
0.040841 
0.010425 
-0.019059 
-0.027781 
-0.006298 
0.022854 
0.011620 
0.039547 
0.055289 
0.028070 
0.034216 
-0.058361 
0.036144 
0.040543 
0.032370 
0.028973 
0.046598 
-0.016734 
0.010298 
0.005131 
-0.010699 
0.023244 
0.001060 
-0.016466 
0.014492 
0.000940 
0.008495 
0.028846 
-0.012199 
0.049034 
-0.012645 
0.011315 
-0.002857 
0.018601 
0.023185 
0.013123 
-0.035214 
0.047391 
0.021970 
0.032637 
0.028078 
0.028990 
0.007373 
0.026128 
0.031518 
0.014732 
0.018849 
0.027173 
0.012888 
-0.021872 
0.030718 
0.063623 
0.043055 
-0.036656 
-0.043945 
-0.023352 
-0.001729 
-0.029868 
0.053888 
-0.012704 
-0.015746 
-0.050574 
0.026895 
0.072169 
0.015504 
0.018183 
-0.021476 
0.044580 
0.095929 
0.088843 
0.067625 
0.088440 
0.005358 
0.018342 
-0.013576 
0.049963 
0.095925 
0.072592 
0.003886 
0.013127 
0.023010 
0.021872 
-0.004610 
0.002801 
0.025814 
0.042972 
-0.001633 
0.050789 
-0.002675 
-0.036730 
0.055472 
0.065328 
-0.035199 
0.000851 
0.053456 
0.048148 
0.037823 
0.081277 
0.072390 
0.054342 
0.029443 
0.022059 
-0.000788 
-0.072594 
-0.017006 
-0.008241 
0.013955 
-0.008296 
0.007522 
0.010034 
0.007300 
-0.044437 
0.011003 
0.058627 
0.052641 
0.028167 
-0.000920 
0.015519 
-0.002380 
0.015480 
0.035272 
0.043546 
0.059554 
-0.003979 
0.023168 
-0.004707 
-0.066255 
0.005817 
-0.000141 
-0.029985 
0.010443 
0.053087 
0.014415 
0.119566 
0.043488 
0.065797 
0.016196 
-0.010317 
0.023758 
-0.003580 
-0.017655 
-0.017788 
0.030985 
0.049949 
0.057194 
0.021621 
0.006047 
-0.015866 
0.006485 
0.052342 
0.025206 
0.031538 
0.041189 
0.042797 
0.035377 
0.043137 
0.029762 
0.026098 
-0.053973 
0.017437 
-0.014372 
-0.027297 
0.033274 
0.018943 
0.019205 
-0.043028 
0.007969 
-0.021056 
-0.050036 
-0.018544 
-0.041275 
-0.003815 
-0.031578 
-0.073292 
-0.065684 
0.028450 
0.036416 
0.021524 
0.026000 
0.006595 
0.015745 
0.057212 
0.050834 
0.053735 
0.065959 
0.035352 
0.092260 
0.045384 
0.034866 
0.097000 
0.045611 
-0.008342 
0.012746 
0.003825 
0.010621 
-0.004332 
-0.020295 
-0.052588 
0.034224 
0.034547 
0.093487 
0.006011 
0.013824 
0.058787 
0.037113 
0.049606 
0.054007 
-0.037861 
0.047317 
0.062541 
0.036517 
0.093254 
0.037478 
0.032425 
-0.048793 
-0.018812 
0.036810 
-0.044735 
0.010650 
0.017232 
0.017920 
-0.050714 
-0.099847 
0.037345 
0.014304 
-0.022357 
0.050814 
-0.016356 
0.035318 
0.000823 
0.020958 
0.026042 
-0.044432 
-0.039457 
0.039364 
0.016764 
0.023465 
0.073643 
0.060712 
0.021523 
0.006753 
-0.029339 
-0.000992 
0.022332 
0.077297 
0.029103 
0.016373 
0.074098 
-0.037092 
0.026996 
0.036024 
0.008028 
0.040459 
0.039573 
0.048133 
0.084905 
0.020829 
0.020188 
0.012660 
-0.053704 
0.009788 
0.086855 
-0.001030 
0.079704 
0.074461 
0.009788 
-0.003803 
-0.004662 
0.020971 
0.007143 
0.022129 
0.011788 
-0.003972 
0.011484 
0.031943 
-0.021552 
-0.041480 
0.019951 
0.011789 
-0.002902 
0.048543 
-0.057587 
-0.081235 
-0.086546 
0.076935 
0.064141 
0.067340 
0.017484 
0.065654 
0.074032 
0.063986 
0.055856 
0.018782 
0.003361 
0.035506 
0.031929 
0.014703 
-0.014258 
-0.035986 
-0.016526 
-0.021423 
0.019440 
-0.000837 
-0.012396 
0.056929 
0.065024 
0.083444 
0.067294 
-0.001684 
-0.103715 
-0.053320 
0.024993 
0.020599 
0.014737 
-0.050643 
0.064100 
0.078737 
0.025268 
0.017887 
0.009655 
0.033997 
0.027015 
-0.008424 
0.055505 
0.025780 
-0.020186 
-0.043961 
0.066610 
0.087810 
0.062761 
0.042478 
0.033689 
0.007519 
0.002140 
0.031506 
0.012090 
-0.049203 
-0.001000 
0.030623 
-0.047927 
0.001285 
0.041649 
0.003438 
-0.024766 
0.039699 
-0.001858 
0.029023 
0.016206 
-0.008096 
0.041444 
-0.000025 
0.033192 
0.087511 
-0.027472 
0.015128 
-0.012378 
-0.078554 
-0.015889 
-0.016892 
0.062757 
0.045890 
0.071050 
-0.004636 
0.036723 
0.057997 
0.032549 
0.012664 
-0.001918 
0.007305 
-0.032608 
0.064176 
0.052970 
-0.007492 
0.001427 
0.009711 
0.023345 
0.021963 
0.054838 
-0.011860 
0.010028 
0.013906 
0.061423 
0.000144 
-0.012733 
0.005535 
0.060625 
0.041496 
0.014494 
0.058410 
0.072948 
0.016404 
0.004898 
0.001538 
0.027666 
0.021191 
0.044106 
0.005125 
-0.013291 
0.003875 
0.006388 
-0.051491 
-0.027153 
0.036077 
0.039617 
0.015583 
-0.032082 
-0.017175 
-0.045892 
-0.015289 
-0.023752 
0.020686 
0.030787 
0.000661 
-0.014381 
0.013753 
0.059344 
-0.018030 
-0.034487 
-0.003834 
-0.017842 
0.065171 
0.076192 
0.008840 
0.049718 
0.041995 
0.056312 
0.018079 
-0.014810 
0.025336 
0.040855 
0.101437 
0.046954 
0.014437 
-0.007809 
-0.013391 
0.002329 
0.071506 
0.028174 
-0.002909 
-0.049813 
0.015573 
0.026460 
-0.001641 
-0.005830 
-0.018963 
0.074063 
-0.017451 
-0.022598 
-0.020430 
0.031733 
0.033958 
-0.032631 
0.043109 
0.034184 
-0.001313 
0.070628 
0.096785 
0.016580 
0.072483 
0.078133 
0.017162 
-0.065976 
0.060637 
0.022366 
0.046452 
0.015643 
-0.004857 
0.100894 
-0.000294 
0.012065 
0.022703 
0.003825 
-0.011480 
0.016951 
0.042018 
0.088488 
0.017927 
0.004180 
0.053351 
0.086186 
0.097968 
0.023329 
0.021444 
0.025644 
-0.021361 
-0.000504 
-0.014912 
0.019312 
0.003910 
-0.014159 
-0.045361 
0.007615 
-0.015813 
0.046786 
0.028541 
0.001843 
0.043965 
0.018353 
0.055520 
-0.019202 
0.050855 
0.028377 
0.040989 
0.021259 
0.048151 
0.059160 
0.042766 
0.081309 
0.019071 
0.037058 
-0.008103 
0.051876 
0.046118 
0.007407 
0.026680 
0.042772 
0.048005 
0.029527 
0.061936 
0.045155 
0.044856 
0.013584 
-0.010138 
0.045630 
0.013060 
-0.021662 
0.008353 
-0.001706 
0.012087 
0.026811 
0.072226 
0.005168 
-0.028463 
0.001462 
0.054059 
0.037080 
0.032831 
-0.050639 
0.008261 
0.023899 
0.066005 
0.094614 
0.063131 
0.012568 
0.087795 
0.008538 
0.056107 
0.030833 
-0.010049 
0.000000 
0.070192 
0.032933 
0.022278 
0.025190 
0.040024 
0.001242 
-0.036140 
0.045251 
-0.035693 
-0.041519 
0.018450 
0.016302 
0.063407 
0.027830 
0.004525 
0.040359 
0.035096 
0.017099 
0.028201 
0.045081 
0.102083 
0.089982 
0.016681 
0.006916 
-0.011544 
0.034085 
0.017358 
-0.017837 
0.006355 
0.024708 
-0.024116 
0.003383 
0.009442 
0.097734 
0.043693 
-0.075349 
-0.049070 
-0.018406 
0.038117 
0.072660 
0.049953 
-0.013929 
-0.014891 
-0.049592 
0.039165 
0.015148 
0.051437 
-0.003098 
-0.036216 
-0.023690 
0.041656 
0.046763 
0.001935 
0.011022 
0.010604 
0.007589 
0.017479 
-0.013260 
-0.049831 
0.060869 
0.055113 
0.099576 
0.070460 
-0.025854 
-0.026764 
0.027651 
0.009712 
0.033358 
0.049113 
-0.009369 
-0.017196 
-0.061204 
0.028560 
0.063359 
0.050552 
0.026165 
0.028302 
0.050097 
0.049839 
0.059033 
0.040656 
0.004143 
0.008466 
0.024027 
-0.022805 
-0.002189 
-0.005517 
0.018994 
0.070525 
0.067303 
0.074834 
-0.002968 
0.066013 
0.067361 
-0.022082 
-0.012250 
0.036931 
-0.000171 
0.035210 
0.044080 
-0.000114 
-0.007708 
0.021729 
0.009714 
-0.020019 
-0.046863 
0.051849 
0.075523 
0.016607 
0.006341 
0.038344 
-0.002679 
0.004284 
0.001403 
0.004728 
0.071838 
0.045223 
0.010588 
-0.017346 
0.014814 
-0.023508 
0.014963 
-0.011825 
-0.038460 
0.054112 
0.073826 
0.043568 
0.055680 
0.017928 
0.098195 
0.061877 
0.033095 
0.013102 
-0.017138 
-0.009611 
0.015916 
0.021758 
0.011081 
0.009406 
0.015035 
0.077800 
0.059862 
0.041590 
0.045125 
0.040556 
0.000228 
-0.015705 
0.069364 
0.071245 
0.050161 
-0.031351 
-0.022105 
-0.025600 
0.048056 
0.047892 
0.001448 
0.029675 
0.004507 
0.065874 
0.090428 
0.076178 
0.005803 
0.016073 
0.053303 
-0.002904 
0.039364 
0.029844 
0.034447 
0.050897 
0.070211 
-0.031826 
-0.031315 
0.035292 
0.044329 
0.000212 
-0.047448 
0.070291 
0.026889 
0.044327 
0.037240 
0.009065 
-0.025029 
0.047673 
-0.011963 
-0.025702 
0.029082 
0.012005 
0.046198 
0.003392 
-0.005039 
0.005779 
-0.032816 
0.018884 
-0.078644 
-0.063712 
-0.040202 
0.031080 
0.002136 
-0.010185 
0.030384 
-0.009066 
0.063704 
0.061481 
-0.000140 
-0.031102 
-0.011871 
-0.012797 
-0.005793 
-0.056552 
0.009916 
0.006711 
-0.047493 
-0.055202 
-0.076586 
-0.054060 
0.000751 
0.081382 
0.054077 
0.105093 
0.045795 
0.036349 
0.049100 
0.044857 
0.053126 
-0.006270 
0.017432 
0.044075 
-0.001554 
0.024996 
0.010574 
-0.033529 
-0.014196 
-0.045595 
0.041358 
0.067758 
0.026023 
-0.025213 
-0.060618 
0.058404 
0.064712 
0.036869 
0.058356 
0.042716 
0.009260 
0.071651 
0.044636 
0.033271 
0.017483 
0.012485 
0.010623 
0.002118 
0.004554 
0.027248 
0.014658 
0.026448 
-0.045158 
-0.021548 
-0.034731 
-0.067258 
-0.068146 
-0.043066 
0.024957 
-0.011483 
-0.007480 
0.016477 
-0.011474 
-0.037229 
0.026145 
0.046094 
0.070924 
0.073234 
0.040249 
0.023017 
0.010934 
-0.044643 
0.014446 
0.008020 
-0.005742 
0.103077 
0.018993 
0.025110 
0.045365 
0.055694 
0.020077 
-0.032259 
-0.006997 
0.042550 
0.045868 
0.039342 
0.047285 
0.074861 
0.037260 
0.110171 
0.013707 
0.033706 
-0.009174 
0.019388 
0.000578 
0.027838 
0.086517 
0.056063 
0.008743 
0.030564 
0.030002 
-0.024936 
0.007574 
0.021665 
-0.007004 
-0.030250 
0.025987 
0.076091 
0.042289 
0.042280 
0.021877 
0.003352 
0.024445 
0.030505 
0.069791 
0.000168 
-0.018698 
0.060619 
0.055619 
0.042338 
0.033047 
0.009716 
0.021157 
0.004316 
0.033690 
0.026702 
0.050469 
0.056893 
0.068360 
0.051427 
0.052670 
-0.000314 
-0.002932 
-0.027961 
-0.010030 
-0.055858 
-0.025376 
-0.004384 
0.070462 
0.070936 
0.068661 
-0.018670 
-0.008687 
-0.000773 
0.047905 
0.032932 
0.046481 
0.072805 
0.032949 
0.047212 
-0.021764 
0.026557 
0.081951 
-0.057698 
-0.010940 
0.010923 
-0.005674 
0.028519 
0.031773 
0.024223 
0.036054 
-0.033359 
0.023932 
0.015987 
0.055692 
0.044923 
0.041583 
0.011415 
0.047833 
0.034532 
0.011587 
-0.039364 
0.002352 
-0.021920 
-0.028785 
0.015206 
0.030430 
0.014947 
0.009707 
-0.015180 
0.002161 
0.024543 
0.047174 
0.037558 
0.070180 
0.042117 
-0.000373 
0.107711 
0.073213 
0.076460 
0.027501 
0.045927 
0.096750 
0.097474 
-0.075155 
0.002545 
0.001608 
0.018611 
-0.037206 
-0.011573 
0.036256 
0.013218 
0.008444 
-0.005113 
-0.025569 
-0.034484 
-0.001108 
0.025121 
0.031966 
-0.075428 
-0.034400 
-0.028282 
-0.002934 
-0.042489 
0.047978 
0.048363 
0.078143 
0.040149 
-0.014595 
0.062105 
0.035938 
-0.041464 
-0.079379 
-0.061953 
-0.050670 
-0.044436 
-0.025544 
-0.011465 
0.008406 
-0.000666 
0.053931 
0.044836 
-0.023236 
0.048593 
0.067846 
-0.010985 
-0.060290 
-0.057435 
0.028984 
0.047825 
0.083991 
-0.014922 
-0.024089 
-0.029409 
0.028523 
0.049721 
0.017648 
0.037247 
0.023864 
0.023150 
-0.000258 
0.016785 
0.033200 
0.031228 
-0.014678 
0.064489 
0.020896 
0.025001 
0.038621 
-0.007413 
0.036973 
0.066791 
0.050518 
-0.010730 
0.018096 
-0.011736 
-0.006347 
0.030795 
-0.029696 
-0.070198 
-0.030377 
0.072914 
0.051065 
0.017004 
-0.009094 
0.043560 
-0.008058 
-0.044193 
0.004374 
0.060944 
0.024257 
0.001143 
-0.001173 
-0.026325 
0.038422 
0.040953 
-0.013511 
0.037176 
0.021604 
-0.040778 
-0.024420 
0.064298 
0.032302 
0.003057 
0.038794 
0.032536 
0.008072 
0.002825 
0.045886 
0.023885 
0.043161 
0.028284 
0.103209 
0.062421 
0.030660 
0.054565 
0.020779 
0.055823 
0.075245 
0.061592 
0.055836 
-0.064106 
0.024011 
0.037912 
0.067941 
0.018669 
0.009131 
-0.006914 
0.042676 
-0.047737 
0.029956 
0.018271 
0.008347 
0.055998 
0.068284 
0.032844 
-0.000397 
-0.045485 
-0.067692 
-0.058537 
0.003947 
-0.013549 
-0.014034 
0.024881 
0.057435 
0.111634 
0.053465 
-0.015308 
-0.003985 
0.032400 
-0.002974 
0.058342 
-0.016429 
0.011727 
-0.043517 
0.023549 
0.037662 
0.032307 
0.049731 
0.024306 
0.008252 
0.018015 
0.009855 
-0.034559 
-0.041155 
0.001183 
-0.014729 
0.040261 
0.012584 
-0.019153 
-0.007509 
0.004109 
0.005948 
-0.004750 
-0.019947 
-0.024211 
-0.011630 
0.011175 
0.031048 
0.068478 
0.042022 
0.092295 
0.003409 
-0.019118 
0.026299 
-0.021907 
0.032352 
0.022164 
0.036041 
0.043831 
-0.017944 
0.066912 
0.018102 
0.037000 
0.062650 
0.042374 
0.089843 
0.045535 
0.036626 
0.015204 
0.043844 
0.028253 
0.002601 
-0.025173 
-0.052968 
-0.022135 
-0.015018 
0.056066 
0.062474 
-0.042602 
-0.028798 
-0.003310 
0.032156 
0.096437 
-0.004319 
0.008779 
-0.003227 
0.021671 
-0.013494 
0.026889 
0.069433 
-0.043884 
-0.060962 
-0.018680 
-0.000391 
0.038428 
0.077537 
0.065619 
0.043903 
-0.009637 
0.048234 
0.033022 
0.019153 
0.070585 
0.002643 
0.009694 
0.004214 
-0.004039 
0.003135 
0.018238 
0.045871 
0.025875 
0.065959 
0.032489 
-0.009936 
0.074895 
0.072407 
0.033016 
0.028448 
0.027847 
0.055903 
0.084117 
0.022445 
-0.045947 
0.037709 
0.053909 
0.014555 
-0.025612 
0.014482 
0.014539 
0.079323 
0.074041 
0.105230 
0.074572 
0.027472 
0.000912 
-0.045985 
-0.038490 
0.002418 
0.015632 
0.058304 
-0.049423 
-0.011986 
0.011054 
0.018317 
0.034321 
0.058492 
0.052691 
-0.015073 
0.042258 
0.025630 
0.002139 
0.038529 
0.063539 
0.045488 
-0.013054 
0.016480 
-0.029203 
0.026039 
0.032593 
0.004109 
0.009772 
0.057674 
-0.017691 
0.057116 
0.071013 
0.028205 
0.065948 
-0.017841 
-0.000922 
-0.017811 
-0.001617 
-0.034724 
0.007736 
0.010515 
0.029887 
0.043936 
0.028311 
0.057826 
0.056117 
-0.009672 
0.050407 
0.076432 
-0.011981 
0.014920 
0.009530 
0.032878 
0.005711 
-0.065882 
-0.013353 
-0.003865 
0.007487 
0.001358 
0.004809 
0.090186 
0.047003 
0.064257 
0.027363 
0.047600 
0.028537 
-0.015130 
0.083201 
0.017102 
0.013137 
-0.005413 
0.060225 
0.035455 
0.088204 
0.051300 
0.040352 
0.023580 
0.016545 
-0.023102 
0.009028 
0.062871 
0.026730 
0.055451 
0.045231 
0.039269 
-0.001344 
0.077860 
0.012239 
0.001519 
0.014358 
-0.004143 
-0.023153 
-0.012411 
-0.003198 
0.030361 
0.020072 
0.055049 
0.045876 
0.064074 
0.079807 
0.033674 
0.052109 
0.074939 
0.065524 
0.054715 
0.068342 
-0.009751 
-0.043965 
-0.023622 
0.019695 
0.042339 
0.044691 
0.025759 
0.018942 
0.009023 
0.052115 
0.062026 
-0.023422 
-0.038737 
-0.006988 
0.062014 
0.031330 
0.018213 
0.048445 
-0.006110 
0.033228 
0.014933 
0.014606 
0.066909 
0.082163 
0.102287 
0.053543 
0.014490 
0.017205 
-0.026386 
0.016829 
0.020324 
-0.005835 
0.008127 
-0.002725 
-0.058119 
-0.025628 
-0.047780 
0.006927 
0.006942 
0.019354 
-0.024067 
0.034626 
0.037519 
0.028441 
0.035541 
0.033019 
0.009503 
0.018823 
-0.023598 
0.018359 
0.005280 
-0.007778 
-0.014367 
0.003434 
-0.002095 
-0.004579 
-0.009063 
0.020016 
0.036169 
0.089144 
0.126452 
0.015028 
0.055432 
0.102166 
0.056809 
0.048161 
0.034794 
0.041821 
0.011184 
-0.030875 
-0.065384 
-0.022444 
0.024427 
0.003841 
-0.022163 
-0.015612 
-0.041787 
-0.018313 
0.000533 
-0.011546 
0.050597 
-0.010111 
0.049993 
0.041165 
0.075360 
0.038748 
0.017652 
0.011542 
-0.025559 
-0.073187 
0.046139 
0.024351 
0.063853 
0.035965 
-0.005038 
0.023260 
-0.018635 
-0.009078 
-0.005094 
0.013084 
0.020649 
0.056863 
0.024789 
0.020092 
0.009521 
0.044346 
0.035784 
0.064814 
0.043937 
0.060582 
0.041071 
0.048235 
0.060432 
0.048593 
0.069943 
0.079908 
0.038161 
0.082609 
0.022646 
-0.005801 
0.011452 
-0.005393 
0.059981 
0.045358 
-0.000466 
0.014156 
-0.002422 
0.117165 
0.044542 
-0.016563 
0.015835 
0.112221 
0.066848 
0.051832 
0.048278 
0.001939 
0.051018 
0.089078 
0.034256 
0.067694 
0.017233 
0.013345 
0.001083 
-0.075717 
-0.009547 
0.063670 
0.058080 
0.030898 
0.037778 
0.012249 
-0.008923 
0.049501 
0.000404 
0.022956 
0.035267 
0.038229 
0.062510 
0.037584 
-0.011977 
-0.012887 
0.065423 
0.015281 
0.004145 
-0.005829 
0.046669 
0.088777 
-0.029001 
0.019610 
0.018710 
0.014633 
0.018099 
0.061870 
0.030608 
0.017779 
-0.002352 
-0.034058 
-0.010771 
0.024382 
0.029611 
-0.020110 
-0.047026 
-0.047922 
0.008232 
-0.066694 
0.074417 
-0.010080 
-0.032377 
-0.044102 
0.007804 
0.013161 
0.030366 
0.067445 
0.085542 
0.050889 
0.077236 
0.029521 
0.037424 
0.065300 
0.025647 
-0.001640 
-0.001688 
-0.000823 
0.049653 
0.019775 
-0.093211 
-0.043296 
-0.010871 
-0.008121 
0.010356 
-0.038194 
0.061715 
0.027456 
0.016459 
-0.004536 
0.000511 
0.010038 
0.009167 
-0.017023 
0.005008 
0.044974 
0.055076 
0.046951 
0.064727 
0.014161 
0.072809 
0.034386 
0.042469 
0.046615 
0.074663 
0.090528 
-0.012969 
0.001978 
0.019319 
0.018341 
0.041768 
-0.025869 
0.022827 
0.018125 
0.060575 
0.074791 
0.087004 
0.073169 
0.047607 
0.033301 
0.031133 
0.026557 
0.039094 
0.028326 
0.025438 
-0.036839 
-0.024791 
-0.039738 
0.014044 
-0.030885 
-0.002703 
-0.013919 
-0.058068 
0.044293 
0.013094 
0.010019 
0.058546 
0.026796 
0.013821 
-0.016704 
-0.009724 
-0.012077 
0.026788 
-0.022224 
-0.045598 
0.022525 
0.078424 
0.025079 
0.011018 
0.060532 
0.057885 
0.014815 
-0.009844 
-0.009284 
0.013842 
-0.002960 
0.048398 
-0.020033 
-0.030454 
-0.043543 
-0.024262 
0.020234 
-0.004575 
-0.049461 
0.014962 
0.032167 
0.079899 
0.034568 
0.024437 
0.018372 
0.009914 
0.007913 
0.002884 
-0.027162 
0.003041 
-0.073091 
-0.010502 
0.105927 
0.041968 
0.026301 
0.022093 
0.021800 
0.027615 
-0.008352 
-0.010880 
0.023167 
0.036686 
0.094925 
0.070391 
0.052530 
0.062426 
0.037705 
0.009552 
-0.061415 
-0.096628 
-0.035346 
-0.021595 
-0.023433 
-0.038345 
0.020749 
0.007236 
-0.059358 
-0.023663 
-0.002033 
0.066598 
0.046525 
0.093298 
0.016397 
0.055178 
0.026098 
0.013929 
0.068187 
0.020353 
0.033954 
0.064180 
-0.002002 
0.029092 
0.019510 
0.040664 
0.016179 
0.039111 
-0.036610 
0.016370 
0.028847 
0.055317 
0.012199 
-0.015090 
-0.038731 
-0.007596 
0.039003 
-0.034175 
0.054337 
0.087499 
0.079541 
0.060940 
0.024275 
-0.038477 
0.029201 
0.054065 
0.041807 
-0.044017 
0.008983 
-0.019392 
-0.044244 
0.025623 
0.022144 
-0.025471 
-0.000085 
0.002853 
0.073980 
0.082608 
0.061555 
-0.020882 
-0.000510 
-0.016520 
-0.016644 
-0.044518 
-0.006993 
0.001052 
-0.015125 
-0.023462 
0.054451 
0.048167 
0.023040 
0.089398 
0.062400 
0.030660 
-0.015009 
0.000376 
-0.025530 
0.027658 
0.035286 
0.044155 
-0.014855 
0.005860 
0.049947 
-0.020056 
0.027000 
0.042722 
0.029212 
0.000934 
0.018384 
-0.017943 
0.016718 
0.013337 
-0.050696 
-0.018914 
0.028738 
0.032544 
0.033032 
-0.051035 
0.022367 
0.039959 
-0.038234 
-0.080601 
-0.088818 
0.053003 
0.031061 
0.060950 
-0.000955 
-0.012295 
0.044288 
0.018713 
-0.023657 
0.073637 
0.060007 
-0.016348 
0.035548 
-0.060540 
-0.020664 
-0.021405 
0.018958 
-0.013711 
0.094980 
-0.003344 
-0.004235 
0.037622 
0.040347 
0.043459 
0.000263 
0.024330 
-0.016594 
-0.018589 
0.046168 
-0.016463 
-0.026703 
0.011087 
0.029249 
0.032141 
-0.007455 
0.072487 
0.027061 
0.042048 
0.012680 
0.036703 
0.056164 
0.004117 
0.033314 
0.008855 
0.017467 
-0.004468 
0.040723 
0.035474 
0.027354 
0.103422 
0.063014 
0.088161 
0.016772 
0.118670 
-0.001785 
-0.037880 
0.020908 
-0.000035 
0.000722 
-0.044706 
0.008828 
-0.035095 
0.052130 
-0.035616 
0.066923 
0.033862 
0.023787 
-0.038586 
0.030706 
0.007072 
0.000772 
0.004668 
0.021325 
0.022589 
-0.009959 
0.009108 
-0.021072 
0.013497 
-0.017037 
0.086735 
0.031766 
0.055224 
0.019726 
0.036059 
-0.060193 
-0.001887 
0.015858 
0.067628 
0.086567 
0.028293 
0.001187 
-0.035948 
0.003036 
0.002821 
0.031662 
0.030905 
0.015885 
-0.000721 
0.031994 
0.090848 
0.102151 
0.001669 
0.037363 
0.022274 
0.032848 
0.014165 
-0.008695 
0.027867 
-0.000847 
-0.015581 
0.002730 
0.015394 
0.100575 
0.068029 
0.062686 
0.046440 
-0.037316 
0.016414 
0.040068 
0.064209 
0.001108 
-0.026317 
0.064834 
0.008951 
0.019255 
0.011886 
0.028097 
0.067728 
0.056604 
0.007678 
-0.022517 
0.008426 
0.084034 
0.044644 
-0.026704 
-0.030682 
0.055246 
0.020565 
0.084752 
0.093366 
0.023007 
0.061538 
-0.004124 
0.033250 
-0.007233 
0.000006 
-0.041839 
0.006452 
0.101071 
0.070786 
0.047444 
0.033943 
-0.025809 
0.036514 
0.099463 
0.080864 
0.029343 
0.041364 
-0.025544 
0.004761 
0.025008 
0.000056 
0.002966 
0.037219 
-0.057980 
0.040242 
-0.003975 
-0.012962 
0.056274 
0.075973 
0.054689 
0.010723 
0.021083 
0.039898 
0.017607 
0.082451 
0.041256 
0.016747 
-0.017971 
0.023987 
0.069988 
-0.024889 
0.029453 
0.046998 
0.053361 
0.058056 
0.087371 
-0.026426 
0.000564 
0.063075 
0.036726 
0.029504 
-0.002064 
-0.053875 
0.063943 
0.056997 
-0.011184 
0.013311 
-0.042085 
0.033865 
0.019547 
0.040457 
0.020945 
0.098126 
0.028031 
-0.002233 
0.009126 
0.028709 
-0.013601 
-0.022237 
-0.009368 
-0.026020 
-0.010050 
0.026369 
-0.021551 
0.023687 
0.029377 
0.033589 
0.028768 
0.029175 
0.036310 
0.006106 
0.000188 
0.020393 
-0.062741 
0.048006 
-0.012850 
0.056283 
0.076860 
0.008992 
-0.007555 
0.021104 
0.031845 
-0.006672 
-0.011575 
0.027817 
0.027377 
0.037027 
0.032692 
0.037166 
0.021563 
0.035110 
0.031304 
-0.013426 
0.016134 
0.069268 
-0.017113 
0.030242 
0.047145 
0.022394 
0.040293 
0.032956 
0.035600 
0.096605 
0.049680 
-0.005567 
-0.018148 
0.025814 
0.022644 
0.021648 
0.088071 
0.041823 
-0.005825 
-0.024056 
0.082902 
0.082750 
0.037553 
0.026853 
-0.022010 
-0.037220 
-0.032004 
0.004496 
0.000282 
0.049734 
-0.012277 
0.106108 
0.028123 
0.007065 
0.004960 
0.022725 
0.041405 
0.024926 
0.006352 
0.050795 
0.070665 
0.004274 
-0.048976 
-0.020979 
-0.005095 
-0.004846 
0.046376 
0.039321 
0.016238 
0.059917 
0.037670 
0.079223 
-0.001558 
-0.051755 
-0.019814 
0.008935 
0.037049 
-0.014930 
0.005527 
0.021840 
0.012814 
-0.018404 
0.002237 
-0.012520 
0.067220 
0.004756 
0.062655 
0.043723 
0.064982 
0.014749 
0.027026 
0.037568 
0.056113 
0.049375 
-0.012732 
-0.029725 
0.010989 
-0.031828 
-0.030711 
-0.014936 
0.016677 
0.088687 
0.056658 
0.038867 
0.030423 
-0.018510 
0.007191 
0.048632 
0.013792 
0.063571 
0.039651 
0.026430 
0.022101 
0.080125 
0.066958 
0.020558 
0.045630 
-0.029983 
0.058718 
0.049378 
-0.003814 
0.014259 
-0.016792 
-0.007143 
-0.005273 
0.049851 
0.057965 
-0.007508 
0.044472 
0.073429 
0.111159 
-0.007641 
0.023638 
0.026394 
0.056721 
0.098784 
0.091175 
0.014130 
-0.028809 
0.022028 
0.026761 
0.019549 
0.061972 
0.037349 
0.020924 
0.041917 
0.007551 
0.036932 
0.035607 
0.054746 
0.028867 
-0.005113 
0.056319 
0.022109 
-0.018837 
-0.002905 
0.030149 
0.001143 
-0.080296 
0.045514 
0.007801 
0.045370 
0.022592 
0.055115 
0.049211 
0.006892 
0.051688 
0.038863 
-0.007623 
-0.008092 
-0.012604 
0.007318 
-0.087379 
-0.030358 
0.018738 
0.025474 
-0.013244 
0.039688 
0.009848 
0.011397 
0.025390 
0.055965 
0.005305 
0.021410 
0.018333 
-0.004855 
0.021662 
0.009913 
-0.032772 
0.045453 
-0.036995 
0.039335 
0.013137 
0.050936 
0.050682 
0.018166 
0.073600 
-0.006702 
0.031931 
0.048700 
-0.039279 
-0.009102 
-0.047302 
-0.004546 
-0.049260 
-0.032719 
-0.000071 
0.002903 
-0.029046 
-0.042002 
0.080636 
0.035572 
0.062070 
-0.050317 
0.018778 
0.091615 
0.055753 
0.014291 
-0.017737 
0.010457 
0.017214 
0.067420 
0.018980 
0.018200 
0.057735 
0.046935 
0.011830 
-0.043631 
-0.032628 
-0.009305 
0.053828 
0.081122 
0.022632 
0.081443 
0.027247 
0.000789 
-0.002999 
0.034181 
0.036690 
0.044687 
0.006848 
-0.033133 
0.016467 
-0.025264 
0.022632 
0.015225 
0.032712 
0.024932 
0.032315 
-0.008773 
-0.072500 
0.021683 
-0.005500 
0.001760 
-0.022439 
-0.030913 
0.036479 
0.073453 
0.083155 
0.043048 
-0.001675 
0.009905 
0.020023 
-0.024329 
0.029521 
0.017237 
0.050881 
0.031419 
-0.006723 
0.071437 
0.019459 
-0.065307 
-0.081347 
0.048386 
0.042658 
0.035620 
0.037033 
0.062185 
-0.036871 
0.031557 
0.084226 
0.023072 
-0.006139 
0.049345 
0.061001 
0.038707 
0.058663 
0.031044 
0.045797 
-0.022048 
-0.010225 
0.045944 
0.023624 
0.028541 
0.070438 
0.030109 
0.043999 
0.065385 
0.026590 
0.043656 
0.049476 
0.054686 
0.065499 
0.041620 
0.047826 
0.046205 
0.032847 
0.045558 
0.067749 
0.003977 
0.013223 
0.027165 
0.047534 
0.042736 
-0.039690 
0.046276 
-0.034276 
0.022584 
-0.014667 
-0.011881 
-0.019050 
0.005773 
-0.037042 
-0.004223 
0.019205 
0.039840 
0.000653 
0.005512 
-0.061082 
-0.037556 
-0.003631 
0.010628 
0.002361 
-0.034880 
-0.001800 
0.038001 
0.054672 
0.084147 
0.064463 
0.044312 
-0.054907 
0.003300 
0.053280 
0.065490 
0.013592 
0.024837 
0.044073 
0.029719 
-0.014585 
0.035763 
-0.031821 
-0.001364 
-0.006162 
0.017345 
0.041435 
0.007882 
0.113626 
-0.005020 
0.046584 
0.000845 
-0.021790 
0.013387 
0.015159 
0.066156 
0.075905 
0.031886 
0.051886 
0.071493 
0.006912 
-0.000468 
0.060866 
-0.014589 
-0.006381 
0.036711 
-0.003353 
0.040929 
0.060978 
0.045366 
0.073343 
0.056577 
0.039270 
-0.016705 
-0.020164 
-0.061190 
-0.017154 
-0.061123 
-0.017094 
-0.059665 
-0.093594 
-0.054962 
0.004758 
0.033579 
-0.057415 
-0.062153 
0.007172 
0.032741 
-0.031977 
0.092554 
-0.019536 
0.032823 
0.040657 
0.024556 
0.036217 
0.007130 
0.013585 
-0.030693 
-0.005800 
-0.054077 
0.017088 
0.007482 
0.001132 
-0.006066 
0.012707 
0.082302 
0.074632 
0.059701 
0.036603 
-0.022794 
0.049147 
0.022292 
0.026697 
0.032742 
0.079040 
-0.040833 
0.016531 
0.049452 
-0.010289 
0.008333 
0.017136 
0.020605 
0.067826 
0.045416 
0.049859 
0.018282 
0.060916 
0.048972 
0.066933 
0.025082 
0.015691 
0.056119 
0.022283 
0.014733 
0.056785 
0.048959 
0.056388 
0.035724 
0.040454 
-0.013817 
-0.035118 
0.018247 
0.021482 
0.023737 
0.004396 
0.006469 
0.023785 
0.049765 
0.029366 
0.058479 
-0.034448 
-0.008417 
-0.015696 
0.066531 
0.034349 
-0.036629 
0.001783 
0.003618 
0.022881 
0.072294 
0.053966 
0.033375 
0.055586 
0.021243 
0.063091 
0.055502 
0.043982 
0.056649 
-0.018969 
0.064529 
0.044643 
0.007435 
-0.019848 
-0.071664 
0.025000 
0.080810 
0.090887 
0.076724 
0.024272 
0.053811 
0.046930 
0.005965 
-0.024730 
-0.020893 
0.038272 
0.032094 
-0.009094 
0.029544 
-0.002231 
0.060136 
0.071610 
0.075526 
0.100891 
0.050236 
0.008483 
0.016247 
0.004027 
0.006492 
-0.028689 
0.041557 
0.023663 
-0.027403 
0.017071 
-0.019868 
-0.017179 
0.013892 
0.007037 
0.019655 
0.002993 
0.008795 
0.039150 
0.006780 
0.026792 
0.029156 
-0.017980 
0.007435 
0.008927 
0.007153 
-0.048971 
-0.001458 
0.045451 
-0.012989 
0.056892 
0.002514 
0.080598 
0.049074 
0.007641 
-0.010841 
0.060649 
0.027460 
0.036888 
0.036833 
0.048639 
0.044214 
0.003395 
0.025123 
-0.008028 
0.029338 
0.006250 
0.025496 
0.001444 
-0.003962 
0.026576 
0.041900 
0.012695 
0.087129 
-0.028376 
-0.064207 
-0.014410 
-0.004707 
0.017381 
-0.007048 
0.033159 
0.056910 
0.041850 
0.009874 
0.094815 
0.002574 
0.008024 
0.007551 
0.046759 
0.082916 
0.038764 
0.053750 
0.006995 
0.049121 
0.032733 
0.090524 
0.013641 
-0.023920 
-0.010839 
0.008563 
-0.037406 
0.061868 
0.035936 
0.019444 
0.057016 
0.024347 
0.042164 
0.027072 
0.111620 
0.087446 
0.052147 
0.043240 
0.043812 
0.006503 
0.009723 
0.022048 
0.079298 
0.032387 
0.028485 
0.082502 
0.006115 
0.023175 
0.073913 
-0.016201 
-0.027172 
-0.035022 
-0.006956 
0.016321 
0.010405 
-0.002929 
0.041893 
0.059663 
0.034879 
0.084864 
0.004180 
0.022849 
-0.022281 
0.006363 
0.100974 
-0.030576 
-0.015161 
0.055799 
0.078302 
0.018411 
0.039813 
-0.006461 
0.013799 
-0.012389 
-0.016431 
0.023977 
0.058625 
0.008979 
0.030753 
-0.004690 
-0.012846 
-0.002667 
0.037126 
0.021049 
0.002927 
0.002775 
0.026138 
-0.001716 
0.047886 
-0.049624 
0.067574 
0.014057 
0.025110 
0.002415 
0.033387 
0.078751 
0.057759 
0.056930 
0.098870 
0.085964 
0.030264 
0.000713 
0.010011 
0.008388 
0.086818 
0.024457 
0.010810 
0.000781 
0.003437 
-0.022888 
-0.030881 
-0.013886 
0.057560 
0.096124 
0.002417 
-0.033284 
0.014002 
0.054115 
0.033719 
-0.043020 
-0.009231 
0.007217 
0.072289 
0.093148 
0.045493 
0.001632 
0.019616 
0.018723 
0.110227 
0.059627 
-0.000844 
-0.033316 
0.012117 
0.044126 
-0.009847 
0.019025 
-0.001140 
0.064902 
0.020920 
0.020082 
-0.006065 
-0.043419 
0.015606 
0.020434 
0.007353 
-0.014883 
-0.063106 
0.002986 
0.056844 
0.078144 
0.083531 
0.056843 
0.080163 
-0.032319 
0.032689 
0.045692 
0.088728 
0.056673 
0.048745 
-0.013265 
0.084800 
0.038690 
0.035993 
0.060256 
0.066298 
0.032936 
0.077697 
0.044023 
-0.002877 
-0.062686 
0.019622 
0.010202 
-0.012023 
-0.018397 
0.016319 
0.020137 
0.000041 
0.026314 
0.065138 
0.045464 
0.034867 
-0.010227 
0.022309 
-0.035913 
0.072405 
-0.000384 
0.021641 
0.057845 
-0.002467 
-0.012940 
0.083061 
0.019454 
-0.014828 
-0.028949 
0.084845 
0.008672 
0.016773 
-0.015884 
0.049259 
0.002539 
-0.062906 
-0.012085 
-0.007132 
0.018736 
-0.012650 
0.004203 
-0.074263 
-0.053157 
-0.013407 
0.067921 
0.095302 
0.088884 
0.022699 
-0.011840 
0.004919 
-0.010273 
0.068906 
0.016594 
0.026023 
0.052597 
0.022449 
0.019879 
0.101697 
0.077486 
0.009613 
0.001887 
0.002672 
0.011377 
-0.011322 
0.008019 
0.004170 
0.036874 
0.003068 
-0.026889 
-0.007877 
0.030194 
0.030595 
-0.007893 
0.017113 
-0.005000 
-0.040435 
0.024844 
0.047697 
-0.045072 
0.040563 
-0.013258 
0.021281 
0.002745 
0.019916 
0.010608 
0.065455 
0.045126 
-0.003312 
0.074974 
0.004351 
-0.015747 
-0.011402 
0.009466 
-0.016743 
-0.002188 
0.012003 
0.030005 
0.000843 
0.031950 
0.019717 
0.018771 
-0.009678 
0.006141 
-0.008477 
0.011384 
0.004062 
-0.032824 
0.023746 
0.043653 
0.064121 
0.110966 
0.000897 
-0.004309 
0.047059 
0.073945 
0.041174 
0.075865 
0.074186 
0.024177 
0.067560 
0.052200 
0.071773 
0.070672 
-0.050686 
-0.021100 
-0.012980 
0.079197 
0.086350 
0.035886 
0.078666 
0.072901 
0.078797 
0.077632 
-0.002521 
-0.019508 
0.015124 
0.051754 
-0.030845 
0.012699 
0.000106 
0.038524 
0.017975 
0.009070 
-0.011247 
0.013411 
0.008885 
0.022347 
0.051273 
0.016104 
0.010263 
-0.001765 
-0.006898 
0.008803 
0.017628 
-0.048386 
-0.037004 
-0.056095 
-0.002259 
0.011144 
0.020487 
0.008621 
0.101971 
0.048051 
0.034976 
-0.001779 
0.019723 
0.052095 
0.029428 
0.072422 
0.082873 
0.018599 
0.005313 
0.009549 
0.073608 
0.039950 
0.089083 
0.037381 
0.028686 
-0.007911 
0.045573 
0.075435 
0.010367 
-0.043975 
0.023008 
0.032182 
-0.011879 
-0.014229 
-0.059673 
-0.029317 
0.079692 
0.052850 
0.073768 
0.113367 
0.053735 
0.014596 
0.013129 
-0.045283 
-0.038632 
0.080884 
0.017184 
-0.045912 
-0.060909 
-0.030819 
-0.039187 
-0.003646 
0.004139 
-0.039570 
0.014851 
0.057656 
0.001037 
0.024585 
0.000748 
-0.009589 
0.016743 
0.062099 
0.050585 
0.046420 
0.064991 
0.054323 
0.031929 
0.028254 
0.048924 
0.034829 
0.017939 
0.029981 
0.013013 
0.016746 
0.072216 
0.034911 
0.024301 
-0.038611 
-0.020992 
-0.062551 
-0.023250 
0.029714 
-0.040033 
-0.030122 
-0.033312 
0.045644 
0.065345 
0.068855 
0.066948 
0.079652 
-0.001083 
0.017473 
-0.058642 
-0.022079 
0.011338 
0.010578 
0.026649 
0.023589 
0.000356 
-0.035656 
-0.040401 
0.008789 
0.085890 
0.028314 
-0.059576 
-0.042195 
0.017557 
0.069676 
0.007296 
0.008232 
0.038885 
-0.033632 
-0.031935 
-0.001814 
0.013346 
-0.015057 
-0.024008 
0.077049 
0.073971 
0.036384 
0.033867 
0.011409 
0.015416 
0.032509 
0.055547 
0.027964 
0.111555 
0.123280 
0.055663 
0.017377 
0.044189 
-0.008845 
0.014621 
0.005742 
0.070942 
0.053844 
0.034262 
-0.025190 
-0.011721 
0.082334 
0.033672 
0.095004 
0.025094 
-0.025188 
0.000383 
0.037571 
0.031834 
0.078116 
-0.008300 
-0.012266 
-0.009395 
0.008140 
0.021719 
-0.006231 
0.038002 
-0.035893 
0.023487 
0.008495 
0.017160 
-0.084452 
-0.034097 
-0.001012 
0.022477 
-0.013265 
-0.079298 
-0.055231 
0.012372 
0.016333 
0.048103 
0.041492 
-0.006819 
0.014595 
0.040412 
0.050814 
0.031277 
0.033687 
-0.014424 
0.012518 
-0.024934 
0.009356 
0.032975 
0.023453 
0.052546 
0.004656 
0.033080 
0.032621 
-0.024796 
-0.037373 
-0.053431 
0.038909 
-0.051878 
0.013994 
0.031690 
0.031275 
0.012741 
0.052887 
0.007349 
0.042553 
-0.042524 
-0.019747 
-0.010885 
0.021312 
0.009616 
0.011755 
0.011345 
0.037412 
0.037362 
0.000332 
-0.068171 
-0.034965 
-0.034774 
-0.018203 
0.002811 
0.080370 
0.026641 
0.030441 
0.014800 
0.034018 
0.016130 
0.063825 
0.037821 
0.057552 
0.084734 
0.075052 
-0.007244 
0.016024 
0.014867 
0.097013 
-0.005546 
0.084352 
0.056982 
0.063010 
0.028316 
0.012393 
-0.025364 
-0.006717 
0.053372 
0.016371 
0.031486 
-0.014243 
-0.055467 
0.039501 
0.034129 
0.050161 
-0.011306 
-0.053598 
-0.057551 
-0.004944 
-0.010565 
-0.000331 
0.036510 
0.031303 
-0.011214 
-0.002742 
-0.019407 
-0.010944 
-0.036411 
-0.000358 
0.032812 
-0.010829 
0.052313 
0.023241 
0.034467 
-0.014929 
0.022266 
0.047426 
-0.009947 
0.087073 
0.080214 
-0.013982 
-0.028105 
0.032806 
0.095904 
-0.014588 
0.039193 
-0.034829 
-0.056225 
0.037389 
0.024110 
0.000085 
0.015068 
0.059393 
-0.018502 
0.013400 
0.005824 
0.042912 
0.022351 
0.000832 
0.029505 
0.097940 
-0.041799 
0.018222 
0.025115 
0.037623 
0.021360 
-0.015305 
-0.043127 
-0.005334 
0.000636 
-0.037407 
-0.017831 
-0.004025 
0.028444 
0.011409 
-0.002143 
-0.003468 
-0.000695 
-0.011596 
-0.027513 
-0.025166 
0.002505 
0.027856 
-0.050920 
0.030010 
0.050192 
0.034035 
-0.008113 
0.033598 
0.024632 
0.064591 
0.069207 
0.064028 
0.050901 
0.028362 
-0.010790 
-0.018283 
-0.017290 
0.046232 
0.011150 
0.052457 
0.037463 
0.019443 
0.040058 
-0.010332 
0.025783 
0.035226 
0.067209 
0.038354 
0.017321 
-0.031134 
0.071210 
0.040547 
0.048974 
0.052949 
0.020520 
0.001071 
0.036178 
-0.047353 
0.025771 
-0.018575 
-0.021316 
-0.004065 
0.058003 
0.056074 
0.066100 
0.045960 
0.036542 
0.063853 
0.009275 
0.047531 
0.045060 
0.008902 
0.012902 
0.044409 
0.000062 
0.052315 
0.020592 
0.020936 
0.046615 
0.007165 
0.044199 
0.005964 
0.004147 
0.029791 
0.032199 
-0.004955 
0.011304 
0.077890 
0.012019 
0.037725 
-0.025584 
0.015456 
-0.014332 
-0.031684 
0.056654 
-0.024418 
0.042964 
0.008784 
-0.001948 
0.032810 
0.055113 
0.068320 
0.047824 
0.030080 
0.033100 
-0.011417 
0.003666 
-0.023710 
0.003344 
0.030383 
0.084099 
0.057435 
-0.024046 
-0.038553 
0.008191 
0.015537 
0.012714 
0.068007 
0.053191 
0.058020 
0.050136 
0.035713 
-0.045628 
0.006576 
0.049927 
-0.011231 
-0.007597 
-0.052896 
-0.042028 
-0.015397 
0.038323 
0.085278 
-0.015978 
0.010842 
-0.034165 
-0.065048 
0.040788 
0.085675 
0.000813 
0.000388 
-0.048395 
0.032617 
0.052534 
0.016155 
0.023541 
-0.006075 
0.048730 
0.036326 
-0.036327 
-0.023499 
-0.032754 
0.025964 
0.006142 
-0.023002 
0.029222 
0.080282 
0.057368 
0.089639 
0.073666 
0.053184 
0.036000 
-0.025712 
0.035543 
0.110536 
0.080255 
-0.009173 
0.064068 
-0.010210 
-0.007202 
0.157707 
0.019108 
0.074273 
0.043948 
0.022322 
0.022660 
-0.003042 
-0.059797 
0.019722 
0.056018 
0.047874 
0.001605 
0.054792 
0.052315 
-0.039421 
0.020388 
-0.013336 
0.043510 
0.074874 
0.045093 
-0.004492 
0.005214 
0.003473 
0.009972 
0.014853 
-0.007558 
-0.057187 
-0.033053 
0.002040 
0.039169 
-0.002708 
0.005623 
0.058131 
0.064219 
0.017858 
0.049341 
0.055152 
-0.033250 
0.007148 
0.043601 
0.034086 
0.078160 
0.020361 
0.075061 
0.056953 
0.046942 
0.053655 
0.072693 
0.022391 
0.004951 
0.034171 
0.043559 
0.036401 
0.098806 
0.000117 
-0.004227 
0.109891 
0.004937 
0.027389 
-0.045533 
-0.066194 
0.039346 
-0.001432 
0.041184 
0.038402 
0.037556 
0.071228 
0.077134 
0.008748 
0.048373 
0.056445 
0.027170 
0.014969 
0.046660 
-0.005973 
-0.041047 
-0.065050 
-0.035899 
-0.000448 
0.015132 
0.003832 
-0.010144 
-0.028280 
-0.013043 
-0.070608 
0.083348 
0.031161 
-0.015538 
-0.030083 
-0.032930 
-0.006994 
-0.004650 
0.005886 
-0.015263 
0.020515 
0.000043 
0.068164 
0.036151 
-0.015401 
0.036671 
-0.001799 
0.015331 
-0.010705 
0.049957 
0.038092 
-0.009644 
-0.024417 
-0.010893 
0.009656 
0.023432 
0.066598 
0.042987 
0.013158 
-0.004243 
0.007403 
0.022311 
0.028104 
0.065467 
0.050817 
0.028176 
-0.003673 
0.079675 
0.035717 
0.025245 
0.048787 
0.019641 
0.026891 
0.029629 
0.013446 
0.006546 
0.023324 
0.005919 
0.012652 
0.038564 
0.037337 
0.073257 
0.050125 
0.053593 
0.060397 
0.080146 
0.039522 
0.010767 
-0.010894 
-0.015517 
-0.013972 
-0.050414 
0.089675 
0.017161 
0.021934 
0.013481 
-0.007568 
-0.018258 
0.019161 
-0.008255 
-0.020050 
0.048984 
0.032741 
0.003504 
0.037575 
-0.013616 
0.018504 
0.015373 
0.062296 
-0.005781 
-0.009505 
-0.015318 
0.026666 
0.008259 
0.073188 
0.089173 
0.057232 
0.078972 
0.060921 
0.003173 
0.015646 
0.040896 
0.045018 
0.007131 
0.027532 
0.077219 
0.051089 
0.041006 
0.009896 
0.048898 
0.005404 
0.068414 
-0.018571 
0.029126 
0.047240 
0.054377 
0.067685 
0.009858 
0.013194 
0.025531 
0.047982 
0.057937 
0.020181 
0.056031 
0.053580 
0.019542 
0.014309 
0.062919 
0.005479 
0.059598 
0.067523 
0.051904 
0.063543 
0.005283 
-0.008665 
-0.033132 
0.035306 
