3.978200 
3.974371 
3.983642 
3.982298 
3.980672 
3.985835 
3.995834 
3.987051 
4.003950 
3.976765 
3.969364 
3.967626 
3.978790 
3.991264 
3.995086 
3.982571 
3.966144 
3.980932 
3.995760 
3.985728 
3.979483 
4.000603 
3.977128 
3.975366 
3.973047 
3.988381 
3.967870 
3.972947 
3.979344 
3.972943 
4.012114 
3.983181 
3.988405 
3.985316 
3.993123 
4.000946 
3.982762 
3.979853 
4.000474 
3.952448 
3.954184 
3.971229 
3.996991 
4.007537 
3.995049 
4.007403 
3.975315 
3.990512 
4.000126 
3.980408 
3.972940 
3.980595 
3.994058 
3.988414 
3.983074 
3.974720 
3.980017 
3.992296 
3.998909 
4.000084 
3.988775 
3.986788 
3.995892 
3.983971 
3.952699 
3.987303 
4.010783 
3.992242 
3.992907 
3.985420 
4.005100 
3.948838 
3.972971 
3.969660 
3.981540 
3.992900 
3.984893 
3.996610 
3.995662 
3.971577 
3.971874 
3.989903 
3.968618 
3.985228 
3.990416 
3.986292 
3.980805 
3.963756 
4.001786 
3.989319 
3.963124 
3.954962 
3.972064 
3.962157 
3.951600 
3.966991 
3.995230 
3.995023 
3.985283 
3.963046 
3.955163 
3.996877 
3.969705 
3.945039 
3.950181 
3.986018 
3.974231 
3.974840 
3.980054 
3.986151 
3.982548 
3.966842 
3.974495 
4.001205 
3.997717 
3.984018 
3.979420 
3.991921 
3.953420 
3.978735 
3.984769 
3.998889 
3.981117 
3.975533 
3.989228 
3.984813 
4.003134 
4.001072 
3.990208 
3.983877 
3.971905 
3.992176 
4.003991 
3.980694 
3.996487 
4.024213 
3.983579 
3.991544 
3.996631 
3.973309 
3.965083 
3.957898 
3.988330 
4.011692 
3.989623 
3.975882 
3.961505 
3.972792 
3.978136 
3.998266 
3.995729 
3.981545 
3.963687 
3.977890 
3.971843 
4.004018 
3.982149 
3.988817 
3.985749 
3.994056 
3.986413 
3.948689 
3.971153 
3.989407 
3.982039 
3.970012 
3.969610 
3.997000 
4.008633 
3.945203 
3.982510 
3.993507 
3.990598 
3.976306 
3.983699 
3.997960 
3.964141 
3.975090 
3.982092 
3.972652 
3.966415 
3.979047 
3.969600 
3.970941 
3.971985 
3.985665 
3.964154 
3.982227 
3.985620 
3.979879 
3.989917 
3.985128 
3.988061 
3.972642 
3.983625 
3.991631 
3.980937 
4.005123 
3.990599 
3.973057 
3.971524 
4.001115 
4.003843 
3.969376 
3.981043 
3.999063 
3.950810 
4.014717 
3.988187 
3.989030 
3.992949 
3.992968 
3.996128 
4.003559 
3.993333 
3.981902 
3.992878 
3.988645 
3.994861 
3.980157 
3.987080 
3.986178 
3.979983 
3.999171 
3.984878 
3.971300 
3.975027 
3.971227 
3.965512 
3.966984 
3.969665 
3.985128 
3.998020 
3.996818 
3.991117 
3.962545 
3.974157 
3.960747 
3.985791 
3.971699 
3.968806 
3.982960 
3.988749 
3.966138 
3.995280 
3.981045 
3.965539 
3.977939 
3.998050 
4.000696 
3.974901 
3.980931 
3.972011 
3.985975 
3.978865 
3.964141 
3.969322 
3.973510 
3.977579 
3.975851 
3.969516 
4.001017 
3.962481 
3.962389 
4.012110 
3.986253 
3.983244 
3.995704 
3.978944 
3.992715 
3.994675 
3.985288 
3.976377 
3.983145 
3.963636 
3.941567 
3.957298 
3.970453 
3.986003 
3.985969 
3.976003 
3.969408 
3.976389 
3.970022 
3.977407 
3.995944 
3.990364 
3.980630 
3.974268 
3.972608 
3.967745 
3.962613 
3.968487 
4.002683 
3.990728 
3.978347 
3.993791 
3.989991 
3.972891 
4.015211 
3.954029 
3.975335 
3.992177 
3.984767 
3.995927 
4.009054 
3.974929 
4.015831 
3.991979 
3.977630 
3.974861 
3.968009 
3.962452 
3.972636 
3.978163 
3.991506 
3.997547 
3.990659 
3.979211 
3.993426 
3.973570 
3.957828 
3.973756 
3.962021 
3.995754 
3.971264 
3.968613 
3.977078 
3.961077 
3.997408 
3.975912 
3.975568 
3.971497 
3.968469 
3.975866 
3.950974 
3.970439 
3.981434 
3.988164 
3.989337 
3.972714 
3.988859 
3.996326 
3.981164 
3.975184 
3.958140 
3.953297 
3.984646 
3.980870 
3.953399 
3.977597 
3.979374 
3.976757 
3.963829 
3.972044 
3.987467 
3.975621 
3.961481 
3.977742 
3.981646 
3.985822 
4.003137 
3.993681 
3.971122 
3.983628 
3.973124 
3.948250 
3.968828 
3.993152 
3.993190 
3.976285 
3.962360 
3.968615 
3.969041 
3.987174 
3.991806 
4.030034 
3.995954 
3.979972 
3.971370 
3.983896 
4.000044 
4.009852 
3.996218 
3.986755 
3.983857 
3.981770 
4.000347 
3.991104 
3.963884 
3.995882 
3.972819 
3.975829 
3.992146 
3.971590 
3.963411 
3.965822 
4.003054 
3.993354 
3.976837 
3.980605 
3.968517 
3.975741 
3.968637 
3.960047 
3.972049 
3.973820 
3.958982 
3.962785 
3.965342 
3.969843 
3.954930 
3.959021 
3.986790 
3.967859 
3.954328 
3.984226 
3.976651 
3.983387 
3.957106 
3.953979 
3.950068 
3.959046 
3.953088 
3.949093 
3.978375 
3.993161 
3.973092 
3.966246 
3.963209 
3.975017 
3.970185 
3.965833 
3.994700 
4.015744 
3.994317 
3.983740 
3.955614 
3.967753 
3.980060 
3.965655 
3.964603 
3.975535 
3.981062 
3.972460 
3.968775 
3.958193 
3.988205 
3.975541 
3.975163 
3.953621 
3.978994 
3.972685 
3.956952 
3.990016 
3.959577 
3.952980 
3.996287 
3.986574 
3.993647 
4.005531 
3.993040 
3.962479 
3.953390 
3.974784 
3.968649 
3.958073 
3.967648 
3.985598 
3.954861 
3.962024 
3.995172 
3.969347 
3.974231 
3.978175 
4.023897 
4.001446 
3.969306 
3.964203 
3.974704 
3.980440 
3.970773 
3.980737 
3.981765 
3.977542 
3.974047 
3.982121 
3.980463 
3.989678 
3.990869 
3.992958 
3.974658 
3.976804 
3.970774 
3.952843 
3.967535 
3.985862 
3.978952 
3.983039 
3.983724 
4.002537 
3.980637 
3.986348 
3.958090 
3.951016 
4.000324 
3.994366 
3.991464 
3.971675 
3.968555 
3.980421 
3.976921 
3.979065 
3.962403 
3.986204 
4.017749 
4.008535 
3.996981 
3.993804 
3.986708 
3.999432 
4.002409 
3.993590 
4.016005 
3.993376 
3.997379 
3.993499 
3.982146 
3.989873 
3.994793 
3.990178 
4.001910 
3.981873 
4.004539 
3.988240 
4.002217 
3.980708 
3.964285 
3.985071 
3.973536 
3.972898 
4.001717 
3.980490 
3.982415 
3.963419 
3.987775 
3.975942 
3.991850 
3.989873 
3.996231 
3.999451 
3.987851 
3.958985 
3.963952 
3.988216 
3.976694 
3.987441 
4.004316 
3.997433 
3.995281 
3.994469 
3.994471 
3.977042 
3.989294 
3.986313 
3.976905 
3.983796 
3.977964 
3.974923 
3.976168 
4.014448 
3.992065 
3.964208 
3.967925 
3.984504 
3.978893 
3.968963 
3.972539 
3.981134 
3.980414 
3.966507 
3.985545 
3.972465 
3.996812 
3.987817 
3.985378 
3.976039 
3.996394 
4.000239 
4.005947 
3.997072 
3.982718 
3.989320 
3.982929 
3.969352 
3.979693 
3.992727 
3.982188 
3.989629 
3.976169 
3.995036 
4.001811 
3.980853 
3.950859 
3.965616 
3.977024 
3.952194 
3.967346 
4.003548 
4.007049 
3.997396 
3.983853 
3.990229 
3.993573 
3.991467 
3.961932 
3.971699 
3.991129 
3.987755 
3.982300 
3.986336 
3.981357 
4.007334 
4.004092 
4.004076 
4.005641 
3.968325 
3.973340 
3.988797 
3.996520 
3.996147 
3.957772 
3.974770 
3.975468 
3.969136 
3.975312 
3.957547 
3.960575 
3.989818 
3.985754 
3.944060 
3.970818 
3.986754 
3.976283 
3.980677 
3.948682 
3.956421 
3.985560 
3.971439 
3.990181 
3.979306 
3.967044 
3.975919 
3.983232 
4.007952 
3.991381 
3.992516 
4.006728 
3.995069 
3.976200 
3.962853 
3.970954 
3.974840 
3.969980 
3.963922 
3.980611 
3.995035 
3.986550 
3.963279 
3.981200 
3.983003 
3.963729 
4.011104 
4.003753 
3.995387 
3.986839 
3.957735 
3.962513 
3.956092 
3.973089 
3.980668 
3.988740 
3.978623 
3.952660 
3.968963 
3.963481 
3.997542 
3.989982 
3.983761 
4.007664 
3.992049 
3.996020 
3.994915 
3.988682 
3.989574 
3.981288 
3.976297 
3.969803 
3.972351 
4.018831 
4.010486 
3.983619 
3.987685 
3.965566 
3.946259 
3.959980 
3.998725 
3.992199 
4.006231 
4.012626 
3.961264 
3.985284 
3.974070 
3.992323 
3.971723 
3.963153 
3.954252 
3.974642 
3.955925 
3.989175 
3.989183 
3.963956 
3.988038 
3.985309 
3.988157 
3.986536 
3.982456 
3.986201 
3.993613 
3.983336 
3.975363 
3.986270 
3.947153 
3.945001 
3.998888 
3.982174 
3.971574 
3.986253 
3.961126 
3.982212 
3.981274 
3.983382 
3.940273 
3.992760 
3.988828 
3.971958 
3.974264 
3.975739 
3.966815 
3.968652 
3.986225 
3.974842 
3.957242 
3.976434 
3.973617 
3.989459 
3.985926 
3.962432 
3.977168 
4.009838 
3.994539 
3.998547 
3.985824 
3.986985 
3.993068 
3.997495 
3.986602 
3.982840 
3.945410 
3.976385 
3.957506 
3.977724 
3.963100 
3.975060 
3.984296 
3.989580 
3.991805 
4.004717 
3.967142 
3.983899 
3.992154 
3.979205 
3.956201 
3.968972 
3.983039 
3.999877 
3.979067 
3.983131 
3.959528 
3.982705 
3.972698 
3.978868 
3.987455 
3.971579 
3.964416 
3.964710 
3.977003 
3.986791 
3.962373 
3.957702 
3.975129 
3.983023 
3.953945 
3.994323 
3.983901 
3.985485 
3.970087 
3.976601 
3.984101 
3.989451 
4.013144 
4.009173 
4.000510 
3.989925 
3.980728 
3.986601 
3.965310 
3.986544 
3.984198 
3.975450 
3.962949 
3.963136 
3.963798 
3.964368 
3.975295 
3.968137 
3.983023 
3.971525 
3.967869 
3.968214 
3.976992 
3.981234 
3.991301 
3.981583 
3.977933 
3.991917 
3.982566 
3.979010 
3.988634 
3.989484 
3.985839 
3.999065 
3.975611 
3.994934 
4.004544 
3.990244 
3.974750 
3.996207 
3.976546 
3.980554 
3.997624 
3.978103 
3.986700 
3.976079 
3.975760 
3.974240 
3.990912 
3.986528 
3.975249 
3.988397 
3.956018 
3.981811 
3.982026 
3.964430 
3.999975 
3.983554 
3.981875 
3.971866 
3.987920 
3.962914 
3.996365 
4.000063 
3.984826 
4.002334 
3.980238 
3.967373 
3.950725 
3.940032 
3.968851 
3.987321 
4.007439 
3.987048 
3.983695 
3.977444 
3.988781 
3.999154 
3.981242 
4.001131 
3.979174 
3.983041 
4.008039 
4.015508 
3.979046 
3.982090 
3.992774 
3.974642 
4.010274 
4.001592 
3.986281 
3.990814 
3.969581 
3.983493 
3.987139 
3.991789 
4.004886 
3.987988 
3.995746 
3.968409 
3.976225 
3.963269 
3.988380 
3.995997 
3.986489 
3.983461 
3.974100 
3.934105 
3.968703 
3.965747 
3.988533 
3.983476 
3.973940 
3.959557 
3.983575 
3.986566 
3.980962 
4.005356 
3.971666 
3.952618 
3.971259 
3.967929 
3.986980 
3.999318 
3.998511 
3.988168 
3.978529 
3.995635 
3.992612 
3.994857 
3.981353 
3.986683 
3.974102 
3.980274 
3.987286 
4.003525 
3.978205 
3.999415 
3.997397 
3.985052 
3.987543 
3.988438 
3.962569 
3.991938 
3.984317 
3.988275 
3.969154 
3.976234 
3.984584 
3.999498 
3.985247 
3.994679 
3.942017 
3.975491 
3.986441 
3.988339 
3.990905 
3.988446 
3.985540 
3.988207 
3.962805 
3.954136 
3.945743 
3.955727 
3.984995 
3.982886 
3.985114 
4.005258 
3.985111 
3.986643 
3.993036 
3.971835 
3.995649 
3.991577 
3.980311 
3.978097 
3.975848 
3.957288 
3.973370 
3.985841 
3.982011 
3.995351 
3.985059 
4.002514 
4.008424 
4.020569 
3.983360 
3.975503 
3.979411 
3.978995 
3.980674 
3.987356 
3.987326 
3.986451 
3.953512 
3.987589 
3.991364 
3.988561 
3.989742 
3.987188 
3.975275 
3.999955 
3.984895 
3.962389 
3.986679 
3.986870 
3.983133 
3.962938 
3.995098 
3.995593 
3.985958 
3.985914 
3.977758 
3.983958 
3.978543 
3.975283 
3.990630 
3.974121 
3.976194 
3.958894 
3.967871 
3.970777 
3.985911 
3.976607 
3.996562 
4.004318 
3.982047 
3.953109 
3.953496 
3.967136 
3.977226 
3.978154 
3.967115 
3.958089 
3.958621 
3.971523 
3.980340 
3.973354 
3.973749 
3.990169 
3.995663 
3.982236 
3.963610 
3.991778 
3.958738 
3.971294 
3.976133 
3.990058 
3.988539 
3.976189 
3.963929 
3.974392 
4.001750 
3.978983 
3.975414 
3.980506 
3.989484 
3.984173 
3.998239 
4.000352 
3.975129 
3.974951 
3.968288 
4.006029 
3.993992 
3.986671 
3.970815 
3.977449 
3.957423 
3.980871 
3.978801 
4.007407 
3.994976 
3.985890 
3.994005 
3.985990 
3.977845 
3.997288 
3.980968 
3.994907 
4.000644 
3.997047 
4.015889 
3.993296 
3.984060 
4.000740 
3.965372 
3.951708 
3.978342 
3.967087 
3.980044 
3.981212 
3.973318 
3.961605 
3.974687 
4.002617 
3.999561 
3.982834 
4.003703 
3.993016 
3.995614 
3.970980 
3.960505 
4.000428 
4.014574 
4.002308 
3.977374 
3.979403 
3.991788 
3.990322 
3.979143 
3.985344 
3.985374 
4.002352 
3.994256 
3.994371 
3.979267 
3.971004 
3.975910 
3.972320 
3.959735 
3.969927 
4.011392 
3.962518 
3.965355 
3.965383 
3.955732 
3.993214 
3.967500 
3.970934 
3.962471 
3.966718 
3.963132 
3.976204 
3.986853 
3.966209 
3.981022 
4.006630 
3.987527 
3.983354 
3.974879 
3.968485 
3.987603 
3.967231 
3.988988 
3.985155 
3.980478 
4.000710 
3.989109 
3.985332 
3.974605 
3.974664 
3.965223 
4.003304 
3.994568 
4.007130 
3.990145 
4.001939 
3.989254 
3.974557 
3.980418 
3.983198 
3.998951 
3.980893 
4.001939 
3.996788 
3.992550 
3.989440 
3.997210 
3.979704 
3.987494 
3.974109 
3.977597 
3.984616 
3.983661 
3.981499 
3.970351 
3.967406 
3.952741 
3.957843 
3.962270 
3.967924 
3.977120 
3.991750 
3.990314 
3.977740 
3.981902 
3.978957 
3.982210 
3.985837 
3.981958 
3.996032 
3.966367 
3.976017 
4.003899 
3.967547 
3.967140 
3.969235 
3.995734 
3.992183 
3.979496 
4.002541 
3.975173 
3.977391 
3.978034 
3.969097 
4.007000 
4.002278 
3.970361 
3.967309 
3.981079 
3.979700 
3.962354 
3.951227 
3.968912 
3.987101 
3.968421 
4.001277 
3.988413 
3.989337 
3.980651 
3.987230 
3.974996 
3.990385 
4.001117 
3.995040 
4.000683 
3.993187 
3.997067 
3.967401 
3.965563 
3.962593 
3.993140 
3.984680 
3.982556 
4.000127 
3.982126 
3.972658 
3.980493 
3.945078 
3.978396 
3.991302 
4.000055 
3.986187 
3.977564 
3.976051 
3.992669 
3.958131 
3.974184 
3.977629 
3.989252 
3.991674 
3.979360 
3.972577 
3.972465 
3.979740 
3.967742 
3.968958 
3.971377 
3.994139 
4.004303 
3.989753 
3.968343 
3.989757 
3.998234 
4.008581 
3.984844 
3.971679 
3.982762 
3.976849 
3.974688 
3.973216 
3.969182 
3.992072 
3.967799 
3.963263 
3.981251 
3.959841 
3.961370 
3.970709 
3.986282 
3.973969 
3.990696 
3.974490 
3.971508 
3.999682 
3.981311 
3.967482 
3.996985 
3.991959 
3.977728 
3.937815 
3.959150 
3.969038 
3.978432 
3.987715 
3.979595 
3.991731 
3.983294 
3.968924 
4.001401 
4.000363 
3.988197 
3.978326 
3.999718 
3.977413 
3.966727 
3.982954 
3.983774 
3.999177 
3.984742 
3.977363 
3.980738 
4.000869 
3.952176 
3.973883 
3.977209 
3.983291 
3.989648 
3.980429 
4.012781 
3.991391 
3.970923 
3.964115 
3.962689 
3.966449 
3.973682 
3.998493 
3.998607 
3.981581 
3.994204 
4.003097 
3.977419 
3.985407 
3.981335 
3.963845 
3.958436 
3.982734 
3.981840 
3.978088 
3.973192 
3.984074 
3.961823 
3.962477 
3.994973 
3.982356 
3.978315 
3.969810 
3.968057 
3.958993 
3.971106 
3.959926 
3.975881 
3.959112 
3.992459 
3.989727 
3.956934 
3.982688 
3.983636 
3.967263 
4.003814 
3.970055 
3.997006 
3.986473 
3.972328 
3.975752 
3.967468 
3.979558 
3.973182 
3.980049 
3.993056 
3.977766 
4.005615 
3.993531 
3.978081 
3.983926 
3.977236 
3.964630 
3.979501 
3.974134 
3.978417 
3.975556 
3.957819 
3.963346 
3.963669 
3.976569 
3.975420 
4.002877 
4.004127 
3.977184 
3.983322 
4.001363 
3.989896 
3.975191 
3.966427 
3.976977 
3.979342 
3.992800 
3.989206 
3.971425 
3.977605 
3.942171 
3.983402 
3.988369 
3.986576 
3.975877 
3.960180 
3.973907 
3.971816 
3.972677 
3.999683 
3.976678 
3.989781 
3.998948 
3.970334 
3.995297 
3.964878 
3.980569 
3.975804 
4.013914 
3.965385 
4.001399 
3.980055 
3.977378 
3.975905 
3.964326 
3.941635 
3.948881 
3.960556 
3.985478 
3.974514 
3.986861 
3.980927 
3.974746 
3.970000 
3.973687 
3.977122 
3.975910 
3.975853 
3.987696 
3.969907 
3.967303 
3.973045 
3.994801 
3.991122 
3.966747 
3.971269 
3.978016 
3.963533 
3.965399 
3.964344 
3.988016 
3.977856 
4.002898 
3.997499 
3.972176 
3.977167 
3.952870 
3.959173 
3.976206 
4.001898 
3.969130 
3.962620 
4.010900 
4.000765 
3.989107 
3.997266 
4.000356 
3.971434 
3.973202 
3.963757 
3.996764 
3.976588 
3.980798 
3.991759 
3.993170 
4.005276 
3.964325 
3.948296 
3.965772 
3.953783 
3.977509 
3.984578 
3.967430 
3.979791 
3.971822 
3.987034 
3.988524 
3.973001 
3.973586 
3.986275 
3.960567 
3.966669 
4.002457 
3.980142 
3.954633 
3.980403 
3.972691 
3.985940 
3.955375 
3.993758 
3.970767 
3.959583 
3.966926 
3.951861 
3.983384 
3.966885 
3.983120 
3.984995 
3.979796 
4.007936 
4.007196 
3.990470 
3.988886 
3.980222 
3.956868 
3.949196 
3.989316 
3.994163 
3.981725 
3.967791 
3.985507 
3.975692 
3.981034 
3.971668 
3.953466 
3.965109 
3.961679 
3.971298 
3.960747 
3.978077 
3.955593 
3.944180 
3.941741 
3.958185 
3.988399 
3.982026 
3.983804 
3.985873 
4.003773 
3.994243 
3.973900 
3.988058 
3.981419 
3.987808 
3.984094 
3.982288 
3.967033 
3.976080 
3.936767 
3.974533 
3.982174 
3.983151 
3.976057 
3.968198 
3.966522 
3.972877 
3.962118 
3.962511 
3.984374 
3.976352 
3.964504 
3.988272 
3.972426 
3.970763 
3.972922 
3.993182 
3.982975 
3.992088 
3.956909 
3.959304 
3.973183 
3.979878 
3.998005 
3.971114 
3.962936 
3.963080 
3.971068 
3.976835 
3.957002 
3.974277 
3.971325 
3.979225 
4.002441 
3.987333 
3.987927 
3.980270 
3.965397 
4.008503 
3.989860 
3.961598 
3.971195 
3.990930 
3.994777 
3.987735 
3.994176 
3.999598 
3.980349 
4.002325 
3.995426 
3.960861 
3.986588 
3.977488 
3.960644 
3.968243 
4.010798 
3.987532 
3.971441 
3.971862 
3.955453 
3.974986 
3.978008 
3.992392 
3.958795 
3.966793 
3.965824 
3.978879 
3.973952 
3.969792 
3.961916 
3.961442 
3.995809 
3.979589 
3.967530 
3.989730 
4.001067 
3.994780 
3.991006 
3.987401 
3.962444 
3.954334 
3.963982 
3.937698 
3.961176 
3.974223 
3.971918 
3.983530 
3.988181 
4.008589 
3.955296 
3.971907 
3.992150 
3.981409 
3.966759 
3.969577 
3.973128 
3.961503 
4.008787 
3.985390 
3.963869 
3.978836 
3.976169 
3.973749 
3.984380 
3.983776 
3.977625 
3.989964 
3.981595 
3.993605 
3.982826 
4.017249 
3.977626 
3.982984 
3.963450 
3.992581 
3.990749 
3.971835 
3.995503 
3.987218 
3.968497 
3.988821 
3.977531 
3.978310 
3.973959 
3.973349 
3.961122 
3.973043 
3.969323 
3.988510 
3.974161 
3.973672 
3.974495 
3.975143 
3.988399 
4.005889 
3.987890 
3.969108 
3.971269 
3.991711 
3.966967 
3.981934 
3.990033 
3.969107 
3.984733 
3.961626 
3.971033 
3.996027 
3.987712 
3.973020 
3.967382 
3.960788 
3.961174 
3.968351 
3.975519 
3.992460 
3.973359 
3.986434 
3.980686 
3.989516 
3.965651 
3.968329 
3.980825 
3.972665 
3.987266 
3.967082 
3.966248 
3.977900 
3.988777 
3.980874 
3.964407 
3.986488 
3.977186 
3.976168 
3.960128 
3.975402 
3.973527 
3.983347 
3.970944 
3.979294 
3.993148 
4.010661 
3.995808 
3.964351 
3.959558 
3.964966 
3.976011 
3.995900 
3.983935 
3.996958 
4.010388 
3.990873 
4.004411 
3.965823 
3.959111 
3.987812 
3.967252 
3.969278 
3.992176 
3.979441 
3.982438 
3.985039 
3.989468 
3.999641 
3.968868 
3.965238 
3.993153 
3.964362 
3.966590 
3.984111 
3.974701 
4.010667 
3.972801 
3.969245 
3.984471 
3.976968 
3.970327 
3.994410 
3.946009 
3.958665 
3.954394 
4.000889 
3.953858 
3.992624 
4.010873 
3.972986 
3.983883 
3.988541 
3.971469 
3.959208 
3.991155 
3.983570 
3.978268 
3.985524 
3.983866 
3.979095 
3.990602 
3.998292 
3.984838 
3.958802 
3.993975 
3.975141 
3.954457 
3.983474 
3.995652 
3.957726 
3.946768 
3.942421 
3.974003 
3.990128 
3.982825 
3.961157 
3.961045 
3.974452 
3.975723 
3.975009 
3.961181 
3.956539 
3.985587 
3.988442 
4.007510 
3.990438 
3.992703 
4.004439 
3.984408 
3.988018 
3.995438 
3.965184 
3.983226 
3.992753 
3.998949 
3.979894 
3.967744 
3.978093 
3.983257 
3.969881 
3.987189 
3.975041 
3.977054 
3.996066 
3.964349 
3.956477 
3.977223 
3.985692 
3.985680 
3.983122 
3.968262 
3.979023 
3.972086 
3.982162 
3.982309 
3.955207 
3.951078 
3.993358 
3.988009 
3.970669 
3.989143 
3.983306 
3.994141 
3.973087 
3.980020 
3.978696 
3.979417 
3.987863 
3.969970 
3.976708 
3.992478 
3.980311 
4.000954 
3.981600 
3.977094 
3.983785 
3.971265 
3.977206 
3.981371 
3.996440 
3.967948 
3.990050 
3.953623 
3.962450 
3.993494 
3.991255 
3.984345 
3.978582 
4.000020 
3.985877 
3.986377 
3.993416 
3.984208 
3.971852 
3.968588 
3.975800 
3.983863 
3.965025 
3.968183 
3.965321 
3.979231 
3.977987 
3.968387 
3.978105 
4.004725 
3.990118 
3.997518 
3.997759 
3.973671 
3.979737 
3.952380 
3.967722 
3.992869 
3.979366 
3.969608 
3.995463 
3.976726 
3.982742 
3.982107 
3.963080 
3.983103 
3.961006 
3.969084 
3.967378 
3.970506 
3.978071 
3.992635 
3.978327 
3.999259 
4.001800 
3.985671 
3.992099 
3.974788 
3.964523 
3.959341 
3.986889 
3.952343 
3.979668 
3.962846 
3.982317 
3.983245 
3.992524 
3.979808 
4.001422 
3.983994 
3.968213 
3.987338 
3.986841 
3.971409 
3.945243 
3.961986 
4.003066 
3.983950 
3.985860 
3.998115 
3.999720 
4.005357 
3.965282 
4.000479 
3.972368 
3.971324 
3.951346 
3.979510 
3.977181 
3.985133 
3.983415 
3.971266 
3.987391 
4.008576 
3.972467 
3.961731 
3.970739 
4.000092 
3.990934 
3.981222 
3.970384 
3.978182 
3.996260 
3.999337 
3.988255 
3.987278 
3.986558 
3.974328 
3.967416 
3.969019 
3.970937 
3.998416 
3.993778 
3.998984 
3.992687 
3.957844 
3.997584 
3.995893 
3.994864 
3.965932 
3.977828 
3.970804 
3.991818 
3.964517 
3.969488 
3.973409 
3.987344 
3.997700 
3.979892 
3.997252 
4.008430 
3.998117 
3.981388 
3.978846 
4.001768 
3.985962 
4.006373 
3.991315 
4.000235 
3.992616 
3.986959 
3.961783 
3.968931 
4.011514 
3.999655 
3.976786 
4.005577 
3.980222 
3.978191 
4.008093 
3.982034 
4.010410 
3.969598 
3.990321 
3.991070 
4.019992 
3.999886 
3.990634 
3.984733 
3.984437 
3.986516 
3.975241 
3.986877 
3.979087 
3.983684 
3.966029 
3.985914 
3.941942 
3.961356 
3.976693 
3.994207 
3.973391 
3.977991 
3.961188 
3.956329 
3.984540 
3.999029 
3.989120 
3.997731 
3.999706 
4.007085 
3.950273 
3.988263 
3.977316 
3.980728 
3.974520 
3.988342 
3.977313 
3.978920 
3.966929 
3.963207 
3.976773 
3.981930 
3.971917 
3.982919 
3.976324 
3.970013 
3.982869 
3.975669 
3.994103 
3.993739 
3.983414 
4.008639 
4.003971 
3.968036 
3.997556 
3.976161 
3.993714 
3.967679 
3.968222 
3.987064 
3.988304 
3.980564 
3.965331 
3.996261 
4.018407 
3.999981 
3.983451 
3.992983 
4.006272 
3.993179 
3.978973 
3.977346 
3.984778 
3.962499 
3.978745 
3.993947 
3.995382 
4.009886 
4.008547 
3.978550 
3.985102 
3.959462 
3.944956 
3.984637 
3.981399 
3.982843 
3.971600 
3.971425 
3.975675 
3.987173 
3.987777 
3.981696 
3.994133 
3.967516 
3.974181 
3.990636 
4.000247 
3.974123 
3.979751 
3.969817 
3.983773 
3.980043 
3.977872 
4.002547 
3.984101 
3.981235 
4.002928 
3.993306 
3.977209 
3.991734 
3.983709 
4.002081 
3.992808 
3.962975 
3.978542 
3.983834 
3.995120 
3.968098 
3.979125 
3.967319 
3.968873 
3.980554 
3.996871 
3.986693 
3.968730 
3.990850 
3.972794 
3.988741 
4.004438 
3.982778 
3.991540 
3.997027 
4.006587 
3.990244 
4.000248 
3.986097 
3.965677 
3.959085 
3.937846 
3.962761 
3.974719 
3.962969 
3.992477 
3.969369 
3.959734 
3.975274 
3.991015 
3.987395 
3.962458 
3.989966 
3.972698 
3.986969 
3.975636 
3.969061 
3.969333 
4.000214 
3.971644 
3.961250 
3.985077 
3.958842 
3.978365 
3.974562 
3.962748 
4.003142 
3.982266 
3.970439 
3.974287 
3.944480 
3.978843 
3.998086 
3.993949 
3.983839 
3.973457 
3.964945 
3.968704 
3.980818 
3.974514 
3.985473 
4.004618 
3.987129 
3.967862 
3.973628 
3.983343 
3.991376 
3.991726 
3.965406 
3.985944 
3.957016 
3.988614 
3.977322 
3.968143 
3.980452 
3.999636 
3.980591 
3.964884 
3.974952 
3.980196 
3.978661 
3.956534 
3.977838 
3.974004 
3.980390 
3.992514 
3.981135 
3.980454 
3.994466 
3.996035 
3.987493 
3.965666 
3.993234 
3.982524 
3.997258 
3.985466 
3.989031 
3.974462 
3.984264 
3.987146 
3.970768 
3.989260 
3.993306 
4.009549 
3.990085 
3.995968 
3.978213 
3.992514 
4.008402 
3.983414 
3.981937 
3.993465 
3.956422 
3.974862 
3.977417 
3.980786 
3.980080 
3.962363 
3.949388 
3.981372 
3.989829 
3.967827 
3.971200 
3.970114 
4.009508 
4.009240 
3.989128 
3.977192 
3.973608 
3.975659 
3.973185 
3.965672 
3.980290 
4.009703 
3.974337 
3.985668 
3.953554 
3.978789 
3.937713 
3.972956 
3.981910 
3.980344 
4.001704 
3.991915 
4.013183 
3.992075 
3.988126 
3.978453 
3.974043 
3.978058 
3.975668 
3.972352 
3.970246 
3.983634 
3.970398 
3.965242 
3.972563 
3.976710 
3.968325 
4.002197 
4.000599 
3.962388 
3.967073 
3.978945 
3.982536 
3.974329 
3.974076 
3.960893 
3.954350 
3.974486 
3.961919 
3.961097 
3.976275 
3.995219 
3.972488 
3.959589 
3.984829 
3.982517 
3.975762 
3.963477 
3.973336 
3.970129 
3.987027 
3.948561 
3.975964 
3.990394 
3.966423 
3.980961 
3.989024 
3.985132 
3.980652 
3.963457 
3.988101 
3.974678 
3.990352 
3.986735 
3.977937 
3.996006 
3.971444 
3.969384 
3.970367 
3.969764 
3.980257 
3.972331 
4.006517 
3.979880 
3.961602 
3.986822 
3.991898 
3.973335 
3.983070 
3.983198 
3.969693 
3.976861 
3.994175 
3.983255 
3.992238 
3.989560 
3.966332 
3.972316 
3.939588 
3.983111 
3.984854 
3.995417 
3.976853 
3.955418 
3.949770 
3.966767 
3.976976 
3.992265 
3.993454 
3.958901 
3.985520 
3.970474 
3.998822 
4.001604 
3.982524 
3.973736 
3.980507 
3.983705 
3.965128 
3.984509 
4.004369 
3.968097 
3.981116 
3.980564 
3.990135 
3.973111 
3.986543 
3.988153 
3.986164 
3.996926 
3.986723 
3.994299 
3.980008 
3.966550 
3.955327 
3.951401 
3.954316 
3.960802 
3.999789 
3.972669 
3.947814 
4.003062 
3.996220 
3.986992 
3.980218 
4.010431 
4.003433 
3.999575 
3.975315 
3.985516 
3.990612 
3.976570 
3.981489 
3.994863 
3.983287 
3.963674 
3.992763 
3.983894 
3.998579 
3.985001 
3.982945 
3.979113 
3.999773 
3.991994 
3.996746 
4.011854 
3.959688 
3.977636 
3.983620 
3.974138 
3.976383 
3.971770 
3.963118 
3.963181 
3.996051 
3.984071 
3.963376 
3.975533 
4.000050 
3.984050 
3.976333 
3.967569 
3.987434 
3.966178 
3.973062 
3.968234 
3.985666 
3.968276 
3.991815 
3.981006 
3.997705 
3.971100 
4.006532 
4.008485 
3.982476 
4.005649 
3.970019 
3.973721 
3.994654 
3.975547 
3.982474 
3.985060 
3.984442 
3.952398 
3.967450 
3.980534 
3.977661 
3.981947 
3.978123 
3.992690 
4.005373 
3.997588 
3.953469 
3.945360 
3.957492 
3.974239 
3.967804 
3.962222 
3.985996 
3.980798 
3.963586 
3.965822 
3.960974 
3.983120 
3.974453 
3.975229 
3.964738 
3.980861 
3.955983 
3.973985 
3.999333 
3.973554 
3.980407 
3.962405 
3.970948 
3.972444 
3.977016 
4.008655 
3.966196 
3.958117 
3.986458 
3.977899 
3.971457 
3.975466 
4.009759 
4.000361 
3.997288 
3.971632 
3.967167 
3.976806 
3.975824 
3.998848 
3.992576 
3.990255 
4.014361 
3.983522 
3.978594 
4.013385 
3.994528 
3.987569 
3.994514 
3.995067 
3.992140 
3.986274 
3.980153 
3.993731 
3.974828 
3.979404 
3.977957 
3.991225 
3.998635 
3.975814 
3.958393 
3.949131 
3.969333 
3.999285 
3.977974 
3.970424 
3.976036 
3.998165 
3.992009 
3.976842 
4.011307 
3.975972 
3.993139 
4.004906 
3.987910 
3.976847 
3.978528 
3.988193 
3.977072 
3.994153 
4.003652 
3.974988 
3.949616 
3.968306 
3.997942 
3.968075 
3.961725 
3.984754 
4.004689 
3.974632 
3.973039 
3.993529 
3.978138 
3.971008 
3.964873 
4.002618 
3.989264 
3.975687 
3.999907 
3.978777 
3.965201 
3.968776 
3.981024 
3.982607 
3.971561 
3.961580 
3.963944 
3.953848 
3.988468 
3.998829 
3.982141 
3.995563 
3.998276 
3.971199 
3.964059 
4.001965 
3.980257 
3.975367 
4.005138 
3.982507 
3.949296 
3.969248 
3.978255 
3.969832 
4.016150 
3.991671 
3.995618 
3.994212 
4.006544 
3.995419 
3.988143 
3.972941 
3.990731 
4.005296 
3.981333 
3.995283 
3.994042 
3.971804 
3.965640 
3.977791 
3.971995 
3.969909 
3.969250 
3.983855 
3.988727 
3.995144 
3.982896 
3.973613 
3.986843 
3.993998 
3.992050 
3.979262 
3.973922 
3.964704 
3.988102 
3.981348 
3.973426 
3.981920 
3.979957 
3.976664 
3.985209 
3.984322 
3.969285 
3.987276 
3.994374 
3.981051 
3.984192 
3.970459 
4.020693 
3.966789 
3.979426 
3.967879 
3.971415 
3.965914 
3.972733 
3.971002 
3.987888 
3.997547 
3.983518 
4.000856 
3.994005 
3.992107 
3.997520 
3.977925 
3.984358 
4.003569 
3.994772 
3.977787 
3.986118 
3.995280 
3.992316 
3.969268 
3.974311 
3.977916 
3.996891 
3.976660 
3.975548 
3.997974 
3.974200 
3.981737 
3.986042 
3.992190 
3.977436 
3.981589 
3.983796 
4.006389 
3.987875 
3.975128 
3.990744 
3.992433 
3.988741 
4.006452 
3.981351 
3.969496 
3.977535 
3.985123 
3.959231 
3.986068 
3.961754 
3.982974 
3.991192 
3.998717 
3.989106 
4.000974 
3.978735 
4.009644 
3.985139 
3.950598 
3.957736 
3.966282 
3.970151 
3.954606 
3.991038 
3.969776 
3.962605 
3.956317 
3.988041 
3.989107 
3.969911 
3.971783 
3.964228 
3.967974 
3.970663 
3.973132 
3.997779 
4.006243 
3.977010 
3.977441 
3.975521 
3.998321 
3.982395 
3.984635 
3.974137 
3.977783 
3.976688 
3.985476 
3.957432 
3.988722 
3.996885 
3.997438 
3.994993 
4.000384 
3.984883 
3.963115 
3.954878 
3.970336 
3.972360 
3.987365 
4.001060 
3.983162 
3.958469 
3.983059 
4.002271 
3.988243 
3.993914 
4.000808 
3.960753 
3.993729 
3.962292 
3.964952 
3.987893 
4.000958 
3.995223 
3.988497 
3.991905 
3.973090 
3.985948 
3.960861 
3.965626 
3.951112 
3.964912 
3.975831 
3.976358 
3.990705 
3.984066 
3.979694 
3.971536 
3.969453 
3.965658 
3.967211 
3.981328 
4.004626 
3.990830 
3.989014 
3.996882 
3.982236 
3.982142 
3.997498 
3.972272 
3.983593 
3.967476 
4.009494 
3.985310 
3.993752 
3.998641 
4.008518 
4.004621 
3.973090 
3.955638 
3.958336 
3.931278 
3.985431 
3.985399 
3.958644 
3.964766 
3.972843 
3.977744 
3.985333 
3.959692 
3.968218 
3.984820 
3.982949 
3.991519 
3.991573 
3.992672 
3.996390 
4.005981 
3.989976 
4.008857 
3.998096 
3.986680 
3.959914 
3.985369 
4.007430 
4.020027 
3.972467 
3.982506 
3.961139 
3.959181 
3.964561 
3.980607 
3.981644 
3.981616 
4.001139 
4.001886 
3.982098 
3.993508 
3.961348 
4.007089 
3.988044 
3.995380 
3.952719 
3.950761 
3.982268 
4.011936 
4.017868 
4.005860 
3.996817 
3.985612 
3.962518 
3.971540 
3.976297 
3.975249 
3.986770 
3.966983 
3.967737 
3.980306 
3.966139 
3.984813 
4.009716 
3.980776 
3.973762 
3.974227 
3.989871 
3.984320 
3.996772 
3.992600 
3.983209 
3.987360 
3.964282 
3.973406 
3.984513 
3.983175 
3.972143 
3.989364 
3.986099 
3.978547 
3.991905 
3.982684 
3.985145 
3.979308 
3.983690 
3.972081 
3.989362 
3.998330 
4.021391 
4.016828 
3.997242 
4.001800 
4.013960 
3.981250 
3.982990 
3.988630 
3.971316 
3.980361 
3.982356 
3.984844 
3.984241 
4.005759 
3.989237 
3.993305 
4.013610 
3.983126 
3.968542 
3.973976 
3.964236 
3.976382 
3.964979 
3.968810 
3.954679 
3.963194 
3.975438 
3.993686 
3.975162 
3.992089 
3.975246 
4.020149 
3.992065 
4.005424 
3.976679 
3.976267 
3.964040 
3.962232 
3.969493 
3.978141 
3.975185 
3.975643 
4.002522 
3.979750 
4.009351 
3.997372 
4.004844 
4.003796 
4.023188 
3.992249 
3.988444 
3.988173 
3.982329 
3.961849 
3.958720 
3.973029 
3.984118 
3.988823 
4.009674 
3.969383 
3.986301 
3.950761 
3.980803 
4.008919 
4.032763 
4.002056 
3.975708 
4.009123 
4.008799 
3.986696 
3.985058 
3.989892 
3.976633 
3.969350 
3.986548 
3.970974 
3.995640 
3.979982 
3.977821 
3.996707 
3.997620 
4.006633 
3.993767 
3.976447 
3.974967 
3.990847 
4.001481 
3.996539 
3.983759 
3.989089 
3.997055 
4.002228 
3.982430 
3.971026 
3.969238 
3.977026 
3.960176 
3.988229 
3.992616 
3.987938 
3.988504 
3.956554 
3.972126 
4.006315 
4.002246 
3.986970 
3.962877 
3.963907 
3.995836 
3.983468 
3.972432 
3.990001 
3.971728 
4.006582 
3.974612 
3.987299 
3.998989 
3.976118 
3.973644 
3.992996 
3.980784 
3.982864 
3.963104 
3.941661 
3.965925 
3.977348 
3.986150 
3.963069 
3.987122 
4.002453 
3.991833 
3.981731 
3.965591 
3.988324 
4.012972 
3.984336 
3.989966 
4.005708 
3.986284 
3.972878 
3.988424 
4.008823 
3.982455 
4.004623 
4.035245 
3.987258 
3.981557 
3.967759 
3.964841 
3.981068 
3.982967 
3.977486 
3.980603 
4.002937 
4.002049 
3.993055 
3.991189 
3.994857 
3.979432 
3.985745 
3.973589 
3.996894 
3.977946 
3.985537 
3.977704 
3.984230 
3.962121 
3.967857 
3.999083 
3.987693 
3.981623 
3.985058 
3.974850 
3.996698 
3.981886 
3.969502 
3.968876 
3.986391 
4.003893 
4.000928 
3.996738 
3.979195 
3.979660 
3.979796 
3.986376 
3.975224 
3.979176 
3.967840 
3.983852 
3.971849 
3.981835 
3.987147 
3.980289 
3.969368 
3.984393 
3.974156 
3.958542 
3.974334 
3.981585 
4.003572 
3.995363 
3.987565 
4.009376 
3.981612 
3.963313 
3.954628 
3.987629 
3.994309 
3.992135 
3.983741 
3.992723 
3.969972 
3.974623 
3.969179 
3.968326 
3.970585 
3.990320 
3.955512 
3.944990 
3.960961 
3.983177 
4.000815 
3.996412 
3.999184 
3.988559 
4.001647 
3.990084 
3.950040 
3.978231 
3.971418 
3.975130 
3.975276 
3.951208 
3.973973 
3.993039 
3.986383 
3.976297 
3.978400 
3.964797 
3.971014 
3.983347 
3.991725 
3.987975 
3.982561 
3.978666 
3.997943 
3.986187 
3.974079 
3.983986 
3.988250 
3.985187 
3.973229 
3.967247 
3.982209 
3.968994 
3.991786 
3.982062 
4.009087 
3.989815 
3.993127 
3.969527 
3.988461 
3.995138 
3.976085 
3.990101 
4.007424 
3.998916 
3.994080 
3.988131 
3.987307 
3.976742 
3.972220 
3.989983 
3.993672 
3.992412 
3.996441 
3.966833 
3.993961 
3.970362 
4.000471 
3.970266 
3.990439 
3.971497 
3.965430 
3.971838 
3.985005 
3.991811 
3.976394 
3.969908 
3.969854 
3.966866 
3.986008 
3.968414 
3.967650 
3.968794 
3.971288 
3.972745 
3.965733 
3.948673 
3.978754 
3.987092 
3.974059 
3.964435 
3.993044 
3.993965 
3.970962 
3.991318 
3.967743 
3.955143 
3.984235 
3.956650 
3.969940 
3.978457 
3.982868 
3.992555 
3.986017 
3.982867 
3.960679 
3.975229 
3.980409 
3.966907 
3.956328 
3.975743 
4.004188 
3.974381 
3.984226 
3.996750 
3.974369 
3.989876 
3.978873 
3.984107 
3.991770 
3.994054 
4.004128 
3.990854 
3.991445 
3.992228 
3.978898 
3.961698 
3.983017 
3.979756 
3.978477 
3.959041 
3.953380 
3.973181 
3.967430 
3.971371 
3.994428 
3.984226 
3.981050 
3.976693 
3.960142 
3.976306 
3.986583 
3.990507 
3.982555 
4.013444 
3.972308 
3.988771 
3.982855 
3.997002 
3.989066 
3.989585 
3.985374 
3.985153 
3.982008 
3.984057 
3.992860 
3.988878 
3.992941 
3.984603 
3.992014 
3.991637 
3.990361 
3.979401 
3.992771 
3.984453 
3.981076 
3.997621 
3.986831 
4.008945 
3.994883 
3.946075 
3.962274 
3.977295 
4.003966 
3.987856 
3.967407 
3.985403 
3.993288 
3.972205 
3.979351 
3.971810 
3.988450 
3.968577 
3.959327 
3.944663 
3.987853 
3.971281 
3.958301 
3.979396 
3.975086 
3.991281 
3.963721 
4.025184 
3.986236 
3.986175 
3.975879 
3.976376 
3.953679 
3.982873 
3.980178 
3.956842 
3.990888 
3.993802 
3.950393 
3.985105 
4.010203 
4.000184 
4.002709 
4.000598 
4.002659 
3.991247 
4.007707 
3.989006 
4.006931 
4.016204 
3.987269 
3.987311 
3.987311 
3.969435 
3.966840 
3.958707 
3.972283 
3.994704 
3.988380 
3.982098 
4.000303 
3.979393 
3.968978 
3.981548 
3.972269 
3.981266 
3.978534 
3.982722 
3.966496 
3.974532 
3.972947 
4.006885 
3.970603 
3.968450 
3.986357 
3.983603 
3.965040 
3.980348 
3.987809 
3.985057 
3.993206 
3.957433 
3.985469 
3.982940 
3.969490 
3.992920 
3.985181 
3.985576 
3.985835 
3.982703 
3.960597 
3.987688 
3.997952 
3.976358 
3.977412 
3.972768 
3.965612 
3.962506 
3.973529 
3.963931 
3.973591 
3.983426 
3.999014 
3.999738 
3.998237 
3.998195 
3.972953 
3.991408 
3.985747 
3.984491 
3.971879 
3.976839 
3.981614 
3.968429 
3.949093 
3.965636 
4.008104 
3.980952 
4.005634 
3.976137 
3.978505 
3.985200 
3.982022 
3.953721 
3.968919 
3.978036 
3.973804 
3.966555 
3.962271 
3.983667 
3.980311 
3.985565 
4.003761 
3.979408 
3.948612 
3.980432 
3.988419 
3.992449 
3.988309 
3.955268 
3.974736 
3.964249 
3.980284 
3.991852 
3.998575 
3.985036 
3.994745 
3.985283 
3.997735 
3.978689 
3.987662 
3.978126 
4.002626 
3.982385 
4.010549 
3.974008 
3.977227 
3.967517 
3.963883 
3.975651 
3.968011 
3.992989 
3.982226 
3.992698 
3.983261 
3.984598 
3.998159 
3.981233 
3.972531 
3.976143 
3.970480 
3.958839 
3.955887 
3.967809 
3.964172 
3.960800 
3.987702 
3.988373 
3.984092 
3.954199 
3.953218 
3.982340 
3.976553 
3.958577 
3.961962 
3.984480 
3.967204 
3.984700 
3.990596 
3.999502 
3.983267 
3.982312 
3.972965 
3.960335 
3.962643 
3.996997 
3.995312 
3.999170 
3.968095 
3.969475 
3.984911 
3.964525 
3.968163 
3.949019 
3.964521 
3.965657 
3.976616 
3.975687 
3.971912 
3.968736 
3.999924 
4.013546 
3.997406 
3.980005 
3.961923 
3.984806 
3.994022 
3.949135 
3.982106 
3.972135 
3.994336 
4.001474 
3.964576 
3.964304 
3.969718 
3.973751 
3.987164 
3.962832 
3.977321 
3.968865 
3.987239 
3.974930 
3.982890 
3.991712 
3.982260 
3.982544 
3.986966 
3.979628 
3.988403 
3.980876 
3.955441 
3.972524 
4.005010 
3.960308 
3.980484 
3.967528 
3.965113 
3.977285 
3.965015 
3.992634 
3.995873 
3.992796 
3.960182 
3.960768 
3.960580 
3.961855 
3.985218 
3.980350 
3.986044 
3.958727 
3.992692 
4.003074 
3.993509 
3.982696 
3.988653 
3.967357 
3.973277 
3.968312 
3.987103 
3.971446 
3.985866 
3.969166 
3.975127 
3.948196 
3.963749 
3.961474 
4.008451 
3.972269 
3.975684 
3.984790 
3.991051 
3.990701 
4.030268 
3.980991 
3.975337 
3.978662 
3.970165 
3.976921 
3.996415 
4.007456 
3.990666 
3.974872 
3.962437 
3.994783 
3.988773 
3.987447 
3.965652 
3.972924 
3.984427 
3.988033 
3.970309 
3.977586 
3.972916 
3.971192 
4.005963 
3.979082 
3.970322 
3.982618 
3.986261 
3.987250 
3.999030 
3.998289 
3.977494 
4.006650 
3.982391 
3.951567 
3.964432 
3.957535 
3.997671 
3.968241 
3.976929 
3.998101 
3.990821 
3.983048 
3.963012 
3.957932 
3.976676 
3.979340 
3.967162 
3.977182 
3.974613 
3.999741 
3.970843 
3.968863 
3.992557 
3.989012 
3.984393 
3.986401 
3.986563 
4.005000 
3.984011 
3.971167 
3.975742 
3.977487 
3.976150 
3.991183 
3.980422 
3.980125 
3.976045 
4.003869 
3.995166 
3.967534 
3.964445 
3.982779 
3.988765 
3.962637 
4.006533 
3.992093 
3.978479 
3.950633 
3.998318 
3.990903 
3.991237 
3.996776 
3.983445 
4.003686 
3.989606 
3.970826 
3.970310 
3.964379 
3.983759 
3.967556 
3.987367 
3.981042 
3.964920 
3.953325 
3.974948 
4.001482 
3.976294 
3.983535 
3.985127 
3.988055 
3.987447 
3.987230 
3.969211 
3.975271 
3.976704 
3.986201 
3.994906 
3.969568 
3.975368 
4.006959 
3.997162 
3.974984 
4.003400 
4.012512 
3.994141 
3.969071 
3.997507 
3.997127 
3.992437 
3.972738 
3.964372 
3.986043 
3.985640 
4.009702 
3.987441 
4.002532 
3.966913 
3.971071 
3.972588 
3.986344 
3.972701 
3.963331 
3.997660 
3.961381 
3.992595 
3.967910 
3.977607 
3.945340 
3.961309 
3.977972 
3.997329 
3.956499 
3.978378 
3.971867 
3.992609 
3.983150 
3.985885 
3.993273 
4.008357 
4.004407 
3.976056 
3.974240 
3.961277 
3.972542 
3.970488 
3.984452 
3.985779 
3.970208 
3.970677 
3.973171 
3.969412 
3.958590 
3.959326 
3.995547 
3.973269 
3.994177 
3.993300 
3.980697 
3.963835 
3.963460 
3.970081 
3.979152 
3.964341 
3.968489 
3.982805 
3.997684 
3.977581 
3.982980 
3.980742 
3.991729 
3.982234 
3.964148 
3.979065 
3.975641 
3.974752 
3.949298 
3.979201 
3.955321 
3.958791 
3.973880 
3.991618 
3.973375 
3.964866 
3.944275 
3.961815 
3.981402 
3.994013 
3.984670 
3.999620 
4.007978 
4.017510 
3.993155 
3.986575 
3.998211 
3.981868 
3.985154 
3.993802 
3.982967 
3.973376 
3.970443 
3.952962 
3.967392 
3.986647 
3.979623 
3.973231 
3.976172 
3.997617 
4.015564 
3.992825 
3.997473 
3.937466 
3.967797 
3.969503 
3.972325 
3.995766 
3.985251 
3.993249 
3.968244 
3.989563 
4.005030 
3.970766 
3.983166 
3.999369 
4.001342 
3.998761 
3.993554 
3.984517 
3.980257 
3.952453 
3.965182 
3.976014 
3.991373 
3.990118 
4.010092 
3.946358 
3.979838 
3.955092 
3.994916 
3.992956 
4.000562 
3.988287 
3.989076 
3.985437 
3.981336 
3.978689 
3.974962 
3.951157 
3.992616 
3.968822 
3.996390 
3.978331 
3.956796 
3.975773 
3.987807 
3.996252 
3.995278 
3.992048 
3.986405 
3.983631 
3.971368 
3.976927 
3.960299 
3.978115 
3.989492 
3.991646 
3.990872 
3.979716 
4.004928 
3.976766 
3.973870 
3.960858 
3.956559 
3.966724 
3.967116 
3.973152 
3.970347 
3.970843 
3.970868 
3.952693 
3.969481 
3.971994 
3.991337 
3.989547 
3.987074 
3.983615 
3.994538 
3.963904 
3.959503 
3.950679 
3.967940 
3.976329 
3.963834 
3.965653 
3.979909 
3.969957 
3.981446 
3.972294 
3.970247 
3.971447 
3.967904 
3.988650 
3.999694 
3.998487 
3.998295 
3.983392 
3.970687 
3.959647 
3.953887 
3.982030 
3.987955 
3.983422 
3.979648 
3.986394 
3.981138 
3.968018 
3.960673 
3.963561 
3.965015 
3.993289 
3.969155 
3.985769 
3.984406 
3.984153 
3.959661 
3.981889 
3.994196 
3.978182 
3.968096 
4.009505 
4.005364 
4.019259 
3.998133 
3.976894 
3.971170 
3.995083 
3.993749 
3.999200 
3.997259 
3.978107 
3.992956 
3.991699 
3.996160 
3.975517 
3.983116 
3.999566 
3.953391 
3.958562 
3.981366 
3.997088 
4.007035 
3.984188 
4.001895 
3.990522 
3.987611 
3.989966 
3.996512 
3.971438 
3.966863 
3.966656 
3.965977 
3.996112 
3.985936 
3.988224 
3.962996 
3.968036 
3.970429 
4.001785 
3.982523 
3.978984 
3.973618 
3.964111 
3.985372 
3.963730 
3.977350 
3.988018 
3.953226 
3.962658 
3.998102 
3.941824 
3.956798 
3.947267 
3.982692 
3.977055 
3.953437 
3.949093 
3.963518 
3.970138 
3.992685 
3.991652 
3.964600 
3.982632 
3.967230 
3.955508 
3.955912 
3.965029 
3.966740 
3.970972 
3.971359 
3.960029 
3.943035 
3.947441 
3.972615 
3.985701 
3.979389 
4.000145 
3.991650 
3.970937 
3.978996 
3.975570 
3.978740 
3.975969 
3.976499 
3.985019 
3.996772 
4.000272 
4.000983 
4.011241 
3.979223 
3.964971 
3.973742 
3.963931 
3.974700 
3.970796 
3.992628 
3.964568 
3.977918 
3.983023 
3.979967 
3.982708 
3.973795 
3.971727 
3.978267 
3.961091 
3.976482 
3.969101 
3.973046 
3.975361 
3.997774 
3.982497 
3.975989 
3.973309 
3.976302 
3.964391 
3.954477 
3.966415 
3.955708 
3.978478 
3.975771 
3.973370 
3.971581 
3.977848 
3.972644 
3.983651 
3.994333 
3.970312 
3.971163 
3.985550 
3.990215 
3.965034 
3.965767 
3.985284 
3.962098 
3.958204 
3.977894 
3.980438 
3.993439 
3.979439 
3.954733 
3.964505 
3.969761 
3.979543 
3.977842 
3.961053 
3.950447 
4.002034 
3.980780 
3.995767 
3.989562 
3.986607 
3.998084 
3.989099 
3.962044 
3.969115 
3.969839 
3.988785 
3.971349 
3.990798 
3.985810 
3.990913 
3.983628 
3.975357 
3.986016 
3.995449 
3.993976 
3.996053 
3.965249 
3.974225 
3.976160 
3.980884 
3.983221 
4.000522 
3.989467 
3.975579 
3.956953 
3.982830 
3.978449 
3.991139 
3.997187 
3.960598 
3.962708 
3.994270 
4.028526 
3.995733 
4.005235 
3.988206 
4.001710 
3.969149 
3.993125 
3.963315 
3.985583 
3.974452 
4.004422 
4.003283 
3.968000 
3.977351 
3.988690 
3.974053 
3.984623 
3.966692 
3.971058 
3.971308 
3.971123 
3.983990 
3.973819 
4.000958 
3.991767 
3.970234 
3.995331 
3.995647 
3.977620 
3.970041 
3.969585 
3.964354 
3.972359 
3.975606 
3.977090 
3.965304 
3.966824 
3.990587 
3.993285 
3.995417 
3.995298 
3.978005 
3.984074 
3.982295 
3.982667 
3.962048 
3.984044 
3.998092 
3.971369 
3.993205 
3.962343 
3.980092 
3.971582 
3.974996 
3.993984 
3.980415 
3.985966 
3.996785 
3.982905 
3.975690 
3.967594 
3.971209 
3.974556 
3.977476 
3.972491 
4.001450 
3.983145 
3.988802 
3.976670 
3.987448 
3.967981 
3.999156 
3.978448 
4.002919 
4.016433 
3.983592 
4.003667 
3.975821 
3.995639 
3.996622 
3.983439 
3.962873 
3.972058 
3.976587 
3.982272 
3.990546 
3.983268 
3.966404 
3.986511 
3.993621 
3.984556 
3.973148 
3.986701 
3.982215 
3.991520 
3.986671 
3.978372 
3.986409 
3.980834 
3.987646 
3.972925 
3.958407 
3.980382 
3.992676 
3.990936 
4.012502 
3.973293 
3.987730 
3.978529 
3.982953 
3.995503 
3.987782 
3.975929 
3.981151 
3.961561 
3.977925 
3.972055 
3.986702 
3.983555 
3.975842 
3.971474 
3.986015 
3.985300 
3.995391 
3.963902 
3.956431 
3.980451 
3.994516 
3.990590 
3.994040 
3.964675 
3.981149 
3.950671 
3.984772 
3.973616 
3.960589 
4.003630 
3.986001 
3.961593 
3.973345 
3.982967 
3.986079 
3.977145 
3.973562 
3.980972 
3.979341 
3.966533 
3.999683 
3.984636 
4.003759 
3.973692 
3.978462 
3.974564 
3.976534 
3.979494 
3.951425 
3.978749 
4.005429 
3.987990 
3.990675 
3.980661 
3.967648 
3.976070 
3.982022 
3.984903 
3.986113 
3.987661 
3.979074 
3.966257 
3.958118 
3.980410 
3.994247 
3.982822 
3.994365 
3.988022 
4.001790 
3.985363 
3.982412 
3.968335 
3.988221 
3.981649 
3.983534 
3.988619 
3.994556 
3.988517 
4.003940 
3.976195 
3.983793 
3.973550 
3.990674 
3.991294 
3.987998 
3.987660 
3.984682 
3.972015 
3.940499 
3.972248 
3.993684 
3.984440 
3.969340 
3.981417 
3.967948 
3.980126 
3.991298 
3.959074 
4.016129 
4.002710 
4.018302 
3.981307 
3.966247 
3.987551 
4.000293 
3.988852 
3.986410 
3.971453 
3.969204 
3.961294 
3.996388 
3.976178 
3.960477 
3.981183 
3.965171 
3.970780 
3.988257 
3.988932 
3.971597 
3.981447 
3.989093 
3.982209 
3.953493 
3.958654 
3.975657 
3.971472 
3.988617 
3.999185 
3.991034 
3.982755 
3.981413 
3.991694 
3.979520 
3.991750 
3.979288 
3.985493 
4.005181 
3.969431 
3.958864 
3.998552 
3.981249 
3.970788 
3.984403 
3.979131 
3.977706 
3.987352 
3.991707 
3.986091 
3.971457 
3.996577 
3.979226 
3.949812 
3.985768 
3.975977 
4.016358 
3.983081 
3.988582 
3.956982 
3.985822 
3.994664 
3.961742 
3.976160 
3.964636 
3.999173 
3.962600 
4.004011 
4.003343 
3.998417 
3.979866 
3.980435 
3.985206 
3.981223 
3.983703 
4.012525 
3.987816 
3.981695 
3.969182 
3.962097 
3.971176 
3.977046 
4.000694 
3.997467 
3.994924 
3.977787 
3.983566 
3.972462 
3.963089 
4.001133 
3.971127 
3.981714 
3.989082 
3.973209 
3.985689 
3.964213 
3.963031 
4.005822 
4.005314 
4.001749 
3.980353 
3.971189 
3.988243 
3.963000 
3.960388 
3.962566 
3.997384 
3.994260 
3.976792 
3.980909 
3.987071 
3.991090 
3.980467 
3.994326 
3.970214 
3.976118 
3.959813 
3.967215 
3.996159 
3.972141 
3.971787 
3.975958 
4.004564 
4.008544 
3.997247 
3.990644 
4.004041 
3.990191 
4.002240 
3.988500 
3.970121 
3.974295 
3.963662 
3.986829 
3.984199 
3.969744 
3.980162 
3.961765 
3.975643 
3.991597 
3.977941 
3.983324 
3.962730 
3.985314 
3.991193 
3.984399 
3.973604 
3.971299 
3.978045 
3.992228 
3.984421 
3.982752 
3.982378 
3.985133 
3.991717 
3.987192 
3.997235 
3.977681 
3.976277 
3.972234 
4.011651 
3.999343 
3.978565 
3.976522 
3.971889 
3.996354 
4.013387 
3.990899 
3.969520 
3.971192 
3.964063 
4.006825 
3.978283 
3.973745 
3.951207 
3.996165 
3.962090 
3.992147 
3.972958 
3.959403 
3.958500 
3.977303 
3.986780 
3.993911 
3.977249 
3.973610 
3.969232 
3.995967 
3.993465 
3.981217 
3.992532 
3.967469 
3.989848 
3.981970 
3.991018 
3.998682 
3.976032 
4.001469 
3.987400 
3.993035 
3.974391 
3.963957 
3.994395 
3.996139 
3.986878 
3.960992 
3.981517 
3.997878 
3.955514 
4.006403 
3.986284 
3.999549 
3.994501 
3.988628 
3.995686 
3.999318 
3.980985 
3.971738 
3.978908 
3.968283 
3.993154 
3.997292 
3.988439 
3.986894 
4.002362 
4.016168 
3.985011 
3.989579 
3.992165 
3.957378 
3.986920 
3.967266 
3.980677 
3.982281 
3.976038 
4.004636 
3.997385 
4.006743 
3.991731 
3.975068 
3.967802 
3.977368 
3.974730 
3.973327 
3.982856 
3.998451 
3.994445 
4.002800 
3.960831 
3.973647 
3.968024 
3.956791 
3.964731 
3.965630 
3.965178 
3.970879 
3.981359 
3.993776 
3.989151 
4.002044 
3.993067 
3.977038 
3.959370 
3.952483 
3.985996 
3.977110 
3.970470 
3.974808 
3.977148 
3.966123 
3.995082 
3.997127 
3.994265 
3.980878 
3.993781 
3.988357 
3.988302 
3.983056 
3.988831 
3.980919 
3.997686 
3.984576 
3.974611 
3.963968 
3.977226 
3.990450 
3.986947 
3.987689 
3.982052 
3.972690 
3.985346 
3.968369 
3.982489 
3.953097 
3.989615 
3.978574 
3.978009 
3.990303 
3.986183 
3.991447 
3.999134 
3.964357 
3.993006 
3.988719 
3.981011 
3.982079 
4.021390 
3.995037 
3.977751 
3.977061 
3.961253 
3.981974 
3.957320 
3.962000 
3.974119 
3.985724 
3.982132 
3.991400 
3.985689 
3.976721 
3.986548 
3.959749 
3.958615 
3.978249 
3.980833 
4.006625 
3.972678 
3.970765 
3.977152 
3.975587 
3.979131 
4.000289 
3.969204 
3.968199 
3.976741 
3.981103 
3.962790 
3.972498 
3.975038 
3.987156 
3.993631 
3.982581 
3.994715 
4.001729 
3.957736 
3.966171 
3.962650 
3.977958 
3.989299 
3.993526 
4.001267 
3.991238 
3.993501 
3.967685 
3.967136 
3.983918 
3.980691 
3.955037 
3.987094 
3.977162 
3.995027 
3.972691 
3.964505 
3.967729 
3.980475 
3.990325 
3.998386 
3.974849 
3.977266 
4.008305 
4.001284 
3.992288 
3.972377 
3.980410 
3.972113 
3.997302 
3.996738 
4.015727 
3.967224 
3.993358 
4.011127 
3.985527 
4.000696 
3.968814 
3.976028 
3.980279 
3.998800 
3.972265 
3.988396 
3.983802 
3.932929 
3.967149 
3.969619 
3.964554 
3.958982 
3.967212 
3.976491 
3.971292 
3.963265 
3.970044 
3.977174 
3.980862 
3.986869 
3.977008 
3.971044 
3.958483 
3.999380 
3.973888 
3.962715 
3.982126 
3.961799 
3.991944 
4.003193 
3.992128 
3.990927 
3.968390 
3.972896 
3.938392 
3.982836 
3.992172 
3.973759 
3.989072 
3.999394 
3.977889 
3.976948 
3.985258 
3.990671 
3.994894 
3.974632 
3.965448 
3.965550 
3.989933 
3.968417 
3.988527 
3.980546 
3.989060 
3.986703 
3.990843 
4.004380 
3.995589 
3.996271 
3.996651 
3.979430 
3.973072 
3.994110 
3.976424 
3.967470 
3.980142 
3.983912 
3.957440 
3.977820 
3.984701 
3.992936 
3.962218 
3.963088 
3.967933 
3.993241 
3.989206 
3.980535 
3.981123 
3.989983 
3.979885 
3.984157 
3.987647 
4.007277 
3.957606 
3.961974 
3.961504 
3.966377 
3.948815 
3.959122 
4.001707 
4.000327 
3.967487 
3.971624 
3.995061 
3.984593 
3.986109 
3.993725 
3.997399 
3.988816 
4.012226 
4.003162 
3.992880 
3.989581 
3.959869 
3.971865 
3.974750 
3.973436 
3.981870 
3.972627 
3.990472 
4.005076 
3.996969 
4.007580 
4.006585 
4.005902 
3.978695 
3.981721 
3.971263 
3.955494 
3.962022 
3.977870 
3.966139 
3.964531 
3.986937 
3.981097 
3.977409 
3.998085 
3.986371 
3.987701 
4.005529 
3.989834 
3.991695 
3.976639 
3.965077 
3.944539 
3.972564 
3.976722 
3.963840 
3.976108 
3.971403 
3.975928 
3.972840 
3.985060 
3.960512 
3.969020 
3.996913 
3.966800 
3.986421 
3.971912 
3.994978 
3.969267 
3.980073 
3.976234 
3.968153 
4.003313 
4.003208 
4.006572 
3.972264 
3.971213 
3.965236 
3.983310 
3.975426 
3.996324 
3.977942 
3.971240 
3.960149 
3.997746 
3.976913 
3.998070 
3.969379 
3.980232 
3.986133 
3.977171 
3.970617 
3.957644 
3.934065 
3.958102 
3.957075 
3.973302 
3.999569 
4.001180 
3.993381 
4.000898 
3.985826 
3.971593 
3.985537 
3.998083 
3.996551 
3.988978 
3.990104 
3.975547 
3.977098 
3.984268 
3.962903 
3.952618 
3.961849 
3.988954 
3.995813 
3.980527 
3.994131 
3.997368 
3.993329 
4.001675 
3.972380 
3.975063 
3.972584 
3.979341 
3.976138 
3.976246 
3.976119 
3.975301 
3.965609 
3.945779 
3.994049 
4.006338 
3.989317 
3.985563 
3.975562 
3.992569 
3.982413 
3.947140 
3.983184 
3.982982 
3.966399 
3.960126 
3.967289 
3.966145 
3.966715 
3.977616 
3.978954 
3.975168 
3.981938 
3.977700 
3.970407 
3.956805 
3.960707 
3.971225 
4.007565 
3.987907 
3.963230 
3.980568 
3.974432 
3.982705 
3.947089 
3.997394 
3.993339 
3.965972 
3.991669 
3.970363 
4.000111 
3.981541 
3.983624 
3.998017 
3.998028 
3.988255 
3.985063 
3.949155 
3.983229 
3.997722 
3.994675 
3.968343 
3.973553 
3.969151 
3.961088 
3.957426 
3.972979 
3.975803 
3.952733 
3.973117 
3.947822 
3.972978 
3.990874 
3.982175 
3.985104 
3.969851 
3.975598 
3.961734 
3.970025 
3.971827 
3.991183 
3.982618 
3.986997 
3.991414 
4.011516 
3.983890 
3.973860 
3.988372 
3.974759 
3.972735 
3.954060 
3.970044 
3.972914 
3.977455 
3.961981 
3.998257 
3.988204 
3.991221 
4.013397 
3.993391 
3.971212 
3.997061 
3.972755 
3.968430 
3.971664 
3.980838 
3.989767 
3.983284 
3.990411 
3.997674 
3.990811 
3.977760 
3.980633 
3.945794 
3.937634 
3.965393 
3.967798 
4.025620 
3.986477 
3.971502 
3.975358 
3.990551 
3.981056 
3.974845 
3.978307 
3.995162 
3.984665 
3.983491 
3.961857 
3.988565 
4.002142 
3.992729 
3.993442 
3.966422 
3.964761 
3.962039 
3.975279 
3.975697 
3.972501 
3.995954 
3.980132 
3.978857 
3.972131 
3.990495 
3.977443 
4.002289 
3.992297 
3.970855 
3.980906 
3.981731 
3.984740 
3.988754 
3.964000 
3.961622 
4.004462 
3.966969 
3.989914 
3.976940 
3.986945 
3.983265 
3.986363 
3.955642 
3.964014 
3.977843 
3.957260 
3.980243 
3.966822 
3.953444 
3.969633 
3.986427 
3.984800 
4.001033 
3.978122 
4.001998 
3.983790 
3.982801 
3.993244 
3.971682 
3.970930 
3.983407 
3.989357 
3.982206 
3.966259 
3.978748 
3.980308 
3.984822 
3.970502 
3.995386 
3.976535 
3.984987 
4.011917 
4.001342 
3.976514 
3.996539 
3.981928 
3.999720 
3.978976 
3.976131 
3.984905 
3.974903 
3.957702 
3.985460 
3.994860 
3.979099 
3.974234 
4.001697 
4.006230 
4.007954 
3.993790 
3.986158 
3.966873 
4.003855 
3.991682 
3.974247 
3.986435 
3.975341 
4.006801 
4.006033 
4.001036 
3.993112 
3.994475 
3.994700 
3.965112 
3.983195 
3.954376 
3.971361 
3.950810 
3.963478 
3.962456 
3.957620 
3.993984 
3.963256 
3.965945 
3.983606 
3.964960 
3.989846 
3.979953 
3.950961 
3.989546 
3.986283 
3.993805 
3.996549 
3.992052 
3.997341 
4.000754 
3.990664 
3.985346 
3.970248 
3.961236 
3.977836 
3.989245 
3.992132 
4.003921 
3.979747 
3.957148 
3.958327 
3.987516 
3.966502 
3.971237 
3.987259 
3.967731 
3.979851 
3.977321 
3.980410 
3.981462 
3.967278 
3.969093 
3.968899 
3.972644 
3.966325 
3.994260 
3.985832 
4.001136 
3.977524 
3.966625 
3.992201 
3.985569 
3.975824 
3.985901 
3.974420 
3.974718 
3.984636 
4.007961 
3.969942 
4.013267 
3.973612 
3.970032 
3.978317 
4.000597 
4.007468 
3.990297 
3.998613 
3.994912 
3.990176 
3.984865 
3.972087 
3.974732 
3.987032 
4.002618 
4.005037 
3.970280 
3.990044 
3.992178 
3.989241 
4.001939 
3.956844 
3.974551 
3.979550 
3.981394 
3.991415 
3.984571 
3.985216 
3.988467 
3.980266 
3.981134 
3.982110 
3.951266 
3.972539 
3.990948 
3.967416 
3.977316 
3.977769 
3.963074 
3.986397 
3.971862 
3.972307 
3.994139 
4.001440 
4.001009 
3.987777 
3.989426 
4.007238 
3.981693 
3.982951 
3.983645 
3.998153 
3.970871 
3.988663 
3.991308 
3.991122 
4.008618 
3.983460 
3.981944 
3.993379 
3.988425 
3.975547 
3.968488 
3.966637 
3.986006 
4.005503 
4.007186 
3.964164 
3.953637 
4.002114 
3.976233 
3.976072 
3.982842 
3.991114 
3.979359 
3.991142 
3.996077 
3.993430 
4.002107 
3.991983 
4.008045 
3.995912 
3.978235 
3.984950 
3.988804 
3.962796 
3.967481 
3.999415 
3.988492 
3.968888 
3.983324 
3.984620 
3.974005 
4.004603 
4.001736 
3.986585 
3.967265 
3.977702 
3.962676 
3.989580 
3.993630 
3.987219 
3.983177 
3.993155 
3.995910 
3.971688 
3.958529 
3.965169 
4.000541 
3.979544 
3.988730 
3.980088 
3.983311 
3.995482 
3.998576 
4.008014 
4.021039 
4.038489 
3.993655 
3.966252 
3.968721 
3.988798 
3.989194 
3.990869 
3.978293 
3.997765 
3.990857 
3.985884 
3.967174 
3.955124 
3.993115 
3.975641 
3.969826 
3.959854 
3.977369 
3.991426 
3.965055 
3.968246 
3.960902 
3.956555 
3.969066 
3.979000 
3.973071 
3.966620 
3.969001 
3.986623 
3.977271 
3.970903 
3.974416 
3.959052 
3.969571 
3.963938 
3.981290 
3.988807 
3.988920 
4.005132 
4.014056 
3.972293 
3.965770 
3.964287 
3.968885 
3.972300 
3.983667 
3.978505 
3.983553 
3.987577 
3.970058 
3.995240 
3.983927 
3.965125 
3.966913 
3.977860 
3.985313 
3.976983 
3.994141 
3.994019 
3.995068 
3.978222 
3.972120 
4.015449 
3.992680 
3.984149 
3.978651 
3.985228 
3.980840 
3.994410 
3.975761 
3.985283 
3.983122 
3.977199 
3.965504 
3.978301 
3.991593 
3.978658 
3.971750 
3.996559 
3.972551 
3.979124 
3.979352 
3.972811 
3.978460 
3.968568 
3.980178 
3.986760 
3.970914 
3.990106 
3.990764 
3.991443 
3.979591 
3.986630 
3.970416 
3.992653 
3.968457 
3.968279 
4.012256 
3.953608 
3.951893 
3.993744 
3.978385 
3.980302 
3.966274 
3.957689 
3.992393 
3.990981 
3.983795 
3.990294 
3.995645 
3.978760 
3.982754 
3.984691 
3.979139 
3.967890 
3.953625 
3.964035 
3.963840 
3.953298 
3.954125 
3.962543 
3.998526 
3.989262 
3.979141 
3.974883 
3.994783 
3.995703 
3.996617 
3.967625 
3.965019 
4.013616 
3.994378 
3.996653 
3.985421 
3.966909 
3.978612 
3.958277 
3.981378 
3.975142 
3.985526 
3.995715 
3.986971 
3.975543 
3.966923 
3.978287 
3.979368 
3.978693 
3.957027 
3.968449 
3.978543 
3.973684 
4.004773 
3.998800 
3.991165 
4.001421 
3.979494 
3.964088 
3.995845 
3.984133 
3.975411 
3.978176 
3.979530 
3.985967 
4.001629 
4.000786 
3.996270 
4.013270 
3.986716 
3.969761 
3.962943 
3.973323 
3.956340 
3.946909 
3.981422 
3.949451 
3.976837 
4.003724 
3.986158 
4.007090 
3.953673 
3.971965 
3.970173 
3.967182 
3.983279 
3.974806 
3.963340 
3.968207 
3.967897 
3.962817 
3.968012 
3.957651 
3.973136 
3.954014 
3.984592 
3.973762 
3.983527 
4.000368 
3.989781 
4.005499 
3.967115 
3.964982 
3.986201 
3.957572 
3.988825 
4.000303 
3.991434 
3.993468 
3.979430 
3.995014 
4.002214 
3.982889 
4.001835 
3.986385 
3.980844 
3.983670 
3.979838 
3.975916 
3.976424 
3.967656 
3.975554 
3.979173 
4.004151 
3.977157 
4.006046 
3.995049 
3.975106 
3.974823 
3.990667 
3.973350 
3.998144 
3.981200 
3.956892 
3.985089 
3.990466 
3.992291 
3.974094 
4.004049 
3.982523 
3.976600 
3.995487 
3.984572 
4.007687 
3.972902 
3.987724 
3.999854 
3.972383 
3.990902 
3.991074 
3.994486 
3.979061 
3.987184 
3.976113 
3.996188 
3.999623 
4.001886 
3.975313 
3.981930 
3.961782 
3.960549 
3.972818 
3.980440 
3.988804 
4.001676 
3.992450 
3.977553 
3.977498 
3.975122 
3.986641 
3.997957 
3.993132 
3.999388 
3.968296 
3.993644 
3.999029 
3.956255 
3.974226 
3.987152 
3.988985 
4.000746 
3.973858 
3.990247 
3.988917 
3.983873 
3.975848 
3.974000 
3.956725 
3.966716 
3.970608 
3.958012 
3.948998 
3.973129 
3.953371 
3.982879 
3.968782 
3.978396 
3.967905 
3.955807 
3.950116 
3.975838 
3.986512 
3.991866 
3.994099 
3.985896 
3.979117 
3.989926 
3.982087 
3.957361 
3.993224 
3.951927 
3.955925 
3.982783 
3.986424 
3.988576 
3.981007 
3.976051 
4.010202 
3.984316 
3.989885 
3.969014 
3.986391 
3.989640 
3.988816 
3.973850 
3.973035 
3.960090 
3.984720 
3.980637 
3.980474 
4.002454 
4.002126 
4.005900 
3.983469 
3.984436 
3.982118 
3.962837 
4.010478 
3.996991 
3.984455 
3.977348 
3.990603 
3.977631 
3.978427 
3.988928 
4.030593 
3.988021 
3.977661 
3.972801 
3.966223 
3.980942 
3.992737 
4.001002 
3.959588 
3.980096 
3.971572 
3.973557 
3.980137 
3.975810 
3.974411 
4.002939 
3.976950 
3.983335 
3.963138 
3.996803 
3.979307 
4.021063 
3.969044 
3.968950 
3.978804 
3.984359 
3.974849 
3.996703 
3.977597 
3.974697 
3.973265 
3.976904 
3.972818 
3.960599 
3.973451 
3.972809 
3.991013 
3.988469 
3.972763 
3.991316 
3.982409 
3.982253 
4.007050 
3.973085 
3.978031 
3.991564 
3.980128 
3.986231 
3.995604 
4.004123 
3.991873 
4.007789 
3.965415 
3.989187 
3.979582 
3.959847 
3.963121 
3.976551 
3.971671 
3.978420 
3.955208 
3.985990 
4.005451 
4.001341 
4.003164 
3.973094 
3.970615 
3.972858 
3.977097 
3.957195 
3.993449 
3.994527 
3.982962 
3.961495 
3.974006 
3.958789 
3.978714 
3.953685 
3.989335 
4.018289 
4.002436 
3.972876 
3.981052 
3.995046 
4.013670 
3.989404 
3.995526 
3.991609 
3.983286 
3.954659 
3.977477 
3.988867 
3.972730 
3.985081 
3.993945 
3.970322 
3.973023 
3.964114 
3.958138 
3.993958 
3.990210 
3.978081 
3.986412 
3.973737 
3.974411 
3.984133 
3.985627 
3.968752 
3.981419 
3.967352 
3.974432 
3.965314 
3.964983 
3.952525 
4.003425 
3.968582 
3.968994 
3.972432 
3.978607 
3.976050 
3.985557 
3.981379 
3.968511 
3.957968 
3.994013 
3.992461 
3.995807 
3.981555 
3.955563 
3.979747 
3.984007 
3.986153 
3.975452 
3.977179 
3.957874 
3.959991 
3.985095 
3.979373 
3.986678 
3.974761 
3.977226 
3.995975 
3.997285 
3.991019 
3.982648 
3.976519 
3.979958 
3.983089 
3.984876 
3.974323 
3.969990 
3.997839 
3.989313 
3.968124 
3.977416 
3.993235 
3.972676 
3.999662 
3.993278 
3.974417 
3.990529 
3.987059 
3.958453 
3.975871 
4.013568 
3.992148 
3.995486 
3.968571 
3.980168 
3.998970 
4.001514 
3.987985 
3.980002 
3.983625 
3.972629 
3.955953 
3.968003 
3.965418 
3.969912 
3.976055 
3.976278 
3.968838 
3.979074 
3.986678 
3.984406 
3.992048 
4.000008 
3.969877 
3.987424 
3.985826 
3.979246 
3.999785 
3.991568 
3.990687 
3.981733 
3.979833 
3.963570 
3.978570 
3.968739 
3.967664 
3.960246 
3.977299 
3.960840 
3.990819 
3.983020 
3.970274 
4.003347 
3.988630 
4.011445 
3.976447 
3.989786 
3.974982 
3.998562 
3.985132 
3.987491 
3.981474 
3.986147 
3.984467 
3.961771 
3.975330 
3.979506 
4.001023 
3.987509 
3.976730 
3.996581 
3.971185 
3.982428 
3.994178 
3.986667 
3.974281 
3.967876 
3.984502 
3.985185 
3.969297 
3.960668 
3.964825 
3.977102 
3.978727 
3.964633 
3.962975 
3.958600 
3.969709 
3.972467 
3.993845 
4.010797 
3.976086 
3.979614 
3.980486 
3.972314 
3.974653 
3.987055 
3.965417 
3.959717 
3.956975 
3.959243 
3.967938 
3.992078 
3.984037 
4.000660 
3.985966 
3.975070 
3.992492 
3.993563 
3.980386 
4.000613 
3.957450 
3.977721 
3.999000 
3.992645 
4.016039 
3.983412 
3.986120 
3.975364 
3.981736 
3.961911 
3.947633 
3.965118 
4.000623 
3.979197 
3.987411 
3.978999 
3.982571 
3.989147 
3.977318 
3.993443 
4.008755 
3.990175 
4.000307 
3.973226 
3.968350 
3.983548 
3.975043 
3.997210 
4.005716 
3.973990 
3.990602 
3.970004 
3.973178 
3.970936 
3.984896 
3.982096 
3.980803 
3.981942 
3.996218 
3.983105 
3.985935 
3.968913 
3.965308 
3.997417 
4.011257 
3.994668 
3.994482 
3.993994 
3.983612 
3.984955 
3.997785 
3.963031 
3.973564 
3.978781 
3.965714 
3.968431 
3.970113 
3.949479 
3.987535 
3.970991 
3.979151 
3.974919 
3.988028 
4.004742 
3.997436 
3.991576 
3.999070 
3.981114 
3.990113 
3.994255 
3.976499 
3.985243 
3.982230 
3.983941 
3.992649 
3.981777 
3.985207 
3.998365 
3.980998 
3.970274 
4.007563 
3.995551 
3.959463 
3.963416 
3.978997 
3.977861 
3.996198 
3.985840 
4.011054 
4.002683 
3.984298 
3.976671 
3.979954 
3.985423 
3.969977 
3.986547 
3.967231 
3.997590 
3.997749 
3.985521 
3.995318 
3.984827 
3.990980 
3.993501 
3.983077 
3.982457 
3.973091 
3.982626 
3.976725 
3.972605 
3.975281 
3.974070 
3.980867 
3.988984 
3.980013 
3.987388 
3.982791 
3.985018 
3.979784 
3.953012 
3.966448 
3.987807 
3.972366 
3.990036 
3.971082 
3.976196 
3.963875 
3.989811 
3.976428 
3.981255 
3.972606 
3.951602 
3.975391 
3.966045 
3.976529 
3.981303 
3.986594 
3.988904 
3.983402 
3.980780 
3.985661 
3.975368 
3.964963 
3.975667 
3.976022 
3.988108 
3.976487 
3.977861 
3.990201 
3.962874 
3.984741 
3.987240 
3.957136 
3.995133 
3.980560 
3.974851 
3.972577 
3.988037 
3.971034 
3.990200 
3.988673 
3.995868 
4.011115 
3.974342 
3.968743 
3.985619 
3.987262 
3.991679 
3.988984 
3.990306 
3.973233 
3.988968 
3.980756 
3.993947 
3.973991 
3.964569 
3.979599 
3.996514 
3.988034 
3.977773 
3.965150 
4.001217 
3.980443 
3.982774 
3.976179 
3.991940 
3.973192 
3.982028 
3.987456 
3.998564 
3.996811 
3.990573 
3.979911 
3.993051 
3.986152 
3.986554 
3.982185 
3.974207 
3.994083 
3.994291 
3.992380 
3.982310 
3.974751 
3.981600 
3.978979 
3.994349 
3.953606 
3.972749 
3.999442 
3.962439 
3.967450 
3.973695 
3.988485 
3.979043 
3.969204 
3.981283 
3.990960 
3.991823 
3.973437 
3.986725 
3.972901 
3.964074 
3.983525 
3.970485 
3.992103 
4.005931 
4.006674 
3.990257 
3.985803 
3.976523 
3.957611 
3.977687 
3.986765 
3.966341 
3.961894 
3.978564 
3.989793 
3.975045 
3.982054 
3.973331 
3.978232 
3.981983 
3.990134 
3.996136 
4.001729 
3.986962 
3.994071 
3.992725 
3.972476 
3.985245 
3.984276 
3.981363 
3.994448 
3.986208 
4.002590 
3.983739 
3.981267 
3.966668 
3.980699 
4.000216 
3.997582 
3.979707 
3.997086 
3.980211 
3.974580 
3.965114 
3.944894 
3.946491 
3.972875 
3.976959 
3.998677 
3.986374 
3.991933 
3.974141 
3.982990 
3.985291 
3.972633 
4.001478 
3.996777 
4.003802 
3.995519 
3.975558 
3.981016 
3.989373 
3.967141 
3.984844 
3.968728 
3.955982 
3.993974 
3.964564 
3.994468 
3.995621 
3.987838 
3.991362 
3.978953 
3.937325 
3.982855 
3.978496 
3.977042 
3.977438 
3.954738 
3.964220 
3.987807 
3.996065 
3.994236 
3.969412 
3.969391 
3.993399 
3.990074 
3.989104 
4.012271 
3.971793 
3.987949 
3.999510 
3.974306 
3.973337 
3.980717 
3.980191 
3.985649 
3.965535 
3.954300 
3.972494 
3.973815 
3.988254 
3.968251 
3.966079 
3.977645 
3.991188 
4.000789 
4.017552 
3.973408 
3.973342 
4.007920 
3.988204 
3.988958 
3.979174 
3.987052 
4.012609 
3.964935 
3.977325 
3.965287 
3.973581 
4.004139 
3.977839 
3.977885 
3.971092 
4.006096 
3.984615 
3.985120 
4.024210 
3.959597 
3.987092 
3.975503 
3.969555 
3.985540 
3.994230 
3.994868 
3.992829 
3.980678 
3.966718 
3.972448 
3.987993 
3.982153 
4.004427 
3.998962 
3.988995 
3.980657 
3.988321 
3.984093 
3.978842 
3.964817 
3.978766 
3.963923 
3.975557 
3.981516 
4.003312 
3.992156 
3.994458 
3.994951 
3.988467 
3.968043 
3.979963 
3.989977 
3.952655 
3.990842 
3.957957 
3.977339 
3.990680 
3.993319 
3.953303 
3.995303 
3.961291 
3.977319 
3.985484 
3.977492 
3.993071 
3.974235 
3.992107 
3.981356 
3.975508 
3.985747 
3.965492 
3.962667 
3.963099 
3.981397 
3.968277 
3.951175 
3.973782 
3.951664 
3.991590 
3.992385 
3.972746 
3.994865 
3.964584 
3.990680 
3.970538 
3.978157 
3.986241 
3.981367 
3.972827 
3.969347 
3.980452 
3.992067 
3.966152 
3.961356 
3.936361 
3.956269 
3.967614 
3.957414 
3.967819 
3.987459 
3.970549 
3.981809 
4.011914 
3.984883 
3.961441 
3.982384 
3.984466 
3.974151 
3.974593 
3.967795 
3.972477 
3.973616 
3.971543 
3.996158 
3.972949 
3.979696 
3.964656 
4.000615 
3.971304 
3.977691 
3.999256 
3.968916 
3.971483 
3.958213 
3.991272 
3.986305 
3.989250 
4.001448 
3.982773 
3.997811 
3.981758 
4.000750 
3.999425 
3.981011 
4.002735 
3.990462 
3.966116 
3.993947 
3.994919 
3.996981 
3.973534 
3.982939 
3.992832 
3.988479 
3.991519 
3.989014 
3.999985 
3.986247 
3.982326 
4.003816 
3.991014 
3.980924 
3.974378 
3.982945 
4.008105 
3.985439 
3.966098 
3.986971 
3.973877 
3.979210 
3.960560 
3.995635 
3.962959 
4.006617 
4.000620 
3.992246 
3.990230 
4.011285 
4.005624 
3.984789 
3.969666 
3.966385 
3.982942 
3.961428 
3.961609 
3.975486 
3.963147 
3.968067 
3.980648 
3.978948 
3.988130 
3.997818 
4.002743 
3.962377 
3.973449 
4.005651 
3.966762 
4.000114 
3.984908 
3.979726 
3.978629 
3.978997 
3.974785 
3.988061 
3.971692 
3.974646 
3.985321 
3.989896 
3.977726 
3.974523 
3.964243 
3.980980 
3.985684 
3.989399 
4.017994 
3.980929 
3.966397 
3.995916 
4.001805 
3.974032 
3.999369 
3.995905 
3.990841 
3.987178 
4.001130 
4.007866 
3.990664 
3.985508 
3.965245 
3.976970 
3.980986 
3.971134 
3.969730 
3.982972 
3.981636 
3.969877 
3.979101 
3.979337 
3.993404 
4.000822 
3.984207 
3.988128 
3.982401 
3.974889 
3.975209 
3.972290 
3.986378 
3.998533 
3.972709 
3.953427 
3.956429 
3.989797 
3.984874 
3.966635 
3.984010 
4.001517 
3.988549 
3.995681 
3.964502 
3.958063 
3.967782 
3.986839 
3.994849 
3.997151 
3.985396 
3.963581 
3.988449 
4.011349 
3.991941 
3.955386 
3.980387 
3.987144 
3.969683 
3.967661 
3.986100 
3.988433 
3.997814 
3.979158 
3.983156 
3.991577 
3.982688 
3.980965 
3.947203 
3.988322 
3.959366 
3.988111 
3.953113 
3.955174 
3.966801 
3.977214 
3.983658 
3.986403 
4.005981 
3.995455 
4.005219 
3.986658 
3.969026 
3.975810 
3.990332 
3.975066 
3.984330 
3.963858 
3.962794 
3.970174 
3.991961 
3.997823 
3.971096 
3.981779 
3.971170 
3.953922 
3.962324 
3.964136 
3.973900 
3.956582 
3.969430 
3.968068 
3.975143 
3.980999 
4.008137 
4.017930 
3.986339 
3.994732 
3.979927 
3.984919 
3.974857 
3.976342 
3.966765 
3.969300 
3.954480 
3.942976 
3.971984 
3.967024 
3.956147 
4.002278 
4.006455 
3.988779 
3.986063 
3.970704 
3.986046 
3.987952 
3.993494 
3.982379 
3.959254 
3.962638 
3.981688 
3.973809 
3.982536 
3.990724 
3.969363 
3.981777 
3.980879 
3.995857 
3.988734 
3.988184 
4.003954 
3.992773 
3.967627 
3.980047 
3.988485 
3.973841 
3.973753 
3.975212 
3.978759 
3.974712 
3.989086 
3.983413 
3.985392 
4.016375 
3.977749 
3.976976 
3.987757 
3.971938 
3.981381 
3.989937 
3.978394 
4.002611 
3.986018 
3.969206 
3.982117 
3.949865 
3.962432 
3.978004 
3.988930 
3.980532 
3.958528 
3.975393 
3.972304 
3.963616 
3.974323 
3.966656 
3.975288 
3.970799 
3.964962 
3.958564 
4.000026 
3.979137 
4.001360 
3.999211 
3.984139 
3.979283 
3.982045 
3.981347 
3.973993 
3.997732 
3.984938 
3.992006 
3.991294 
3.995867 
3.980248 
3.981697 
3.972487 
3.970739 
3.975096 
3.977283 
3.970182 
3.986618 
4.010637 
3.994847 
3.987661 
3.993646 
3.976033 
3.973746 
4.001914 
3.992235 
4.001629 
3.993051 
3.971856 
3.971058 
3.987670 
4.008109 
3.985575 
3.999133 
3.989578 
3.996058 
3.979083 
3.974853 
3.974969 
3.972387 
3.962782 
3.997827 
3.973248 
3.984234 
3.966189 
3.972326 
3.975435 
3.976908 
3.971437 
3.975460 
3.971450 
4.018246 
3.989521 
3.975828 
3.957197 
3.978835 
3.995106 
3.994066 
3.960905 
3.952696 
3.947320 
3.962948 
3.976830 
3.983862 
3.956374 
3.976476 
3.968586 
3.968408 
3.983888 
3.992438 
3.983363 
3.971648 
3.973297 
3.957541 
3.982237 
3.996288 
4.007858 
3.984068 
4.006915 
4.016890 
4.004635 
3.995903 
4.002060 
3.983349 
4.001114 
3.974593 
3.988553 
3.992634 
3.984951 
3.975307 
3.990118 
3.977426 
3.976966 
3.977942 
3.969385 
3.987866 
3.967082 
3.984099 
3.981745 
3.957572 
3.967506 
3.973916 
3.962312 
3.969804 
3.974686 
3.969374 
3.990124 
3.963580 
3.977304 
4.003425 
3.987986 
3.979383 
3.978244 
3.970248 
3.966088 
3.989949 
4.019030 
3.978887 
3.967073 
3.982189 
3.976380 
3.971995 
3.996609 
4.017583 
4.015734 
3.980943 
3.976088 
3.974791 
3.982935 
3.953872 
3.976808 
3.971782 
3.963684 
3.978950 
3.975464 
3.986132 
3.963508 
3.969867 
3.982826 
3.983957 
3.987144 
3.993695 
3.973949 
4.010544 
3.980198 
3.970431 
3.966756 
3.979718 
3.995873 
3.995777 
3.975342 
3.966525 
3.980616 
3.985580 
3.968745 
3.987294 
3.983081 
3.979290 
3.975788 
3.992069 
3.979502 
3.969670 
3.975893 
3.970958 
3.947259 
3.987768 
3.986306 
3.994275 
3.990911 
3.981038 
3.965034 
3.956860 
3.982662 
3.972070 
3.941715 
3.986069 
3.991702 
3.982220 
3.978485 
3.985347 
3.976930 
3.997151 
3.989333 
3.985231 
3.995066 
3.996086 
4.002113 
4.004800 
3.993974 
3.992589 
3.988648 
3.970706 
3.964150 
3.986197 
3.980290 
3.969519 
3.986081 
4.015939 
3.984672 
3.973391 
3.969273 
3.957654 
3.998440 
3.993054 
3.968796 
3.984314 
3.940282 
3.976011 
3.989011 
4.013134 
3.997863 
4.007775 
4.016094 
3.967538 
3.958508 
3.964935 
3.975147 
3.959003 
3.983062 
3.989973 
3.984002 
3.979526 
3.999278 
3.986464 
3.999050 
3.977242 
3.996485 
4.002968 
3.987136 
3.995205 
3.959945 
3.971441 
3.990396 
3.970924 
3.964125 
3.966751 
3.991937 
3.963939 
3.989869 
3.980924 
3.967185 
3.973546 
3.978792 
3.967478 
3.977223 
3.969391 
3.973972 
3.964149 
3.998714 
3.994034 
3.987693 
3.986521 
3.963075 
3.994666 
3.969412 
3.977879 
3.963052 
3.969482 
4.002649 
3.999080 
3.990743 
3.990439 
3.989644 
3.978494 
3.964727 
3.968195 
3.968243 
3.987942 
3.963805 
3.988773 
3.997289 
3.980889 
3.986542 
3.995360 
3.999492 
3.979844 
3.969605 
3.959949 
3.960236 
3.933520 
3.974040 
3.982886 
3.966494 
3.984000 
3.984151 
3.974357 
3.959972 
3.957735 
3.976314 
3.971507 
3.961863 
3.969529 
3.986643 
3.999893 
3.987580 
4.001704 
3.986727 
3.996463 
3.997226 
4.006743 
3.992544 
3.990600 
3.985264 
3.986282 
3.998053 
3.989948 
3.976605 
3.954279 
3.976312 
3.975534 
3.982928 
3.990657 
3.989049 
4.001763 
3.979371 
3.974729 
3.981540 
4.011453 
3.999526 
3.972942 
3.942985 
3.959291 
3.987748 
3.969379 
3.964424 
3.986282 
3.971877 
3.971583 
3.985559 
3.978873 
3.984741 
3.983974 
3.965056 
3.975180 
3.970936 
3.962229 
3.969610 
3.980272 
3.985224 
3.966751 
3.965573 
3.978671 
3.995416 
4.016415 
3.999702 
3.978322 
3.975868 
3.995810 
3.971688 
3.984661 
3.957592 
3.965335 
3.963699 
3.963181 
3.982511 
4.002326 
3.974425 
3.978705 
3.972551 
3.985384 
3.961778 
3.974594 
3.988560 
3.985844 
3.984025 
3.964370 
3.973933 
3.971209 
3.977370 
3.983210 
3.970234 
3.985251 
4.013472 
3.968566 
3.977833 
3.947207 
3.978004 
3.994526 
3.988553 
3.987361 
3.992713 
3.984616 
3.969625 
3.963435 
3.971660 
3.999218 
3.990054 
3.984734 
3.999520 
3.998696 
3.987013 
3.979959 
3.971187 
3.977405 
3.975424 
3.971826 
3.968132 
3.959787 
4.013016 
4.002475 
3.981823 
3.973805 
3.968630 
3.979306 
3.991700 
3.983697 
3.961581 
3.992988 
3.985936 
3.985472 
3.989017 
3.999374 
4.006643 
3.985311 
3.971295 
3.978773 
3.987210 
3.968931 
3.983884 
3.990661 
3.995916 
3.978448 
3.982950 
3.992036 
3.994655 
3.957442 
3.988664 
3.966073 
3.975689 
4.003838 
3.987004 
3.966542 
3.975529 
3.971466 
4.010751 
3.983904 
3.979162 
3.972859 
3.982261 
4.017625 
3.971856 
3.993020 
3.970840 
4.014595 
3.995193 
3.979382 
3.994099 
4.008723 
3.993235 
3.957183 
3.970673 
3.981530 
3.975106 
3.994791 
3.957146 
3.974007 
3.963330 
3.965448 
3.976700 
3.977514 
3.973273 
4.008399 
3.979358 
3.974781 
3.976179 
3.979735 
3.993064 
3.982196 
3.965467 
3.960018 
3.977441 
3.986538 
3.976992 
3.987565 
3.970935 
3.959845 
3.974467 
3.973197 
3.988337 
3.977276 
3.994182 
3.997507 
3.973211 
3.959694 
3.948157 
3.978898 
3.974314 
3.992139 
3.984456 
3.991563 
3.994752 
3.986354 
3.989179 
3.987415 
3.982225 
3.979118 
3.978116 
4.003400 
3.997043 
3.993162 
3.989961 
3.977788 
3.990268 
4.006053 
3.985129 
3.988095 
3.986486 
4.001889 
3.979023 
3.995985 
3.971458 
3.972356 
3.972041 
4.002693 
4.001576 
4.000166 
3.986798 
3.983460 
3.989555 
3.943383 
3.961800 
3.966002 
3.955444 
3.985690 
3.975214 
3.972036 
3.982294 
3.986776 
4.001896 
3.988502 
3.983290 
3.975614 
3.999135 
3.994095 
3.979044 
3.998111 
3.985876 
3.977906 
3.981528 
3.971296 
3.973188 
3.971671 
3.979606 
3.983234 
3.973737 
3.969995 
3.973542 
3.994831 
3.964089 
3.975659 
3.974011 
3.965473 
3.976504 
3.978634 
3.973711 
3.973307 
3.962055 
3.977899 
3.987629 
3.970811 
3.966404 
3.954740 
3.968883 
3.997822 
4.006119 
3.999281 
4.008496 
3.981074 
3.955340 
3.950349 
3.960683 
3.958970 
3.975379 
3.977723 
3.965230 
3.941964 
3.992585 
3.985249 
3.979739 
3.968918 
3.975045 
3.973718 
3.987369 
3.983300 
3.991046 
3.983149 
3.990998 
4.013218 
4.008416 
3.996556 
3.969338 
3.978303 
3.973356 
4.003947 
3.994931 
3.978494 
3.977922 
3.987727 
4.002334 
3.976903 
3.983781 
3.987466 
3.988445 
3.989675 
3.986067 
3.986494 
3.971000 
3.970462 
3.975317 
3.976166 
3.971563 
3.983095 
3.990536 
3.990128 
3.963675 
3.991536 
3.969515 
3.965159 
3.983221 
3.986577 
3.986539 
3.995479 
3.988123 
3.970458 
4.002180 
3.985033 
3.976020 
3.986307 
3.995650 
3.950648 
3.968974 
